1495735172874	0.078480616	0.6278449	9.888557

1495735172875	0.078480616	0.6278449	9.967038

1495735172876	0.078480616	0.6278449	9.888557

1495735172876	0.15696123	0.6278449	9.888557

1495735172890	0.15696123	0.6278449	9.810077

1495735172911	0.15696123	0.6278449	9.888557

1495735172912	0.15696123	0.6278449	9.810077

1495735172913	0.15696123	0.6278449	9.888557

1495735172918	0.15696123	0.6278449	9.810077

1495735172929	0.15696123	0.70632553	9.810077

1495735172950	0.15696123	0.6278449	9.810077

1495735172951	0.15696123	0.6278449	9.888557

1495735172989	0.15696123	0.6278449	9.888557

1495735172991	0.15696123	0.6278449	9.888557

1495735173039	0.15696123	0.6278449	9.810077

1495735173040	0.15696123	0.6278449	9.810077

1495735173049	0.15696123	0.6278449	9.888557

1495735173067	0.15696123	0.6278449	9.810077

1495735173068	0.15696123	0.70632553	9.810077

1495735173078	0.15696123	0.6278449	9.888557

1495735173099	0.078480616	0.6278449	9.888557

1495735173101	0.15696123	0.6278449	9.888557

1495735173109	0.15696123	0.70632553	9.810077

1495735173139	0.15696123	0.6278449	9.810077

1495735173140	0.15696123	0.70632553	9.888557

1495735173148	0.15696123	0.70632553	9.888557

1495735173158	0.15696123	0.70632553	9.731596

1495735173168	0.15696123	0.70632553	9.810077

1495735173182	0.15696123	0.6278449	9.888557

1495735173189	0.15696123	0.6278449	9.888557

1495735173199	0.23544185	0.70632553	9.810077

1495735173223	0.15696123	0.6278449	9.810077

1495735173224	0.15696123	0.6278449	9.888557

1495735173238	0.15696123	0.6278449	9.810077

1495735173260	0.15696123	0.70632553	9.888557

1495735173269	0.15696123	0.6278449	9.888557

1495735173301	0.15696123	0.6278449	9.810077

1495735173309	0.15696123	0.5493643	9.888557

1495735173318	0.15696123	0.6278449	9.888557

1495735173343	0.15696123	0.6278449	9.810077

1495735173348	0.15696123	0.6278449	9.888557

1495735173382	0.15696123	0.6278449	9.888557

1495735173382	0.15696123	0.6278449	9.888557

1495735173383	0.15696123	0.6278449	9.888557

1495735173389	0.15696123	0.6278449	9.888557

1495735173399	0.15696123	0.6278449	9.888557

1495735173421	0.15696123	0.6278449	9.810077

1495735173422	0.15696123	0.6278449	9.888557

1495735173438	0.15696123	0.70632553	9.888557

1495735173459	0.15696123	0.70632553	9.810077

1495735173460	0.15696123	0.6278449	9.810077

1495735173469	0.23544185	0.6278449	9.888557

1495735173478	0.15696123	0.6278449	9.810077

1495735173509	0.15696123	0.6278449	9.888557

1495735173518	0.15696123	0.6278449	9.888557

1495735173540	0.15696123	0.6278449	9.888557

1495735173559	0.15696123	0.6278449	9.810077

1495735173568	0.15696123	0.6278449	9.810077

1495735173584	0.15696123	0.70632553	9.810077

1495735173588	0.15696123	0.6278449	9.810077

1495735173644	0.15696123	0.70632553	9.888557

1495735173658	0.15696123	0.6278449	9.888557

1495735173679	0.15696123	0.6278449	9.810077

1495735173680	0.15696123	0.70632553	9.810077

1495735173689	0.15696123	0.6278449	9.810077

1495735173698	0.15696123	0.6278449	9.810077

1495735173730	0.15696123	0.5493643	9.810077

1495735173730	0.15696123	0.6278449	9.810077

1495735173739	0.15696123	0.6278449	9.810077

1495735173749	0.15696123	0.70632553	9.888557

1495735173759	0.15696123	0.6278449	9.888557

1495735173778	0.15696123	0.6278449	9.810077

1495735173799	0.15696123	0.6278449	9.810077

1495735173809	0.15696123	0.6278449	9.810077

1495735173834	0.15696123	0.70632553	9.888557

1495735173835	0.15696123	0.6278449	9.888557

1495735173839	0.15696123	0.6278449	9.888557

1495735173848	0.15696123	0.70632553	9.888557

1495735173874	0.15696123	0.6278449	9.810077

1495735173879	0.15696123	0.6278449	9.888557

1495735173889	0.15696123	0.70632553	9.888557

1495735173909	0.078480616	0.70632553	9.810077

1495735173918	0.15696123	0.6278449	9.810077

1495735173941	0.15696123	0.6278449	9.810077

1495735173942	0.15696123	0.70632553	9.888557

1495735173949	0.15696123	0.6278449	9.888557

1495735173967	0.15696123	0.6278449	9.888557

1495735173968	0.15696123	0.70632553	9.810077

1495735173978	0.15696123	0.70632553	9.810077

1495735173988	0.15696123	0.6278449	9.888557

1495735174009	0.15696123	0.6278449	9.810077

1495735174019	0.15696123	0.6278449	9.731596

1495735174028	0.15696123	0.6278449	9.810077

1495735174038	0.15696123	0.6278449	9.888557

1495735174049	0.15696123	0.6278449	9.888557

1495735174072	0.15696123	0.6278449	9.810077

1495735174079	0.15696123	0.70632553	9.810077

1495735174111	0.15696123	0.6278449	9.810077

1495735174111	0.15696123	0.6278449	9.888557

1495735174129	0.078480616	0.5493643	9.888557

1495735174138	0.15696123	0.5493643	9.888557

1495735174154	0.15696123	0.6278449	9.810077

1495735174169	0.15696123	0.6278449	9.888557

1495735174178	0.15696123	0.70632553	9.888557

1495735174199	0.15696123	0.6278449	9.810077

1495735174208	0.15696123	0.6278449	9.810077

1495735174219	0.15696123	0.6278449	9.810077

1495735174236	0.15696123	0.70632553	9.888557

1495735174239	0.15696123	0.6278449	9.888557

1495735174249	0.15696123	0.6278449	9.810077

1495735174258	0.15696123	0.6278449	9.888557

1495735174268	0.15696123	0.70632553	9.888557

1495735174303	0.15696123	0.6278449	9.888557

1495735174308	0.15696123	0.6278449	9.810077

1495735174328	0.15696123	0.70632553	9.888557

1495735174338	0.15696123	0.6278449	9.888557

1495735174361	0.15696123	0.6278449	9.810077

1495735174378	0.15696123	0.6278449	9.810077

1495735174399	0.15696123	0.6278449	9.888557

1495735174419	0.15696123	0.6278449	9.810077

1495735174429	0.15696123	0.6278449	9.888557

1495735174443	0.15696123	0.6278449	9.967038

1495735174448	0.15696123	0.6278449	9.888557

1495735174476	0.15696123	0.6278449	9.810077

1495735174489	0.15696123	0.6278449	9.888557

1495735174524	0.15696123	0.5493643	9.967038

1495735174528	0.15696123	0.5493643	9.888557

1495735174538	0.15696123	0.6278449	9.888557

1495735174559	0.15696123	0.6278449	9.810077

1495735174559	0.15696123	0.6278449	9.810077

1495735174569	0.15696123	0.6278449	9.810077

1495735174600	0.15696123	0.6278449	9.888557

1495735174618	0.15696123	0.6278449	9.810077

1495735174639	0.15696123	0.6278449	9.888557

1495735174649	0.15696123	0.6278449	9.967038

1495735174661	0.15696123	0.6278449	9.810077

1495735174668	0.15696123	0.6278449	9.810077

1495735174682	0.15696123	0.6278449	9.967038

1495735174699	0.15696123	0.6278449	9.810077

1495735174708	0.15696123	0.6278449	9.731596

1495735174728	0.15696123	0.6278449	9.810077

1495735174729	0.15696123	0.6278449	9.888557

1495735174748	0.15696123	0.6278449	9.810077

1495735174763	0.23544185	0.6278449	9.888557

1495735174769	0.15696123	0.6278449	9.888557

1495735174788	0.15696123	0.6278449	9.810077

1495735174799	0.078480616	0.6278449	9.810077

1495735174808	0.15696123	0.6278449	9.888557

1495735174827	0.15696123	0.6278449	9.888557

1495735174828	0.15696123	0.6278449	9.810077

1495735174839	0.15696123	0.70632553	9.810077

1495735174869	0.15696123	0.6278449	9.888557

1495735174869	0.15696123	0.6278449	9.888557

1495735174870	0.15696123	0.6278449	9.810077

1495735174878	0.15696123	0.70632553	9.810077

1495735174889	0.15696123	0.6278449	9.888557

1495735174919	0.15696123	0.70632553	9.810077

1495735174941	0.15696123	0.70632553	9.888557

1495735174942	0.15696123	0.6278449	9.888557

1495735174949	0.15696123	0.5493643	9.888557

1495735174958	0.15696123	0.6278449	9.810077

1495735174987	0.15696123	0.6278449	9.888557

1495735174999	0.15696123	0.6278449	9.810077

1495735175030	0.15696123	0.6278449	9.888557

1495735175030	0.15696123	0.6278449	9.810077

1495735175039	0.15696123	0.6278449	9.888557

1495735175069	0.15696123	0.6278449	9.888557

1495735175079	0.15696123	0.6278449	9.888557

1495735175100	0.078480616	0.70632553	9.888557

1495735175101	0.078480616	0.6278449	9.888557

1495735175108	0.15696123	0.6278449	9.888557

1495735175119	0.15696123	0.6278449	9.810077

1495735175139	0.15696123	0.6278449	9.888557

1495735175149	0.15696123	0.6278449	9.888557

1495735175188	0.15696123	0.6278449	9.888557

1495735175199	0.15696123	0.6278449	9.810077

1495735175215	0.15696123	0.6278449	9.888557

1495735175229	0.15696123	0.6278449	9.810077

1495735175238	0.15696123	0.6278449	9.888557

1495735175254	0.15696123	0.6278449	9.888557

1495735175259	0.15696123	0.6278449	9.888557

1495735175300	0.15696123	0.6278449	9.888557

1495735175309	0.15696123	0.6278449	9.888557

1495735175349	0.15696123	0.70632553	9.810077

1495735175359	0.15696123	0.70632553	9.888557

1495735175368	0.15696123	0.6278449	9.888557

1495735175383	0.15696123	0.6278449	9.888557

1495735175389	0.15696123	0.70632553	9.888557

1495735175419	0.15696123	0.70632553	9.888557

1495735175429	0.15696123	0.6278449	9.888557

1495735175438	0.15696123	0.6278449	9.810077

1495735175459	0.15696123	0.6278449	9.810077

1495735175469	0.15696123	0.6278449	9.810077

1495735175478	0.15696123	0.6278449	9.810077

1495735175498	0.15696123	0.70632553	9.810077

1495735175518	0.15696123	0.6278449	9.888557

1495735175548	0.15696123	0.6278449	9.888557

1495735175569	0.15696123	0.70632553	9.810077

1495735175579	0.15696123	0.6278449	9.888557

1495735175588	0.15696123	0.6278449	9.810077

1495735175609	0.15696123	0.6278449	9.888557

1495735175610	0.15696123	0.6278449	9.888557

1495735175619	0.15696123	0.6278449	9.888557

1495735175659	0.15696123	0.6278449	9.888557

1495735175698	0.15696123	0.6278449	9.888557

1495735175700	0.15696123	0.6278449	9.888557

1495735175708	0.15696123	0.6278449	9.810077

1495735175718	0.15696123	0.6278449	9.888557

1495735175739	0.15696123	0.6278449	9.810077

1495735175748	0.15696123	0.6278449	9.888557

1495735175778	0.15696123	0.6278449	9.888557

1495735175779	0.15696123	0.6278449	9.888557

1495735175789	0.15696123	0.6278449	9.810077

1495735175819	0.15696123	0.6278449	9.888557

1495735175819	0.15696123	0.6278449	9.888557

1495735175820	0.15696123	0.70632553	9.810077

1495735175829	0.15696123	0.6278449	9.810077

1495735175860	0.15696123	0.6278449	9.810077

1495735175861	0.15696123	0.6278449	9.810077

1495735175869	0.15696123	0.6278449	9.888557

1495735175887	0.15696123	0.70632553	9.888557

1495735175898	0.15696123	0.70632553	9.888557

1495735175908	0.15696123	0.6278449	9.810077

1495735175923	0.15696123	0.6278449	9.888557

1495735175938	0.15696123	0.70632553	9.888557

1495735175949	0.078480616	0.6278449	9.810077

1495735175958	0.15696123	0.6278449	9.888557

1495735175983	0.15696123	0.6278449	9.888557

1495735175988	0.15696123	0.6278449	9.810077

1495735175998	0.15696123	0.6278449	9.888557

1495735176024	0.15696123	0.6278449	9.888557

1495735176025	0.15696123	0.6278449	9.888557

1495735176029	0.15696123	0.6278449	9.888557

1495735176061	0.078480616	0.6278449	9.888557

1495735176069	0.15696123	0.6278449	9.888557

1495735176089	0.15696123	0.6278449	9.888557

1495735176108	0.15696123	0.6278449	9.810077

1495735176131	0.15696123	0.6278449	9.888557

1495735176139	0.15696123	0.6278449	9.888557

1495735176149	0.15696123	0.70632553	9.810077

1495735176171	0.15696123	0.6278449	9.810077

1495735176171	0.15696123	0.6278449	9.810077

1495735176179	0.15696123	0.70632553	9.810077

1495735176188	0.15696123	0.6278449	9.810077

1495735176209	0.15696123	0.6278449	9.888557

1495735176209	0.15696123	0.5493643	9.888557

1495735176219	0.15696123	0.6278449	9.888557

1495735176229	0.15696123	0.6278449	9.888557

1495735176248	0.15696123	0.6278449	9.888557

1495735176269	0.15696123	0.70632553	9.888557

1495735176278	0.15696123	0.6278449	9.888557

1495735176292	0.15696123	0.6278449	9.888557

1495735176299	0.15696123	0.6278449	9.888557

1495735176309	0.15696123	0.6278449	9.810077

1495735176324	0.15696123	0.6278449	9.888557

1495735176328	0.15696123	0.6278449	9.810077

1495735176338	0.15696123	0.6278449	9.810077

1495735176348	0.15696123	0.6278449	9.888557

1495735176362	0.15696123	0.70632553	9.810077

1495735176369	0.15696123	0.70632553	9.888557

1495735176390	0.15696123	0.6278449	9.810077

1495735176398	0.15696123	0.70632553	9.810077

1495735176427	0.15696123	0.70632553	9.888557

1495735176428	0.15696123	0.6278449	9.888557

1495735176458	0.15696123	0.6278449	9.810077

1495735176469	0.078480616	0.70632553	9.888557

1495735176478	0.15696123	0.70632553	9.888557

1495735176492	0.15696123	0.6278449	9.888557

1495735176509	0.15696123	0.6278449	9.810077

1495735176527	0.15696123	0.6278449	9.810077

1495735176548	0.15696123	0.6278449	9.888557

1495735176562	0.15696123	0.6278449	9.810077

1495735176597	0.15696123	0.6278449	9.888557

1495735176603	0.078480616	0.6278449	9.967038

1495735176609	0.078480616	0.70632553	9.888557

1495735176618	0.15696123	0.6278449	9.810077

1495735176642	0.15696123	0.6278449	9.810077

1495735176649	0.15696123	0.70632553	9.810077

1495735176658	0.15696123	0.70632553	9.888557

1495735176682	0.15696123	0.6278449	9.888557

1495735176698	0.15696123	0.6278449	9.888557

1495735176708	0.15696123	0.6278449	9.810077

1495735176739	0.15696123	0.6278449	9.888557

1495735176779	0.15696123	0.6278449	9.810077

1495735176798	0.15696123	0.5493643	9.888557

1495735176811	0.15696123	0.6278449	9.888557

1495735176829	0.15696123	0.6278449	9.967038

1495735176839	0.15696123	0.6278449	9.888557

1495735176848	0.15696123	0.6278449	9.810077

1495735176858	0.15696123	0.6278449	9.888557

1495735176876	0.15696123	0.70632553	9.810077

1495735176879	0.15696123	0.6278449	9.810077

1495735176889	0.15696123	0.6278449	9.888557

1495735176907	0.15696123	0.5493643	9.888557

1495735176909	0.15696123	0.6278449	9.888557

1495735176918	0.15696123	0.70632553	9.888557

1495735176941	0.15696123	0.6278449	9.888557

1495735176942	0.15696123	0.6278449	9.888557

1495735176949	0.15696123	0.6278449	9.810077

1495735176958	0.15696123	0.6278449	9.810077

1495735176984	0.15696123	0.6278449	9.810077

1495735176985	0.15696123	0.6278449	9.888557

1495735176989	0.15696123	0.6278449	9.810077

1495735176999	0.15696123	0.6278449	9.810077

1495735177008	0.15696123	0.6278449	9.810077

1495735177028	0.15696123	0.6278449	9.888557

1495735177038	0.15696123	0.6278449	9.888557

1495735177054	0.15696123	0.6278449	9.888557

1495735177059	0.23544185	0.6278449	9.888557

1495735177069	0.23544185	0.6278449	9.888557

1495735177078	0.15696123	0.6278449	9.888557

1495735177139	0.15696123	0.6278449	9.967038

1495735177149	0.15696123	0.6278449	9.888557

1495735177181	0.15696123	0.70632553	9.888557

1495735177198	0.15696123	0.6278449	9.810077

1495735177218	0.15696123	0.6278449	9.888557

1495735177246	0.15696123	0.6278449	9.810077

1495735177248	0.15696123	0.6278449	9.810077

1495735177258	0.15696123	0.6278449	9.888557

1495735177281	0.15696123	0.5493643	9.810077

1495735177286	0.15696123	0.6278449	9.810077

1495735177289	0.15696123	0.70632553	9.888557

1495735177298	0.15696123	0.70632553	9.810077

1495735177323	0.15696123	0.6278449	9.888557

1495735177329	0.15696123	0.6278449	9.810077

1495735177339	0.15696123	0.6278449	9.810077

1495735177360	0.15696123	0.6278449	9.888557

1495735177369	0.15696123	0.6278449	9.967038

1495735177378	0.15696123	0.6278449	9.888557

1495735177408	0.15696123	0.6278449	9.888557

1495735177442	0.15696123	0.6278449	9.810077

1495735177442	0.15696123	0.6278449	9.888557

1495735177443	0.15696123	0.6278449	9.888557

1495735177449	0.15696123	0.6278449	9.810077

1495735177458	0.15696123	0.6278449	9.810077

1495735177481	0.15696123	0.6278449	9.888557

1495735177482	0.15696123	0.6278449	9.810077

1495735177489	0.15696123	0.6278449	9.888557

1495735177523	0.15696123	0.6278449	9.888557

1495735177524	0.078480616	0.5493643	9.810077

1495735177526	0.15696123	0.6278449	9.810077

1495735177538	0.15696123	0.6278449	9.888557

1495735177561	0.15696123	0.6278449	9.888557

1495735177562	0.078480616	0.70632553	9.888557

1495735177569	0.15696123	0.70632553	9.888557

1495735177578	0.15696123	0.6278449	9.888557

1495735177609	0.15696123	0.5493643	9.810077

1495735177618	0.15696123	0.5493643	9.888557

1495735177628	0.15696123	0.6278449	9.888557

1495735177648	0.15696123	0.5493643	9.888557

1495735177658	0.15696123	0.6278449	9.888557

1495735177678	0.15696123	0.6278449	9.888557

1495735177688	0.15696123	0.6278449	9.888557

1495735177699	0.15696123	0.5493643	9.810077

1495735177709	0.23544185	0.6278449	9.888557

