1496214590439	0.07633893	-0.052358113	0.118838266

1496214590456	0.09925393	-0.051159073	0.11231015

1496214590468	0.09925393	-0.055555556	0.11444178

1496214590477	0.098054886	-0.052358113	0.11444178

1496214590489	0.11444178	-0.049027443	0.107913665

1496214590508	0.14068745	-0.045696776	0.11337597

1496214590528	0.1558753	-0.043565147	0.118838266

1496214590539	0.15480949	-0.032640554	0.117772445

1496214590547	0.17559285	-0.022781774	0.118838266

1496214590557	0.17665868	-0.02504663	0.12096989

1496214590568	0.16906475	-0.018518519	0.12536637

1496214590577	0.16906475	-0.013056221	0.12869704

1496214590587	0.15814015	-0.008659739	0.13522515

1496214590597	0.14828138	-0.001065814	0.1438849

1496214590607	0.14068745	0.0065281107	0.14934719

1496214590617	0.1329603	0.009725553	0.14934719

1496214590627	0.12976286	0.0119904075	0.14828138

1496214590637	0.11670663	0.018518519	0.15480949

1496214590649	0.10245137	0.021715961	0.15161204

1496214590658	0.09259259	0.017452704	0.14721556

1496214590667	0.08180123	0.019584332	0.14614974

1496214590677	0.070876636	0.029443111	0.15267786

1496214590687	0.058886223	0.03157474	0.14721556

1496214590699	0.04023448	0.026112443	0.14721556

1496214590708	0.020650147	0.033706367	0.1449507

1496214590728	0.010791367	0.02824407	0.1449507

1496214590737	0.0	0.033706367	0.150413

1496214590749	-0.00532907	0.03157474	0.15374367

1496214590758	-0.0075939246	0.027178258	0.15707435

1496214590768	-0.021715961	0.027178258	0.15707435

1496214590777	-0.027178258	0.022781774	0.16679989

1496214590787	-0.018518519	0.020650147	0.16906475

1496214590797	-0.019584332	0.022781774	0.17119637

1496214590810	-0.019584332	0.020650147	0.17559285

1496214590818	-0.009725553	0.010791367	0.18318678

1496214590828	-0.0119904075	0.021715961	0.19197975

1496214590837	-0.017452704	0.013056221	0.19078071

1496214590848	-0.002131628	0.0065281107	0.19304556

1496214590858	0.0	0.0075939246	0.19957368

1496214590873	0.003197442	0.001065814	0.19850786

1496214590882	0.015187849	-0.004263256	0.2017053

1496214590890	0.014122035	-0.0065281107	0.2017053

1496214590897	0.009725553	-0.009725553	0.20397016

1496214590908	0.0119904075	-0.019584332	0.20397016

1496214590917	0.021715961	-0.02504663	0.22022381

1496214590929	0.014122035	-0.010791367	0.21156408

1496214590937	0.023980815	-0.015187849	0.2136957

1496214590948	0.029443111	-0.015187849	0.20823342

1496214590958	0.046895817	-0.003197442	0.2071676

1496214590967	0.06314948	0.0	0.20397016

1496214590977	0.05995204	-0.003197442	0.196243

1496214590987	0.070876636	-0.0119904075	0.1951772

1496214590997	0.06861178	-0.004263256	0.19411138

1496214591008	0.067545965	-0.0119904075	0.19304556

1496214591017	0.06434852	-0.018518519	0.19197975

1496214591027	0.05009326	-0.023980815	0.1951772

1496214591037	0.034905408	-0.017452704	0.19730882

1496214591048	0.023980815	-0.027178258	0.18864909

1496214591058	0.014122035	-0.035971224	0.18651745

1496214591067	-0.001065814	-0.03157474	0.19197975

1496214591077	-0.0065281107	-0.02504663	0.19078071

1496214591087	-0.0075939246	-0.039168663	0.1951772

1496214591097	-0.015187849	-0.04796163	0.19304556

1496214591110	-0.018518519	-0.035971224	0.20503597

1496214591117	-0.017452704	-0.039168663	0.2017053

1496214591127	-0.0119904075	-0.032640554	0.20823342

1496214591137	0.0119904075	-0.033706367	0.20610179

1496214591148	0.034905408	-0.039168663	0.20610179

1496214591158	0.051159073	-0.044630963	0.21156408

1496214591167	0.07194245	-0.052358113	0.2136957

1496214591177	0.083932854	-0.037037037	0.21915801

1496214591187	0.10471623	-0.037037037	0.2246203

1496214591197	0.12216893	-0.03157474	0.2246203

1496214591209	0.12976286	-0.032640554	0.23114842

1496214591217	0.1384226	-0.022781774	0.23341326

1496214591228	0.1329603	-0.013056221	0.23447908

1496214591237	0.117772445	-0.0075939246	0.23661071

1496214591248	0.11337597	0.002131628	0.23661071

1496214591258	0.10031974	0.0119904075	0.24860112

1496214591274	0.07633893	0.014122035	0.24860112

1496214591277	0.06314948	0.017452704	0.24313882

1496214591287	0.04023448	0.035971224	0.2464695

1496214591297	0.019584332	0.03810285	0.25086597

1496214591308	0.02824407	0.026112443	0.2529976

1496214591317	0.02824407	0.026112443	0.24313882

1496214591327	0.021715961	0.033706367	0.2410072

1496214591337	0.018518519	0.02824407	0.23554489

1496214591348	0.016253663	0.02504663	0.23341326

1496214591358	0.015187849	0.039168663	0.23554489

1496214591367	0.008659739	0.044630963	0.23221423

1496214591377	0.002131628	0.043565147	0.2300826

1496214591387	-0.002131628	0.049027443	0.23447908

1496214591397	-0.015187849	0.06314948	0.23554489

1496214591410	-0.019584332	0.07513989	0.23887557

1496214591417	-0.026112443	0.077404745	0.23887557

1496214591427	-0.037037037	0.083932854	0.24207301

1496214591437	-0.043565147	0.09046096	0.2475353

1496214591448	-0.05009326	0.09698907	0.24966693

1496214591458	-0.049027443	0.093791634	0.25086597

1496214591467	-0.04796163	0.08606448	0.2475353

1496214591477	-0.04023448	0.07953637	0.24860112

1496214591487	-0.04023448	0.08286704	0.2584599

1496214591497	-0.029443111	0.06648015	0.25739408

1496214591508	-0.016253663	0.055555556	0.2628564

1496214591517	-0.0075939246	0.055555556	0.2628564

1496214591528	0.00532907	0.04023448	0.2628564

1496214591537	0.0119904075	0.022781774	0.26179057

1496214591547	0.009725553	0.018518519	0.26179057

1496214591558	0.023980815	0.010791367	0.25632828

1496214591567	0.016253663	0.002131628	0.264988

1496214591577	0.00532907	-0.001065814	0.26059154

1496214591587	0.00532907	-0.0119904075	0.26831868

1496214591597	-0.001065814	-0.015187849	0.26059154

1496214591611	0.0065281107	-0.04023448	0.26392218

1496214591617	0.009725553	-0.045696776	0.2715161

1496214591628	0.0075939246	-0.051159073	0.25952572

1496214591637	0.0065281107	-0.067545965	0.26059154

1496214591649	0.0075939246	-0.07953637	0.2584599

1496214591664	0.021715961	-0.09698907	0.25632828

1496214591677	0.019584332	-0.10578204	0.2529976

1496214591687	0.02504663	-0.111244336	0.25406343

1496214591698	0.023980815	-0.10578204	0.24860112

1496214591708	0.027178258	-0.12096989	0.2519318

1496214591717	0.032640554	-0.12216893	0.25632828

1496214591727	0.04143352	-0.127498	0.25632828

1496214591737	0.054489743	-0.127498	0.25406343

1496214591748	0.058886223	-0.10578204	0.25952572

1496214591758	0.062083665	-0.111244336	0.2584599

1496214591767	0.07300826	-0.10245137	0.264988

1496214591777	0.07300826	-0.09485745	0.26179057

1496214591787	0.08180123	-0.07513989	0.2628564

1496214591797	0.101385556	-0.07633893	0.2715161

1496214591808	0.10684785	-0.06861178	0.26711965

1496214591818	0.13415934	-0.069810815	0.25739408

1496214591828	0.14068745	-0.06648015	0.2584599

1496214591837	0.13629097	-0.054489743	0.25739408

1496214591848	0.13415934	-0.054489743	0.25512922

1496214591858	0.118838266	-0.046895817	0.25512922

1496214591867	0.10684785	-0.046895817	0.25512922

1496214591877	0.08939515	-0.04023448	0.2628564

1496214591887	0.05995204	-0.02824407	0.25952572

1496214591897	0.035971224	-0.032640554	0.25739408

1496214591908	-0.008659739	-0.017452704	0.26711965

1496214591917	-0.014122035	-0.009725553	0.26831868

1496214591927	-0.017452704	-0.0075939246	0.2759126

1496214591937	-0.027178258	-0.001065814	0.264988

1496214591948	-0.009725553	0.001065814	0.26392218

1496214591961	-0.009725553	-0.001065814	0.25952572

1496214591967	-0.002131628	-0.002131628	0.2584599

1496214591977	0.004263256	-0.004263256	0.264988

1496214591987	-0.001065814	-0.004263256	0.25739408

1496214591998	0.0065281107	-0.0075939246	0.2693845

1496214592008	0.0	-0.008659739	0.2715161

1496214592017	-0.0075939246	-0.0075939246	0.27258193

1496214592027	-0.0075939246	0.002131628	0.2759126

1496214592037	-0.018518519	0.009725553	0.28244072

1496214592047	-0.034905408	0.017452704	0.29443112

1496214592058	-0.045696776	0.013056221	0.3032241

1496214592067	-0.052358113	0.00532907	0.30868638

1496214592077	-0.06541433	0.010791367	0.31294963

1496214592087	-0.06648015	0.009725553	0.30535573

1496214592097	-0.06541433	0.002131628	0.3097522

1496214592108	-0.053423926	-0.018518519	0.31188384

1496214592117	-0.052358113	-0.013056221	0.31521448

1496214592127	-0.04023448	-0.021715961	0.3097522

1496214592137	-0.020650147	-0.026112443	0.3042899

1496214592148	-0.002131628	-0.023980815	0.30642152

1496214592158	0.021715961	-0.035971224	0.30535573

1496214592167	0.037037037	-0.04143352	0.30748734

1496214592177	0.037037037	-0.034905408	0.3042899

1496214592187	0.049027443	-0.034905408	0.3032241

1496214592197	0.05995204	-0.043565147	0.30202505

1496214592208	0.053423926	-0.04023448	0.3032241

1496214592217	0.058886223	-0.029443111	0.30868638

1496214592227	0.05662137	-0.029443111	0.30642152

1496214592237	0.052358113	-0.026112443	0.30202505

1496214592248	0.057687182	-0.020650147	0.31188384

1496214592261	0.051159073	-0.020650147	0.30642152

1496214592277	0.049027443	-0.015187849	0.29882762

1496214592287	0.04796163	-0.027178258	0.29443112

1496214592297	0.058886223	-0.029443111	0.29443112

1496214592308	0.07194245	-0.032640554	0.28457233

1496214592317	0.08286704	-0.043565147	0.2769784

1496214592327	0.08180123	-0.052358113	0.28457233

1496214592337	0.07513989	-0.049027443	0.2769784

1496214592347	0.08499867	-0.057687182	0.2759126

1496214592358	0.08939515	-0.052358113	0.2704503

1496214592367	0.09259259	-0.049027443	0.2715161

1496214592377	0.09592326	-0.044630963	0.2813749

1496214592387	0.080602184	-0.033706367	0.28244072

1496214592397	0.08606448	-0.035971224	0.2813749

1496214592408	0.08939515	-0.030508926	0.2813749

1496214592417	0.077404745	-0.020650147	0.2813749

1496214592427	0.07513989	-0.016253663	0.29003465

1496214592437	0.07633893	-0.009725553	0.28896883

1496214592448	0.07300826	-0.0075939246	0.28896883

1496214592458	0.067545965	-0.004263256	0.29443112

1496214592467	0.06861178	0.004263256	0.29229948

1496214592477	0.069810815	0.0075939246	0.29443112

1496214592487	0.05995204	0.0119904075	0.29003465

1496214592497	0.07194245	0.017452704	0.2868372

1496214592507	0.09259259	0.00532907	0.28350654

1496214592517	0.111244336	-0.003197442	0.29003465

1496214592527	0.11231015	0.0	0.2868372

1496214592537	0.117772445	0.001065814	0.28457233

1496214592548	0.11670663	0.00532907	0.28457233

1496214592560	0.101385556	0.016253663	0.2813749

1496214592567	0.101385556	0.009725553	0.287903

1496214592577	0.083932854	0.0075939246	0.287903

1496214592587	0.06434852	0.0075939246	0.2933653

1496214592597	0.044630963	0.008659739	0.30095923

1496214592608	0.019584332	0.015187849	0.3042899

1496214592617	0.00532907	0.016253663	0.30202505

1496214592627	0.004263256	0.008659739	0.3032241

1496214592637	-0.00532907	0.018518519	0.29882762

1496214592647	-0.015187849	0.019584332	0.2977618

1496214592658	-0.022781774	0.015187849	0.287903

1496214592667	-0.04023448	0.009725553	0.287903

1496214592677	-0.03810285	0.0119904075	0.29229948

1496214592687	-0.033706367	-0.002131628	0.28244072

1496214592698	-0.019584332	-0.009725553	0.2769784

1496214592708	-0.016253663	-0.014122035	0.27924326

1496214592718	-0.009725553	-0.033706367	0.27378097

1496214592727	0.003197442	-0.042499334	0.2748468

1496214592737	0.010791367	-0.053423926	0.27924326

1496214592749	0.017452704	-0.061017852	0.27378097

1496214592758	0.027178258	-0.061017852	0.28030908

1496214592767	0.032640554	-0.06314948	0.28030908

1496214592777	0.052358113	-0.07300826	0.28457233

1496214592789	0.062083665	-0.06648015	0.29003465

1496214592798	0.05995204	-0.052358113	0.29229948

1496214592811	0.07847056	-0.057687182	0.287903

1496214592817	0.08286704	-0.053423926	0.2813749

1496214592827	0.074074075	-0.044630963	0.27804422

1496214592837	0.087263525	-0.055555556	0.28577137

1496214592849	0.10578204	-0.04023448	0.2704503

1496214592860	0.11990408	-0.04143352	0.26059154

1496214592877	0.11990408	-0.04796163	0.25739408

1496214592887	0.13415934	-0.05009326	0.25406343

1496214592897	0.14068745	-0.052358113	0.25086597

1496214592908	0.14721556	-0.057687182	0.24966693

1496214592917	0.15267786	-0.067545965	0.24966693

1496214592927	0.14281908	-0.067545965	0.24966693

1496214592937	0.15161204	-0.07953637	0.25952572

1496214592947	0.14614974	-0.07847056	0.25406343

1496214592958	0.13189448	-0.07300826	0.25739408

1496214592967	0.127498	-0.07513989	0.2628564

1496214592977	0.09485745	-0.07633893	0.25512922

1496214592987	0.06434852	-0.06434852	0.26605383

1496214592997	0.039168663	-0.042499334	0.27924326

1496214593008	0.016253663	-0.04023448	0.2769784

1496214593017	0.013056221	-0.020650147	0.28350654

1496214593027	0.009725553	-0.0065281107	0.28577137

1496214593037	-0.008659739	0.009725553	0.28350654

1496214593048	-0.013056221	0.021715961	0.29669598

1496214593058	-0.020650147	0.027178258	0.2933653

1496214593067	-0.017452704	0.030508926	0.287903

1496214593077	-0.002131628	0.035971224	0.2868372

1496214593087	0.0	0.042499334	0.2868372

1496214593097	0.0	0.049027443	0.29003465

1496214593110	0.002131628	0.055555556	0.28030908

1496214593117	0.008659739	0.054489743	0.2813749

1496214593127	-0.001065814	0.05009326	0.28244072

1496214593137	-0.004263256	0.054489743	0.27804422

1496214593148	0.0	0.055555556	0.2868372

1496214593159	-0.015187849	0.04143352	0.28457233

1496214593167	-0.021715961	0.051159073	0.29003465

1496214593177	-0.037037037	0.04143352	0.28896883

1496214593187	-0.05009326	0.035971224	0.28577137

1496214593208	-0.052358113	0.04023448	0.28244072

1496214593217	-0.049027443	0.03810285	0.2868372

1496214593227	-0.055555556	0.030508926	0.28457233

1496214593237	-0.05995204	0.037037037	0.2759126

1496214593250	-0.04796163	0.039168663	0.2813749

1496214593258	-0.052358113	0.04143352	0.27378097

1496214593267	-0.046895817	0.043565147	0.27924326

1496214593277	-0.055555556	0.042499334	0.2693845

1496214593287	-0.06541433	0.053423926	0.25952572

1496214593297	-0.053423926	0.039168663	0.26831868

1496214593307	-0.05995204	0.037037037	0.2584599

1496214593317	-0.05662137	0.04023448	0.26392218

1496214593327	-0.06314948	0.02824407	0.26605383

1496214593338	-0.044630963	0.019584332	0.2693845

1496214593349	-0.032640554	0.015187849	0.26711965

1496214593369	-0.032640554	0.0065281107	0.2584599

1496214593381	-0.023980815	0.0075939246	0.2628564

1496214593399	-0.010791367	0.004263256	0.25952572

1496214593407	0.014122035	-0.002131628	0.264988

1496214593408	0.02824407	-0.004263256	0.2759126

1496214593419	0.030508926	0.0065281107	0.27258193

1496214593420	0.04143352	0.009725553	0.27804422

1496214593427	0.046895817	-0.003197442	0.28577137

1496214593438	0.05662137	0.0075939246	0.2933653

1496214593448	0.07847056	0.022781774	0.29229948

1496214593458	0.101385556	0.018518519	0.28896883

1496214593469	0.12430056	0.009725553	0.287903

1496214593477	0.13735679	0.013056221	0.2933653

1496214593487	0.127498	0.029443111	0.2868372

1496214593497	0.1384226	0.021715961	0.28457233

1496214593508	0.12096989	0.013056221	0.26831868

1496214593517	0.115507595	-0.004263256	0.264988

1496214593530	0.087263525	-0.001065814	0.26831868

1496214593537	0.08606448	0.002131628	0.2584599

1496214593550	0.083932854	-0.013056221	0.2529976

1496214593558	0.07300826	-0.004263256	0.25406343

1496214593571	0.07194245	-0.009725553	0.24966693

1496214593577	0.07300826	-0.014122035	0.2464695

1496214593589	0.061017852	-0.013056221	0.23661071

1496214593597	0.05662137	-0.014122035	0.23221423

1496214593623	0.04796163	-0.017452704	0.23887557

1496214593631	0.046895817	-0.02824407	0.22901678

1496214593637	0.042499334	-0.029443111	0.2300826

1496214593649	0.032640554	-0.03157474	0.22568612

1496214593658	0.023980815	-0.033706367	0.23341326

1496214593667	0.0119904075	-0.032640554	0.22355449

1496214593677	0.00532907	-0.032640554	0.21809219

1496214593687	0.003197442	-0.035971224	0.2246203

1496214593698	0.0	-0.023980815	0.23887557

1496214593710	-0.001065814	-0.017452704	0.23994137

1496214593717	0.0	-0.008659739	0.24313882

1496214593727	0.0075939246	0.0	0.24540368

1496214593737	0.003197442	-0.0065281107	0.2464695

1496214593749	0.0119904075	-0.013056221	0.2464695

1496214593758	-0.0075939246	-0.001065814	0.2529976

1496214593768	-0.016253663	0.003197442	0.25406343

1496214593777	-0.020650147	-0.0065281107	0.26059154

1496214593788	-0.033706367	0.002131628	0.26711965

1496214593797	-0.044630963	0.003197442	0.264988

1496214593808	-0.045696776	0.0075939246	0.26059154

1496214593817	-0.035971224	0.010791367	0.27258193

1496214593828	-0.04143352	0.014122035	0.2628564

1496214593838	-0.04143352	0.020650147	0.26059154

1496214593847	-0.02504663	0.020650147	0.25952572

1496214593858	-0.0075939246	0.030508926	0.25512922

1496214593867	0.010791367	0.043565147	0.25406343

1496214593877	0.022781774	0.039168663	0.25086597

1496214593887	0.035971224	0.035971224	0.24540368

1496214593897	0.046895817	0.03810285	0.24207301

1496214593908	0.080602184	0.043565147	0.23767653

1496214593917	0.083932854	0.046895817	0.23114842

1496214593927	0.101385556	0.043565147	0.23221423

1496214593937	0.10351719	0.043565147	0.23221423

1496214593948	0.08499867	0.04023448	0.23114842

1496214593958	0.06541433	0.03157474	0.22688515

1496214593967	0.037037037	0.018518519	0.22142287

1496214593977	0.015187849	0.0119904075	0.21915801

1496214593987	0.00532907	0.00532907	0.21915801

1496214593997	-0.0119904075	0.0	0.20610179

1496214594014	-0.029443111	-0.013056221	0.19730882

1496214594027	-0.04143352	-0.020650147	0.18105516

1496214594037	-0.04023448	-0.039168663	0.18318678

1496214594048	-0.053423926	-0.045696776	0.18318678

1496214594058	-0.057687182	-0.04796163	0.17665868

1496214594067	-0.062083665	-0.049027443	0.18531841

1496214594077	-0.05662137	-0.049027443	0.1842526

1496214594087	-0.020650147	-0.045696776	0.18864909

1496214594097	0.017452704	-0.033706367	0.1951772

1496214594108	0.09152678	-0.026112443	0.18531841

1496214594117	0.12536637	-0.020650147	0.19304556

1496214594127	0.14175327	-0.016253663	0.19411138

1496214594137	0.15707435	-0.015187849	0.1951772

1496214594147	0.17013057	-0.008659739	0.20503597

1496214594158	0.17226219	-0.014122035	0.20943245

1496214594167	0.16786571	-0.014122035	0.20943245

1496214594178	0.15920597	-0.008659739	0.21915801

1496214594187	0.14934719	-0.001065814	0.21596056

1496214594197	0.1438849	0.002131628	0.22795098

1496214594208	0.118838266	0.016253663	0.23221423

1496214594217	0.117772445	0.009725553	0.23341326

1496214594227	0.11444178	0.0065281107	0.23767653

1496214594237	0.09592326	0.0119904075	0.23447908

1496214594248	0.10471623	0.008659739	0.23114842

1496214594258	0.108979486	0.013056221	0.23994137

1496214594267	0.09698907	0.013056221	0.22568612

1496214594277	0.098054886	0.010791367	0.22901678

1496214594287	0.08286704	0.009725553	0.22795098

1496214594297	0.06434852	0.002131628	0.22142287

1496214594310	0.05662137	0.014122035	0.21156408

1496214594317	0.05662137	0.022781774	0.21809219

1496214594327	0.046895817	0.032640554	0.21596056

1496214594337	0.03810285	0.04023448	0.21156408

1496214594348	0.04023448	0.03157474	0.21049827

1496214594358	0.030508926	0.02824407	0.2017053

1496214594367	0.032640554	0.039168663	0.19850786

1496214594377	0.037037037	0.04023448	0.20063949

1496214594387	0.030508926	0.033706367	0.19850786

1496214594397	0.027178258	0.035971224	0.19730882

1496214594408	0.013056221	0.03810285	0.19411138

1496214594417	0.015187849	0.043565147	0.2017053

1496214594427	0.019584332	0.043565147	0.19078071

1496214594437	0.020650147	0.035971224	0.19078071

1496214594448	0.015187849	0.042499334	0.18651745

1496214594461	0.042499334	0.046895817	0.19304556

1496214594478	0.04143352	0.049027443	0.1951772

1496214594487	0.04796163	0.04796163	0.19730882

1496214594497	0.035971224	0.043565147	0.20277111

1496214594511	0.03810285	0.030508926	0.20063949

1496214594517	0.022781774	0.033706367	0.20943245

1496214594527	0.015187849	0.022781774	0.22142287

1496214594537	0.009725553	0.010791367	0.21476153

1496214594547	0.002131628	-0.002131628	0.21809219

1496214594563	-0.0119904075	-0.002131628	0.22142287

1496214594567	-0.013056221	-0.010791367	0.22142287

1496214594581	-0.016253663	-0.0065281107	0.22142287

1496214594587	-0.018518519	-0.004263256	0.21596056

1496214594597	-0.016253663	-0.004263256	0.2126299

1496214594610	-0.027178258	-0.009725553	0.2071676

1496214594617	-0.026112443	-0.017452704	0.20610179

1496214594629	-0.026112443	-0.015187849	0.2071676

1496214594637	-0.035971224	-0.021715961	0.20397016

1496214594649	-0.051159073	-0.030508926	0.19850786

1496214594658	-0.052358113	-0.034905408	0.20063949

1496214594667	-0.05009326	-0.042499334	0.19957368

1496214594677	-0.044630963	-0.044630963	0.19730882

1496214594687	-0.04796163	-0.044630963	0.19730882

1496214594701	-0.049027443	-0.054489743	0.19957368

1496214594708	-0.058886223	-0.046895817	0.20397016

1496214594812	-0.06541433	-0.051159073	0.19957368

1496214594815	-0.067545965	-0.05009326	0.20397016

1496214594827	-0.069810815	-0.051159073	0.20277111

1496214594828	-0.05662137	-0.04796163	0.2071676

1496214594830	-0.046895817	-0.04796163	0.20610179

1496214594831	-0.04023448	-0.045696776	0.20277111

1496214594832	-0.018518519	-0.04023448	0.20277111

1496214594833	-0.010791367	-0.033706367	0.19957368

1496214594834	-0.001065814	-0.03157474	0.19957368

1496214594835	0.00532907	-0.030508926	0.20277111

1496214594836	0.0065281107	-0.017452704	0.19304556

1496214594838	0.015187849	-0.0065281107	0.18758327

1496214594839	0.026112443	0.001065814	0.19411138

1496214594849	0.016253663	0.003197442	0.1842526

1496214594857	0.004263256	0.018518519	0.18212096

1496214594872	-0.0075939246	0.021715961	0.17985612

1496214594877	-0.037037037	0.027178258	0.17452705

1496214594887	-0.04023448	0.023980815	0.18212096

1496214594898	-0.035971224	0.013056221	0.1787903

1496214594909	-0.04023448	0.023980815	0.18531841

1496214594917	-0.029443111	0.010791367	0.18212096

1496214594927	-0.013056221	-0.001065814	0.18212096

1496214594937	-0.0065281107	0.003197442	0.17013057

1496214594949	-0.003197442	0.004263256	0.16786571

1496214594958	-0.0065281107	0.016253663	0.15480949

1496214594967	-0.009725553	0.027178258	0.1558753

1496214594977	-0.003197442	0.030508926	0.15707435

1496214594987	0.0065281107	0.029443111	0.15267786

1496214594997	0.017452704	0.037037037	0.1624034

1496214595008	0.023980815	0.044630963	0.16679989

1496214595017	0.03157474	0.049027443	0.16786571

1496214595027	0.044630963	0.039168663	0.17013057

1496214595037	0.046895817	0.043565147	0.16679989

1496214595047	0.046895817	0.04796163	0.17452705

1496214595058	0.054489743	0.030508926	0.17665868

1496214595067	0.04796163	0.023980815	0.18531841

1496214595077	0.04023448	0.026112443	0.19078071

1496214595087	0.035971224	0.019584332	0.19957368

1496214595097	0.034905408	-0.00532907	0.21809219

1496214595108	0.037037037	-0.00532907	0.22568612

1496214595117	0.045696776	-0.0065281107	0.22795098

1496214595127	0.019584332	-0.0065281107	0.21915801

1496214595137	0.015187849	0.0075939246	0.21915801

1496214595148	0.02824407	0.014122035	0.20823342

1496214595160	0.03157474	0.0119904075	0.19411138

1496214595167	0.04023448	-0.003197442	0.1951772

1496214595177	0.042499334	-0.003197442	0.18864909

1496214595189	0.027178258	-0.008659739	0.18318678

1496214595197	0.020650147	-0.015187849	0.18212096

1496214595208	0.009725553	-0.022781774	0.17665868

1496214595217	0.009725553	-0.037037037	0.17119637

1496214595227	0.008659739	-0.044630963	0.1624034

1496214595237	0.015187849	-0.046895817	0.15374367

1496214595248	0.016253663	-0.05009326	0.15920597

1496214595258	0.023980815	-0.046895817	0.15480949

1496214595272	0.021715961	-0.044630963	0.1449507

1496214595277	0.033706367	-0.053423926	0.14721556

1496214595287	0.043565147	-0.057687182	0.1449507

1496214595297	0.057687182	-0.05662137	0.14068745

1496214595308	0.04796163	-0.051159073	0.14281908

1496214595317	0.046895817	-0.046895817	0.14721556

1496214595327	0.033706367	-0.057687182	0.150413

1496214595337	0.013056221	-0.051159073	0.15707435

1496214595348	-0.009725553	-0.026112443	0.16027178

1496214595360	-0.004263256	-0.027178258	0.1613376

1496214595367	-0.0075939246	-0.022781774	0.15814015

1496214595385	-0.020650147	-0.020650147	0.1613376

1496214595387	-0.030508926	-0.015187849	0.15920597

1496214595398	-0.035971224	-0.015187849	0.1624034

1496214595408	-0.049027443	-0.003197442	0.16027178

1496214595417	-0.04023448	-0.004263256	0.16027178

1496214595427	-0.051159073	0.003197442	0.1624034

