1498491287428	-0.0981	0.13734	9.85905

1498491287431	-0.17658	0.17658	9.849239

1498491287440	-0.21582	0.16677	9.849239

1498491287450	-0.18639	0.1962	9.83943

1498491287459	-0.24524999	0.17658	9.74133

1498491287471	-0.2943	0.23543999	9.849239

1498491287480	-0.18639	0.20601	9.89829

1498491287496	-0.10791	0.26487	9.868859

1498491287500	-0.16677	0.16677	9.80019

1498491287512	-0.17658	0.07848	9.80019

1498491287542	-0.20601	0.14715	9.91791

1498491287543	-0.11771999	0.15696	9.77076

1498491287549	-0.26487	0.14715	9.868859

1498491287559	-0.17658	0.16677	9.78057

1498491287571	-0.15696	0.14715	9.80019

1498491287580	-0.11771999	0.21582	9.868859

1498491287590	-0.08829	0.10791	9.809999

1498491287600	-0.12753	0.14715	9.78057

1498491287612	-0.15696	0.16677	9.80019

1498491287630	-0.13734	0.06867	9.849239

1498491287640	-0.17658	0.12753	9.87867

1498491287650	-0.15696	0.15696	9.83943

1498491287660	-0.1962	0.20601	9.69228

1498491287672	-0.26487	0.13734	9.83943

1498491287681	-0.2943	0.18639	9.79038

1498491287694	-0.14715	0.13734	9.809999

1498491287701	-0.31392	0.22563	9.83943

1498491287713	-0.18639	0.16677	9.829619

1498491287736	-0.21582	0.21582	9.829619

1498491287741	-0.10791	0.24524999	9.87867

1498491287752	-0.1962	0.14715	9.75114

1498491287762	-0.17658	0.15696	9.87867

1498491287773	-0.23543999	0.14715	9.75114

1498491287782	-0.18639	0.13734	9.77076

1498491287792	-0.20601	0.14715	9.79038

1498491287801	-0.22563	0.22563	9.81981

1498491287813	-0.24524999	0.13734	9.809999

1498491287824	-0.15696	0.11771999	9.91791

1498491287831	-0.25506	0.20601	9.868859

1498491287842	-0.17658	0.14715	9.81981

1498491287852	-0.16677	0.15696	9.829619

1498491287862	-0.20601	0.1962	9.83943

1498491287873	-0.13734	0.13734	9.829619

1498491287882	-0.15696	0.20601	9.829619

1498491287896	-0.14715	0.1962	9.80019

1498491287902	-0.25506	0.10791	9.868859

1498491287914	-0.22563	0.10791	9.77076

1498491287936	-0.07848	0.13734	9.868859

1498491287939	-0.22563	0.13734	9.83943

1498491287943	-0.13734	0.14715	9.89829

1498491287954	-0.16677	0.10791	9.85905

1498491287964	-0.15696	0.12753	9.80019

1498491287975	-0.11771999	0.20601	9.829619

1498491287984	-0.1962	0.20601	9.76095

1498491287994	-0.13734	0.18639	9.809999

1498491288004	-0.13734	0.12753	9.702089

1498491288016	-0.14715	0.13734	9.849239

1498491288026	-0.11771999	0.22563	9.89829

1498491288035	-0.20601	0.17658	9.85905

1498491288045	-0.12753	0.15696	9.829619

1498491288055	-0.13734	0.16677	9.79038

1498491288066	-0.25506	0.0981	9.85905

1498491288077	-0.18639	0.18639	9.849239

1498491288091	-0.17658	0.18639	9.80019

1498491288096	-0.16677	0.18639	9.88848

1498491288106	-0.22563	0.15696	9.77076

1498491288120	-0.18639	0.18639	9.76095

1498491288128	-0.16677	0.24524999	9.92772

1498491288137	-0.14715	0.17658	9.79038

1498491288147	-0.0981	0.1962	9.83943

1498491288157	-0.1962	0.12753	9.868859

1498491288167	-0.25506	0.18639	9.81981

1498491288179	-0.21582	0.17658	9.75114

1498491288188	-0.15696	0.14715	9.81981

1498491288198	-0.16677	0.1962	9.829619

1498491288208	-0.27468	0.16677	9.85905

1498491288220	-0.11771999	0.12753	9.79038

1498491288238	-0.18639	0.13734	9.88848

1498491288248	-0.24524999	0.21582	9.809999

1498491288258	-0.20601	0.10791	9.80019

1498491288268	-0.0981	0.15696	9.83943

1498491288287	-0.18639	0.14715	9.79038

1498491288291	-0.15696	0.23543999	9.73152

1498491288298	-0.13734	0.16677	9.76095

1498491288321	-0.14715	0.12753	9.81981

1498491288322	-0.16677	0.23543999	9.79038

1498491288338	-0.23543999	0.16677	9.849239

1498491288348	-0.23543999	0.0981	9.73152

1498491288358	-0.16677	0.17658	9.809999

1498491288368	-0.14715	0.10791	9.87867

1498491288380	-0.22563	0.17658	9.79038

1498491288388	-0.20601	0.18639	9.868859

1498491288399	-0.17658	0.14715	9.702089

1498491288409	-0.11771999	0.20601	9.682469

1498491288420	-0.21582	0.16677	9.78057

1498491288438	-0.14715	0.16677	9.88848

1498491288449	-0.16677	0.0981	9.83943

1498491288459	-0.17658	0.17658	9.85905

1498491288469	-0.1962	0.14715	9.868859

1498491288481	-0.10791	0.15696	9.83943

1498491288489	-0.11771999	0.13734	9.83943

1498491288500	-0.12753	0.17658	9.829619

1498491288510	-0.23543999	0.12753	9.81981

1498491288524	-0.14715	0.16677	9.80019

1498491288540	-0.24524999	0.1962	9.9081

1498491288550	-0.15696	0.13734	9.829619

1498491288560	-0.0981	0.13734	9.88848

1498491288570	-0.20601	0.12753	9.74133

1498491288582	-0.14715	0.20601	9.829619

1498491288591	-0.23543999	0.25506	9.77076

1498491288601	-0.15696	0.17658	9.88848

1498491288611	-0.20601	0.16677	9.7119

1498491288623	-0.14715	0.17658	9.75114

1498491288641	-0.16677	0.14715	9.83943

1498491288651	-0.11771999	0.14715	9.829619

1498491288660	-0.10791	0.15696	9.849239

1498491288670	-0.11771999	0.17658	9.80019

1498491288682	-0.18639	0.17658	9.849239

1498491288691	-0.13734	0.20601	9.809999

1498491288701	-0.14715	0.24524999	9.78057

1498491288711	-0.11771999	0.17658	9.849239

1498491288733	-0.1962	0.10791	9.83943

1498491288742	-0.22563	0.12753	9.9081

1498491288744	-0.11771999	0.14715	9.9081

1498491288762	-0.18639	0.14715	9.81981

1498491288764	-0.18639	0.10791	9.81981

1498491288772	-0.1962	0.13734	9.83943

1498491288783	-0.1962	0.14715	9.73152

1498491288792	-0.1962	0.11771999	9.88848

1498491288802	-0.17658	0.17658	9.79038

1498491288812	-0.17658	0.13734	9.87867

1498491288823	-0.13734	0.21582	9.79038

1498491288833	-0.12753	0.1962	9.9081

1498491288842	-0.17658	0.10791	9.868859

1498491288851	-0.13734	0.08829	9.89829

1498491288862	-0.12753	0.14715	9.868859

1498491288872	-0.12753	0.24524999	9.81981

1498491288883	-0.1962	0.13734	9.76095

1498491288892	-0.14715	0.15696	9.829619

1498491288902	-0.17658	0.17658	9.829619

1498491288912	-0.10791	0.11771999	9.78057

1498491288924	-0.20601	0.17658	9.81981

1498491288944	-0.16677	0.1962	9.9081

1498491288949	-0.13734	0.15696	9.868859

1498491288953	-0.1962	0.14715	9.868859

1498491288963	-0.17658	0.12753	9.83943

1498491288975	-0.1962	0.18639	9.829619

1498491288984	-0.20601	0.15696	9.849239

1498491288993	-0.18639	0.16677	9.78057

1498491289003	-0.0981	0.14715	9.76095

1498491289013	-0.20601	0.12753	9.80019

1498491289025	-0.11771999	0.11771999	9.849239

1498491289035	-0.1962	0.20601	9.96696

1498491289044	-0.15696	0.10791	9.849239

1498491289053	-0.17658	0.11771999	9.78057

1498491289063	-0.23543999	0.15696	9.78057

1498491289074	-0.11771999	0.11771999	9.868859

1498491289085	-0.24524999	0.13734	9.73152

1498491289094	-0.16677	0.21582	9.92772

1498491289104	-0.10791	0.0981	9.77076

1498491289114	-0.0981	0.16677	9.829619

1498491289126	-0.13734	0.18639	9.809999

1498491289144	-0.14715	0.20601	9.85905

1498491289154	-0.18639	0.12753	9.79038

1498491289164	-0.18639	0.12753	9.74133

1498491289183	-0.1962	0.18639	9.83943

1498491289191	-0.18639	0.10791	9.75114

1498491289195	-0.13734	0.16677	9.809999

1498491289205	-0.0981	0.20601	9.77076

1498491289215	-0.17658	0.18639	9.83943

1498491289227	-0.11771999	0.17658	9.868859

1498491289245	-0.14715	0.16677	9.92772

1498491289255	-0.10791	0.06867	9.9081

1498491289265	-0.12753	0.14715	9.829619

1498491289274	-0.24524999	0.13734	9.79038

1498491289288	-0.24524999	0.1962	9.849239

1498491289295	-0.13734	0.1962	9.85905

1498491289305	-0.13734	0.1962	9.81981

1498491289315	-0.14715	0.10791	9.868859

1498491289326	-0.14715	0.10791	9.868859

1498491289345	-0.20601	0.14715	9.85905

1498491289355	-0.08829	0.10791	9.81981

1498491289373	-0.13734	0.1962	9.809999

1498491289463	-0.20601	0.18639	9.809999

1498491289470	-0.13734	0.18639	9.77076

1498491289472	-0.17658	0.21582	9.81981

1498491289481	-0.14715	0.20601	9.94734

1498491289490	-0.15696	0.13734	9.85905

1498491289501	-0.17658	0.18639	9.81981

1498491289514	-0.11771999	0.10791	9.78057

1498491289520	-0.12753	0.17658	9.80019

1498491289530	-0.14715	0.20601	9.80019

1498491289540	-0.11771999	0.12753	9.76095

1498491289551	-0.16677	0.16677	9.75114

1498491289564	-0.18639	0.17658	9.78057

1498491289581	-0.17658	0.17658	9.85905

1498491289591	-0.14715	0.13734	9.849239

1498491289601	-0.16677	0.25506	9.80019

1498491289613	-0.18639	0.23543999	9.829619

1498491289622	-0.24524999	0.10791	9.829619

1498491289639	-0.13734	0.12753	9.83943

1498491289642	-0.16677	0.20601	9.809999

1498491289652	-0.13734	0.15696	9.81981

1498491289665	-0.13734	0.12753	9.78057

1498491289675	-0.0981	0.15696	9.91791

1498491289683	-0.15696	0.0981	9.809999

1498491289693	-0.14715	0.13734	9.76095

1498491289703	-0.13734	0.14715	9.77076

1498491289715	-0.23543999	0.15696	9.78057

1498491289724	-0.11771999	0.1962	9.74133

1498491289734	-0.17658	0.15696	9.87867

1498491289744	-0.15696	0.15696	9.87867

1498491289754	-0.10791	0.17658	9.76095

1498491289767	-0.21582	0.14715	9.78057

1498491289784	-0.18639	0.1962	9.91791

1498491289794	-0.17658	0.15696	9.829619

1498491289804	-0.10791	0.12753	9.73152

1498491289813	-0.17658	0.22563	9.81981

1498491289825	-0.12753	0.15696	9.79038

1498491289838	-0.18639	0.11771999	9.829619

1498491289845	-0.18639	0.1962	9.79038

1498491289854	-0.18639	0.20601	9.809999

1498491289882	-0.12753	0.0981	9.73152

1498491289886	-0.14715	0.12753	9.91791

1498491289894	-0.2943	0.16677	9.91791

1498491289904	-0.12753	0.0981	9.80019

1498491289913	-0.12753	0.14715	9.78057

1498491289925	-0.16677	0.0981	9.80019

1498491289934	-0.0981	0.12753	9.83943

1498491289944	-0.13734	0.15696	9.85905

1498491289954	-0.16677	0.15696	9.829619

1498491289965	-0.17658	0.16677	9.9571495

1498491289984	-0.20601	0.17658	9.80019

1498491289994	-0.21582	0.14715	9.85905

1498491290004	-0.2943	0.1962	9.809999

1498491290014	-0.18639	0.23543999	9.809999

1498491290026	-0.22563	0.17658	9.87867

1498491290034	-0.07848	0.20601	9.809999

1498491290044	-0.1962	0.1962	9.849239

1498491290058	-0.14715	0.1962	9.79038

1498491290066	-0.16677	0.16677	9.80019

1498491290087	-0.18639	0.10791	9.9081

1498491290095	-0.14715	0.22563	9.849239

1498491290105	-0.1962	0.26487	9.81981

1498491290115	-0.1962	0.18639	9.829619

1498491290127	-0.22563	0.16677	9.849239

1498491290135	-0.14715	0.1962	9.87867

1498491290146	-0.16677	0.14715	9.83943

1498491290156	-0.24524999	0.23543999	9.81981

1498491290167	-0.16677	0.21582	9.78057

1498491290186	-0.15696	0.14715	9.849239

1498491290196	-0.16677	0.20601	9.87867

1498491290206	-0.18639	0.15696	9.75114

1498491290216	-0.11771999	0.1962	9.81981

1498491290227	-0.18639	0.17658	9.75114

1498491290236	-0.13734	0.14715	9.83943

1498491290246	-0.13734	0.16677	9.77076

1498491290256	-0.12753	0.0981	9.829619

1498491290275	-0.11771999	0.21582	9.79038

1498491290285	-0.17658	0.14715	9.93753

1498491290288	-0.13734	0.15696	9.81981

1498491290298	-0.16677	0.10791	9.75114

1498491290319	-0.18639	0.18639	9.85905

1498491290320	-0.16677	0.12753	9.72171

1498491290329	-0.16677	0.12753	9.72171

1498491290338	-0.16677	0.10791	9.80019

1498491290348	-0.10791	0.17658	9.80019

1498491290358	-0.14715	0.18639	9.81981

1498491290370	-0.1962	0.0981	9.73152

1498491290381	-0.17658	0.18639	9.9571495

1498491290389	-0.10791	0.18639	9.87867

1498491290398	-0.12753	0.10791	9.87867

1498491290408	-0.0981	0.16677	9.868859

1498491290419	-0.13734	0.12753	9.85905

1498491290430	-0.14715	0.20601	9.80019

1498491290439	-0.13734	0.15696	9.72171

1498491290449	-0.26487	0.14715	9.87867

1498491290459	-0.17658	0.21582	9.79038

1498491290471	-0.14715	0.17658	9.87867

1498491290492	-0.16677	0.0981	9.91791

1498491290500	-0.21582	0.11771999	9.868859

1498491290503	-0.18639	0.18639	9.849239

1498491290510	-0.0981	0.15696	9.829619

1498491290535	-0.17658	0.14715	9.76095

1498491290538	-0.10791	0.26487	9.74133

1498491290540	-0.11771999	0.17658	9.77076

1498491290550	-0.1962	0.15696	9.77076

1498491290560	-0.20601	0.23543999	9.868859

1498491290572	-0.17658	0.08829	9.79038

1498491290583	-0.26487	0.14715	9.89829

1498491290592	-0.13734	0.17658	9.868859

1498491290602	-0.12753	0.21582	9.77076

1498491290612	-0.11771999	0.17658	9.91791

1498491290622	-0.18639	0.26487	9.85905

1498491290634	-0.12753	0.17658	9.76095

1498491290642	-0.11771999	0.20601	9.81981

1498491290652	-0.10791	0.18639	9.74133

1498491290662	-0.14715	0.17658	9.73152

1498491290674	-0.15696	0.15696	9.849239

1498491290684	-0.21582	0.17658	9.92772

1498491290703	-0.13734	0.15696	9.9081

1498491290705	-0.16677	0.12753	9.829619

1498491290714	-0.22563	0.04905	9.73152

1498491290724	-0.12753	0.16677	9.85905

1498491290746	-0.20601	0.17658	9.809999

1498491290747	-0.21582	0.11771999	9.77076

1498491290753	-0.1962	0.12753	9.80019

1498491290764	-0.20601	0.14715	9.849239

1498491290775	-0.12753	0.17658	9.78057

1498491290785	-0.16677	0.10791	9.89829

1498491290793	-0.15696	0.14715	9.849239

1498491290804	-0.12753	0.24524999	9.79038

1498491290814	-0.17658	0.0981	9.829619

1498491290824	-0.0981	0.1962	9.79038

1498491290835	-0.17658	0.23543999	9.76095

1498491290844	-0.13734	0.11771999	9.81981

1498491290854	-0.13734	0.11771999	9.80019

1498491290864	-0.21582	0.12753	9.849239

1498491290876	-0.11771999	0.06867	9.77076

1498491290887	-0.26487	0.08829	9.9571495

1498491290895	-0.14715	0.14715	9.88848

1498491290906	-0.0981	0.15696	9.809999

1498491290923	-0.22563	0.17658	9.868859

1498491290926	-0.22563	0.11771999	9.83943

1498491290957	-0.21582	0.1962	9.849239

1498491290958	-0.16677	0.16677	9.81981

1498491290960	-0.14715	0.11771999	9.85905

1498491290965	-0.20601	0.12753	9.81981

1498491290977	-0.15696	0.14715	9.79038

1498491290988	-0.14715	0.11771999	9.83943

1498491290996	-0.25506	0.1962	9.9081

1498491291007	-0.22563	0.1962	9.9081

1498491291017	-0.18639	0.12753	9.78057

1498491291027	-0.1962	0.17658	9.88848

1498491291039	-0.12753	0.14715	9.76095

1498491291047	-0.13734	0.17658	9.92772

1498491291057	-0.1962	0.13734	9.92772

1498491291067	-0.17658	0.16677	9.829619

1498491291079	-0.27468	0.14715	9.80019

1498491291090	-0.21582	0.15696	9.868859

1498491291097	-0.20601	0.15696	9.85905

1498491291108	-0.1962	0.0981	9.809999

1498491291118	-0.10791	0.18639	9.83943

1498491291136	-0.1962	0.12753	9.93753

1498491291148	-0.12753	0.13734	9.83943

1498491291150	-0.1962	0.17658	9.85905

1498491291167	-0.25506	0.18639	9.80019

1498491291170	-0.13734	0.08829	9.78057

1498491291180	-0.12753	0.17658	9.809999

1498491291191	-0.1962	0.16677	9.93753

1498491291199	-0.12753	0.0981	9.9081

1498491291209	-0.16677	0.25506	9.849239

1498491291220	-0.14715	0.0981	9.85905

1498491291230	-0.1962	0.16677	9.868859

1498491291241	-0.058859996	0.20601	9.93753

1498491291250	-0.13734	0.12753	9.79038

1498491291260	-0.17658	0.16677	9.83943

1498491291270	-0.15696	0.16677	9.80019

1498491291282	-0.0981	0.16677	9.83943

1498491291292	-0.22563	0.13734	9.85905

1498491291301	-0.17658	0.1962	9.91791

1498491291311	-0.17658	0.16677	9.89829

1498491291322	-0.12753	0.12753	9.868859

1498491291332	-0.12753	0.12753	9.868859

1498491291343	-0.24524999	0.17658	9.868859

1498491291358	-0.17658	0.1962	9.829619

1498491291363	-0.13734	0.10791	9.829619

1498491291373	-0.13734	0.12753	9.809999

1498491291384	-0.18639	0.1962	9.85905

1498491291403	-0.27468	0.18639	9.88848

1498491291405	-0.10791	0.1962	9.87867

1498491291413	-0.15696	0.18639	9.85905

1498491291424	-0.15696	0.17658	9.88848

1498491291434	-0.10791	0.12753	9.74133

1498491291445	-0.1962	0.22563	9.77076

1498491291454	-0.15696	0.1962	9.80019

1498491291464	-0.10791	0.12753	9.81981

1498491291474	-0.17658	0.14715	9.85905

1498491291486	-0.11771999	0.21582	9.79038

1498491291497	-0.22563	0.13734	9.93753

1498491291504	-0.0981	0.11771999	9.94734

1498491291514	-0.16677	0.24524999	9.809999

1498491291525	-0.14715	0.07848	9.809999

1498491291535	-0.18639	0.17658	9.868859

1498491291546	-0.21582	0.13734	9.809999

1498491291555	-0.27468	0.17658	9.80019

1498491291565	-0.15696	0.12753	9.849239

1498491291575	-0.16677	0.21582	9.7119

1498491291587	-0.12753	0.1962	9.809999

1498491291611	-0.17658	0.18639	9.88848

1498491291612	-0.13734	0.13734	9.849239

1498491291615	-0.17658	0.1962	9.92772

1498491291626	-0.13734	0.20601	9.809999

1498491291636	-0.12753	0.22563	9.80019

1498491291647	-0.21582	0.15696	9.849239

1498491291656	-0.18639	0.17658	9.85905

1498491291666	-0.1962	0.08829	9.849239

1498491291675	-0.12753	0.17658	9.75114

1498491291687	-0.17658	0.12753	9.79038

1498491291698	-0.13734	0.20601	9.96696

1498491291706	-0.10791	0.20601	9.80019

1498491291716	-0.15696	0.1962	9.83943

1498491291726	-0.1962	0.10791	9.77076

1498491291737	-0.14715	0.20601	9.809999

1498491291748	-0.18639	0.14715	9.74133

1498491291757	-0.20601	0.20601	9.87867

1498491291767	-0.16677	0.21582	9.868859

1498491291777	-0.17658	0.16677	9.83943

1498491291795	-0.13734	0.15696	9.79038

1498491291806	-0.22563	0.18639	9.93753

1498491291811	-0.22563	0.11771999	9.96696

1498491291839	-0.10791	0.12753	9.78057

1498491291840	-0.10791	0.18639	9.809999

1498491291841	-0.10791	0.12753	9.87867

1498491291849	-0.13734	0.1962	9.83943

1498491291858	-0.12753	0.20601	9.77076

1498491291868	-0.18639	0.10791	9.83943

1498491291878	-0.0981	0.14715	9.79038

1498491291890	-0.1962	0.16677	9.80019

1498491291908	-0.0981	0.1962	9.89829

1498491291918	-0.12753	0.12753	9.91791

1498491291928	-0.15696	0.1962	9.829619

1498491291937	-0.13734	0.1962	9.809999

1498491291949	-0.13734	0.1962	9.849239

1498491291958	-0.11771999	0.13734	9.81981

1498491291968	-0.23543999	0.13734	9.80019

1498491291978	-0.1962	0.21582	9.809999

1498491291989	-0.1962	0.18639	9.77076

1498491292011	-0.16677	0.1962	9.81981

1498491292018	-0.10791	0.1962	9.85905

1498491292028	-0.15696	0.1962	9.78057

1498491292050	-0.25506	0.07848	9.83943

1498491292057	-0.1962	0.1962	9.809999

1498491292059	-0.0981	0.1962	9.72171

1498491292069	-0.11771999	0.15696	9.829619

1498491292079	-0.23543999	0.1962	9.79038

1498491292090	-0.15696	0.21582	9.809999

1498491292109	-0.15696	0.13734	9.9571495

1498491292119	-0.16677	0.18639	9.78057

1498491292129	-0.12753	0.13734	9.85905

1498491292139	-0.12753	0.0981	9.76095

1498491292151	-0.15696	0.15696	9.809999

1498491292158	-0.15696	0.1962	9.83943

1498491292168	-0.18639	0.20601	9.73152

1498491292179	-0.13734	0.1962	9.77076

1498491292190	-0.2943	0.18639	9.83943

1498491292199	-0.1962	0.17658	9.88848

1498491292208	-0.10791	0.20601	9.92772

1498491292225	-0.15696	0.14715	9.89829

1498491292229	-0.21582	0.18639	9.89829

1498491292239	-0.16677	0.17658	9.73152

1498491292267	-0.08829	0.16677	9.702089

1498491292270	-0.27468	0.18639	9.81981

1498491292271	-0.15696	0.11771999	9.75114

1498491292280	-0.16677	0.15696	9.80019

1498491292291	-0.11771999	0.13734	9.81981

1498491292309	-0.10791	0.14715	9.829619

1498491292320	-0.16677	0.15696	9.83943

1498491292330	-0.16677	0.15696	9.83943

