1495835292733	-9.731596	0.6278449	0.0

1495835292734	-9.731596	0.5493643	0.0

1495835292739	-9.731596	0.5493643	-0.078480616

1495835292765	-9.731596	0.5493643	0.0

1495835292772	-9.653115	0.5493643	0.0

1495835292779	-9.731596	0.5493643	0.0

1495835292819	-9.653115	0.5493643	-0.078480616

1495835292852	-9.731596	0.5493643	-0.078480616

1495835292857	-9.731596	0.5493643	0.0

1495835292859	-9.810077	0.5493643	0.0

1495835292869	-9.731596	0.5493643	0.0

1495835292879	-9.731596	0.5493643	-0.078480616

1495835292897	-9.731596	0.5493643	0.0

1495835292899	-9.731596	0.5493643	0.078480616

1495835292923	-9.731596	0.5493643	0.0

1495835292939	-9.653115	0.5493643	0.0

1495835292958	-9.731596	0.5493643	0.0

1495835292969	-9.731596	0.5493643	0.078480616

1495835292996	-9.731596	0.6278449	0.0

1495835293009	-9.731596	0.5493643	0.0

1495835293019	-9.731596	0.5493643	-0.078480616

1495835293029	-9.731596	0.5493643	0.0

1495835293049	-9.731596	0.6278449	0.0

1495835293078	-9.653115	0.5493643	-0.078480616

1495835293080	-9.731596	0.5493643	-0.078480616

1495835293100	-9.731596	0.5493643	0.0

1495835293139	-9.731596	0.5493643	-0.078480616

1495835293159	-9.810077	0.5493643	-0.078480616

1495835293169	-9.731596	0.5493643	-0.078480616

1495835293189	-9.731596	0.5493643	0.0

1495835293202	-9.731596	0.5493643	-0.078480616

1495835293209	-9.731596	0.5493643	0.0

1495835293219	-9.731596	0.6278449	0.0

1495835293241	-9.731596	0.5493643	0.0

1495835293249	-9.731596	0.5493643	0.078480616

1495835293259	-9.731596	0.5493643	0.0

1495835293269	-9.731596	0.5493643	0.0

1495835293285	-9.731596	0.5493643	0.0

1495835293320	-9.731596	0.6278449	0.078480616

1495835293329	-9.731596	0.6278449	0.0

1495835293339	-9.810077	0.5493643	0.0

1495835293349	-9.731596	0.5493643	0.0

1495835293364	-9.731596	0.6278449	0.078480616

1495835293369	-9.731596	0.5493643	0.078480616

1495835293379	-9.653115	0.6278449	0.0

1495835293403	-9.653115	0.5493643	0.078480616

1495835293409	-9.731596	0.5493643	0.0

1495835293443	-9.731596	0.5493643	-0.078480616

1495835293449	-9.810077	0.5493643	-0.078480616

1495835293459	-9.731596	0.5493643	-0.078480616

1495835293481	-9.731596	0.6278449	-0.078480616

1495835293482	-9.731596	0.5493643	-0.078480616

1495835293489	-9.731596	0.6278449	0.0

1495835293499	-9.731596	0.5493643	0.0

1495835293521	-9.810077	0.5493643	0.0

1495835293529	-9.731596	0.5493643	0.0

1495835293539	-9.731596	0.5493643	-0.078480616

1495835293549	-9.731596	0.5493643	0.0

1495835293566	-9.731596	0.5493643	-0.078480616

1495835293607	-9.731596	0.5493643	0.0

1495835293699	-9.653115	0.5493643	0.0

1495835293709	-9.653115	0.5493643	-0.078480616

1495835293730	-9.653115	0.5493643	0.0

1495835293731	-9.731596	0.5493643	0.0

1495835293739	-9.731596	0.6278449	-0.078480616

1495835293749	-9.731596	0.6278449	0.0

1495835293772	-9.731596	0.5493643	-0.078480616

1495835293779	-9.731596	0.6278449	-0.078480616

1495835293789	-9.731596	0.5493643	0.0

1495835293819	-9.653115	0.5493643	0.0

1495835293829	-9.731596	0.5493643	0.0

1495835293852	-9.731596	0.5493643	-0.078480616

1495835293852	-9.731596	0.6278449	0.0

1495835293899	-9.653115	0.6278449	0.0

1495835293910	-9.731596	0.6278449	0.078480616

1495835293930	-9.731596	0.6278449	0.078480616

1495835293931	-9.731596	0.6278449	0.078480616

1495835293939	-9.653115	0.5493643	0.0

1495835293949	-9.653115	0.6278449	-0.078480616

1495835293970	-9.653115	0.5493643	-0.078480616

1495835293971	-9.653115	0.5493643	0.0

1495835293979	-9.731596	0.5493643	0.078480616

1495835293989	-9.731596	0.5493643	0.078480616

1495835294011	-9.731596	0.6278449	0.078480616

1495835294013	-9.731596	0.6278449	0.0

1495835294019	-9.731596	0.5493643	0.0

1495835294038	-9.653115	0.5493643	0.0

1495835294039	-9.731596	0.5493643	-0.078480616

1495835294059	-9.653115	0.5493643	0.0

1495835294074	-9.731596	0.5493643	0.0

1495835294079	-9.731596	0.5493643	-0.078480616

1495835294089	-9.731596	0.5493643	-0.078480616

1495835294113	-9.731596	0.5493643	0.0

1495835294119	-9.731596	0.5493643	0.078480616

1495835294129	-9.731596	0.5493643	0.0

1495835294139	-9.731596	0.5493643	-0.078480616

1495835294153	-9.731596	0.6278449	-0.078480616

1495835294159	-9.731596	0.5493643	0.0

1495835294179	-9.731596	0.5493643	-0.078480616

1495835294217	-9.731596	0.5493643	0.0

1495835294229	-9.731596	0.5493643	0.078480616

1495835294239	-9.731596	0.5493643	0.0

1495835294259	-9.731596	0.5493643	-0.078480616

1495835294260	-9.731596	0.5493643	0.0

1495835294349	-9.731596	0.5493643	-0.078480616

1495835294370	-9.731596	0.5493643	0.078480616

1495835294383	-9.653115	0.5493643	0.078480616

1495835294389	-9.731596	0.5493643	0.0

1495835294399	-9.731596	0.6278449	0.0

1495835294425	-9.731596	0.5493643	0.0

1495835294429	-9.731596	0.5493643	0.0

1495835294439	-9.731596	0.5493643	0.0

1495835294465	-9.810077	0.5493643	-0.078480616

1495835294469	-9.731596	0.5493643	-0.078480616

1495835294479	-9.731596	0.5493643	0.0

1495835294509	-9.731596	0.5493643	0.0

1495835294519	-9.731596	0.5493643	0.078480616

1495835294529	-9.731596	0.5493643	0.0

1495835294539	-9.731596	0.5493643	0.0

1495835294559	-9.653115	0.5493643	0.0

1495835294569	-9.731596	0.5493643	0.0

1495835294586	-9.810077	0.5493643	0.0

1495835294589	-9.731596	0.6278449	-0.078480616

1495835294599	-9.653115	0.6278449	-0.078480616

1495835294609	-9.731596	0.5493643	-0.078480616

1495835294632	-9.731596	0.5493643	0.0

1495835294639	-9.731596	0.5493643	0.0

1495835294649	-9.731596	0.5493643	0.0

1495835294671	-9.731596	0.5493643	0.0

1495835294673	-9.731596	0.5493643	0.0

1495835294679	-9.653115	0.5493643	0.0

1495835294689	-9.653115	0.5493643	0.0

1495835294699	-9.731596	0.5493643	-0.078480616

1495835294713	-9.731596	0.5493643	-0.078480616

1495835294719	-9.731596	0.5493643	0.0

1495835294750	-9.731596	0.5493643	0.0

1495835294751	-9.731596	0.6278449	0.0

1495835294751	-9.731596	0.6278449	-0.078480616

1495835294759	-9.731596	0.6278449	0.0

1495835294791	-9.731596	0.5493643	-0.078480616

1495835294799	-9.731596	0.5493643	0.0

1495835294830	-9.731596	0.5493643	0.078480616

1495835294839	-9.731596	0.5493643	0.0

1495835294849	-9.731596	0.5493643	-0.078480616

1495835294871	-9.731596	0.5493643	0.0

1495835294872	-9.731596	0.5493643	-0.078480616

1495835294879	-9.731596	0.5493643	-0.078480616

1495835294889	-9.731596	0.6278449	0.0

1495835294910	-9.731596	0.6278449	0.0

1495835294911	-9.731596	0.5493643	-0.078480616

1495835294919	-9.731596	0.5493643	0.0

1495835294929	-9.731596	0.6278449	0.0

1495835294947	-9.653115	0.5493643	0.0

1495835294949	-9.653115	0.4708837	0.0

1495835294988	-9.653115	0.5493643	0.0

1495835294989	-9.653115	0.5493643	-0.078480616

1495835294990	-9.731596	0.6278449	0.0

1495835294999	-9.653115	0.5493643	0.0

1495835295039	-9.731596	0.6278449	0.0

1495835295049	-9.653115	0.6278449	0.0

1495835295067	-9.731596	0.5493643	0.0

1495835295069	-9.731596	0.5493643	0.0

1495835295079	-9.731596	0.5493643	0.0

1495835295114	-9.731596	0.5493643	0.078480616

1495835295129	-9.731596	0.5493643	0.0

1495835295153	-9.731596	0.5493643	-0.078480616

1495835295154	-9.731596	0.5493643	0.0

1495835295159	-9.653115	0.5493643	0.0

1495835295179	-9.731596	0.5493643	-0.078480616

1495835295209	-9.731596	0.5493643	-0.078480616

1495835295231	-9.731596	0.5493643	0.0

1495835295239	-9.731596	0.5493643	-0.078480616

1495835295275	-9.731596	0.5493643	0.0

1495835295289	-9.731596	0.5493643	-0.078480616

1495835295306	-9.731596	0.5493643	0.0

1495835295310	-9.731596	0.5493643	0.0

1495835295329	-9.731596	0.5493643	0.0

1495835295339	-9.731596	0.5493643	0.0

1495835295352	-9.731596	0.5493643	0.0

1495835295359	-9.731596	0.5493643	-0.078480616

1495835295369	-9.731596	0.5493643	0.0

1495835295399	-9.731596	0.5493643	0.0

1495835295409	-9.731596	0.5493643	0.0

1495835295459	-9.731596	0.5493643	-0.078480616

1495835295469	-9.731596	0.5493643	0.0

1495835295479	-9.731596	0.5493643	-0.078480616

1495835295495	-9.653115	0.5493643	0.0

1495835295499	-9.731596	0.5493643	0.0

1495835295509	-9.731596	0.5493643	0.0

1495835295537	-9.731596	0.6278449	0.0

1495835295538	-9.731596	0.6278449	0.0

1495835295540	-9.731596	0.5493643	0.0

1495835295549	-9.731596	0.5493643	-0.078480616

1495835295580	-9.653115	0.5493643	0.0

1495835295581	-9.731596	0.5493643	0.0

1495835295589	-9.731596	0.5493643	0.078480616

1495835295610	-9.731596	0.5493643	0.0

1495835295629	-9.731596	0.5493643	0.078480616

1495835295644	-9.731596	0.5493643	0.0

1495835295649	-9.653115	0.5493643	0.0

1495835295659	-9.731596	0.5493643	0.0

1495835295669	-9.731596	0.5493643	-0.078480616

1495835295684	-9.731596	0.6278449	-0.078480616

1495835295699	-9.731596	0.5493643	0.0

1495835295709	-9.731596	0.5493643	0.0

1495835295726	-9.731596	0.6278449	0.0

1495835295739	-9.731596	0.6278449	-0.078480616

1495835295749	-9.731596	0.6278449	-0.078480616

1495835295763	-9.731596	0.5493643	-0.078480616

1495835295769	-9.731596	0.5493643	0.0

1495835295779	-9.653115	0.6278449	0.0

1495835295789	-9.653115	0.6278449	-0.078480616

1495835295807	-9.731596	0.6278449	-0.078480616

1495835295809	-9.731596	0.5493643	0.0

1495835295859	-9.731596	0.5493643	-0.078480616

1495835295869	-9.731596	0.5493643	-0.15696123

1495835295891	-9.731596	0.5493643	-0.078480616

1495835295892	-9.653115	0.5493643	0.0

1495835295899	-9.731596	0.5493643	0.0

1495835295917	-9.731596	0.5493643	0.0

1495835295919	-9.731596	0.5493643	0.0

1495835295930	-9.731596	0.5493643	-0.078480616

1495835295951	-9.731596	0.6278449	-0.078480616

1495835295952	-9.731596	0.6278449	0.0

1495835295959	-9.731596	0.5493643	0.0

1495835295989	-9.731596	0.6278449	0.0

1495835295999	-9.810077	0.6278449	-0.078480616

1495835296009	-9.731596	0.6278449	-0.078480616

1495835296031	-9.731596	0.5493643	0.0

1495835296032	-9.731596	0.6278449	0.078480616

1495835296039	-9.731596	0.5493643	0.0

1495835296049	-9.653115	0.5493643	0.0

1495835296073	-9.731596	0.5493643	0.0

1495835296079	-9.653115	0.5493643	0.0

1495835296110	-9.731596	0.6278449	0.078480616

1495835296111	-9.731596	0.5493643	0.0

1495835296119	-9.731596	0.5493643	0.0

1495835296129	-9.731596	0.6278449	0.0

1495835296154	-9.731596	0.5493643	0.0

1495835296159	-9.731596	0.5493643	-0.078480616

1495835296169	-9.731596	0.6278449	0.0

1495835296192	-9.731596	0.5493643	0.0

1495835296209	-9.731596	0.5493643	-0.078480616

1495835296227	-9.653115	0.5493643	0.0

1495835296229	-9.731596	0.5493643	0.0

1495835296239	-9.731596	0.5493643	0.0

1495835296249	-9.653115	0.6278449	0.0

1495835296270	-9.731596	0.5493643	0.0

1495835296279	-9.731596	0.6278449	-0.078480616

1495835296289	-9.731596	0.5493643	0.0

1495835296310	-9.653115	0.5493643	-0.078480616

1495835296319	-9.731596	0.5493643	-0.078480616

1495835296329	-9.731596	0.5493643	-0.078480616

1495835296351	-9.731596	0.5493643	-0.078480616

1495835296352	-9.731596	0.6278449	0.0

1495835296369	-9.731596	0.5493643	0.0

1495835296380	-9.731596	0.5493643	-0.078480616

1495835296389	-9.731596	0.5493643	0.0

1495835296412	-9.731596	0.5493643	-0.078480616

1495835296419	-9.731596	0.5493643	-0.078480616

1495835296429	-9.731596	0.5493643	0.0

1495835296454	-9.731596	0.5493643	0.0

1495835296455	-9.731596	0.6278449	0.0

1495835296469	-9.731596	0.5493643	0.0

1495835296487	-9.653115	0.5493643	0.0

1495835296489	-9.653115	0.6278449	0.0

1495835296499	-9.731596	0.5493643	0.0

1495835296532	-9.731596	0.5493643	-0.078480616

1495835296539	-9.731596	0.5493643	0.0

1495835296549	-9.731596	0.5493643	0.0

1495835296559	-9.810077	0.6278449	-0.078480616

1495835296574	-9.810077	0.5493643	-0.078480616

1495835296579	-9.731596	0.5493643	0.0

1495835296619	-9.731596	0.5493643	0.0

1495835296629	-9.731596	0.5493643	0.078480616

1495835296649	-9.731596	0.5493643	0.0

1495835296650	-9.731596	0.5493643	-0.078480616

1495835296659	-9.653115	0.6278449	-0.078480616

1495835296669	-9.731596	0.6278449	-0.078480616

1495835296686	-9.731596	0.5493643	0.0

1495835296690	-9.731596	0.6278449	0.0

1495835296699	-9.731596	0.5493643	0.0

1495835296709	-9.653115	0.6278449	0.0

1495835296731	-9.731596	0.6278449	-0.078480616

1495835296732	-9.731596	0.6278449	0.0

1495835296749	-9.731596	0.5493643	0.0

1495835296771	-9.731596	0.6278449	-0.078480616

1495835296771	-9.731596	0.6278449	0.0

1495835296779	-9.731596	0.5493643	0.0

1495835296789	-9.810077	0.5493643	0.0

1495835296811	-9.731596	0.5493643	0.0

1495835296819	-9.731596	0.5493643	-0.078480616

1495835296829	-9.731596	0.5493643	0.0

1495835296850	-9.731596	0.6278449	0.0

1495835296859	-9.731596	0.5493643	0.078480616

1495835296890	-9.731596	0.5493643	0.0

1495835296899	-9.731596	0.5493643	0.0

1495835296909	-9.731596	0.5493643	0.0

1495835296925	-9.731596	0.5493643	0.0

1495835296930	-9.653115	0.5493643	0.0

1495835296939	-9.731596	0.5493643	0.0

1495835296971	-9.731596	0.6278449	0.0

1495835296979	-9.653115	0.5493643	0.0

1495835296989	-9.731596	0.5493643	0.0

1495835297009	-9.731596	0.5493643	0.078480616

1495835297019	-9.731596	0.6278449	0.0

1495835297029	-9.731596	0.5493643	-0.078480616

1495835297050	-9.731596	0.5493643	0.0

1495835297059	-9.731596	0.5493643	-0.078480616

1495835297069	-9.731596	0.5493643	0.0

1495835297095	-9.731596	0.6278449	0.0

1495835297096	-9.731596	0.5493643	0.0

1495835297099	-9.731596	0.6278449	0.0

1495835297109	-9.731596	0.6278449	0.078480616

1495835297119	-9.731596	0.5493643	0.0

1495835297139	-9.731596	0.6278449	0.0

1495835297170	-9.810077	0.5493643	0.0

1495835297171	-9.731596	0.5493643	0.0

1495835297179	-9.731596	0.5493643	0.0

1495835297189	-9.731596	0.6278449	-0.078480616

1495835297209	-9.731596	0.5493643	0.0

1495835297241	-9.810077	0.5493643	0.0

1495835297243	-9.731596	0.5493643	0.0

1495835297249	-9.731596	0.5493643	0.078480616

1495835297259	-9.731596	0.5493643	0.078480616

1495835297269	-9.731596	0.5493643	0.0

1495835297289	-9.810077	0.5493643	0.0

1495835297299	-9.731596	0.5493643	0.0

1495835297329	-9.731596	0.5493643	-0.078480616

1495835297366	-9.731596	0.5493643	0.0

1495835297369	-9.731596	0.5493643	-0.078480616

1495835297379	-9.731596	0.5493643	0.0

1495835297404	-9.731596	0.5493643	0.0

1495835297409	-9.731596	0.6278449	0.0

1495835297419	-9.653115	0.6278449	0.078480616

1495835297429	-9.731596	0.5493643	0.0

1495835297444	-9.731596	0.5493643	-0.078480616

1495835297449	-9.731596	0.5493643	0.0

1495835297480	-9.731596	0.5493643	0.0

1495835297481	-9.731596	0.5493643	0.0

1495835297522	-9.731596	0.5493643	-0.078480616

1495835297529	-9.731596	0.5493643	-0.078480616

1495835297549	-9.731596	0.5493643	0.0

1495835297599	-9.653115	0.6278449	-0.078480616

