1495958192598	-9.66	34.26	14.52

1495958192694	-9.54	34.5	14.04

1495958192794	-9.54	34.38	13.86

1495958192894	-9.78	34.56	13.32

1495958192994	-10.02	34.44	13.5

1495958193094	-10.26	34.5	13.32

1495958193194	-10.5	34.32	13.08

1495958193295	-11.16	34.2	12.48

1495958193394	-11.46	33.9	12.3

1495958193495	-11.64	33.9	11.94

1495958193594	-12.0	34.02	11.82

1495958193698	-11.94	34.14	11.7

1495958193794	-12.12	34.5	11.1

1495958193894	-12.36	34.56	10.38

1495958193995	-12.54	34.68	10.2

1495958194094	-12.42	35.1	9.84

1495958194194	-12.48	35.1	9.72

1495958194294	-12.6	34.86	9.72

1495958194395	-12.42	34.62	9.84

1495958194495	-12.48	34.2	10.08

1495958194606	-12.6	33.84	10.38

1495958194694	-12.48	33.3	10.92

1495958194794	-12.18	33.36	10.98

1495958194894	-11.88	32.94	11.52

1495958194994	-11.88	33.18	11.4

1495958195094	-11.58	33.18	11.58

1495958195195	-12.06	33.18	11.76

1495958195296	-11.88	33.48	11.34

1495958195395	-11.94	33.3	11.28

1495958195494	-12.24	33.6	11.46

1495958195595	-12.54	33.18	11.76

1495958195694	-12.36	33.48	11.52

1495958195794	-12.06	33.54	11.4

1495958195895	-11.88	33.66	11.34

1495958195994	-12.0	33.72	11.22

1495958196095	-11.94	33.9	11.16

1495958196196	-12.0	33.96	11.28

1495958196302	-12.06	33.84	11.04

1495958196395	-12.0	34.14	10.86

1495958196494	-11.76	34.5	10.74

1495958196594	-12.12	34.32	10.2

1495958196694	-12.6	34.38	9.72

1495958196806	-12.78	34.02	9.6

1495958196894	-12.78	34.14	8.64

1495958196994	-13.5	34.02	8.4

1495958197094	-14.04	33.84	8.16

1495958197194	-14.52	33.9	7.38

1495958197306	-14.58	34.2	6.48

1495958197395	-14.64	34.2	5.4

1495958197494	-14.58	34.08	4.74

