1495829426601	-9.810077	0.5493643	0.0

1495829426602	-9.810077	0.5493643	0.078480616

1495829426603	-9.731596	0.5493643	0.0

1495829426603	-9.810077	0.5493643	-0.078480616

1495829426604	-9.810077	0.5493643	0.0

1495829426605	-9.810077	0.4708837	0.078480616

1495829426609	-9.810077	0.5493643	0.078480616

1495829426619	-9.731596	0.5493643	0.0

1495829426639	-9.810077	0.5493643	0.0

1495829426650	-9.731596	0.5493643	-0.078480616

1495829426661	-9.731596	0.5493643	0.0

1495829426669	-9.810077	0.5493643	0.0

1495829426679	-9.810077	0.5493643	-0.078480616

1495829426689	-9.810077	0.5493643	0.0

1495829426702	-9.731596	0.5493643	0.0

1495829426719	-9.810077	0.5493643	0.0

1495829426737	-9.810077	0.4708837	0.0

1495829426749	-9.810077	0.5493643	0.0

1495829426759	-9.731596	0.5493643	-0.078480616

1495829426769	-9.731596	0.5493643	0.0

1495829426782	-9.810077	0.5493643	-0.078480616

1495829426789	-9.810077	0.5493643	0.0

1495829426799	-9.810077	0.5493643	0.078480616

1495829426811	-9.731596	0.5493643	0.078480616

1495829426819	-9.731596	0.4708837	0.078480616

1495829426829	-9.731596	0.5493643	0.078480616

1495829426846	-9.810077	0.5493643	0.078480616

1495829426859	-9.810077	0.5493643	0.0

1495829426869	-9.810077	0.5493643	0.078480616

1495829426883	-9.810077	0.5493643	0.0

1495829426889	-9.731596	0.5493643	0.0

1495829426931	-9.731596	0.5493643	0.0

1495829426939	-9.810077	0.5493643	0.078480616

1495829426967	-9.810077	0.5493643	0.0

1495829426979	-9.810077	0.5493643	0.078480616

1495829426989	-9.731596	0.5493643	0.0

1495829427011	-9.731596	0.6278449	0.0

1495829427012	-9.731596	0.5493643	0.078480616

1495829427029	-9.731596	0.5493643	0.0

1495829427051	-9.810077	0.5493643	0.0

1495829427054	-9.731596	0.5493643	0.078480616

1495829427059	-9.810077	0.5493643	0.078480616

1495829427069	-9.810077	0.5493643	0.0

1495829427092	-9.810077	0.5493643	-0.078480616

1495829427099	-9.731596	0.5493643	0.0

1495829427109	-9.731596	0.5493643	0.078480616

1495829427120	-9.810077	0.5493643	0.0

1495829427139	-9.810077	0.5493643	-0.078480616

1495829427159	-9.810077	0.5493643	0.0

1495829427188	-9.731596	0.5493643	0.0

1495829427209	-9.810077	0.5493643	0.0

1495829427231	-9.810077	0.5493643	0.078480616

1495829427239	-9.810077	0.4708837	0.078480616

1495829427249	-9.810077	0.5493643	0.0

1495829427270	-9.810077	0.5493643	0.078480616

1495829427289	-9.810077	0.5493643	0.078480616

1495829427299	-9.731596	0.5493643	0.0

1495829427339	-9.810077	0.5493643	0.078480616

1495829427353	-9.810077	0.5493643	0.078480616

1495829427359	-9.810077	0.5493643	0.078480616

1495829427369	-9.810077	0.5493643	0.078480616

1495829427379	-9.810077	0.5493643	0.078480616

1495829427398	-9.731596	0.5493643	0.078480616

1495829427399	-9.731596	0.5493643	0.0

1495829427409	-9.810077	0.5493643	0.0

1495829427436	-9.810077	0.5493643	0.0

1495829427437	-9.731596	0.5493643	0.078480616

1495829427449	-9.810077	0.5493643	0.078480616

1495829427479	-9.810077	0.5493643	0.0

1495829427489	-9.810077	0.5493643	0.078480616

1495829427513	-9.810077	0.6278449	0.0

1495829427515	-9.810077	0.5493643	0.0

1495829427519	-9.731596	0.5493643	0.078480616

1495829427529	-9.731596	0.5493643	0.078480616

1495829427539	-9.810077	0.5493643	0.078480616

1495829427549	-9.731596	0.5493643	0.0

1495829427569	-9.810077	0.5493643	0.0

1495829427602	-9.731596	0.5493643	0.0

1495829427609	-9.810077	0.5493643	0.0

1495829427659	-9.810077	0.5493643	0.078480616

1495829427669	-9.810077	0.5493643	0.0

1495829427686	-9.810077	0.4708837	0.0

1495829427690	-9.810077	0.5493643	0.078480616

1495829427699	-9.810077	0.5493643	0.078480616

1495829427709	-9.810077	0.5493643	0.078480616

1495829427729	-9.810077	0.5493643	0.078480616

1495829427739	-9.810077	0.5493643	0.0

1495829427759	-9.731596	0.5493643	0.078480616

1495829427769	-9.810077	0.5493643	-0.078480616

1495829427792	-9.810077	0.5493643	0.078480616

1495829427809	-9.810077	0.4708837	0.078480616

1495829427829	-9.731596	0.5493643	0.078480616

1495829427830	-9.731596	0.5493643	0.0

1495829427839	-9.810077	0.5493643	0.0

1495829427849	-9.810077	0.4708837	0.0

1495829427859	-9.731596	0.5493643	0.078480616

1495829427879	-9.731596	0.5493643	0.078480616

1495829427889	-9.731596	0.5493643	0.078480616

1495829427909	-9.810077	0.5493643	0.078480616

1495829427919	-9.810077	0.5493643	0.0

1495829427929	-9.810077	0.5493643	0.0

1495829427989	-9.810077	0.4708837	0.078480616

1495829427999	-9.810077	0.4708837	0.0

1495829428031	-9.810077	0.5493643	-0.078480616

1495829428032	-9.731596	0.4708837	0.0

1495829428039	-9.731596	0.5493643	0.0

1495829428058	-9.810077	0.5493643	0.0

1495829428069	-9.731596	0.5493643	0.0

1495829428094	-9.810077	0.5493643	0.078480616

1495829428099	-9.810077	0.5493643	0.0

1495829428109	-9.731596	0.4708837	0.0

1495829428125	-9.731596	0.5493643	0.0

1495829428130	-9.810077	0.5493643	0.078480616

1495829428149	-9.731596	0.5493643	0.078480616

1495829428169	-9.731596	0.5493643	0.0

1495829428170	-9.810077	0.5493643	0.078480616

1495829428189	-9.810077	0.5493643	0.0

1495829428209	-9.810077	0.5493643	0.0

1495829428210	-9.888557	0.5493643	0.0

1495829428219	-9.810077	0.5493643	0.0

1495829428229	-9.731596	0.5493643	0.078480616

1495829428251	-9.810077	0.5493643	0.078480616

1495829428259	-9.731596	0.5493643	0.078480616

1495829428269	-9.810077	0.5493643	0.0

1495829428288	-9.810077	0.5493643	0.0

1495829428290	-9.731596	0.5493643	0.0

1495829428309	-9.810077	0.5493643	0.0

1495829428369	-9.731596	0.5493643	0.0

1495829428411	-9.810077	0.5493643	0.0

1495829428412	-9.731596	0.5493643	0.0

1495829428419	-9.731596	0.6278449	0.0

1495829428429	-9.731596	0.5493643	0.078480616

1495829428452	-9.810077	0.5493643	0.078480616

1495829428459	-9.810077	0.5493643	0.0

1495829428493	-9.810077	0.5493643	0.078480616

1495829428499	-9.810077	0.5493643	0.0

1495829428519	-9.731596	0.5493643	0.078480616

1495829428537	-9.810077	0.5493643	-0.078480616

1495829428539	-9.810077	0.5493643	-0.078480616

1495829428549	-9.810077	0.5493643	0.0

1495829428559	-9.810077	0.5493643	0.078480616

1495829428580	-9.810077	0.5493643	0.078480616

1495829428589	-9.810077	0.4708837	0.078480616

1495829428616	-9.810077	0.5493643	0.0

1495829428619	-9.810077	0.4708837	0.0

1495829428629	-9.810077	0.5493643	0.0

1495829428639	-9.810077	0.4708837	0.078480616

1495829428661	-9.810077	0.5493643	0.0

1495829428679	-9.810077	0.5493643	0.078480616

1495829428696	-9.810077	0.5493643	0.0

1495829428709	-9.731596	0.5493643	0.0

1495829428719	-9.731596	0.6278449	0.0

1495829428729	-9.731596	0.5493643	0.078480616

1495829428743	-9.810077	0.5493643	0.078480616

1495829428759	-9.810077	0.5493643	0.0

1495829428773	-9.810077	0.5493643	0.0

1495829428809	-9.810077	0.5493643	0.078480616

1495829428810	-9.810077	0.5493643	0.0

1495829428819	-9.810077	0.5493643	0.0

1495829428847	-9.888557	0.5493643	-0.078480616

1495829428850	-9.810077	0.5493643	-0.078480616

1495829428859	-9.731596	0.5493643	0.0

1495829428869	-9.810077	0.5493643	0.0

1495829428890	-9.810077	0.5493643	0.0

1495829428909	-9.810077	0.5493643	0.078480616

1495829428919	-9.810077	0.4708837	0.078480616

1495829428939	-9.810077	0.5493643	0.0

1495829428956	-9.731596	0.5493643	0.078480616

1495829428959	-9.810077	0.5493643	0.0

1495829428969	-9.810077	0.4708837	0.0

1495829428982	-9.810077	0.5493643	0.0

1495829428989	-9.810077	0.5493643	0.0

1495829428999	-9.810077	0.5493643	0.078480616

1495829429016	-9.810077	0.5493643	0.0

1495829429029	-9.810077	0.5493643	0.078480616

1495829429041	-9.810077	0.5493643	0.0

1495829429049	-9.810077	0.5493643	0.078480616

1495829429059	-9.810077	0.5493643	0.0

1495829429074	-9.810077	0.5493643	0.078480616

1495829429079	-9.810077	0.5493643	0.078480616

1495829429089	-9.810077	0.5493643	0.0

1495829429119	-9.810077	0.5493643	0.078480616

1495829429129	-9.810077	0.5493643	0.0

1495829429150	-9.810077	0.5493643	0.0

1495829429159	-9.810077	0.5493643	0.0

1495829429188	-9.731596	0.5493643	0.0

1495829429189	-9.810077	0.5493643	0.0

1495829429209	-9.810077	0.5493643	0.0

1495829429234	-9.810077	0.5493643	0.078480616

1495829429239	-9.810077	0.5493643	0.0

1495829429271	-9.810077	0.5493643	0.0

1495829429279	-9.810077	0.5493643	0.0

1495829429311	-9.810077	0.5493643	0.0

1495829429312	-9.810077	0.5493643	0.0

1495829429319	-9.810077	0.5493643	0.0

1495829429329	-9.731596	0.5493643	0.0

1495829429353	-9.810077	0.5493643	0.0

1495829429354	-9.810077	0.5493643	0.0

1495829429359	-9.810077	0.5493643	0.0

1495829429391	-9.810077	0.5493643	0.078480616

1495829429392	-9.810077	0.6278449	0.0

1495829429399	-9.810077	0.5493643	0.0

1495829429459	-9.810077	0.5493643	-0.078480616

1495829429473	-9.810077	0.5493643	0.0

1495829429489	-9.810077	0.5493643	0.078480616

1495829429509	-9.810077	0.5493643	0.0

1495829429511	-9.810077	0.4708837	0.0

1495829429519	-9.810077	0.5493643	0.0

1495829429539	-9.810077	0.5493643	0.078480616

1495829429571	-9.810077	0.5493643	0.078480616

1495829429573	-9.731596	0.5493643	0.0

1495829429579	-9.810077	0.5493643	0.078480616

1495829429599	-9.810077	0.5493643	0.0

1495829429619	-9.731596	0.4708837	0.0

1495829429633	-9.731596	0.5493643	0.078480616

1495829429639	-9.731596	0.5493643	0.0

1495829429674	-9.810077	0.5493643	0.0

1495829429675	-9.810077	0.5493643	0.078480616

1495829429676	-9.810077	0.5493643	0.078480616

1495829429679	-9.810077	0.5493643	0.0

1495829429689	-9.810077	0.4708837	0.0

1495829429710	-9.810077	0.5493643	0.078480616

1495829429710	-9.810077	0.5493643	0.0

1495829429719	-9.731596	0.5493643	0.078480616

1495829429729	-9.731596	0.5493643	0.078480616

1495829429750	-9.810077	0.5493643	0.0

1495829429751	-9.810077	0.5493643	0.0

1495829429759	-9.810077	0.5493643	0.0

1495829429769	-9.810077	0.5493643	0.0

1495829429787	-9.731596	0.5493643	0.0

1495829429789	-9.731596	0.5493643	0.0

1495829429799	-9.731596	0.5493643	0.0

1495829429809	-9.731596	0.5493643	0.0

1495829429829	-9.810077	0.5493643	0.0

1495829429849	-9.731596	0.5493643	0.078480616

1495829429869	-9.731596	0.5493643	0.0

1495829429870	-9.810077	0.5493643	0.0

1495829429879	-9.810077	0.5493643	-0.078480616

1495829429889	-9.810077	0.5493643	0.0

1495829429910	-9.888557	0.5493643	0.0

1495829429919	-9.810077	0.5493643	0.0

1495829429929	-9.810077	0.5493643	0.0

1495829429949	-9.731596	0.5493643	0.0

1495829429950	-9.810077	0.5493643	0.0

1495829429959	-9.810077	0.5493643	0.0

1495829429969	-9.810077	0.5493643	0.078480616

1495829429991	-9.810077	0.5493643	0.0

1495829429999	-9.810077	0.5493643	-0.078480616

1495829430009	-9.810077	0.5493643	0.0

1495829430019	-9.810077	0.5493643	-0.078480616

1495829430033	-9.810077	0.5493643	-0.078480616

1495829430039	-9.810077	0.5493643	0.0

1495829430049	-9.810077	0.5493643	0.078480616

1495829430072	-9.810077	0.5493643	0.0

1495829430079	-9.810077	0.5493643	0.0

1495829430089	-9.810077	0.6278449	0.0

1495829430112	-9.810077	0.5493643	0.078480616

1495829430129	-9.731596	0.5493643	0.0

1495829430154	-9.810077	0.5493643	0.0

1495829430154	-9.888557	0.5493643	-0.078480616

1495829430159	-9.810077	0.4708837	-0.078480616

1495829430169	-9.731596	0.5493643	-0.078480616

1495829430179	-9.810077	0.6278449	-0.078480616

1495829430193	-9.731596	0.6278449	0.0

1495829430199	-9.731596	0.5493643	0.0

1495829430210	-9.731596	0.5493643	0.0

1495829430225	-9.810077	0.5493643	0.0

1495829430229	-9.810077	0.4708837	0.078480616

1495829430239	-9.810077	0.5493643	0.0

1495829430291	-9.810077	0.5493643	0.078480616

1495829430293	-9.810077	0.5493643	0.0

1495829430299	-9.731596	0.5493643	0.0

1495829430309	-9.810077	0.5493643	0.0

1495829430332	-9.810077	0.5493643	0.0

1495829430332	-9.731596	0.5493643	0.0

1495829430339	-9.810077	0.5493643	0.0

1495829430361	-9.810077	0.5493643	0.078480616

1495829430369	-9.810077	0.5493643	0.0

1495829430379	-9.810077	0.4708837	0.0

1495829430398	-9.810077	0.4708837	0.078480616

1495829430399	-9.810077	0.4708837	0.0

1495829430439	-9.810077	0.5493643	0.0

1495829430440	-9.731596	0.6278449	0.078480616

1495829430441	-9.810077	0.5493643	0.0

1495829430442	-9.810077	0.5493643	0.0

1495829430449	-9.731596	0.5493643	0.0

1495829430459	-9.810077	0.5493643	0.0

1495829430475	-9.810077	0.5493643	0.0

1495829430479	-9.731596	0.6278449	0.078480616

1495829430489	-9.810077	0.5493643	0.0

1495829430499	-9.810077	0.5493643	0.078480616

1495829430520	-9.810077	0.5493643	0.0

1495829430569	-9.810077	0.5493643	0.0

1495829430579	-9.731596	0.5493643	0.078480616

1495829430589	-9.731596	0.5493643	0.0

1495829430611	-9.810077	0.6278449	0.0

1495829430619	-9.810077	0.5493643	0.0

1495829430639	-9.731596	0.5493643	-0.078480616

1495829430652	-9.731596	0.5493643	0.0

1495829430659	-9.810077	0.5493643	0.0

1495829430679	-9.731596	0.5493643	0.0

1495829430689	-9.810077	0.5493643	0.078480616

1495829430699	-9.810077	0.5493643	0.078480616

1495829430715	-9.810077	0.5493643	0.0

1495829430745	-9.731596	0.5493643	0.0

1495829430749	-9.731596	0.5493643	0.0

1495829430769	-9.810077	0.5493643	0.0

1495829430789	-9.810077	0.5493643	0.0

1495829430790	-9.731596	0.5493643	0.0

1495829430799	-9.810077	0.4708837	0.0

1495829430830	-9.810077	0.4708837	0.0

1495829430830	-9.731596	0.5493643	0.0

1495829430831	-9.731596	0.5493643	-0.078480616

1495829430839	-9.731596	0.5493643	0.0

1495829430849	-9.731596	0.5493643	0.078480616

1495829430866	-9.810077	0.5493643	0.0

1495829430879	-9.810077	0.5493643	0.078480616

1495829430889	-9.810077	0.5493643	0.0

1495829430903	-9.731596	0.5493643	0.0

1495829430909	-9.810077	0.5493643	-0.078480616

1495829430919	-9.731596	0.5493643	0.0

1495829430929	-9.810077	0.5493643	0.078480616

1495829430947	-9.810077	0.5493643	0.0

1495829430959	-9.810077	0.5493643	0.0

1495829430969	-9.810077	0.5493643	0.078480616

1495829430989	-9.810077	0.5493643	0.0

1495829430999	-9.888557	0.5493643	0.0

1495829431010	-9.810077	0.5493643	0.0

1495829431019	-9.731596	0.5493643	0.0

1495829431039	-9.731596	0.5493643	-0.078480616

1495829431049	-9.810077	0.5493643	0.0

1495829431069	-9.731596	0.5493643	0.0

1495829431079	-9.810077	0.5493643	-0.078480616

1495829431089	-9.810077	0.5493643	0.0

1495829431129	-9.810077	0.5493643	-0.078480616

1495829431146	-9.731596	0.5493643	-0.078480616

1495829431149	-9.731596	0.5493643	-0.078480616

1495829431159	-9.810077	0.5493643	0.0

1495829431169	-9.731596	0.5493643	0.078480616

1495829431191	-9.810077	0.5493643	0.078480616

1495829431199	-9.731596	0.5493643	0.078480616

1495829431209	-9.731596	0.5493643	0.0

1495829431229	-9.810077	0.5493643	0.078480616

1495829431239	-9.731596	0.5493643	0.0

1495829431249	-9.810077	0.5493643	0.0

1495829431274	-9.810077	0.5493643	0.078480616

1495829431275	-9.731596	0.5493643	0.0

1495829431309	-9.810077	0.5493643	0.0

1495829431319	-9.731596	0.5493643	0.0

1495829431329	-9.810077	0.5493643	0.0

1495829431350	-9.810077	0.6278449	0.0

1495829431352	-9.810077	0.5493643	0.0

1495829431359	-9.731596	0.5493643	0.078480616

1495829431380	-9.731596	0.5493643	0.0

1495829431381	-9.731596	0.5493643	-0.078480616

1495829431399	-9.810077	0.5493643	0.0

1495829431449	-9.731596	0.5493643	0.0

1495829431459	-9.731596	0.5493643	0.0

1495829431469	-9.810077	0.5493643	0.0

1495829431499	-9.810077	0.5493643	0.078480616

