1495264882392	0.0065281107	-0.001065814	0.016253663

1495264882398	0.0065281107	0.0	0.015187849

1495264882410	0.00532907	-0.001065814	0.016253663

1495264882418	0.008659739	-0.002131628	0.009725553

1495264882429	0.008659739	0.001065814	0.016253663

1495264882438	0.009725553	0.0	0.017452704

1495264882450	0.008659739	-0.001065814	0.010791367

1495264882457	0.009725553	0.002131628	0.014122035

1495264882470	0.008659739	-0.004263256	0.010791367

1495264882488	0.0075939246	-0.0065281107	0.010791367

1495264882490	0.009725553	-0.00532907	0.014122035

1495264882497	0.0075939246	-0.00532907	0.014122035

1495264882510	0.003197442	-0.009725553	0.0119904075

1495264882529	0.010791367	0.004263256	0.0119904075

1495264882538	0.00532907	-0.0075939246	0.015187849

1495264882548	0.0075939246	-0.001065814	0.009725553

1495264882557	0.0075939246	-0.00532907	0.010791367

1495264882568	0.00532907	-0.004263256	0.017452704

1495264882577	0.0075939246	-0.001065814	0.015187849

1495264882588	0.0075939246	-0.001065814	0.0119904075

1495264882598	0.008659739	-0.001065814	0.010791367

1495264882608	0.010791367	0.0	0.013056221

1495264882621	0.00532907	-0.003197442	0.014122035

1495264882627	0.0065281107	-0.00532907	0.014122035

1495264882639	0.0119904075	-0.001065814	0.014122035

1495264882647	0.010791367	-0.003197442	0.013056221

1495264882657	0.0075939246	-0.009725553	0.003197442

1495264882668	0.004263256	-0.0065281107	0.013056221

1495264882678	0.008659739	-0.0075939246	0.014122035

1495264882688	0.0075939246	0.003197442	0.014122035

1495264882697	0.009725553	0.002131628	0.0119904075

1495264882707	0.008659739	-0.00532907	0.008659739

1495264882719	0.010791367	-0.002131628	0.00532907

1495264882727	0.010791367	-0.002131628	0.017452704

1495264882739	0.010791367	-0.002131628	0.0119904075

1495264882748	0.009725553	-0.002131628	0.014122035

1495264882757	0.009725553	-0.002131628	0.015187849

1495264882768	0.0075939246	-0.0065281107	0.013056221

1495264882778	0.00532907	-0.008659739	0.010791367

1495264882787	0.009725553	-0.002131628	0.015187849

1495264882797	0.00532907	0.0	0.0119904075

1495264882807	0.008659739	-0.0065281107	0.0119904075

1495264882819	0.008659739	-0.004263256	0.014122035

1495264882830	0.00532907	-0.002131628	0.013056221

1495264882839	0.0075939246	0.0	0.0119904075

1495264882848	0.008659739	0.001065814	0.008659739

1495264882858	0.008659739	-0.00532907	0.008659739

1495264882868	0.010791367	0.0	0.014122035

1495264882879	0.010791367	0.001065814	0.010791367

1495264882888	0.00532907	-0.00532907	0.009725553

1495264882898	0.008659739	-0.003197442	0.013056221

1495264882908	0.00532907	-0.0075939246	0.010791367

1495264882921	0.0119904075	0.003197442	0.0119904075

1495264882929	0.0119904075	0.001065814	0.014122035

1495264882940	0.014122035	0.004263256	0.008659739

1495264882948	0.008659739	0.001065814	0.013056221

1495264882958	0.002131628	0.002131628	0.019584332

1495264882968	0.0065281107	-0.004263256	0.015187849

1495264882977	0.0075939246	-0.004263256	0.0075939246

1495264882987	0.003197442	-0.002131628	0.016253663

1495264882997	0.010791367	-0.002131628	0.0119904075

1495264883007	0.010791367	-0.002131628	0.010791367

1495264883018	0.008659739	-0.0065281107	0.00532907

1495264883028	0.0119904075	-0.002131628	0.008659739

1495264883039	0.0065281107	-0.002131628	0.015187849

1495264883048	0.002131628	-0.009725553	0.014122035

1495264883057	0.0075939246	-0.00532907	0.014122035

1495264883069	0.008659739	-0.003197442	0.013056221

1495264883077	0.010791367	-0.004263256	0.015187849

1495264883087	0.008659739	-0.00532907	0.008659739

1495264883097	0.00532907	-0.008659739	0.009725553

1495264883107	0.0075939246	-0.002131628	0.0119904075

1495264883119	0.004263256	0.0	0.013056221

1495264883128	0.0065281107	-0.27924326	0.008659739

1495264883138	0.00532907	-0.002131628	0.013056221

1495264883147	0.010791367	-0.00532907	0.018518519

1495264883157	0.008659739	-0.00532907	0.009725553

1495264883168	0.0075939246	0.0	0.016253663

1495264883177	0.0075939246	-0.002131628	0.013056221

1495264883187	0.00532907	-0.00532907	0.010791367

1495264883198	0.008659739	-0.00532907	0.016253663

1495264883208	0.00532907	0.001065814	0.010791367

1495264883231	0.0065281107	-0.00532907	0.009725553

1495264883238	0.0119904075	-0.00532907	0.0119904075

1495264883252	0.009725553	0.003197442	0.013056221

1495264883258	0.009725553	-0.001065814	0.014122035

1495264883271	0.013056221	-0.003197442	0.016253663

1495264883278	0.010791367	0.0	0.016253663

1495264883287	0.010791367	-0.002131628	0.0119904075

1495264883297	0.00532907	-0.00532907	0.013056221

1495264883307	0.0075939246	0.001065814	0.0119904075

1495264883318	0.0065281107	-0.003197442	0.010791367

1495264883330	0.00532907	-0.004263256	0.015187849

1495264883337	0.013056221	-0.00532907	0.014122035

1495264883348	0.008659739	-0.00532907	0.013056221

1495264883357	0.0065281107	-0.002131628	0.0119904075

1495264883368	0.0075939246	0.003197442	0.015187849

1495264883377	0.0065281107	-0.004263256	0.0065281107

1495264883387	0.009725553	-0.00532907	0.0065281107

1495264883397	0.010791367	-0.004263256	0.014122035

1495264883409	0.008659739	-0.001065814	0.013056221

1495264883421	0.0075939246	-0.0065281107	0.0119904075

1495264883428	0.010791367	-0.0065281107	0.0075939246

1495264883439	0.010791367	-0.002131628	0.0075939246

1495264883449	0.0075939246	-0.003197442	0.014122035

1495264883457	0.010791367	0.002131628	0.0119904075

1495264883468	0.013056221	0.001065814	0.013056221

1495264883477	0.009725553	-0.001065814	0.015187849

1495264883487	0.014122035	-0.004263256	0.014122035

1495264883497	0.0119904075	-0.002131628	0.020650147

1495264883507	0.004263256	0.001065814	0.016253663

1495264883520	0.013056221	-0.002131628	0.0075939246

1495264883528	0.008659739	-0.001065814	0.0119904075

1495264883537	0.008659739	-0.0075939246	0.004263256

1495264883549	0.008659739	-0.001065814	0.0119904075

1495264883557	0.0119904075	-0.004263256	0.015187849

1495264883569	0.008659739	-0.002131628	0.013056221

1495264883578	0.010791367	0.001065814	0.009725553

1495264883588	0.0119904075	0.0	0.014122035

1495264883597	0.0075939246	0.001065814	0.013056221

1495264883608	0.010791367	-0.002131628	0.014122035

1495264883618	0.0119904075	-0.001065814	0.010791367

1495264883628	0.009725553	0.0	0.017452704

1495264883637	0.0065281107	0.0	0.014122035

1495264883648	0.009725553	-0.002131628	0.014122035

1495264883657	0.0075939246	-0.003197442	0.015187849

1495264883668	0.009725553	-0.0065281107	0.014122035

1495264883678	0.010791367	-0.009725553	0.018518519

1495264883688	0.009725553	0.0	0.013056221

1495264883698	0.0075939246	0.002131628	0.008659739

1495264883707	0.010791367	-0.0065281107	0.010791367

1495264883718	0.0065281107	-0.003197442	0.0075939246

1495264883728	0.002131628	-0.009725553	0.013056221

1495264883738	0.008659739	-0.001065814	0.010791367

1495264883749	0.009725553	-0.003197442	0.013056221

1495264883758	0.004263256	-0.004263256	0.014122035

1495264883771	0.0075939246	-0.0065281107	0.018518519

1495264883778	0.0065281107	0.0	0.014122035

1495264883788	0.00532907	-0.003197442	0.014122035

1495264883798	0.0075939246	-0.009725553	0.013056221

1495264883809	0.0065281107	-0.008659739	0.0119904075

1495264883819	0.009725553	-0.004263256	0.013056221

1495264883828	0.0119904075	-0.00532907	0.013056221

1495264883839	0.008659739	-0.0065281107	0.016253663

1495264883849	0.009725553	-0.004263256	0.0119904075

1495264883858	0.0075939246	-0.002131628	0.009725553

1495264883868	0.0075939246	0.002131628	0.00532907

1495264883880	0.0119904075	-0.2748468	0.015187849

1495264883887	0.0119904075	-0.001065814	0.015187849

1495264883898	0.00532907	-0.004263256	0.010791367

1495264883908	0.0075939246	-0.00532907	0.002131628

1495264883918	0.008659739	-0.0065281107	0.009725553

1495264883928	0.009725553	-0.00532907	0.010791367

1495264883937	0.015187849	0.0	0.0065281107

1495264883948	0.014122035	-0.002131628	0.0119904075

1495264883957	0.009725553	-0.004263256	0.018518519

1495264883968	0.010791367	-0.003197442	0.010791367

1495264883978	0.010791367	-0.002131628	0.009725553

1495264883987	0.0119904075	0.002131628	0.015187849

1495264883997	0.009725553	-0.003197442	0.018518519

1495264884007	0.008659739	-0.001065814	0.015187849

1495264884018	0.010791367	-0.008659739	0.009725553

1495264884028	0.0065281107	-0.009725553	0.0075939246

1495264884037	0.0065281107	-0.0065281107	0.0075939246

1495264884049	0.009725553	-0.002131628	0.010791367

1495264884058	0.0119904075	-0.002131628	0.009725553

1495264884070	0.016253663	0.002131628	0.013056221

1495264884077	0.010791367	-0.001065814	0.013056221

1495264884087	0.004263256	-0.001065814	0.016253663

1495264884097	0.0119904075	-0.002131628	0.016253663

1495264884107	0.0065281107	0.003197442	0.021715961

1495264884118	0.010791367	0.001065814	0.014122035

1495264884128	0.004263256	-0.0075939246	0.020650147

1495264884138	0.003197442	-0.004263256	0.009725553

1495264884149	0.008659739	-0.003197442	0.0119904075

1495264884157	0.0119904075	-0.0065281107	0.009725553

1495264884168	0.008659739	-0.002131628	0.009725553

1495264884177	0.010791367	-0.002131628	0.008659739

1495264884187	0.013056221	0.0	0.0119904075

1495264884197	0.0065281107	-0.001065814	0.014122035

1495264884207	0.008659739	0.0	0.016253663

1495264884218	0.009725553	-0.00532907	0.016253663

1495264884227	0.009725553	-0.003197442	0.010791367

1495264884238	0.013056221	-0.001065814	0.0119904075

1495264884248	0.0075939246	-0.004263256	0.014122035

1495264884258	0.00532907	-0.003197442	0.0119904075

1495264884269	0.010791367	-0.0075939246	0.013056221

1495264884278	0.0075939246	-0.008659739	0.014122035

1495264884287	0.008659739	-0.004263256	0.013056221

1495264884297	0.009725553	-0.00532907	0.014122035

1495264884307	0.008659739	-0.004263256	0.010791367

1495264884318	0.0075939246	-0.003197442	0.009725553

1495264884332	0.008659739	-0.001065814	0.0119904075

1495264884338	0.00532907	-0.003197442	0.017452704

1495264884349	0.00532907	-0.004263256	0.008659739

1495264884357	0.010791367	-0.002131628	0.013056221

1495264884370	0.008659739	-0.002131628	0.019584332

1495264884377	0.0065281107	-0.00532907	0.016253663

1495264884387	0.0119904075	-0.003197442	0.0119904075

1495264884397	0.0075939246	-0.001065814	0.015187849

1495264884407	0.0065281107	-0.004263256	0.021715961

1495264884418	0.009725553	-0.001065814	0.014122035

1495264884429	0.010791367	-0.001065814	0.0119904075

1495264884437	0.0075939246	-0.004263256	0.010791367

1495264884449	0.0065281107	-0.00532907	0.014122035

1495264884457	0.009725553	-0.003197442	0.008659739

1495264884468	0.0075939246	-0.004263256	0.009725553

1495264884478	0.008659739	-0.001065814	0.009725553

1495264884487	0.0075939246	-0.004263256	0.003197442

1495264884498	0.0119904075	-0.003197442	0.009725553

1495264884508	0.0065281107	-0.001065814	0.0075939246

1495264884519	0.0119904075	0.001065814	0.016253663

1495264884527	0.009725553	-0.00532907	0.014122035

1495264884537	0.008659739	-0.002131628	0.008659739

1495264884548	0.013056221	0.001065814	0.013056221

1495264884557	0.013056221	0.001065814	0.014122035

1495264884568	0.008659739	0.001065814	0.018518519

1495264884580	0.00532907	-0.002131628	0.013056221

1495264884588	0.0075939246	-0.00532907	0.009725553

1495264884598	0.009725553	-0.0065281107	0.009725553

1495264884608	0.008659739	-0.0075939246	0.016253663

1495264884618	0.0075939246	-0.004263256	0.015187849

1495264884627	0.008659739	0.002131628	0.013056221

1495264884637	0.004263256	-0.001065814	0.010791367

1495264884649	0.0075939246	0.003197442	0.0119904075

1495264884657	0.0119904075	0.0	0.013056221

1495264884670	0.008659739	-0.00532907	0.019584332

1495264884677	0.008659739	-0.001065814	0.019584332

1495264884688	0.004263256	0.0	0.018518519

1495264884698	0.009725553	-0.004263256	0.019584332

1495264884707	0.00532907	-0.0065281107	0.014122035

1495264884718	0.013056221	0.001065814	0.015187849

1495264884727	0.0075939246	-0.001065814	0.008659739

1495264884737	0.0065281107	-0.003197442	0.00532907

1495264884749	0.0075939246	-0.002131628	0.0075939246

1495264884757	0.013056221	0.001065814	0.013056221

1495264884768	0.014122035	-0.002131628	0.020650147

1495264884778	0.0119904075	0.0	0.014122035

1495264884788	0.009725553	-0.001065814	0.017452704

1495264884797	0.010791367	-0.003197442	0.014122035

1495264884807	0.008659739	-0.0065281107	0.014122035

1495264884819	0.002131628	0.001065814	0.014122035

1495264884829	0.010791367	-0.003197442	0.015187849

1495264884846	0.008659739	-0.009725553	0.016253663

1495264884848	0.008659739	-0.003197442	0.015187849

1495264884858	0.010791367	-0.002131628	0.013056221

1495264884869	0.014122035	0.0	0.010791367

1495264884878	0.0119904075	-0.001065814	0.010791367

1495264884888	0.008659739	0.003197442	0.017452704

1495264884898	0.0075939246	0.0	0.0119904075

1495264884908	0.00532907	-0.004263256	0.013056221

1495264884918	0.013056221	0.001065814	0.018518519

1495264884927	0.008659739	-0.002131628	0.009725553

1495264884937	0.00532907	-0.004263256	0.0119904075

1495264884949	0.004263256	-0.002131628	0.010791367

1495264884957	0.0119904075	-0.002131628	0.008659739

1495264884970	0.009725553	-0.00532907	0.0119904075

1495264884978	0.010791367	-0.0065281107	0.014122035

1495264884988	0.0119904075	-0.00532907	0.0119904075

1495264884997	0.0075939246	-0.004263256	0.018518519

1495264885007	0.009725553	-0.003197442	0.013056221

1495264885018	0.009725553	-0.00532907	0.010791367

1495264885028	0.013056221	-0.004263256	0.010791367

1495264885038	0.0075939246	-0.001065814	0.0065281107

1495264885049	0.008659739	0.0	0.0075939246

1495264885057	0.0075939246	-0.00532907	0.010791367

1495264885068	0.0075939246	-0.002131628	0.0065281107

1495264885077	0.010791367	-0.001065814	0.008659739

1495264885087	0.0065281107	-0.0065281107	0.004263256

1495264885097	0.00532907	-0.00532907	0.010791367

1495264885107	0.0075939246	-0.003197442	0.010791367

1495264885118	0.008659739	-0.0065281107	0.009725553

1495264885128	0.0065281107	-0.004263256	0.0119904075

1495264885138	0.008659739	-0.002131628	0.0075939246

1495264885148	0.0075939246	-0.002131628	0.016253663

1495264885157	0.008659739	-0.003197442	0.010791367

1495264885168	0.008659739	-0.001065814	0.016253663

1495264885178	0.004263256	-0.002131628	0.0119904075

1495264885187	0.0119904075	-0.00532907	0.010791367

1495264885197	0.0075939246	-0.002131628	0.013056221

1495264885208	0.004263256	-0.003197442	0.0119904075

1495264885220	0.008659739	-0.002131628	0.016253663

1495264885228	0.010791367	-0.003197442	0.016253663

1495264885239	0.008659739	0.002131628	0.009725553

1495264885250	0.009725553	-0.003197442	0.008659739

1495264885260	0.013056221	-0.001065814	0.014122035

1495264885274	0.014122035	-0.0065281107	0.014122035

1495264885287	0.010791367	-0.0075939246	0.009725553

1495264885297	0.00532907	-0.001065814	0.016253663

1495264885307	0.009725553	-0.004263256	0.009725553

1495264885318	0.0119904075	0.002131628	0.014122035

1495264885328	0.010791367	0.001065814	0.013056221

1495264885338	0.0075939246	-0.003197442	0.014122035

1495264885349	0.010791367	-0.0065281107	0.013056221

1495264885357	0.008659739	-0.003197442	0.010791367

1495264885368	0.0065281107	-0.003197442	0.015187849

1495264885377	0.008659739	-0.00532907	0.015187849

1495264885387	0.009725553	-0.003197442	0.015187849

1495264885397	0.013056221	-0.0075939246	0.009725553

1495264885407	0.0075939246	-0.003197442	0.009725553

1495264885418	0.010791367	0.002131628	0.015187849

1495264885428	0.008659739	0.001065814	0.018518519

1495264885438	0.0065281107	-0.003197442	0.017452704

1495264885449	0.008659739	-0.0075939246	0.018518519

1495264885457	0.0065281107	-0.009725553	0.014122035

1495264885468	0.008659739	-0.001065814	0.017452704

1495264885477	0.0075939246	-0.004263256	0.019584332

1495264885487	0.008659739	-0.003197442	0.0119904075

1495264885497	0.014122035	-0.001065814	0.019584332

1495264885507	0.009725553	-0.002131628	0.021715961

1495264885518	0.009725553	0.001065814	0.009725553

1495264885528	0.009725553	-0.004263256	0.009725553

1495264885538	0.008659739	-0.0075939246	0.0119904075

1495264885549	0.0075939246	-0.00532907	0.017452704

1495264885557	0.00532907	-0.003197442	0.016253663

1495264885570	0.00532907	-0.00532907	0.0119904075

1495264885577	0.010791367	-0.00532907	0.015187849

1495264885587	0.0075939246	-0.004263256	0.0119904075

1495264885598	0.008659739	-0.00532907	0.009725553

1495264885608	0.00532907	-0.003197442	0.009725553

1495264885618	0.0065281107	-0.001065814	0.0119904075

1495264885627	0.008659739	0.0	0.014122035

1495264885637	0.013056221	-0.001065814	0.017452704

1495264885649	0.017452704	-0.001065814	0.015187849

1495264885657	0.0119904075	-0.003197442	0.015187849

1495264885668	0.010791367	-0.004263256	0.016253663

1495264885678	0.013056221	-0.0065281107	0.014122035

1495264885688	0.0119904075	0.001065814	0.016253663

1495264885697	0.0075939246	-0.00532907	0.017452704

1495264885707	0.0075939246	-0.004263256	0.014122035

1495264885718	0.0075939246	-0.0065281107	0.009725553

1495264885727	0.013056221	-0.001065814	0.015187849

1495264885737	0.0075939246	-0.003197442	0.015187849

1495264885748	0.008659739	0.0	0.008659739

1495264885757	0.013056221	-0.002131628	0.0075939246

1495264885768	0.008659739	0.0	0.013056221

1495264885778	0.0065281107	-0.009725553	0.013056221

1495264885788	0.0075939246	-0.003197442	0.016253663

1495264885797	0.0075939246	0.0	0.010791367

1495264885807	0.0065281107	-0.003197442	0.0119904075

1495264885821	0.0075939246	-0.00532907	0.008659739

1495264885829	0.0065281107	-0.004263256	0.0119904075

1495264885837	0.0119904075	-0.004263256	0.0119904075

1495264885849	0.0065281107	0.0	0.014122035

1495264885858	0.008659739	0.001065814	0.018518519

1495264885868	0.0119904075	-0.00532907	0.008659739

1495264885878	0.010791367	-0.003197442	0.0119904075

1495264885888	0.009725553	-0.0075939246	0.008659739

1495264885899	0.008659739	-0.0065281107	0.010791367

1495264885907	0.008659739	-0.0065281107	0.0119904075

1495264885918	0.010791367	-0.001065814	0.009725553

1495264885927	0.013056221	-0.0065281107	0.0119904075

1495264885937	0.010791367	-0.004263256	0.009725553

1495264885949	0.010791367	-0.0065281107	0.0119904075

1495264885957	0.00532907	-0.004263256	0.0119904075

1495264885968	0.0065281107	0.0	0.013056221

1495264885978	0.0119904075	0.0	0.0065281107

1495264885988	0.009725553	0.001065814	0.010791367

1495264885997	0.0065281107	-0.001065814	0.0065281107

1495264886007	0.0065281107	0.001065814	0.013056221

1495264886019	0.0065281107	0.001065814	0.017452704

1495264886028	0.009725553	-0.003197442	0.010791367

1495264886038	0.013056221	-0.00532907	0.019584332

1495264886048	0.00532907	-0.001065814	0.013056221

1495264886058	0.0065281107	-0.004263256	0.014122035

1495264886068	0.00532907	-0.002131628	0.021715961

1495264886077	0.009725553	-0.0065281107	0.0119904075

1495264886087	0.008659739	-0.004263256	0.0119904075

1495264886097	0.004263256	-0.0075939246	0.014122035

1495264886107	0.003197442	-0.00532907	0.0119904075

1495264886120	0.014122035	0.0	0.014122035

1495264886127	0.010791367	0.002131628	0.009725553

1495264886138	0.0119904075	0.001065814	0.013056221

1495264886149	0.010791367	-0.002131628	0.0119904075

1495264886157	0.00532907	-0.008659739	0.0119904075

1495264886168	0.00532907	0.003197442	0.019584332

1495264886177	0.009725553	0.002131628	0.023980815

1495264886187	0.008659739	-0.004263256	0.016253663

1495264886198	0.0075939246	-0.001065814	0.020650147

1495264886207	0.0065281107	-0.004263256	0.013056221

1495264886218	0.008659739	-0.0065281107	0.010791367

1495264886228	0.010791367	-0.004263256	0.016253663

1495264886239	0.0075939246	-0.003197442	0.017452704

1495264886249	0.0075939246	-0.003197442	0.009725553

1495264886258	0.0065281107	-0.002131628	0.015187849

1495264886268	0.003197442	-0.0065281107	0.014122035

1495264886278	0.004263256	-0.0065281107	0.0119904075

1495264886287	0.008659739	-0.0065281107	0.0119904075

1495264886297	0.0065281107	-0.004263256	0.0075939246

1495264886307	0.013056221	-0.004263256	0.017452704

1495264886318	0.009725553	-0.003197442	0.017452704

1495264886327	0.0075939246	-0.004263256	0.018518519

1495264886338	0.0119904075	0.0	0.015187849

1495264886348	0.009725553	0.002131628	0.020650147

1495264886358	0.00532907	-0.003197442	0.015187849

1495264886378	0.010791367	0.001065814	0.0119904075

1495264886387	0.0075939246	-0.001065814	0.014122035

1495264886397	0.008659739	-0.002131628	0.017452704

1495264886407	0.009725553	-0.002131628	0.015187849

1495264886420	0.0075939246	0.001065814	0.010791367

1495264886427	0.009725553	-0.003197442	0.010791367

1495264886438	0.008659739	-0.0075939246	0.013056221

1495264886449	0.008659739	-0.003197442	0.018518519

1495264886457	0.00532907	-0.001065814	0.015187849

1495264886469	0.004263256	-0.0075939246	0.021715961

1495264886477	0.00532907	-0.004263256	0.015187849

1495264886487	0.009725553	0.001065814	0.0119904075

1495264886498	0.013056221	-0.004263256	0.0065281107

1495264886507	0.015187849	0.0	0.010791367

1495264886519	0.013056221	0.0	0.0065281107

1495264886528	0.008659739	-0.00532907	0.015187849

1495264886538	0.010791367	-0.00532907	0.015187849

1495264886549	0.013056221	-0.008659739	0.0119904075

1495264886558	0.014122035	-0.0065281107	0.008659739

1495264886568	0.008659739	-0.002131628	0.009725553

1495264886577	0.008659739	-0.00532907	0.009725553

1495264886587	0.0065281107	-0.003197442	0.014122035

1495264886599	0.0065281107	0.001065814	0.0075939246

1495264886608	0.008659739	-0.001065814	0.0065281107

1495264886618	0.0119904075	0.002131628	0.00532907

1495264886627	0.0119904075	0.0	0.009725553

1495264886637	0.010791367	-0.0065281107	0.008659739

1495264886657	0.004263256	-0.004263256	0.010791367

1495264886668	0.010791367	0.0	0.009725553

1495264886678	0.0075939246	-0.003197442	0.0119904075

1495264886687	0.009725553	0.002131628	0.016253663

1495264886698	0.010791367	0.0	0.018518519

1495264886708	0.010791367	-0.002131628	0.009725553

1495264886721	0.008659739	-0.0075939246	0.0119904075

1495264886727	0.0065281107	-0.00532907	0.017452704

1495264886738	0.008659739	-0.004263256	0.019584332

1495264886749	0.0075939246	-0.003197442	0.016253663

1495264886757	0.008659739	-0.004263256	0.0075939246

1495264886770	0.008659739	-0.004263256	0.010791367

1495264886778	0.001065814	-0.001065814	0.013056221

1495264886788	0.009725553	-0.002131628	0.0119904075

1495264886798	0.0119904075	0.0	0.0075939246

1495264886807	0.008659739	-0.00532907	0.0075939246

1495264886818	0.003197442	-0.003197442	0.008659739

1495264886831	0.0065281107	-0.003197442	0.016253663

1495264886838	0.00532907	-0.001065814	0.015187849

1495264886850	0.009725553	-0.002131628	0.015187849

1495264886858	0.00532907	-0.002131628	0.018518519

1495264886868	0.002131628	-0.003197442	0.0119904075

1495264886887	0.010791367	-0.0075939246	0.016253663

1495264886891	0.013056221	-0.004263256	0.0119904075

1495264886898	0.013056221	-0.001065814	0.0119904075

1495264886908	0.010791367	-0.2769784	0.010791367

1495264886918	0.0075939246	-0.0075939246	0.013056221

1495264886927	0.008659739	-0.004263256	0.014122035

1495264886937	0.0065281107	-0.0119904075	0.008659739

1495264886948	0.0075939246	-0.0075939246	0.010791367

1495264886957	0.00532907	-0.0075939246	0.014122035

1495264886968	0.00532907	-0.00532907	0.016253663

1495264886978	0.009725553	-0.003197442	0.00532907

1495264886988	0.010791367	-0.00532907	0.0119904075

1495264887001	0.010791367	-0.003197442	0.0119904075

1495264887008	0.008659739	-0.004263256	0.0075939246

1495264887020	0.0065281107	-0.0065281107	0.0119904075

1495264887028	0.0065281107	-0.002131628	0.018518519

1495264887037	0.0075939246	-0.002131628	0.016253663

1495264887049	0.008659739	-0.004263256	0.018518519

1495264887057	0.0075939246	-0.004263256	0.010791367

1495264887069	0.008659739	-0.001065814	0.014122035

1495264887078	0.0075939246	0.0	0.018518519

1495264887088	0.008659739	-0.0075939246	0.009725553

1495264887097	0.0119904075	0.001065814	0.016253663

1495264887107	0.009725553	-0.003197442	0.013056221

1495264887118	0.0075939246	-0.0075939246	0.0119904075

1495264887127	0.009725553	-0.004263256	0.014122035

1495264887137	0.0065281107	0.002131628	0.016253663

1495264887149	0.00532907	-0.001065814	0.018518519

1495264887158	0.0075939246	-0.004263256	0.016253663

1495264887168	0.0075939246	-0.004263256	0.014122035

1495264887177	0.010791367	-0.003197442	0.0065281107

1495264887187	0.009725553	-0.001065814	0.010791367

1495264887197	0.004263256	-0.002131628	0.013056221

1495264887207	0.004263256	-0.00532907	0.014122035

1495264887218	0.004263256	-0.0065281107	0.013056221

1495264887227	0.0119904075	0.002131628	0.015187849

1495264887238	0.010791367	-0.003197442	0.014122035

1495264887248	0.008659739	-0.0075939246	0.018518519

1495264887257	0.0065281107	-0.003197442	0.018518519

1495264887272	0.009725553	-0.002131628	0.009725553

1495264887289	0.00532907	-0.0075939246	0.013056221

1495264887311	0.013056221	-0.004263256	0.015187849

1495264887318	0.0119904075	0.001065814	0.014122035

1495264887328	0.009725553	-0.00532907	0.008659739

1495264887353	0.0075939246	-0.003197442	0.014122035

1495264887363	0.00532907	-0.003197442	0.008659739

1495264887369	0.010791367	-0.002131628	0.018518519

1495264887377	0.0075939246	-0.003197442	0.0119904075

