1495731430593	0.12210429	-0.21068975	9.346964

1495731430664	0.10534488	-0.21308395	9.351752

1495731430735	0.093373865	-0.20590135	9.339781

1495731430798	0.09816227	-0.19871873	9.339781

1495731430870	0.08858546	-0.20111293	9.337387

1495731430938	0.08858546	-0.20590135	9.32781

1495731431008	0.08619126	-0.21547815	9.325416

1495731431078	0.08619126	-0.21308395	9.32781

1495731431148	0.09576807	-0.21068975	9.332599

1495731431221	0.10295067	-0.21068975	9.332599

1495731431292	0.107739076	-0.19393034	9.3421755

1495731431358	0.09576808	-0.19393034	9.334993

1495731431430	0.093373865	-0.20829554	9.337387

1495731431506	0.09816226	-0.20111294	9.349358

1495731431568	0.10534488	-0.20829555	9.351751

1495731431647	0.110133275	-0.20829555	9.361329

1495731431711	0.11731589	-0.20350716	9.363724

1495731431781	0.112527475	-0.22026655	9.344569

1495731431852	0.10295067	-0.22026655	9.337387

1495731431918	0.11492168	-0.22984335	9.330204

1495731431995	0.11013328	-0.23463178	9.332598

1495731432062	0.10534488	-0.22026655	9.334993

1495731432129	0.093373865	-0.21308395	9.303868

1495731432206	0.08379705	-0.21308395	9.306262

1495731432273	0.090979666	-0.19632454	9.291897

1495731432338	0.08140285	-0.20350714	9.29908

1495731432409	0.08140285	-0.20829554	9.334993

1495731432480	0.08140285	-0.19632454	9.337387

1495731432548	0.076614454	-0.21068975	9.339781

1495731432620	0.08619127	-0.20829554	9.325417

1495731432692	0.08619127	-0.21068975	9.325417

1495731432760	0.095768064	-0.21787235	9.315838

1495731432828	0.093373865	-0.21787235	9.315838

1495731432903	0.10055648	-0.20590135	9.320627

1495731432968	0.11492169	-0.19153613	9.299079

1495731433040	0.110133275	-0.18914193	9.299079

1495731433108	0.107739076	-0.17238253	9.303867

1495731433180	0.107739076	-0.17956513	9.349358

1495731433252	0.10534488	-0.20350714	9.370905

1495731433323	0.107739076	-0.21068975	9.3661175

1495731433388	0.10295067	-0.22026655	9.368511

1495731433460	0.095768064	-0.22984336	9.334993

1495731433540	0.095768064	-0.22744916	9.334993

1495731433601	0.10534488	-0.22266077	9.339781

1495731433670	0.11492168	-0.22744916	9.34457

1495731433738	0.11971008	-0.21787235	9.32781

1495731433815	0.12689269	-0.20829554	9.32781

1495731433879	0.110133275	-0.21068974	9.337387

1495731433948	0.10534488	-0.20590134	9.339781

1495731434019	0.112527475	-0.20590134	9.356541

1495731434090	0.107739076	-0.20590134	9.356541

1495731434158	0.10534488	-0.21308394	9.3661175

1495731434233	0.090979666	-0.21787235	9.346964

1495731434302	0.08140285	-0.22026655	9.339781

1495731434368	0.08379706	-0.21547815	9.334992

1495731434439	0.10055647	-0.20350714	9.320627

1495731434508	0.13407528	-0.18914194	9.34457

1495731434578	0.12928689	-0.19153614	9.346964

1495731434650	0.12689269	-0.20590135	9.358934

1495731434727	0.112527475	-0.21308395	9.356541

1495731434797	0.09816228	-0.22744915	9.3421755

1495731434859	0.11252749	-0.22505495	9.34457

1495731434928	0.11731589	-0.21787235	9.3421755

1495731435001	0.11492168	-0.20829555	9.351752

1495731435075	0.107739076	-0.20590135	9.346964

1495731435147	0.09816226	-0.20829555	9.339781

1495731435212	0.10055646	-0.21547815	9.325416

1495731435278	0.110133275	-0.22026655	9.3182335

1495731435348	0.10534488	-0.21787235	9.325416

1495731435418	0.107739076	-0.21308395	9.313444

1495731435488	0.10055648	-0.19871874	9.3182335

