1496155624022	-3.332	-4.041	4.127

1496155624023	-3.332	-4.041	4.127

1496155624028	-3.332	-4.041	4.127

1496155625159	-2.643	-10.745	0.373

1496155625177	-2.327	-10.822	0.909

1496155625181	-2.241	-9.874	1.216

1496155625189	-2.279	-9.213	0.976

1496155625199	-2.729	-8.849	0.89

1496155625209	-2.949	-8.217	0.89

1496155625219	-3.782	-7.652	1.292

1496155625232	-3.859	-8.006	1.666

1496155625247	-4.127	-7.843	1.321

1496155625249	-3.035	-7.987	0.785

1496155625259	-3.007	-7.364	0.344

1496155625268	-2.968	-6.483	0.794

1496155625286	-3.62	-6.55	0.938

1496155625289	-3.332	-6.387	1.321

1496155625299	-2.748	-6.34	1.58

1496155625309	-2.269	-6.167	1.254

1496155625319	-1.915	-5.899	1.005

1496155625335	-1.637	-5.736	1.043

1496155625342	-1.666	-5.736	0.986

1496155625352	-2.011	-5.851	1.053

1496155625359	-2.241	-5.727	1.12

1496155625369	-2.135	-5.717	1.005

1496155625379	-2.135	-6.215	1.005

1496155625393	-1.972	-5.277	1.494

1496155625399	-1.972	-5.468	1.723

1496155625417	-1.896	-5.554	1.656

1496155625419	-1.704	-5.621	2.039

1496155625432	-1.503	-5.755	2.442

1496155625439	-1.838	-5.995	2.7

1496155625452	-2.336	-6.311	2.882

1496155625459	-3.131	-6.416	3.562

1496155625468	-2.528	-7.144	3.888

1496155625479	-2.853	-7.067	4.175

1496155625492	-3.237	-6.55	4.213

1496155625499	-3.715	-6.158	4.951

1496155625509	-3.495	-5.918	5.171

1496155625524	-4.089	-6.387	4.405

1496155625531	-6.34	-7.767	4.846

1496155625539	-6.598	-8.897	6.933

1496155625556	-7.249	-10.17	10.036

1496155625558	-7.527	-10.161	9.998

1496155625568	-7.853	-8.303	7.211

1496155625579	-5.066	-7.374	2.02

1496155625589	-2.26	-7.297	4.06

1496155625599	-0.488	-7.269	3.112

1496155625609	-2.853	-7.862	1.723

1496155625621	-4.348	-11.08	1.848

1496155625632	-4.913	-11.894	3.964

1496155625639	-4.903	-12.009	5.909

1496155625650	-4.855	-11.387	3.419

1496155625659	-4.501	-10.898	1.944

1496155625669	-3.61	-10.19	1.407

1496155625679	-2.921	-9.328	1.321

1496155625692	-2.911	-8.638	0.44

1496155625699	-3.715	-8.696	-0.316

1496155625708	-4.415	-9.241	-0.708

1496155625719	-4.74	-10.247	-0.871

1496155625730	-5.305	-10.735	-0.632

1496155625739	-5.717	-10.764	-0.727

1496155625757	-5.334	-10.295	-0.507

1496155625759	-5.114	-9.663	0.737

1496155625768	-4.654	-9.213	1.168

1496155625779	-4.233	-8.925	0.708

1496155625789	-4.29	-9.222	0.593

1496155625799	-4.443	-9.759	0.689

1496155625809	-5.008	-9.969	1.024

1496155625819	-5.008	-10.017	1.024

1496155625832	-4.74	-9.127	1.752

1496155625839	-4.453	-8.858	1.656

1496155625849	-3.945	-8.657	1.225

1496155625859	-3.562	-8.456	0.996

1496155625869	-3.093	-7.92	0.651

1496155625879	-2.576	-7.355	0.038

1496155625889	-2.365	-7.125	-0.114

1496155625900	-2.49	-7.144	-0.383

1496155625909	-2.691	-6.771	-0.651

1496155625918	-2.576	-6.311	-0.095

1496155625942	-2.71	-5.861	0.316

1496155625944	-2.901	-6.024	0.057

1496155625950	-2.566	-5.851	-0.038

1496155625959	-2.423	-6.167	0.459

1496155625970	-2.672	-6.924	0.459

1496155625979	-2.825	-7.077	0.249

1496155625992	-2.853	-7.048	0.287

1496155626002	-4.127	-7.431	-0.114

1496155626009	-4.108	-7.326	0.019

1496155626019	-3.495	-7.316	0.45

1496155626034	-3.093	-7.336	0.373

1496155626046	-3.237	-7.68	0.038

1496155626050	-3.715	-7.805	-0.019

1496155626059	-4.367	-8.13	-0.114

1496155626069	-4.865	-8.408	-0.153

1496155626081	-5.008	-8.38	0.277

1496155626090	-5.142	-8.332	0.363

1496155626099	-5.075	-8.427	0.191

1496155626118	-4.865	-8.753	-0.028

1496155626119	-4.261	-8.571	-0.124

1496155626130	-2.528	-7.91	0.603

1496155626142	-4.529	-9.653	-0.028

1496155626153	-5.66	-9.902	0.43

1496155626159	-5.602	-9.414	0.373

1496155626170	-5.411	-8.743	0.335

1496155626181	-5.411	-8.964	0.095

1496155626193	-4.654	-8.82	0.105

1496155626199	-4.099	-8.897	0.038

1496155626209	-3.936	-9.251	0.038

1496155626219	-4.108	-9.73	0.105

1496155626233	-4.348	-10.4	0.22

1496155626239	-4.999	-11.253	-0.143

1496155626249	-5.765	-11.799	-0.861

1496155626259	-6.656	-11.799	-1.867

1496155626270	-6.589	-11.904	-1.963

1496155626279	-5.353	-11.712	-1.484

1496155626294	-4.836	-11.904	-1.015

1496155626299	-4.491	-11.981	-0.545

1496155626309	-4.491	-12.239	-0.469

1496155626318	-3.591	-12.383	-0.517

1496155626331	-3.85	-12.354	-0.593

1496155626340	-3.409	-12.191	-0.172

1496155626349	-4.568	-13.111	-1.091

1496155626359	-3.39	-12.153	-0.344

1496155626369	-3.026	-11.732	-0.22

1496155626379	-3.102	-11.368	0.153

1496155626415	-3.332	-11.147	0.373

1496155626417	-3.581	-11.195	0.469

1496155626418	-3.562	-10.946	0.555

1496155626419	-3.533	-10.726	1.187

1496155626433	-3.658	-10.429	1.647

1496155626439	-3.668	-10.266	1.608

1496155626449	-3.486	-9.902	1.733

1496155626459	-3.61	-10.161	1.474

1496155626469	-3.495	-10.506	-0.402

1496155626490	-3.447	-10.984	-0.67

1496155626493	-3.39	-10.831	-0.785

1496155626500	-4.453	-10.831	-0.047

1496155626514	-4.654	-10.094	0.804

1496155626520	-4.587	-10.075	1.388

1496155626535	-4.261	-10.381	1.503

1496155626542	-3.993	-10.161	1.522

1496155626550	-3.466	-9.625	1.101

1496155626560	-3.792	-9.778	1.101

1496155626574	-3.85	-9.136	0.986

1496155626586	-3.39	-8.504	0.651

1496155626599	-3.026	-7.757	0.948

1496155626600	-2.873	-7.451	0.632

1496155626609	-2.959	-7.307	0.363

1496155626619	-3.17	-7.403	0.842

1496155626631	-2.834	-7.393	1.637

1496155626641	-2.423	-7.249	1.398

1496155626649	-1.819	-6.799	1.331

1496155626659	-2.059	-6.713	1.829

1496155626669	-1.829	-6.225	1.781

1496155626679	-2.03	-6.454	1.35

1496155626690	-2.279	-6.071	1.254

1496155626700	-2.202	-5.64	0.871

1496155626710	-2.106	-5.324	0.747

1496155626720	-2.288	-5.209	0.871

1496155626733	-2.585	-5.075	1.379

1496155626741	-2.662	-4.96	1.829

1496155626754	-2.786	-5.056	1.426

1496155626776	-2.269	-5.114	2.336

1496155626777	-2.001	-5.382	2.604

1496155626781	-2.03	-5.573	2.547

1496155626788	-2.269	-5.832	2.758

1496155626798	-1.972	-6.138	2.633

1496155626808	-2.068	-5.889	2.566

1496155626818	-2.269	-5.956	2.94

1496155626831	-2.624	-6.129	3.227

1496155626842	-2.748	-6.033	3.102

1496155626864	-2.882	-5.631	3.964

1496155626868	-3.505	-5.775	5.085

1496155626871	-4.137	-6.062	5.583

1496155626880	-4.166	-5.842	5.851

1496155626890	-3.735	-5.918	6.1

1496155626900	-4.587	-6.244	5.133

1496155626910	-4.893	-7.0	5.755

1496155626920	-4.702	-7.776	5.506

1496155626933	-4.644	-8.839	5.861

1496155626941	-4.482	-9.711	7.393

1496155626952	-4.865	-9.835	7.546

1496155626972	-4.817	-9.749	8.83

1496155626975	-4.673	-8.925	6.416

1496155626984	-4.721	-8.734	6.301

1496155626990	-4.051	-8.83	7.594

1496155627000	-4.118	-8.36	3.342

1496155627010	-4.817	-8.667	2.911

1496155627020	-5.162	-8.973	1.398

1496155627033	-4.127	-10.266	2.183

1496155627046	-3.754	-11.243	3.39

1496155627066	-5.047	-11.894	1.953

1496155627070	-5.286	-11.693	2.997

1496155627081	-4.587	-11.138	2.03

1496155627093	-4.003	-10.257	0.411

1496155627100	-4.166	-9.49	0.488

1496155627110	-4.28	-9.376	0.747

1496155627120	-4.846	-10.688	0.373

1496155627139	-5.449	-11.301	-0.038

1496155627156	-4.769	-10.707	0.047

1496155627160	-4.472	-9.644	0.325

1496155627169	-3.993	-8.839	0.689

1496155627178	-3.658	-8.504	0.727

1496155627189	-3.524	-8.638	0.181

1496155627198	-3.543	-8.763	0.181

1496155627208	-3.763	-9.031	0.507

1496155627220	-4.099	-9.213	0.622

1496155627232	-4.443	-9.232	0.392

1496155627240	-4.194	-8.724	0.766

1496155627249	-3.878	-8.293	1.608

1496155627259	-3.198	-7.565	1.082

1496155627269	-2.566	-7.326	0.172

1496155627279	-2.509	-7.24	-0.459

1496155627290	-3.026	-7.039	-0.766

1496155627303	-3.553	-6.761	-0.296

1496155627310	-3.61	-6.608	0.335

1496155627320	-3.064	-6.474	1.072

1496155627331	-2.461	-6.847	0.814

1496155627340	-2.672	-6.627	0.114

1496155627348	-2.777	-6.273	-0.392

1496155627358	-2.614	-6.081	-0.45

1496155627368	-2.394	-6.273	-0.545

1496155627381	-2.059	-6.253	-0.488

1496155627393	-2.087	-6.78	-0.756

1496155627400	-2.298	-7.403	-0.296

1496155627409	-3.035	-7.767	0.22

1496155627421	-3.936	-8.341	0.574

1496155627431	-4.29	-8.245	0.699

1496155627439	-4.108	-7.872	0.478

1496155627449	-3.782	-7.728	0.105

1496155627458	-3.706	-8.341	-0.344

1496155627468	-3.323	-8.485	-0.536

1496155627480	-3.926	-9.27	-0.545

1496155627489	-4.319	-9.653	-0.296

1496155627499	-4.348	-9.079	0.488

1496155627509	-4.664	-8.916	0.574

1496155627519	-4.989	-8.945	0.44

1496155627535	-5.889	-8.973	-0.814

1496155627550	-4.788	-8.849	-0.727

1496155627560	-4.434	-9.385	-0.574

1496155627570	-3.964	-9.682	-0.019

1496155627580	-4.031	-9.605	0.325

1496155627590	-4.309	-9.644	0.632

1496155627600	-4.491	-9.701	0.727

1496155627624	-4.597	-8.743	0.881

1496155627627	-4.932	-8.59	0.641

1496155627638	-4.606	-8.169	0.287

1496155627643	-4.405	-8.083	0.0

1496155627650	-4.405	-8.466	-0.009

1496155627660	-4.683	-8.992	-0.105

1496155627670	-4.558	-9.816	0.402

1496155627680	-4.395	-10.841	0.296

1496155627697	-4.836	-11.559	-0.794

1496155627701	-6.895	-11.933	-2.911

1496155627721	-8.265	-12.009	-3.792

1496155627724	-7.7	-12.009	-3.122

1496155627733	-4.913	-12.095	-0.948

1496155627742	-2.739	-11.971	1.695

1496155627751	-2.461	-13.101	1.695

1496155627760	-3.342	-12.929	-0.344

1496155627770	-4.424	-12.373	-0.526

1496155627785	-4.28	-12.095	-0.249

1496155627810	-4.079	-12.019	-0.181

1496155627813	-3.888	-11.741	0.172

1496155627816	-4.223	-11.961	0.249

1496155627820	-5.727	-12.316	-0.277

1496155627835	-5.372	-11.569	0.622

1496155627840	-5.229	-10.841	0.871

1496155627850	-5.612	-10.209	0.593

1496155627859	-5.765	-9.557	0.067

1496155627874	-5.085	-9.902	-0.44

1496155627879	-4.252	-9.586	-0.019

1496155627888	-3.543	-10.563	-0.344

1496155627899	-3.083	-10.764	-0.737

1496155627908	-2.662	-10.41	-0.488

1496155627918	-3.466	-10.783	0.057

1496155627933	-3.754	-10.87	0.699

1496155627939	-3.514	-10.774	1.436

1496155627949	-3.696	-10.573	1.857

1496155627959	-3.735	-10.515	1.541

1496155627969	-3.016	-10.008	-0.172

1496155627997	-2.461	-8.743	-0.325

1496155628000	-2.279	-8.035	-0.249

1496155628014	-2.183	-7.604	-0.124

1496155628015	-2.164	-7.489	0.344

1496155628019	-2.25	-7.211	0.756

1496155628029	-2.202	-6.531	0.909

1496155628042	-2.432	-6.263	0.651

1496155628052	-2.767	-6.225	0.679

1496155628058	-2.997	-5.573	1.254

1496155628068	-3.284	-5.65	0.967

1496155628079	-3.055	-5.277	0.651

1496155628089	-3.399	-5.209	0.996

1496155628099	-3.754	-5.439	1.379

1496155628109	-2.968	-5.631	1.379

1496155628119	-2.604	-5.813	1.312

1496155628134	-2.423	-5.87	1.245

1496155628141	-2.48	-5.937	0.727

1496155628154	-2.681	-6.186	1.13

1496155628187	-3.122	-6.071	1.369

1496155628188	-2.068	-6.474	1.139

1496155628189	-2.126	-6.799	2.576

1496155628190	-2.394	-7.288	2.672

1496155628199	-2.518	-7.46	2.968

1496155628208	-3.246	-7.786	2.365

1496155628218	-2.786	-7.671	2.614

1496155628231	-3.237	-7.68	3.16

1496155628250	-3.447	-7.537	3.792

1496155628251	-3.658	-7.479	4.482

1496155628259	-3.936	-7.613	4.108

1496155628268	-3.706	-7.7	3.964

1496155628281	-3.639	-7.546	3.696

1496155628290	-3.102	-6.866	3.984

1496155628300	-3.189	-5.985	3.533

1496155628309	-3.725	-5.746	3.112

1496155628319	-4.051	-5.104	3.447

1496155628333	-4.06	-5.219	3.888

1496155628340	-4.319	-5.66	4.903

1496155628348	-4.587	-6.11	5.631

1496155628358	-5.008	-6.866	5.43

1496155628368	-4.865	-7.671	6.771

1496155628379	-5.305	-8.81	7.087

1496155628388	-6.091	-9.251	7.795

1496155628400	-6.196	-8.705	5.344

1496155628410	-6.378	-7.661	2.145

1496155628420	-4.166	-6.838	-1.11

1496155628431	-2.269	-7.776	0.057

1496155628445	-1.465	-8.715	2.049

1496155628463	-2.03	-11.032	3.246

1496155628464	-3.323	-13.321	4.146

1496155628469	-4.74	-15.419	3.284

1496155628479	-6.387	-15.419	1.599

1496155628489	-6.301	-13.532	1.666

1496155628498	-4.644	-10.956	2.413

1496155628508	-3.811	-8.552	2.164

1496155628518	-2.739	-7.096	1.848

1496155628535	-2.47	-6.56	1.091

1496155628546	-2.7	-6.704	0.162

1496155628549	-3.476	-7.479	0.143

1496155628559	-4.759	-8.801	0.028

1496155628568	-5.449	-10.324	0.153

1496155628581	-6.043	-11.013	0.861

1496155628589	-5.87	-11.166	1.455

1496155628599	-5.085	-10.649	1.474

1496155628608	-4.319	-9.548	1.388

1496155628618	-4.223	-8.341	1.082

1496155628629	-4.185	-8.217	0.517

1496155628639	-4.338	-8.561	0.871

1496155628648	-4.529	-8.734	0.881

1496155628658	-4.472	-8.897	0.612

1496155628670	-4.539	-9.002	0.354

1496155628680	-4.577	-9.04	0.488

1496155628690	-4.386	-8.753	0.708

1496155628704	-4.127	-8.418	0.517

1496155628731	-3.802	-8.035	0.172

1496155628732	-3.428	-7.929	0.172

1496155628733	-2.758	-8.226	0.287

1496155628739	-2.03	-7.642	-0.095

1496155628749	-1.829	-7.642	-0.268

1496155628758	-2.039	-7.747	-0.402

1496155628768	-2.413	-7.872	-0.354

1496155628778	-2.604	-7.757	0.153

1496155628790	-2.949	-7.68	0.727

1496155628809	-3.256	-7.786	1.063

1496155628811	-3.581	-7.728	0.699

1496155628819	-3.553	-7.642	-0.028

1496155628837	-3.648	-7.642	-0.162

1496155628840	-3.782	-7.632	-0.306

1496155628849	-3.553	-7.422	-0.191

1496155628858	-3.227	-7.211	-0.105

1496155628871	-3.026	-7.269	0.105

1496155628879	-3.284	-7.575	-0.009

1496155628888	-3.055	-7.872	0.076

1496155628899	-3.15	-7.968	0.076

1496155628908	-3.131	-7.546	0.603

1496155628919	-3.131	-7.92	1.091

