1495830519214	-9.653115	0.5493643	0.0

1495830519214	-9.653115	0.6278449	0.0

1495830519215	-9.731596	0.6278449	0.0

1495830519220	-9.731596	0.6278449	0.078480616

1495830519221	-9.731596	0.6278449	0.078480616

1495830519221	-9.731596	0.5493643	0.0

1495830519229	-9.731596	0.5493643	0.078480616

1495830519243	-9.731596	0.5493643	0.0

1495830519249	-9.653115	0.5493643	0.0

1495830519279	-9.653115	0.5493643	-0.078480616

1495830519280	-9.653115	0.5493643	0.0

1495830519289	-9.653115	0.4708837	0.0

1495830519299	-9.653115	0.5493643	0.0

1495830519309	-9.653115	0.5493643	0.078480616

1495830519324	-9.653115	0.5493643	0.0

1495830519329	-9.731596	0.5493643	0.0

1495830519362	-9.653115	0.5493643	0.0

1495830519369	-9.653115	0.6278449	0.0

1495830519379	-9.653115	0.5493643	-0.078480616

1495830519402	-9.653115	0.5493643	0.078480616

1495830519409	-9.653115	0.6278449	0.078480616

1495830519419	-9.653115	0.5493643	0.0

1495830519439	-9.653115	0.5493643	0.0

1495830519442	-9.653115	0.5493643	0.0

1495830519449	-9.653115	0.5493643	0.0

1495830519469	-9.653115	0.5493643	0.0

1495830519482	-9.653115	0.5493643	0.0

1495830519499	-9.653115	0.5493643	0.0

1495830519509	-9.653115	0.5493643	0.0

1495830519526	-9.653115	0.5493643	0.0

1495830519530	-9.731596	0.5493643	0.0

1495830519549	-9.653115	0.5493643	0.0

1495830519559	-9.653115	0.6278449	0.0

1495830519573	-9.653115	0.5493643	0.0

1495830519589	-9.653115	0.5493643	-0.078480616

1495830519611	-9.653115	0.4708837	-0.078480616

1495830519619	-9.653115	0.5493643	-0.078480616

1495830519639	-9.731596	0.5493643	-0.078480616

1495830519656	-9.653115	0.5493643	0.0

1495830519687	-9.653115	0.5493643	0.078480616

1495830519689	-9.731596	0.6278449	0.0

1495830519699	-9.653115	0.5493643	0.0

1495830519719	-9.653115	0.5493643	-0.078480616

1495830519732	-9.653115	0.5493643	0.0

1495830519759	-9.653115	0.5493643	0.0

1495830519769	-9.653115	0.5493643	0.0

1495830519779	-9.731596	0.5493643	0.0

1495830519794	-9.653115	0.5493643	0.0

1495830519809	-9.653115	0.5493643	0.078480616

1495830519830	-9.731596	0.5493643	0.0

1495830519831	-9.653115	0.5493643	0.078480616

1495830519839	-9.653115	0.5493643	0.0

1495830519849	-9.653115	0.5493643	0.0

1495830519879	-9.653115	0.5493643	0.078480616

1495830519889	-9.653115	0.5493643	0.078480616

1495830519911	-9.653115	0.5493643	0.0

1495830519919	-9.5746355	0.5493643	0.0

1495830519929	-9.653115	0.5493643	0.0

1495830519951	-9.731596	0.5493643	0.0

1495830519952	-9.731596	0.5493643	0.078480616

1495830519959	-9.653115	0.5493643	0.0

1495830520019	-9.653115	0.5493643	0.0

1495830520029	-9.731596	0.5493643	0.0

1495830520049	-9.653115	0.5493643	0.0

1495830520050	-9.653115	0.5493643	0.078480616

1495830520059	-9.731596	0.5493643	0.0

1495830520069	-9.731596	0.4708837	0.0

1495830520091	-9.731596	0.5493643	0.0

1495830520092	-9.731596	0.5493643	0.0

1495830520099	-9.731596	0.5493643	0.0

1495830520133	-9.653115	0.5493643	-0.078480616

1495830520134	-9.653115	0.5493643	0.0

1495830520135	-9.731596	0.6278449	0.0

1495830520139	-9.653115	0.5493643	0.078480616

1495830520168	-9.653115	0.5493643	-0.078480616

1495830520170	-9.731596	0.6278449	-0.078480616

1495830520179	-9.731596	0.6278449	0.0

1495830520189	-9.653115	0.5493643	0.078480616

1495830520211	-9.731596	0.5493643	0.078480616

1495830520212	-9.731596	0.4708837	0.078480616

1495830520219	-9.653115	0.4708837	0.0

1495830520229	-9.653115	0.5493643	0.0

1495830520246	-9.731596	0.5493643	0.0

1495830520249	-9.731596	0.4708837	0.0

1495830520259	-9.731596	0.5493643	0.0

1495830520269	-9.653115	0.5493643	0.0

1495830520286	-9.653115	0.5493643	0.0

1495830520289	-9.653115	0.4708837	-0.078480616

1495830520299	-9.653115	0.4708837	0.0

1495830520309	-9.653115	0.5493643	0.0

1495830520339	-9.731596	0.5493643	0.0

1495830520359	-9.653115	0.4708837	0.0

1495830520360	-9.653115	0.5493643	0.0

1495830520389	-9.653115	0.5493643	-0.078480616

1495830520407	-9.653115	0.5493643	0.0

1495830520409	-9.653115	0.6278449	0.0

1495830520419	-9.731596	0.5493643	0.0

1495830520446	-9.653115	0.5493643	-0.078480616

1495830520446	-9.653115	0.5493643	0.0

1495830520449	-9.653115	0.4708837	0.0

1495830520459	-9.653115	0.5493643	0.0

1495830520509	-9.731596	0.5493643	0.0

1495830520527	-9.731596	0.6278449	0.078480616

1495830520529	-9.653115	0.6278449	0.0

1495830520549	-9.653115	0.5493643	0.0

1495830520559	-9.653115	0.5493643	0.0

1495830520589	-9.653115	0.5493643	0.078480616

1495830520619	-9.653115	0.5493643	0.078480616

1495830520629	-9.5746355	0.5493643	0.078480616

1495830520639	-9.653115	0.5493643	0.0

1495830520653	-9.731596	0.4708837	0.078480616

1495830520659	-9.653115	0.4708837	0.078480616

1495830520692	-9.731596	0.4708837	0.078480616

1495830520693	-9.653115	0.5493643	0.078480616

1495830520694	-9.653115	0.5493643	0.0

1495830520709	-9.653115	0.5493643	0.078480616

1495830520731	-9.731596	0.5493643	0.0

1495830520739	-9.731596	0.5493643	-0.078480616

1495830520749	-9.653115	0.5493643	0.0

1495830520779	-9.653115	0.5493643	0.0

1495830520789	-9.653115	0.5493643	0.078480616

1495830520812	-9.653115	0.5493643	0.078480616

1495830520812	-9.653115	0.5493643	0.078480616

1495830520819	-9.653115	0.5493643	0.0

1495830520847	-9.731596	0.5493643	0.0

1495830520849	-9.653115	0.5493643	0.0

1495830520869	-9.653115	0.5493643	0.0

1495830520879	-9.653115	0.5493643	0.078480616

1495830520899	-9.653115	0.5493643	0.0

1495830520909	-9.653115	0.5493643	-0.078480616

1495830520929	-9.731596	0.5493643	0.0

1495830520930	-9.653115	0.4708837	0.0

1495830520939	-9.731596	0.5493643	0.0

1495830520949	-9.731596	0.5493643	0.078480616

1495830520971	-9.653115	0.4708837	0.0

1495830520972	-9.653115	0.5493643	0.0

1495830520999	-9.653115	0.5493643	-0.078480616

1495830521039	-9.653115	0.5493643	-0.078480616

1495830521049	-9.653115	0.5493643	0.0

1495830521067	-9.653115	0.5493643	0.0

1495830521069	-9.653115	0.5493643	-0.078480616

1495830521079	-9.653115	0.5493643	0.0

1495830521119	-9.653115	0.6278449	0.0

1495830521129	-9.653115	0.5493643	0.0

1495830521150	-9.653115	0.5493643	0.0

1495830521154	-9.653115	0.5493643	0.0

1495830521169	-9.653115	0.5493643	0.0

1495830521179	-9.653115	0.6278449	0.0

1495830521195	-9.653115	0.6278449	0.0

1495830521199	-9.653115	0.5493643	0.0

1495830521218	-9.653115	0.5493643	0.0

1495830521219	-9.653115	0.5493643	0.0

1495830521239	-9.653115	0.5493643	0.078480616

1495830521253	-9.653115	0.5493643	0.078480616

1495830521259	-9.653115	0.5493643	0.0

1495830521269	-9.731596	0.5493643	0.0

1495830521290	-9.731596	0.6278449	0.0

1495830521292	-9.653115	0.6278449	0.0

1495830521300	-9.653115	0.5493643	0.0

1495830521309	-9.653115	0.5493643	0.0

1495830521319	-9.653115	0.5493643	0.0

1495830521332	-9.653115	0.6278449	0.0

1495830521339	-9.653115	0.5493643	0.0

1495830521379	-9.731596	0.5493643	0.0

1495830521412	-9.653115	0.5493643	0.078480616

1495830521419	-9.653115	0.5493643	0.0

1495830521446	-9.653115	0.5493643	0.0

1495830521450	-9.731596	0.5493643	0.0

1495830521469	-9.653115	0.5493643	0.0

1495830521500	-9.731596	0.6278449	0.0

1495830521509	-9.731596	0.5493643	0.0

1495830521529	-9.653115	0.5493643	0.078480616

1495830521530	-9.731596	0.5493643	0.078480616

1495830521539	-9.731596	0.5493643	0.0

1495830521549	-9.731596	0.5493643	0.0

1495830521559	-9.653115	0.5493643	0.078480616

1495830521574	-9.653115	0.5493643	0.0

1495830521589	-9.653115	0.5493643	0.078480616

1495830521610	-9.653115	0.5493643	0.0

1495830521655	-9.653115	0.5493643	0.0

1495830521659	-9.653115	0.5493643	0.0

1495830521669	-9.731596	0.5493643	0.0

1495830521699	-9.731596	0.5493643	0.0

1495830521714	-9.731596	0.5493643	0.0

1495830521769	-9.653115	0.5493643	0.0

1495830521788	-9.731596	0.5493643	0.0

1495830521799	-9.653115	0.5493643	0.0

1495830521825	-9.653115	0.5493643	0.078480616

1495830521829	-9.731596	0.5493643	0.0

1495830521849	-9.653115	0.5493643	0.0

1495830521871	-9.731596	0.5493643	0.0

1495830521879	-9.653115	0.5493643	0.0

1495830521889	-9.653115	0.6278449	0.078480616

1495830521902	-9.653115	0.5493643	0.078480616

1495830521909	-9.653115	0.5493643	0.0

1495830521919	-9.653115	0.5493643	-0.078480616

1495830521936	-9.653115	0.5493643	0.0

1495830521939	-9.731596	0.5493643	0.078480616

1495830521949	-9.653115	0.5493643	0.0

1495830521992	-9.653115	0.5493643	-0.078480616

1495830521999	-9.653115	0.5493643	0.0

1495830522009	-9.731596	0.5493643	0.0

1495830522031	-9.731596	0.5493643	0.0

1495830522032	-9.731596	0.4708837	0.0

1495830522039	-9.653115	0.5493643	0.0

1495830522079	-9.731596	0.4708837	0.0

1495830522089	-9.653115	0.5493643	0.0

1495830522103	-9.731596	0.5493643	0.0

1495830522109	-9.653115	0.5493643	0.0

1495830522119	-9.5746355	0.5493643	0.0

1495830522129	-9.653115	0.5493643	0.0

1495830522142	-9.731596	0.5493643	0.0

1495830522149	-9.653115	0.5493643	0.0

1495830522201	-9.731596	0.5493643	0.0

1495830522209	-9.731596	0.6278449	0.0

1495830522232	-9.731596	0.5493643	0.0

1495830522239	-9.653115	0.5493643	0.0

1495830522249	-9.653115	0.5493643	-0.078480616

1495830522259	-9.653115	0.5493643	0.0

1495830522299	-9.653115	0.5493643	0.078480616

1495830522316	-9.653115	0.5493643	0.0

1495830522319	-9.731596	0.5493643	0.078480616

1495830522329	-9.731596	0.4708837	0.078480616

1495830522339	-9.653115	0.5493643	0.078480616

1495830522388	-9.653115	0.5493643	0.0

1495830522399	-9.653115	0.5493643	0.078480616

1495830522409	-9.653115	0.5493643	0.0

1495830522424	-9.653115	0.5493643	0.0

1495830522449	-9.731596	0.5493643	0.0

1495830522469	-9.653115	0.5493643	0.0

1495830522479	-9.731596	0.5493643	0.078480616

1495830522489	-9.731596	0.5493643	0.0

1495830522502	-9.731596	0.5493643	0.078480616

1495830522509	-9.653115	0.5493643	0.078480616

1495830522519	-9.653115	0.5493643	0.0

1495830522549	-9.653115	0.5493643	0.078480616

1495830522559	-9.653115	0.5493643	0.0

1495830522569	-9.731596	0.5493643	0.0

1495830522586	-9.653115	0.5493643	0.0

1495830522599	-9.653115	0.4708837	0.0

1495830522609	-9.653115	0.5493643	0.0

1495830522627	-9.653115	0.5493643	0.0

1495830522629	-9.653115	0.5493643	0.0

1495830522639	-9.5746355	0.5493643	0.0

1495830522649	-9.653115	0.5493643	0.0

1495830522664	-9.731596	0.4708837	0.0

1495830522669	-9.731596	0.5493643	0.0

1495830522679	-9.653115	0.5493643	-0.078480616

1495830522689	-9.653115	0.5493643	-0.078480616

1495830522706	-9.653115	0.5493643	0.0

1495830522729	-9.653115	0.5493643	0.0

1495830522745	-9.653115	0.4708837	0.0

1495830522749	-9.653115	0.4708837	0.0

1495830522759	-9.653115	0.4708837	0.078480616

1495830522769	-9.653115	0.5493643	0.078480616

1495830522787	-9.653115	0.5493643	-0.078480616

1495830522789	-9.653115	0.5493643	0.0

1495830522809	-9.731596	0.5493643	0.0

1495830522827	-9.653115	0.5493643	0.0

1495830522829	-9.653115	0.5493643	-0.078480616

1495830522839	-9.653115	0.5493643	0.0

1495830522858	-9.653115	0.5493643	0.0

1495830522859	-9.653115	0.5493643	-0.078480616

1495830522891	-9.653115	0.5493643	0.0

1495830522925	-9.653115	0.5493643	-0.078480616

1495830522929	-9.653115	0.5493643	0.0

1495830522939	-9.653115	0.6278449	0.0

1495830522949	-9.653115	0.6278449	0.0

1495830522971	-9.653115	0.5493643	0.0

1495830522972	-9.731596	0.5493643	0.0

1495830523009	-9.653115	0.5493643	-0.078480616

1495830523029	-9.653115	0.5493643	0.0

1495830523099	-9.653115	0.5493643	0.0

1495830523109	-9.653115	0.5493643	0.078480616

1495830523128	-9.653115	0.5493643	0.0

1495830523130	-9.653115	0.5493643	-0.078480616

1495830523139	-9.653115	0.5493643	0.0

1495830523168	-9.653115	0.5493643	0.0

1495830523179	-9.731596	0.5493643	0.0

1495830523189	-9.731596	0.5493643	0.0

1495830523210	-9.731596	0.5493643	0.0

1495830523219	-9.653115	0.5493643	0.0

1495830523229	-9.653115	0.5493643	0.078480616

1495830523259	-9.653115	0.5493643	0.0

1495830523292	-9.653115	0.5493643	0.0

1495830523309	-9.653115	0.5493643	0.0

1495830523327	-9.653115	0.4708837	0.0

1495830523331	-9.653115	0.5493643	0.0

1495830523339	-9.653115	0.4708837	0.0

1495830523349	-9.653115	0.5493643	0.0

1495830523371	-9.653115	0.5493643	0.0

1495830523372	-9.653115	0.5493643	0.0

1495830523389	-9.653115	0.5493643	0.078480616

1495830523407	-9.653115	0.5493643	0.0

1495830523410	-9.731596	0.5493643	-0.078480616

1495830523429	-9.653115	0.5493643	-0.078480616

1495830523439	-9.653115	0.5493643	0.0

1495830523449	-9.653115	0.5493643	0.0

1495830523459	-9.653115	0.6278449	0.0

1495830523476	-9.653115	0.5493643	0.0

1495830523479	-9.653115	0.5493643	0.078480616

1495830523489	-9.653115	0.5493643	0.0

1495830523511	-9.653115	0.5493643	0.078480616

1495830523519	-9.653115	0.5493643	0.0

1495830523539	-9.653115	0.5493643	0.0

1495830523579	-9.653115	0.5493643	-0.078480616

1495830523599	-9.653115	0.5493643	0.0

1495830523609	-9.731596	0.5493643	0.0

1495830523639	-9.653115	0.5493643	-0.078480616

1495830523640	-9.731596	0.5493643	0.0

1495830523649	-9.653115	0.5493643	0.0

1495830523659	-9.653115	0.5493643	0.0

1495830523679	-9.653115	0.5493643	0.0

1495830523689	-9.653115	0.5493643	0.0

1495830523729	-9.653115	0.5493643	0.078480616

1495830523739	-9.653115	0.5493643	0.0

1495830523759	-9.653115	0.5493643	0.078480616

1495830523779	-9.653115	0.6278449	0.0

1495830523795	-9.653115	0.5493643	0.0

1495830523809	-9.731596	0.5493643	0.0

1495830523829	-9.653115	0.5493643	0.0

1495830523842	-9.653115	0.5493643	0.0

1495830523849	-9.653115	0.5493643	0.0

1495830523870	-9.5746355	0.5493643	0.0

1495830523879	-9.5746355	0.4708837	0.0

1495830523889	-9.653115	0.5493643	0.0

1495830523909	-9.653115	0.5493643	0.0

1495830523911	-9.653115	0.5493643	0.0

1495830523919	-9.653115	0.4708837	0.0

1495830523929	-9.653115	0.5493643	0.0

1495830523953	-9.653115	0.5493643	0.0

1495830523959	-9.653115	0.5493643	0.0

1495830523969	-9.731596	0.5493643	0.0

1495830523991	-9.653115	0.5493643	0.0

1495830523992	-9.653115	0.5493643	0.0

1495830524009	-9.653115	0.5493643	0.0

1495830524027	-9.653115	0.5493643	0.0

1495830524059	-9.653115	0.5493643	0.078480616

1495830524074	-9.731596	0.5493643	0.0

1495830524079	-9.731596	0.5493643	-0.078480616

1495830524113	-9.653115	0.5493643	0.0

1495830524114	-9.653115	0.5493643	0.0

1495830524115	-9.731596	0.5493643	-0.078480616

1495830524119	-9.731596	0.4708837	-0.078480616

1495830524129	-9.653115	0.5493643	0.0

