1496748243742	5.76	4.74	-33.24

1496748243802	6.3	4.5	-33.06

1496748243902	6.78	4.44	-33.18

1496748244019	7.32	3.96	-33.18

1496748244094	8.64	3.24	-33.24

1496748244198	9.96	2.7	-33.0

1496748244311	11.04	2.46	-32.76

1496748244408	12.24	1.86	-32.16

1496748244504	13.14	0.9	-31.38

1496748244600	13.68	0.0	-30.9

1496748244700	14.46	-0.54	-30.42

1496748244797	15.0	-0.96	-29.94

1496748244907	14.52	-1.5	-29.52

1496748245008	13.98	-2.4	-28.92

1496748245090	13.92	-3.96	-28.02

1496748245200	13.56	-5.16	-27.48

1496748245297	13.56	-6.36	-27.12

1496748245401	13.92	-8.4	-26.22

