1496917559006	-0.005985504	3.3782187	8.352771

1496917559017	0.011372458	3.5895069	8.1402855

1496917559030	0.055066638	3.7954082	8.046313

1496917559042	0.14784196	3.9785647	8.008006

1496917559054	0.12928689	3.9677908	8.042722

1496917559066	0.037110128	4.083311	7.98167

1496917559080	-0.11133038	4.1335893	8.020576

1496917559091	-0.20649989	4.1623197	7.9505453

1496917559104	-0.10654198	3.8708255	8.008006

1496917559117	-0.05327099	3.8456864	8.032547

1496917559184	0.11432313	3.5380316	8.0924015

1496917559185	0.52073884	3.0639796	8.248025

1496917559187	0.46986207	3.3105824	8.288128

1496917559189	-0.1448492	3.364452	7.8128786

1496917559190	-1.0594343	3.3925838	6.3985043

1496917559198	-1.0295067	2.9311013	5.6724625

1496917559205	-1.2156559	2.6120741	4.554969

1496917559217	-0.91458505	2.0093338	3.9534256

1496917559231	-0.22924481	1.5179238	3.4165258

1496917559245	0.35314476	0.99060094	3.2854433

1496917559257	0.6919243	0.6404489	2.8640637

1496917559269	0.24181437	-0.9187749	2.5605986

1496917559280	-0.23882163	-1.6819267	2.7647045

1496917559293	-0.3728969	-2.6437972	2.8485014

1496917559315	-0.19093758	-3.791817	2.6683378

1496917559316	0.12988544	-4.3520603	2.7778726

1496917559328	0.5093664	-5.928642	3.043629

1496917559340	1.0785879	-6.582259	3.4374752

1496917559352	2.4911668	-6.989872	4.469376

1496917559365	3.7912183	-7.3777328	7.080253

1496917559376	6.153697	-6.8492126	9.791686

1496917559388	8.279149	-5.783194	12.993931

1496917559400	12.778453	-4.312556	15.039777

1496917559412	15.773001	-4.7860093	14.498089

1496917559424	18.710087	-5.094861	13.501502

1496917559436	19.612701	-4.95899	12.974179

1496917559447	19.612701	-3.5009215	12.296021

1496917559460	19.612701	-0.8475474	11.188105

1496917559472	19.612701	1.3670892	10.0825815

1496917559484	19.612701	2.7850552	9.322423

1496917559496	19.612701	2.7341783	8.81964

1496917559509	19.612701	4.176685	9.974843

1496917559523	19.612701	3.442862	0.2885013

1496917559567	19.612701	1.7585411	-2.6629508

1496917559567	18.386272	0.7978677	-0.56802434

1496917559568	13.587094	-1.2970588	3.560178

1496917559572	14.273033	-0.19752164	4.3640313

1496917559593	8.368334	-2.4911668	10.210671

1496917559596	5.551555	-1.7699136	14.237719

1496917559611	3.8414967	0.40102878	10.828376

1496917559618	3.58412	-1.021127	8.608951

1496917559630	5.1439424	-2.1320367	3.3800142

1496917559642	4.0378213	2.070386	-0.9103952

1496917559654	6.145916	-1.4012065	-2.1039047

1496917559666	5.0362034	-2.3133974	2.9897594

1496917559678	4.289212	0.7613561	4.8823757

1496917559690	4.8464627	-0.046088383	5.725135

1496917559702	4.1641154	-2.9885623	6.5337763

1496917559714	0.6655881	-2.6102784	5.7263317

1496917559726	3.2854433	-1.1162965	6.332065

1496917559738	5.6102133	0.59615624	5.506664

1496917559750	5.158906	0.5303157	4.7919946

1496917559762	3.8349125	-0.9696517	5.5539494

1496917559774	1.198298	-3.2255883	1.4730326

1496917559786	2.0015526	-3.9366663	0.11372458

1496917559798	3.305794	-3.4871547	-0.9516952

1496917559810	3.366846	-1.3449428	-1.3084313

1496917559822	7.1125746	-3.1489737	-0.6835446

1496917559834	12.910732	-3.318962	-1.8531121

1496917559846	15.8544035	-1.5885528	0.7236475

1496917559859	14.604032	-2.2218192	-0.34835634

1496917559871	13.351864	-5.019444	-0.85532856

1496917559883	8.809465	-2.4941597	-0.061052144

1496917559895	8.2516165	-1.5592239	-1.6573862

1496917559907	9.929952	-2.0027497	-8.919

1496917559920	7.6530657	-2.3116016	-5.1996074

1496917559932	5.631761	-6.2327056	1.1947067

1496917559944	4.1258082	2.3852234	0.6560113

1496917559968	8.8328085	3.5619736	5.581483

1496917559968	2.1769278	-10.263943	0.44592008

1496917559980	0.047285482	-14.822503	3.2429461

1496917559992	0.99658644	-15.147515	1.9614497

1496917560004	1.4939818	-14.891336	1.5975311

1496917560016	-4.2945995	-17.23526	-3.2172086

1496917560027	-5.1607018	-17.228077	-6.1165867

1496917560040	-3.9426517	-17.4663	-3.3255463

1496917560052	-0.9516952	-16.090832	-0.81522566

1496917560064	-1.9566613	-15.26124	-1.2779051

1496917560076	-1.8602947	-14.058752	-1.9351135

1496917560089	-1.027711	-13.022063	-2.457648

1496917560124	-0.32920274	-12.545018	-1.7705121

1496917560125	-0.19692309	-13.354857	-0.6380547

1496917560126	0.44771573	-11.701062	-3.6924577

1496917560138	0.89423436	-9.165004	-3.8007953

1496917560150	-0.04309563	-9.227253	-1.7764976

1496917560162	-1.1558008	-9.251195	-1.5191209

1496917560174	-0.25378537	-9.054273	-1.2479776

1496917560186	-1.2683283	-8.708909	-0.76195467

1496917560198	-0.6979098	-8.305486	-0.5746084

1496917560210	0.19393034	-8.704719	-0.5823896

1496917560222	0.28311434	-9.139266	-0.18435353

1496917560234	0.7320272	-9.138668	1.2868834

1496917560246	0.219668	-6.679823	0.82360536

1496917560258	-0.9235633	-6.976105	0.034117375

1496917560300	-1.6633717	-7.2628107	-0.39983168

1496917560301	-1.8836381	-6.688801	-1.0420763

1496917560302	-1.1067197	-2.517503	-2.6833014

1496917560306	-0.8194155	1.0199299	0.037110128

1496917560318	-3.1016884	-1.845331	2.8125885

1496917560330	-3.9474401	-5.667674	-0.39384618

1496917560343	-2.7257986	-5.9717374	-0.58538234

1496917560361	-2.6886885	-5.1343656	1.4257472

1496917560371	-3.4249055	-5.5940523	-0.64463884

1496917560384	-3.6996403	-5.7347116	5.5383873

1496917560396	0.13347675	-17.625515	3.0921116

1496917560409	-1.340753	-19.6133	3.8780081

1496917560420	-1.4263457	-18.864513	2.802413

1496917560434	1.4879963	-7.117962	5.0667295

1496917560444	-8.752603	-14.021643	4.0438066

1496917560508	-5.381567	-10.45907	-1.6089035

1496917560511	-3.8480806	-13.754689	1.2497733

1496917560523	-3.6116533	-10.475231	0.1340753

1496917560534	-4.497508	-12.1763115	1.2162545

1496917560546	-3.9671922	-13.6254015	1.2707225

1496917560558	-3.0370448	-11.396998	1.0564415

1496917560571	-2.4648306	-10.019734	0.6338649

1496917560583	-2.034473	-9.752182	2.415151

1496917560601	-3.389591	-12.521076	1.9812019

1496917560607	-3.9612067	-13.782821	0.89423436

1496917560620	-4.3101616	-11.894394	0.4758476

1496917560632	-4.655525	-11.834539	0.3298013

1496917560644	-5.241506	-11.346122	-0.4321534

1496917560655	-5.632958	-8.64666	-0.17298107

1496917560667	-5.7454853	-7.5345526	1.1324574

1496917560680	-5.554548	-6.8384385	1.1677719

1496917560694	-5.0822916	-7.0527196	-0.4818331

1496917560704	-4.0563765	-8.446744	-0.3561375

1496917560716	-3.3662477	-8.206126	-0.8439561

1496917560728	-1.91596	-6.0609217	-0.47105917

1496917560740	0.38606504	-4.011485	0.99898064

1496917560752	0.7015011	-4.085107	-1.4095862

1496917560764	1.091756	-5.456984	-2.1871033

1496917560776	0.14724341	-8.230667	-2.1260512

1496917560788	-0.6973112	-10.044873	-1.7699136

1496917560800	-0.7302315	-9.900024	-1.91596

1496917560812	-0.54647654	-9.52593	-1.5634137

1496917560824	-0.44532153	-9.44752	-1.198298

1496917560836	-0.39863458	-10.134656	-0.45190558

1496917560848	-0.6434417	-10.128671	0.014963761

1496917560860	-0.95947635	-10.726623	0.4854244

1496917560872	-1.6496049	-11.386225	0.6997054

1496917560884	-2.2260091	-12.029667	0.81522566

1496917560896	-2.4211364	-11.667543	0.7757214

1496917560908	-2.2559366	-11.464036	1.2186487

1496917560920	-2.8455088	-12.252926	0.9504981

1496917560932	-2.8616695	-12.227188	0.8571242

1496917560944	-3.311181	-13.265075	0.6721721

1496917560966	-3.1860838	-12.270284	0.25438392

1496917560967	-2.8670566	-11.166556	-0.0700304

1496917560980	-2.8401217	-12.503718	-0.3537433

1496917560992	-2.765303	-9.372701	-1.1785458

1496917561004	-2.2134395	-9.129689	-3.5769374

1496917561015	-2.4025815	-8.798691	-4.2299557

1496917561027	-3.0723593	-8.46051	-4.1096473

1496917561044	-3.9612067	-8.576629	-3.4332852

1496917561052	-3.627814	-9.3583355	-3.1136594

1496917561064	-2.9430726	-10.527305	-4.019266

1496917561076	-1.7884687	-11.575965	-2.9771898

1496917561088	-2.825158	-10.366295	-3.678691

1496917561100	-3.5416229	-9.758167	-3.2279825

1496917561123	-3.530849	-9.919776	-1.1707647

1496917561124	-2.5246856	-10.237606	0.90979666

1496917561136	0.7284359	-9.761759	0.7272388

1496917561148	2.1152773	-9.932944	-0.6841431

1496917561160	3.1830912	-11.182119	-2.8742392

1496917561172	3.8977604	-12.157756	-4.8320975

1496917561183	3.9163153	-11.191696	-5.1122193

1496917561196	4.1539397	-9.905411	-2.280477

1496917561208	1.4694413	-7.8224554	-2.372654

1496917561220	0.6667852	-5.832874	-2.955642

1496917561232	0.9211691	-5.3737855	-3.5302503

1496917561244	1.0061632	-5.2474914	-4.9428296

1496917561256	1.0187328	-5.6335564	-6.0405707

1496917561268	0.4429273	-5.2720323	-5.8693852

1496917561283	0.40521863	-5.427655	-5.182848

1496917561292	0.4357447	-5.771822	-5.3462524

1496917561304	0.7691373	-5.9561753	-4.5645456

1496917561316	1.0061632	-5.8909335	-4.747702

1496917561328	1.4257472	-5.9064956	-4.7165775

1496917561340	1.6897079	-5.5521536	-4.9883194

1496917561352	1.654992	-5.3713913	-5.354632

1496917561364	1.8818425	-4.857237	-5.734113

1496917561376	2.154183	-4.617218	-5.9477954

1496917561388	2.3391352	-4.056975	-6.4601545

1496917561400	2.4552538	-3.4662056	-5.93762

1496917561412	2.1045034	-3.2309752	-5.7065797

1496917561424	1.863886	-3.2878375	-5.4498014

1496917561435	1.7705121	-3.650559	-5.130774

1496917561447	1.87047	-4.1162314	-4.8787847

1496917561460	1.9560628	-4.5723267	-4.614824

1496917561472	1.9375077	-4.891354	-4.7602715

1496917561483	1.8477252	-5.170877	-4.8877625

1496917561495	1.8608932	-5.5701103	-5.047576

1496917561507	1.8441339	-6.779182	-5.8903346

1496917561526	2.380435	-17.21371	-10.681731

1496917561531	3.3267434	-19.6133	-8.132504

1496917561543	3.1908724	-19.6133	-6.235698

1496917561555	0.6338649	-15.448586	-6.6271505

1496917561567	-0.27832595	-6.0926447	-6.3470287

1496917561579	-0.5895722	-2.7712884	-5.7562594

1496917561591	-0.81043726	-1.650802	-6.1423244

1496917561603	-0.7302315	-1.2856863	-6.339846

1496917561615	0.018555064	-2.0536265	-6.5762734

1496917561627	0.6775591	-3.4745853	-6.689998

1496917561640	1.2479776	-5.5126495	-6.8851256

1496917561652	1.632247	-8.479065	-6.051345

1496917561664	1.8052281	-9.398438	-5.1583076

1496917561675	2.0931308	-9.953894	-4.659715

1496917561687	2.2619221	-9.746197	-4.7830167

1496917561700	2.2134395	-9.381081	-5.5982423

1496917561712	2.0404584	-8.8884735	-6.559514

1496917561724	1.7830818	-7.957728	-7.382521

1496917561735	1.536479	-7.0329676	-7.5974007

1496917561747	1.4371196	-6.4032927	-7.307702

1496917561760	1.483208	-6.0585275	-6.8719573

1496917561772	1.7112557	-6.039374	-6.491878

1496917561784	2.2481554	-6.4128695	-5.967548

1496917561795	2.4540567	-6.770204	-5.673061

1496917561807	2.6258407	-7.1586633	-5.495291

1496917561820	2.6761189	-7.4202294	-5.653309

1496917561832	2.6204538	-7.557896	-6.0088477

1496917561844	2.460641	-7.6428905	-6.3512187

1496917561856	2.2948422	-7.6506715	-6.5469446

1496917561868	2.087744	-7.5566993	-6.689998

1496917561880	1.9099745	-7.3897038	-6.7444663

1496917561892	1.7753005	-7.3340383	-6.7803793

1496917561904	1.7549498	-7.3777328	-6.728904

1496917561916	1.714847	-7.489063	-6.5379663

1496917561933	1.6849195	-7.5213847	-6.5128274

1496917561963	1.5939398	-7.5345526	-6.432023

1496917561965	1.4670471	-7.503428	-6.3787518

1496917561966	1.3377602	-7.3873096	-6.3829417

1496917561976	1.2689269	-7.265804	-6.3607955

1496917561988	1.2330139	-7.107786	-6.2303114

1496917562000	1.2336124	-7.041946	-6.1327477

1496917562012	1.2689269	-7.0036387	-6.103419

1496917562024	1.2785037	-7.056311	-6.179435

1496917562036	1.3251907	-7.1472907	-6.1902084

1496917562048	1.435324	-7.4471645	-6.2746043

1496917562061	1.4329298	-7.5764513	-6.273407

1496917562072	1.4443022	-7.6692266	-6.2650275

1496917562086	1.3850456	-7.6668324	-6.2339025

1496917562097	1.3551182	-7.615357	-6.2195373

1496917562115	1.3054385	-7.5525093	-6.227917

1496917562122	1.3138182	-7.4872675	-6.2141504

1496917562132	1.2988545	-7.4549456	-6.3224883

1496917562145	1.3042414	-7.391499	-6.357204

1496917562157	1.3694834	-7.423821	-6.4110737

1496917562169	1.5502456	-7.5884223	-6.399701

1496917562181	1.5783775	-7.575853	-6.3643866

1496917562193	1.5658079	-7.645883	-6.2925606

1496917562205	1.5358804	-7.5985975	-6.244078

1496917562217	1.5286977	-7.5471225	-6.229713

1496917562230	1.525705	-7.418434	-6.1836243

1496917562242	1.5975311	-7.393295	-6.1955953

1496917562256	1.6783354	-7.313089	-6.2045736

1496917562266	1.70946	-7.2843585	-6.2339025

1496917562286	1.6472107	-7.301717	-6.35062

1496917562293	1.6412252	-7.211934	-6.335656

1496917562303	1.7280151	-7.241263	-6.356007

1496917562314	1.7399861	-7.2262993	-6.411672

1496917562326	1.7561469	-7.245453	-6.498462

1496917562338	1.6986861	-7.41604	-6.6349316

1496917562350	1.8435353	-7.428011	-6.5726824

1496917562362	1.951873	-7.5985975	-6.95336

1496917562374	2.180519	-7.7248917	-7.249643

1496917562386	1.9740193	-7.5692687	-7.299921

1496917562398	1.3269863	-7.7266874	-7.055712

1496917562410	0.35314476	-7.271789	-6.8085113

1496917562422	0.16879122	-7.2262993	-6.728904

1496917562434	0.30166942	-7.40347	-6.4445925

1496917562446	0.6907272	-7.3406224	-6.0944405

1496917562458	1.1444284	-7.361572	-6.273407

1496917562471	1.8471266	-7.0940194	-6.084265

1496917562482	2.2242134	-7.07726	-6.3548098

1496917562497	2.4103625	-7.301717	-6.308123

1496917562526	2.3774424	-7.2729864	-6.285378

1496917562527	2.2691047	-7.1006036	-6.0866594

1496917562534	2.0697873	-6.880337	-5.9585695

1496917562542	1.8363527	-6.567894	-5.9148755

1496917562555	1.8513165	-6.505046	-6.083068

1496917562566	1.9021933	-6.5619082	-6.211158

1496917562578	1.9674352	-6.566098	-6.3344593

1496917562589	1.9728222	-6.716933	-6.4266357

1496917562602	1.934515	-6.7749925	-6.51163

1496917562613	1.8315643	-6.994062	-6.8360443

1496917562625	1.9201498	-6.7947445	-6.64391

1496917562637	2.0620062	-6.899491	-6.773795

1496917562650	2.3241713	-6.827066	-6.5140243

1496917562662	2.4235306	-7.125743	-6.9958572

1496917562674	2.321777	-7.7039423	-7.740454

1496917562686	2.4007857	-7.038953	-6.8569937

1496917562698	2.2056582	-6.7881603	-6.9318123

1496917562710	2.1751323	-6.651691	-6.905476

1496917562722	2.1458032	-6.3967085	-7.0168066

1496917562734	2.1392193	-6.3063273	-6.9599442

1496917562746	2.1811178	-6.2901664	-6.9581485

1496917562758	2.1990743	-6.4104753	-7.0156097

1496917562770	2.2050598	-6.555923	-7.1065893

1496917562782	2.2535424	-6.8013287	-7.1993647

1496917562794	2.2852654	-7.012018	-7.354389

1496917562806	2.043451	-7.2939353	-7.5602903

1496917562818	1.917157	-7.2687964	-7.6387005

1496917562830	2.0219033	-7.647679	-7.945757

1496917562842	1.3078327	-8.425795	-9.991004

1496917562854	2.1086931	-8.239047	-8.028357

1496917562866	2.4289176	-8.429984	-9.165004

1496917562878	1.0815806	-9.523536	-10.855909

1496917562899	2.4223335	-8.767567	-6.9958572

1496917562905	2.1374235	-8.243835	-8.547898

1496917562917	2.405574	-9.283517	-7.7847466

1496917562931	2.1260512	-9.758766	-7.8613615

1496917562983	2.0446482	-9.393052	-6.7067575

1496917562986	1.0887632	-8.859743	-7.1089835

1496917562987	1.174356	-8.329428	-5.7508726

1496917562988	0.6979098	-7.8475947	-5.583877

1496917562995	0.4237737	-7.5148005	-5.0882773

1496917563002	0.12629414	-6.9988503	-4.5316253

1496917563014	-0.090979666	-7.052121	-3.591901

1496917563026	-0.06584055	-7.2544312	-3.5003228

1496917563038	0.025139118	-7.739257	-3.0783448

1496917563052	0.091578215	-8.339603	-3.157952

1496917563062	0.25917232	-8.99741	-2.641403

1496917563074	0.62368953	-9.428367	-2.1140802

1496917563086	0.86610246	-9.610924	-1.8309658

1496917563100	0.9911995	-9.664794	-1.8980033

1496917563111	0.92535895	-9.568427	-1.9602526

1496917563123	0.88166475	-9.329605	-1.9644425

1496917563143	0.64463884	-9.098565	-2.0566192

1496917563148	-0.11133038	-8.62152	-1.7980455

1496917563175	-0.3705027	-8.605359	-1.5676036

1496917563176	-0.14844051	-8.917803	-1.2617443

1496917563186	0.12449849	-9.169792	-0.9935937

1496917563195	0.3286042	-9.330803	-0.5590461

1496917563207	0.7326257	-9.482835	-0.53091425

1496917563220	0.85772276	-9.610326	-0.21906945

1496917563232	1.0875661	-9.533711	0.062249243

1496917563245	0.8912416	-9.6528225	0.2112883

1496917563258	0.581791	-9.803059	0.2621651

1496917563269	-0.037708677	-10.031705	0.51595044

1496917563288	-0.24660277	-10.023325	0.38606504

1496917563322	-0.44651863	-10.040684	0.30526072

1496917563322	-0.5530606	-9.662998	0.094570965

1496917563323	-0.66379243	-9.321824	-0.079008654

1496917563330	-0.6871359	-9.297284	0.19752164

1496917563342	-0.5895722	-9.1668	0.03232172

1496917563354	-0.66259533	-9.152434	0.28790274

1496917563366	-0.50038815	-9.044696	-0.16280572

1496917563377	0.05686229	-9.130887	0.95947635

1496917563390	0.08738836	-9.246407	0.34955344

1496917563402	0.13946225	-9.057863	0.2136825

1496917563414	-0.18375498	-8.954913	-0.048482586

1496917563426	-0.3226187	-8.759786	0.3788824

1496917563438	-0.635062	-8.805275	0.22984336

1496917563450	-1.0289081	-8.358158	-0.023343466

1496917563462	-1.021127	-8.484452	1.1510124

1496917563474	-1.4862007	-9.163208	0.5279215

1496917563486	-1.83336	-9.898229	0.2208651

1496917563499	-1.9135658	-10.371083	-0.24720132

1496917563513	-1.5610195	-10.198102	1.5819688

1496917563523	-1.5771804	-10.266935	0.74878657

1496917563537	-1.4478935	-10.094553	0.074220255

1496917563546	-1.3060371	-9.348161	0.30047232

1496917563560	-1.1312603	-9.245809	1.472434

1496917563571	-1.323395	-9.269152	1.501763

1496917563583	-1.3802572	-9.363723	2.0398598

1496917563596	-1.5047557	-9.561843	1.8884265

1496917563608	-1.578976	-10.123882	1.910573

1496917563621	-1.3754689	-9.721656	1.738789

1496917563634	-1.6112977	-9.794081	0.7733272

1496917563645	-1.4425066	-9.679757	0.23822308

1496917563657	-1.1246762	-9.5809965	-0.6410475

1496917563670	-1.3323733	-10.167576	-0.7811083

1496917563682	-1.5113398	-9.787497	-0.5021838

1496917563694	-1.6633717	-9.6845455	1.4550761

1496917563706	-1.6262615	-9.34397	2.6437972

1496917563718	-1.666963	-9.3738985	2.3427265

1496917563730	-2.1386206	-10.174759	1.6196774

1496917563742	-2.5623944	-11.054627	1.3132197

1496917563754	-3.0777464	-11.495161	1.1605892

1496917563766	-3.3967736	-10.708666	1.4616601

1496917563778	-2.995745	-9.006389	2.022502

1496917563790	-3.0615854	-8.757391	2.2212207

