1495241765339	-17.34	0.48	-24.0

1495241765438	-17.34	0.66	-23.88

1495241765538	-17.22	0.54	-23.82

1495241765638	-17.34	0.42	-23.64

1495241765738	-17.46	0.6	-23.64

1495241765839	-17.4	0.66	-23.76

1495241765938	-17.52	0.72	-24.12

1495241766038	-17.76	0.42	-24.12

1495241766139	-17.58	0.6	-24.18

1495241766240	-17.58	0.3	-24.3

1495241766342	-17.7	0.42	-24.3

1495241766439	-17.88	0.48	-24.6

1495241766538	-17.94	0.42	-24.42

1495241766638	-17.94	0.48	-24.24

1495241766738	-17.64	0.42	-24.06

1495241766838	-17.34	0.78	-24.12

1495241766938	-17.46	0.84	-23.82

1495241767038	-17.46	0.9	-23.88

1495241767144	-17.4	0.96	-23.88

1495241767238	-16.98	0.96	-23.82

1495241767338	-16.98	0.9	-24.12

1495241767448	-17.04	1.02	-24.36

1495241767538	-17.22	1.08	-24.42

1495241767638	-17.4	0.9	-24.6

1495241767738	-17.34	0.84	-24.78

1495241767839	-17.22	0.78	-24.48

1495241767938	-17.34	0.96	-24.48

1495241768038	-17.82	0.84	-24.48

1495241768140	-17.88	0.96	-24.12

1495241768238	-17.76	1.08	-24.12

1495241768339	-17.7	0.78	-24.12

1495241768439	-17.82	0.78	-24.06

1495241768538	-18.0	0.72	-24.0

1495241768638	-18.18	0.84	-24.18

1495241768738	-18.24	0.78	-24.3

1495241768839	-18.06	0.66	-24.12

1495241768938	-18.0	0.66	-24.42

1495241769039	-18.06	0.6	-24.18

1495241769139	-18.18	0.78	-24.18

1495241769246	-18.0	0.72	-24.06

1495241769339	-17.88	0.96	-24.0

1495241769438	-17.88	0.84	-24.06

1495241769538	-17.7	0.84	-24.06

1495241769638	-17.7	1.02	-24.3

1495241769738	-17.7	0.96	-24.3

1495241769838	-17.64	0.84	-24.36

1495241769938	-17.64	0.84	-24.42

1495241770038	-17.64	0.84	-24.48

1495241770138	-17.4	0.48	-24.48

1495241770239	-17.1	0.66	-24.42

