1495487480547	1.2619238	-1.0362377	-2.0680788

1495487480556	1.3569145	-0.9914735	-1.863043

1495487480566	1.4158007	-1.1441513	-1.603384

1495487480576	1.361311	-1.2641886	-1.2707168

1495487480586	1.3339995	-1.1365575	-0.9761524

1495487480597	1.3110845	-0.66853184	-0.8190781

1495487480606	1.3491874	-0.1449507	-0.65880626

1495487480617	1.4834799	0.2071676	-0.50612843

1495487480635	1.5794032	0.41340262	-0.4188649

1495487480637	1.6001865	0.40794033	-0.4014122

1495487480647	1.5314416	0.21809219	-0.45590195

1495487480656	1.4572343	0.023980815	-0.50612843

1495487480666	1.4736211	-0.101385556	-0.5311751

1495487480677	1.5303757	-0.05995204	-0.5692779

1495487480687	1.5466293	0.115507595	-0.6184386

1495487480698	1.4976019	0.42099655	-0.64575005

1495487480706	1.4626966	0.42645884	-0.7046363

1495487480716	1.4114043	0.36863843	-0.7875033

1495487480726	1.3394618	0.23994137	-0.88675725

1495487480736	1.2521982	0.05662137	-1.0023981

1495487480746	1.1779909	-0.15161204	-1.0961897

1495487480756	1.1266986	-0.30642152	-1.1223022

1495487480769	1.0732747	-0.44710898	-1.0951239

1495487480776	1.0034639	-0.5965894	-1.0122569

1495487480786	0.9063416	-0.74380493	-0.89661604

1495487480798	0.76125765	-0.8430589	-0.77111644

1495487480806	0.59339195	-0.85944575	-0.653344

1495487480816	0.4014122	-0.7580602	-0.5518252

1495487480828	0.21049827	-0.5726086	-0.44497734

1495487480858	0.06541433	-0.41766587	-0.3272049

1495487480861	-0.014122035	-0.264988	-0.20503597

1495487480864	-0.10245137	-0.13962163	-0.13522515

1495487480874	-0.2017053	-0.117772445	-0.02824407

1495487480881	-0.2977618	-0.08606448	-0.02824407

1495487480891	-0.4940048	0.1100453	0.04143352

1495487480898	-0.58353317	0.14175327	0.16027178

1495487480907	-0.73834264	0.15374367	0.2977618

1495487480920	-0.972955	0.20610179	0.4373834

1495487480926	-1.2946975	0.25512922	0.5965894

1495487480936	-1.6393552	0.31841195	0.7569944

1495487480946	-1.961231	0.43298694	0.94351184

1495487480956	-2.2001066	0.49840128	1.1540102

1495487480966	-2.4150014	0.42539302	1.3689048

1495487480978	-2.6648016	0.31947774	1.5630163

1495487480986	-2.8174794	0.3206768	1.7124966

1495487480997	-2.7454038	0.30535573	1.7593925

1495487481007	-2.446576	0.18864909	1.6601386

1495487481016	-2.0102584	0.09046096	1.467093

1495487481026	-1.6262989	0.1624034	1.360112

1495487481037	-1.3329337	0.2300826	1.3121502

1495487481054	-1.1037836	0.13189448	1.3514521

1495487481057	-1.064615	-0.111244336	1.4757527

1495487481066	-1.3950173	-0.2136957	1.5150546

1495487481076	-1.9251266	-0.101385556	1.4507061

1495487481086	-2.3527844	-0.023980815	1.0688782

1495487481098	-2.2459366	0.5900613	0.9008793

1495487481107	-1.9185984	0.78963494	0.77551293

1495487481117	-1.6525446	0.92819077	0.72422063

1495487481133	-1.4954703	0.9521716	0.71009856

1495487481137	-1.3721023	0.9172662	0.73181456

1495487481147	-1.2717825	0.88236076	0.69584334

1495487481162	-1.1855849	0.8474554	0.6325606

1495487481166	-1.0754063	0.78856915	0.59992003

1495487481176	-0.941247	0.71329606	0.61191046

1495487481192	-0.7918998	0.6653344	0.6697309

1495487481198	-0.6020517	0.64575005	0.7275513

1495487481206	-0.39155343	0.64028776	0.75579536

1495487481219	-0.15480949	0.63908875	0.7721822

1495487481226	0.05995204	0.7122302	0.76671994

1495487481236	0.16573408	0.8245404	0.6783906

1495487481247	0.19197975	0.8322675	0.57593924

1495487481256	0.25632828	0.78417265	0.46789235

1495487481271	0.37077004	0.74820143	0.35331735

1495487481276	0.5442313	0.6609379	0.21915801

1495487481286	1.0417	0.5038636	0.17452705

1495487481297	1.3503864	-0.0075939246	0.14828138

1495487481306	1.6492139	-0.23114842	0.12869704

1495487481316	1.8804955	-0.35877964	0.11670663

1495487481326	1.99174	-0.33373302	0.14281908

1495487481338	1.9709566	-0.1449507	0.22022381

1495487481346	1.8346657	0.16573408	0.2693845

1495487481356	1.4932054	0.40021315	0.18864909

1495487481366	0.8518519	0.3675726	-0.087263525

1495487481376	0.06541433	0.35771382	-0.14828138

1495487481386	-0.6468159	0.49080735	0.14281908

1495487481397	-1.0896616	0.5289102	0.38715693

1495487481406	-1.1452172	0.41993073	0.43405277

1495487481424	-0.9467093	0.3610445	0.3784972

1495487481427	-0.71329606	0.23341326	0.24860112

1495487481436	-0.52464694	0.03157474	0.05662137

1495487481446	-0.3860911	-0.1449507	-0.23554489

1495487481456	-0.20277111	-0.24540368	-0.48094857

1495487481466	0.044630963	-0.38062882	-0.48974153

1495487481479	0.14828138	-0.745004	-0.19411138

1495487481486	-0.0075939246	-0.9969358	0.59445775

1495487481497	0.40900612	-0.745004	0.87370104

1495487481506	0.70343727	-0.941247	0.8093525

1495487481524	0.5038636	-0.98814285	0.42419398

1495487481527	0.2246203	-0.94244605	-0.108979486

1495487481537	0.23221423	-0.8419931	-0.63908875

1495487481547	0.492939	-0.9162004	-1.0524913

1495487481573	0.86823875	-1.2434052	-1.3907541

1495487481577	1.1681322	-1.6361578	-1.5760725

1495487481580	1.2707168	-1.8052225	-1.7669864

1495487481587	1.283773	-1.6361578	-2.0091927

1495487481597	1.3089528	-1.3186784	-2.1597388

1495487481607	1.3579803	-1.0089262	-2.0943246

1495487481617	1.4376498	-0.83546495	-1.8346657

1495487481627	1.4397815	-0.90207833	-1.4551026

1495487481658	1.3808953	-0.9860112	-1.048228

1495487481662	1.2652545	-0.87263525	-0.7776446

1495487481665	1.2063682	-0.63042897	-0.59339195

1495487481667	1.283773	-0.4308553	-0.45696777

1495487481676	1.3928857	-0.23887557	-0.34678924

1495487481686	1.5139889	-0.12976286	-0.3097522

1495487481697	1.4757527	-0.43844923	-0.37623236

1495487481706	1.4244604	-0.6249667	-0.3839595

1495487481718	1.3884892	-0.73181456	-0.38276047

1495487481726	1.3491874	-0.66853184	-0.43951505

1495487481736	1.2936318	-0.47548628	-0.5103917

1495487481746	1.2391421	-0.3162803	-0.5965894

1495487481756	1.1670663	-0.27378097	-0.69584334

1495487481767	1.0917932	-0.39368504	-0.76671994

1495487481776	1.0297096	-0.64575005	-0.8016254

1495487481786	0.95989877	-0.8485212	-0.8289369

1495487481797	0.90421	-0.98934186	-0.90527576

1495487481806	0.89661604	-1.0471623	-0.99360514

1495487481823	0.9063416	-1.0318412	-1.055822

1495487481827	0.93258727	-0.97069013	-1.0852652

1495487481837	0.94244605	-0.804956	-1.0754063

1495487481862	0.9227285	-0.58899546	-1.009992

1495487481865	0.8333333	-0.40900612	-0.9118039

1495487481875	0.699174	-0.43298694	-0.8104183

1495487481877	0.44391152	-0.49733546	-0.38169464

1495487481887	0.24540368	-0.34572342	-0.23767653

1495487481898	0.070876636	-0.20063949	-0.16786571

1495487481907	-0.039168663	-0.09925393	-0.1100453

1495487481919	-0.1329603	-0.04023448	-0.06861178

1495487481927	-0.2475353	-0.015187849	-0.026112443

1495487481936	-0.33160138	-0.045696776	0.026112443

1495487481946	-0.4308553	-0.12323475	0.07300826

1495487481956	-0.6195044	-0.17772448	0.13735679

1495487481966	-0.895417	-0.17559285	0.23221423

1495487481976	-1.2248868	-0.1558753	0.38822275

1495487481989	-1.5543565	-0.093791634	0.6195044

1495487481998	-1.8182787	-0.015187849	0.92379427

1495487482006	-2.0451639	0.039168663	1.2248868

1495487482016	-2.2470024	0.003197442	1.50413

1495487482026	-2.4738874	-0.07953637	1.7299494

1495487482043	-2.6843858	-0.118838266	1.8674394

1495487482046	-2.7422063	-0.13962163	1.9099387

1495487482057	-2.5273116	-0.2519318	1.8161471

1495487482066	-2.1019185	-0.30535573	1.6056488

1495487482076	-1.6601386	-0.087263525	1.1779909

1495487482087	-1.1266986	-0.058886223	1.3787637

1495487482097	-1.1572076	-0.34678924	1.4583

1495487482107	-1.4921396	-0.30535573	1.4713563

1495487482117	-2.0026646	-0.18105516	1.3928857

1495487482127	-2.400746	-0.127498	1.2793765

1495487482158	-2.4444444	0.19411138	1.0732747

1495487482161	-2.189182	0.57593924	0.9063416

1495487482164	-1.8641087	0.83546495	0.8562483

1495487482175	-1.6273648	0.98934186	0.8791633

1495487482177	-1.490008	0.987077	0.89768183

1495487482186	-1.4015454	0.91406876	0.8943512

1495487482198	-1.3764988	0.87370104	0.81588066

1495487482206	-1.3089528	0.87689847	0.7023714

1495487482219	-1.1594725	0.87263525	0.6478817

1495487482226	-0.9990674	0.82240874	0.6500133

1495487482237	-0.8365308	0.78856915	0.6718625

1495487482246	-0.6544098	0.79296565	0.7252864

1495487482256	-0.4416467	0.8038902	0.76671994

1495487482267	-0.22022381	0.8322675	0.7525979

1495487482294	-0.022781774	0.97069013	0.6697309

1495487482299	0.17119637	1.0623502	0.6009859

1495487482301	0.29229948	1.0242473	0.5082601

1495487482307	0.46456167	0.96642685	0.41993073

1495487482317	0.6751932	0.83106846	0.35438317

1495487482327	0.9118039	0.6369571	0.29669598

1495487482336	1.1834532	0.40460965	0.22022381

1495487482348	1.4660271	0.14828138	0.14175327

1495487482356	1.7364775	-0.07633893	0.077404745

1495487482376	2.1095123	-0.20610179	0.05009326

1495487482387	2.112843	-0.108979486	0.1384226

1495487482397	1.968825	0.1100453	0.24433786

1495487482406	1.6710632	0.31841195	0.20503597

1495487482417	1.1081802	0.3446576	-0.017452704

1495487482426	0.287903	0.3784972	-0.16786571

1495487482436	-0.5355715	0.61191046	0.09592326

1495487482446	-1.0808686	0.75579536	0.37623236

1495487482456	-1.1735945	0.6510791	0.43951505

1495487482474	-0.98814285	0.5867306	0.40794033

1495487482477	-0.561684	0.3490541	0.14828138

1495487482486	-0.38928857	0.25739408	-0.09046096

1495487482498	-0.26711965	0.25739408	-0.27924326

1495487482506	-0.16786571	0.1558753	-0.22568612

1495487482516	-0.20823342	-0.21476153	0.07847056

1495487482526	-0.34026113	-0.59992003	0.38715693

1495487482540	-0.18318678	-0.7013056	0.5213163

1495487482546	0.2246203	-0.83546495	0.6434852

1495487482556	0.492939	-0.8245404	0.561684

1495487482567	0.3511857	-0.72861713	0.21596056

1495487482576	0.2246203	-0.58459896	-0.30095923

1495487482586	0.3391953	-0.52358115	-0.7776446

1495487482598	0.67292833	-0.66853184	-1.1060485

1495487482608	1.0983213	-0.987077	-1.4299227

1495487482616	1.352518	-1.4332534	-1.7114309

1495487482626	1.4877431	-1.8062884	-1.8204104

1495487482636	1.5030643	-1.7692512	-1.9372503

1495487482646	1.4233946	-1.4757527	-2.0495603

1495487482656	1.3503864	-1.2652545	-1.9633627

1495487482666	1.3132161	-1.1746603	-1.6982414

1495487482682	1.3001599	-1.2641886	-0.9445777

1495487482686	1.3034905	-1.481215	-0.6827871

1495487482698	1.2270184	-1.1714628	-0.5955236

1495487482706	1.2597922	-0.7744471	-0.5540901

1495487482716	1.4168665	-0.46576074	-0.50173193

1495487482726	1.5390354	-0.23114842	-0.44710898

1495487482736	1.6143086	-0.21049827	-0.44830802

1495487482747	1.6197709	-0.32494006	-0.52358115

1495487482756	1.5488942	-0.46789235	-0.57913667

1495487482766	1.5423661	-0.50173193	-0.5780709

1495487482776	1.5564882	-0.3228084	-0.6009859

1495487482786	1.5237143	-0.02504663	-0.6108447

1495487482797	1.4790834	0.17013057	-0.6195044

1495487482807	1.4048761	0.17452705	-0.6314948

1495487482816	1.2848388	0.032640554	-0.64894754

1495487482826	1.1529443	-0.1842526	-0.6937117

1495487482841	1.0459633	-0.3904876	-0.7504663

1495487482846	0.9555023	-0.54209965	-0.81588066

1495487482856	0.91406876	-0.6468159	-0.8943512

1495487482866	0.9260591	-0.71009856	-0.93698376

1495487482876	0.9216627	-0.71982414	-0.93365306

1495487482886	0.84532374	-0.81694645	-0.8998135

1495487482900	0.7536637	-0.8202771	-0.84092724

1495487482907	0.6129763	-0.767919	-0.7689848

1495487482916	0.4308553	-0.6926459	-0.676259

1495487482926	0.2715161	-0.49080735	-0.4886757

1495487482936	0.17013057	-0.26605383	-0.25739408

1495487482946	0.09698907	-0.08832934	-0.077404745

1495487482957	0.027178258	-0.018518519	0.044630963

1495487482966	-0.0119904075	-0.093791634	0.09046096

1495487482976	-0.067545965	-0.15161204	0.070876636

1495487482987	-0.13962163	-0.20063949	-0.02504663

1495487482998	-0.24313882	-0.21809219	-0.1329603

1495487483006	-0.36863843	-0.19850786	-0.17985612

1495487483017	-0.49840128	-0.25739408	-0.15920597

1495487483027	-0.6937117	-0.3784972	-0.09698907

1495487483036	-0.98494536	-0.4940048	-0.0075939246

1495487483052	-1.3306688	-0.53770316	0.13962163

1495487483056	-1.7114309	-0.45803356	0.35011992

1495487483066	-2.0768719	-0.3217426	0.60751396

1495487483076	-2.3527844	-0.19411138	1.2892352

1495487483086	-2.6232347	-0.11990408	1.6536105

1495487483097	-2.6942446	-0.16679989	1.8968825

1495487483106	-2.630962	-0.15920597	1.984146

1495487483119	-2.354916	-0.10245137	1.982947

1495487483126	-1.8216094	-0.023980815	1.8565148

1495487483136	-1.292566	0.115507595	1.6851852

1495487483146	-1.048228	0.25406343	1.5401013

1495487483156	-0.9990674	0.10471623	1.4932054

1495487483171	-1.0688782	-0.25086597	1.5598189

1495487483180	-1.4136691	-0.41660005	1.541167

1495487483187	-1.9928057	-0.15480949	1.292566

1495487483203	-2.3898215	0.35225153	1.0591527

1495487483206	-2.3681054	0.8234745	0.8888889

1495487483219	-2.0724754	1.0798029	0.81254995

1495487483226	-1.7495337	1.2499334	0.77111644

1495487483236	-1.5291767	1.2150279	0.7155609

1495487483246	-1.4256594	1.0307754	0.6653344

1495487483256	-1.3645084	0.8518519	0.6053824

1495487483268	-1.306688	0.7122302	0.51811886

1495487483276	-1.2282175	0.63482547	0.38928857

1495487483286	-0.9860112	0.5114575	0.38062882

1495487483297	-0.8245404	0.48427925	0.45483613

1495487483306	-0.6554756	0.4864109	0.5627498

1495487483324	-0.5289102	0.5507594	0.6664002

1495487483327	-0.3784972	0.6697309	0.7395417

1495487483337	-0.18531841	0.827871	0.78310686

1495487483352	-0.034905408	1.0307754	0.74713564

1495487483356	0.062083665	1.1191047	0.66320276

1495487483366	0.14828138	1.032907	0.56061816

1495487483376	0.2912337	0.87263525	0.4416467

1495487483386	0.50066614	0.70023984	0.3282707

1495487483397	0.75579536	0.47228885	0.22901678

1495487483407	1.0209166	0.20277111	0.17772448

1495487483433	1.2772449	0.019584332	0.12976286

1495487483437	1.5085266	0.001065814	0.05009326

1495487483440	1.6687983	0.069810815	0.008659739

1495487483447	1.7168932	0.23767653	0.057687182

1495487483457	1.6590728	0.50173193	0.17119637

1495487483468	0.8900879	0.66200376	0.12430056

1495487483476	0.32387424	0.6434852	0.07633893

1495487483488	-0.24207301	0.77990943	0.24433786

1495487483498	-0.6937117	0.71009856	0.44058087

1495487483506	-0.8529177	0.46789235	0.47988275

1495487483516	-0.7525979	0.29669598	0.42752466

1495487483533	-0.55302423	0.20397016	0.3162803

1495487483536	-0.35771382	0.04143352	0.12869704

1495487483546	-0.19197975	-0.11990408	-0.18212096

1495487483557	-0.06314948	-0.17226219	-0.49626964

1495487483566	0.069810815	-0.17452705	-0.6794564

1495487483576	0.15267786	-0.23221423	-0.64894754

1495487483587	0.10578204	-0.33160138	-0.41113776

1495487483598	0.046895817	-0.3097522	-0.14281908

1495487483612	0.14281908	-0.23554489	0.22795098

1495487483617	0.43951505	-0.6369571	0.49520382

1495487483626	0.6424194	-1.094058	0.47775114

1495487483636	0.5507594	-1.2368772	0.2715161

1495487483646	0.45483613	-1.2412736	-0.10031974

1495487483656	0.5301092	-1.2248868	-0.5584865

1495487483666	0.77871037	-1.2423395	-0.927125

1495487483677	1.1998401	-1.4583	-1.5205169

1495487483687	1.2652545	-1.4583	-1.7179589

1495487483697	1.3426592	-1.2238209	-1.9240607

1495487483707	1.3928857	-0.93258727	-2.0594192

1495487483735	1.4485744	-0.66746604	-2.0310419

1495487483736	1.5161204	-0.5114575	-1.8226752

1495487483737	1.4877431	-0.44497734	-1.5019984

1495487483746	1.3699707	-0.45043966	-1.1878498

1495487483756	1.2391421	-0.42419398	-0.964162

1495487483766	1.1485479	-0.30642152	-0.7406075

1495487483777	1.1485479	-0.17226219	-0.54209965

1495487483786	1.2227551	-0.021715961	-0.42206234

1495487483798	1.3438582	0.06434852	-0.3511857

1495487483806	1.4244604	0.0	-0.31521448

1495487483816	1.4419131	-0.16906475	-0.31734613

1495487483827	1.4299227	-0.32387424	-0.33040234

1495487483850	1.4419131	-0.36317614	-0.36530775

1495487483852	1.4845457	-0.29229948	-0.38062882

1495487483857	1.5194511	-0.127498	-0.41446844

1495487483866	1.4866773	0.09152678	-0.44937384

1495487483876	1.3634425	0.20503597	-0.561684

1495487483886	1.2521982	0.09152678	-0.5867306

1495487483897	1.1420197	-0.06541433	-0.63042897

1495487483906	1.0350386	-0.22901678	-0.68598455

1495487483916	0.93258727	-0.3391953	-0.7296829

1495487483927	0.8987477	-0.3860911	-0.7721822

1495487483936	0.90421	-0.4014122	-0.79403144

1495487483946	0.91406876	-0.4820144	-0.78963494

1495487483956	0.9008793	-0.6195044	-0.7569944

1495487483966	0.8245404	-0.7536637	-0.699174

1495487483976	0.69038105	-0.81254995	-0.6510791

1495487483989	0.5071942	-0.7624567	-0.6031175

1495487484000	0.3141487	-0.57154274	-0.5856648

1495487484007	0.16466826	-0.29003465	-0.5584865

1495487484016	0.10031974	0.053423926	-0.51265657

1495487484029	0.09046096	0.37410071	-0.42419398

1495487484036	0.052358113	0.47122303	-0.3555822

1495487484050	-0.026112443	0.27924326	-0.11990408

1495487484072	-0.09046096	0.23447908	0.24207301

1495487484076	-0.24313882	0.042499334	0.118838266

1495487484086	-0.40674126	-0.013056221	0.19411138

1495487484098	-0.63362646	0.013056221	0.24433786

1495487484106	-0.9303224	0.07847056	0.32933652

1495487484116	-1.2707168	0.13735679	0.4537703

1495487484126	-1.5707434	0.22142287	0.6195044

1495487484138	-1.8292032	0.2748468	0.827871

1495487484146	-2.0539567	0.2813749	1.0383693

1495487484157	-2.249134	0.19304556	1.2336798

1495487484166	-2.4499068	0.07847056	1.4168665

1495487484176	-2.5960565	0.002131628	1.557554

1495487484187	-2.606981	-0.06314948	1.6273648

1495487484198	-2.4171329	-0.17226219	1.6153743

1495487484207	-2.0430322	-0.19197975	1.5335732

1495487484225	-1.4551026	0.118838266	1.3361311

1495487484256	-1.2772449	0.032640554	1.3241407

1495487484260	-1.2042366	-0.18651745	1.4277911

1495487484263	-1.3623768	-0.17559285	1.5237143

1495487484267	-2.3451905	0.051159073	1.383027

1495487484277	-2.4367173	0.50932586	1.147482

1495487484286	-2.2415402	0.9303224	0.9532374

1495487484298	-1.9143353	1.1485479	0.8617106

1495487484308	-1.6448175	1.2619238	0.81254995

1495487484316	-1.4965361	1.2336798	0.7635225

1495487484326	-1.3852918	1.101652	0.74273914

1495487484336	-1.2957634	0.96522784	0.6937117

1495487484346	-1.2488676	0.85944575	0.5965894

1495487484356	-1.170397	0.76671994	0.50932586

1495487484367	-1.071143	0.6577405	0.49733546

1495487484376	-0.9576339	0.5900613	0.54316545

1495487484386	-0.79949373	0.561684	0.6031175

1495487484397	-0.598721	0.59339195	0.6544098

1495487484406	-0.40794033	0.6184386	0.6794564

1495487484416	-0.23554489	0.6664002	0.71329606

1495487484427	-0.093791634	0.76565415	0.7046363

1495487484445	-0.03157474	0.85398346	0.6140421

1495487484448	0.029443111	0.79403144	0.5038636

1495487484457	0.14721556	0.72422063	0.38502532

1495487484466	0.3272049	0.64575005	0.17559285

1495487484476	0.79842794	0.29669598	0.07847056

1495487484486	1.0863309	0.05009326	0.019584332

1495487484497	1.3438582	-0.14934719	-0.02824407

1495487484506	1.527045	-0.21156408	-0.070876636

1495487484520	1.6350919	-0.1438849	-0.06861178

1495487484526	1.6361578	0.07513989	0.018518519

1495487484536	1.5325073	0.38928857	0.13522515

1495487484546	1.2532641	0.6664002	0.18651745

1495487484556	0.7013056	0.6838529	0.070876636

1495487484566	0.035971224	0.5343725	-0.035971224

1495487484577	-0.52025044	0.4373834	0.05995204

1495487484608	-0.8834266	0.38715693	0.22795098

1495487484611	-0.98814285	0.3206768	0.27924326

1495487484614	-0.85944575	0.31734613	0.24860112

1495487484630	-0.6184386	0.2071676	0.15707435

1495487484633	-0.25512922	-0.28457233	-0.22901678

1495487484646	-0.057687182	-0.43298694	-0.45803356

1495487484657	0.20610179	-0.5955236	-0.58353317

1495487484666	0.45696777	-0.86277646	-0.29882762

1495487484676	0.2813749	-1.1115108	-0.046895817

1495487484686	0.24313882	-0.7231548	0.25086597

1495487484698	0.47228885	-0.61191046	0.52358115

1495487484706	0.66746604	-0.8649081	0.4537703

1495487484719	0.50612843	-0.9292566	0.13735679

1495487484727	0.30642152	-0.9008793	-0.2410072

1495487484736	0.3391953	-0.89221954	-0.62283504

1495487484746	0.5867306	-0.89115375	-0.94244605

1495487484757	0.8649081	-0.9467093	-1.2324806

1495487484767	0.97188914	-1.078737	-1.4605649

1495487484777	1.0514256	-1.1223022	-1.6317613

1495487484787	1.1855849	-1.0907274	-1.8346657

1495487484798	1.3110845	-0.9990674	-1.9709566

1495487484807	1.3994138	-0.7689848	-1.9240607

1495487484817	1.4551026	-0.4820144	-1.7005062

1495487484848	1.444178	-0.3784972	-1.405942

1495487484851	1.337197	-0.37410071	-1.0417

1495487484855	1.3001599	-0.29443112	-0.71436185

1495487484858	1.3350652	-0.09046096	-0.5038636

1495487484870	1.444178	0.11670663	-0.21702638

1495487484877	1.4551026	0.117772445	-0.15267786

1495487484889	1.4376498	-0.051159073	-0.1613376

1495487484896	1.4158007	-0.28030908	-0.20943245

1495487484908	1.4158007	-0.4188649	-0.2529976

1495487484916	1.4572343	-0.43631762	-0.33373302

1495487484928	1.5074607	-0.35331735	-0.43631762

1495487484936	1.527045	-0.18318678	-0.5343725

1495487484947	1.4976019	0.009725553	-0.63042897

1495487484956	1.4539036	0.1558753	-0.736211

1495487484966	1.444178	0.20823342	-0.8245404

1495487484983	1.4189981	0.1624034	-0.88129497

1495487484986	1.3415934	0.067545965	-0.93258727

1495487484998	1.2565948	-0.10471623	-0.9925393

1495487485006	1.1943778	-0.2912337	-1.0175859

1495487485016	1.1354916	-0.4416467	-1.0001333

1495487485027	1.0514256	-0.5638156	-0.9521716

1495487485037	0.96642685	-0.66200376	-0.8747668

1495487485054	0.86277646	-0.72422063	-0.7732481

1495487485056	0.7330136	-0.722089	-0.66320276

1495487485066	0.3784972	-0.62603253	-0.45803356

1495487485076	0.2300826	-0.25952572	-0.39808154

1495487485086	0.12216893	-0.069810815	-0.33693045

1495487485096	0.033706367	0.070876636	-0.2715161

1495487485107	-0.052358113	0.1558753	-0.20063949

1495487485116	-0.1329603	0.19957368	-0.1384226

1495487485133	-0.19730882	0.2246203	-0.098054886

1495487485136	-0.26605383	0.2300826	-0.07194245

1495487485146	-0.3217426	0.18651745	-0.027178258

1495487485156	-0.37516654	0.083932854	0.045696776

1495487485166	-0.47988275	-0.030508926	0.11337597

1495487485177	-0.6893152	-0.074074075	0.16027178

1495487485187	-0.9696243	-0.015187849	0.23554489

1495487485209	-1.2379429	0.022781774	0.3730349

1495487485210	-1.5009326	0.046895817	0.5955236

1495487485221	-1.7190248	0.05662137	0.84532374

1495487485226	-1.9372503	0.11670663	1.0339729

1495487485236	-2.1324275	0.15480949	1.1855849

1495487485246	-2.3332002	0.08180123	1.3394618

1495487485256	-2.54583	-0.033706367	1.4780176

1495487485266	-2.6418865	-0.11444178	1.5488942

1495487485281	-2.264455	-0.17013057	1.4605649

1495487485286	-1.8422595	-0.0075939246	1.3394618

1495487485296	-1.5390354	0.080602184	1.2019718

1495487485308	-1.3852918	-0.02504663	1.071143

1495487485316	-1.2641886	-0.150413	1.0885957

1495487485327	-1.1998401	-0.23767653	1.2434052

1495487485336	-1.352518	-0.14934719	1.3634425

1495487485354	-1.7135625	-0.08286704	1.329603

1495487485357	-2.0484946	-0.04143352	1.2324806

1495487485377	-2.0266454	0.6424194	0.92499334

1495487485387	-1.7310152	0.8758327	0.85944575

1495487485396	-1.4997336	0.9773514	0.8529177

1495487485408	-1.375433	0.98387957	0.8617106

1495487485416	-1.2772449	0.9784173	0.8430589

1495487485432	-1.1735945	0.97948307	0.81694645

1495487485436	-1.0873967	0.9816147	0.7569944

1495487485446	-0.972955	0.97069013	0.6937117

1495487485456	-0.84638953	0.92059684	0.653344

1495487485466	-0.41220358	0.85078603	0.72422063

1495487485477	-0.33040234	0.8551825	0.74167335

1495487485499	-0.16466826	0.89768183	0.7307487

1495487485501	0.002131628	0.9357847	0.72422063

1495487485508	0.14281908	1.0122569	0.69584334

1495487485516	0.19850786	1.0820677	0.6239009

1495487485526	0.2300826	1.009992	0.52464694

1495487485536	0.31188384	0.8649081	0.42312816

