1496211089184	1.838	-0.459	9.893

1496211089189	2.097	0.641	9.443

1496211089207	1.886	0.545	10.352

1496211089228	2.298	0.21	10.209

1496211089230	1.379	0.153	9.433

1496211089238	2.269	0.076	9.826

1496211089248	1.369	0.22	9.883

1496211089257	1.484	-0.258	9.692

1496211089269	1.541	0.488	9.672

1496211089278	2.145	-0.067	9.988

1496211089288	2.241	0.814	9.998

1496211089299	1.819	-0.498	8.772

1496211089311	2.25	0.718	10.008

1496211089317	1.35	0.0	9.107

1496211089329	1.647	0.478	10.879

1496211089338	1.302	-0.172	9.385

1496211089348	1.848	0.191	10.946

1496211089360	2.106	0.421	10.343

1496211089367	2.308	-0.21	10.056

1496211089377	1.647	0.354	9.443

1496211089388	1.81	-0.105	9.27

1496211089399	2.94	0.699	10.276

1496211089411	2.011	0.641	10.678

1496211089428	1.359	0.009	9.184

1496211089446	2.221	0.823	11.042

1496211089448	1.963	0.402	10.525

1496211089459	2.221	0.057	9.203

1496211089467	2.49	0.277	10.065

1496211089477	1.541	0.641	9.778

1496211089487	1.666	-0.009	9.816

1496211089499	2.183	0.747	9.586

1496211089509	0.967	-0.287	9.49

1496211089518	2.288	0.737	10.927

1496211089535	1.57	0.114	8.992

1496211089538	2.164	0.699	10.314

1496211089548	1.628	0.249	8.878

1496211089559	2.566	0.928	10.419

1496211089568	0.909	-0.038	9.031

1496211089578	2.327	0.823	10.372

1496211089587	0.89	0.392	9.883

1496211089599	2.03	0.287	10.439

1496211089612	1.541	0.928	10.563

1496211089619	1.723	0.153	10.199

1496211089629	2.26	0.833	9.902

1496211089638	1.762	-0.22	9.337

1496211089649	1.58	0.689	10.611

1496211089659	1.685	-0.172	9.596

1496211089668	1.474	0.976	10.237

1496211089677	1.455	0.507	9.51

1496211089687	1.666	1.024	9.385

1496211089698	2.26	0.603	10.381

1496211089711	1.695	0.833	10.228

1496211089718	2.183	0.21	10.103

1496211089728	1.685	0.718	9.05

1496211089738	1.982	0.038	10.285

1496211089749	1.79	0.612	10.065

1496211089759	1.857	-0.411	9.692

1496211089768	1.896	0.842	10.161

1496211089777	1.915	0.469	9.672

1496211089789	2.001	0.967	10.142

1496211089800	1.896	0.296	8.657

1496211089809	2.183	1.063	10.151

1496211089817	1.359	-0.028	9.261

1496211089827	1.752	0.603	9.634

1496211089837	1.723	0.344	9.5

1496211089848	1.11	0.124	10.314

1496211089861	2.078	0.095	8.945

1496211089882	1.819	0.823	10.161

1496211089909	1.656	0.038	9.644

1496211089911	1.206	0.603	9.567

1496211089912	1.58	0.689	10.87

1496211089917	1.877	0.689	9.337

1496211089928	1.877	0.957	10.372

1496211089937	1.676	0.134	8.935

1496211089947	1.781	0.574	9.807

1496211089958	2.001	0.402	9.644

1496211089968	1.599	0.239	9.864

1496211089978	1.561	0.708	10.199

1496211089987	2.154	0.239	9.443

1496211089998	1.666	0.469	9.644

1496211090011	1.503	0.047	9.605

1496211090017	1.79	0.498	9.519

1496211090027	2.097	-0.047	9.337

1496211090037	2.269	0.737	9.874

1496211090047	2.03	-0.258	9.404

1496211090059	1.417	0.814	10.506

1496211090068	1.12	0.067	9.222

1496211090078	1.81	0.699	10.659

1496211090088	1.656	-0.047	8.897

1496211090099	1.79	0.794	10.352

1496211090109	2.26	0.153	8.945

1496211090118	1.676	-0.172	10.065

1496211090128	1.8	0.373	9.194

1496211090137	1.637	0.067	9.979

1496211090148	1.915	0.095	9.979

1496211090161	1.676	0.134	10.659

1496211090167	2.193	0.047	9.529

1496211090179	1.972	0.976	10.64

1496211090188	1.733	-0.43	9.05

1496211090199	1.541	0.574	10.381

1496211090209	2.432	0.114	9.328

1496211090217	0.852	0.296	9.797

1496211090227	1.532	0.047	9.816

1496211090237	2.26	0.689	10.534

1496211090256	0.996	0.047	9.807

1496211090264	1.513	0.249	9.931

1496211090268	2.518	0.143	9.146

1496211090277	1.723	-0.229	10.391

1496211090287	1.953	0.296	10.094

1496211090298	1.465	0.095	9.557

1496211090311	2.557	0.459	9.251

1496211090317	1.781	-0.229	10.046

1496211090328	1.024	0.593	10.103

1496211090341	1.637	-0.095	9.979

1496211090348	2.221	0.919	10.87

1496211090358	1.743	0.162	9.5

1496211090367	1.905	0.44	9.5

1496211090377	1.81	-0.249	8.878

1496211090388	1.934	-0.076	9.443

1496211090399	1.513	0.134	9.318

1496211090417	2.02	0.67	10.19

1496211090419	1.407	0.134	10.151

1496211090435	1.321	0.019	8.916

1496211090438	2.346	-0.22	10.065

1496211090448	2.48	0.421	10.305

1496211090458	0.67	-0.354	9.261

1496211090468	2.001	0.392	9.826

1496211090477	1.762	-0.411	9.328

1496211090487	2.193	1.12	10.889

1496211090499	1.484	0.038	9.759

1496211090509	1.034	0.373	9.49

1496211090523	2.25	-0.019	10.056

1496211090528	2.106	0.43	10.822

1496211090537	0.861	-0.287	9.127

1496211090547	2.02	0.526	10.707

1496211090558	1.13	-0.363	9.577

1496211090568	1.522	0.229	10.611

1496211090578	2.432	0.632	9.95

1496211090588	1.35	-0.019	10.017

1496211090600	1.79	0.632	10.86

1496211090622	1.8	-0.153	10.132

1496211090628	1.704	0.105	10.697

1496211090638	1.522	-0.373	9.27

1496211090648	2.059	1.158	10.755

1496211090658	1.81	-0.009	9.625

1496211090667	1.829	0.316	10.755

1496211090678	2.394	-0.057	9.05

1496211090688	1.216	0.411	9.538

1496211090700	1.925	-0.009	10.036

1496211090710	2.336	0.316	10.295

1496211090727	1.11	-0.21	9.49

1496211090728	1.637	0.823	10.486

1496211090738	1.695	0.249	9.941

1496211090748	1.733	-0.201	9.816

1496211090759	2.317	0.249	9.711

1496211090768	1.321	-0.047	8.514

1496211090778	1.838	0.229	10.199

1496211090788	2.059	-0.134	9.682

1496211090800	1.139	0.383	10.305

1496211090809	1.005	0.363	10.477

1496211090818	1.484	0.766	10.391

1496211090828	1.829	0.028	9.261

1496211090841	1.992	0.421	10.295

1496211090849	1.848	0.469	9.768

1496211090858	1.867	-0.574	9.146

1496211090871	1.206	0.134	9.96

1496211090877	1.848	0.517	9.395

1496211090888	1.522	0.325	9.72

1496211090898	1.743	-0.172	9.098

1496211090910	1.934	0.363	9.874

1496211090918	2.346	0.134	10.132

1496211090927	1.082	0.124	9.931

1496211090939	2.039	0.0	9.692

1496211090948	1.187	-0.172	8.925

1496211090959	2.059	0.373	10.678

1496211090968	1.982	0.43	9.538

1496211090981	0.909	0.574	9.874

1496211090988	1.532	0.086	10.142

1496211091000	2.011	0.21	9.768

1496211091009	1.417	-0.373	9.443

1496211091018	1.34	-0.076	9.797

1496211091027	2.135	-0.067	9.107

1496211091039	1.513	0.335	11.09

1496211091048	1.877	-0.095	9.538

1496211091059	2.346	-0.143	9.998

1496211091077	2.164	0.277	9.634

1496211091087	1.541	0.66	10.803

1496211091099	2.164	0.086	9.012

1496211091112	1.11	-0.057	9.845

1496211091119	1.225	0.574	9.95

1496211091129	1.8	0.392	10.017

1496211091138	1.781	-0.22	9.49

1496211091147	2.509	0.028	9.529

1496211091163	0.67	-0.239	9.883

1496211091167	2.451	-0.249	8.925

1496211091178	1.465	0.249	9.893

1496211091188	1.139	-0.584	9.979

1496211091198	1.982	0.603	10.094

1496211091209	2.25	0.201	9.672

1496211091218	0.603	0.402	9.653

1496211091233	2.403	-0.019	9.529

1496211091238	1.599	-0.019	10.563

1496211091247	2.183	-0.354	9.605

1496211091258	0.928	-0.067	9.692

1496211091267	2.078	-0.488	9.136

1496211091277	1.656	0.622	9.586

1496211091288	1.312	-0.114	9.759

1496211091299	0.919	-0.181	9.902

1496211091309	1.34	0.344	9.95

1496211091318	1.628	0.086	9.711

1496211091334	1.685	0.095	10.381

1496211091338	1.714	-0.172	9.596

1496211091348	1.379	0.201	9.308

1496211091358	1.934	0.536	10.554

1496211091367	1.589	0.0	9.366

1496211091377	1.522	0.593	10.458

1496211091387	1.465	-0.191	9.778

1496211091398	2.423	0.172	9.289

1496211091410	1.426	-0.536	10.391

1496211091418	1.312	0.143	9.739

1496211091428	1.819	-0.201	9.021

1496211091438	1.8	0.517	10.209

1496211091447	1.781	-0.239	10.314

1496211091460	1.762	0.191	9.682

1496211091468	1.695	-0.536	9.337

1496211091478	1.877	0.383	9.845

1496211091489	1.695	-0.363	9.615

1496211091500	1.206	0.229	9.577

1496211091509	2.02	0.21	9.883

1496211091517	0.9	0.507	9.893

1496211091527	1.436	0.067	9.567

1496211091537	2.126	0.076	9.567

1496211091547	1.015	-0.019	10.142

1496211091558	2.106	0.047	10.544

1496211091568	1.695	-0.411	9.797

1496211091578	1.082	0.268	9.912

1496211091587	1.292	0.316	10.18

1496211091599	1.082	-0.095	10.209

1496211091609	2.796	0.028	9.241

1496211091619	1.302	0.277	10.075

1496211091628	1.599	0.067	10.19

1496211091638	1.829	0.287	9.96

1496211091649	1.867	-0.028	9.538

1496211091664	2.355	0.335	10.333

1496211091678	0.43	0.469	10.439

1496211091688	3.064	-0.181	9.107

1496211091700	1.532	-0.028	10.19

1496211091713	2.183	-0.191	9.739

1496211091718	0.679	-0.028	10.103

1496211091728	2.25	0.047	10.008

1496211091738	1.005	0.22	9.902

1496211091748	2.087	0.201	10.391

1496211091761	2.509	-0.047	8.925

1496211091767	2.509	-0.047	10.419

1496211091778	2.652	0.172	10.688

1496211091788	1.599	-0.421	9.136

1496211091798	1.35	-0.114	9.711

1496211091809	1.551	0.201	9.768

1496211091817	1.618	0.162	10.266

1496211091827	1.177	0.153	10.544

1496211091837	2.001	0.095	9.672

1496211091850	1.513	-0.306	9.653

1496211091859	2.26	0.459	10.4

1496211091868	1.58	-0.316	9.28

1496211091877	1.053	0.095	9.653

1496211091887	2.193	0.076	8.945

1496211091899	0.967	0.047	9.941

1496211091909	1.733	0.124	9.395

1496211091918	1.743	0.172	9.797

1496211091929	1.762	-0.258	9.27

1496211091938	1.877	1.034	10.113

1496211091948	1.953	-0.268	10.324

1496211091959	1.11	-0.086	9.644

1496211091968	1.944	0.057	9.778

1496211091978	0.747	0.162	10.036

1496211091987	2.126	0.229	9.931

1496211091999	1.608	-0.498	9.433

1496211092012	1.561	0.067	9.308

1496211092019	2.039	-0.258	9.902

1496211092029	0.938	0.258	9.452

1496211092038	1.455	0.354	9.72

1496211092049	1.417	0.076	9.366

1496211092061	1.829	-0.019	10.199

1496211092067	1.321	-0.21	9.596

1496211092077	2.154	0.191	9.452

1496211092088	1.877	0.086	9.988

1496211092098	1.819	-0.162	9.261

1496211092109	1.695	0.0	8.983

1496211092118	1.81	0.086	9.586

1496211092127	0.794	-0.45	9.308

1496211092137	1.647	0.478	9.864

1496211092147	1.283	-0.028	9.807

1496211092158	1.206	0.181	9.471

1496211092167	2.375	0.172	9.72

1496211092177	0.89	-0.038	9.356

1496211092188	1.685	0.086	10.103

1496211092199	1.245	0.45	9.979

1496211092212	0.517	0.392	10.295

1496211092230	2.346	-0.181	9.165

1496211092240	2.355	-0.076	10.017

1496211092248	0.871	0.095	10.065

1496211092258	1.647	0.028	11.138

1496211092267	0.833	0.584	9.845

1496211092277	1.829	0.0	10.324

1496211092287	0.651	0.249	10.477

1496211092299	2.154	0.057	10.276

1496211092311	1.063	-0.076	8.925

1496211092318	2.403	-0.249	10.563

1496211092328	1.522	0.105	9.826

1496211092338	1.34	-0.067	10.372

1496211092347	1.551	0.268	9.701

1496211092358	1.235	-0.143	9.433

1496211092375	1.494	0.277	9.864

1496211092378	2.001	0.038	10.697

1496211092388	1.149	-0.047	9.49

1496211092399	2.135	0.507	10.726

1496211092409	1.187	0.201	10.036

1496211092417	1.79	0.277	10.525

1496211092427	1.245	0.038	10.075

1496211092437	0.66	0.105	10.017

1496211092447	1.589	0.296	9.979

1496211092458	1.513	-0.287	9.174

1496211092468	1.513	0.124	10.266

1496211092478	1.58	-0.22	10.285

1496211092488	1.053	0.574	10.075

1496211092497	2.049	0.105	10.419

1496211092510	0.555	-0.028	9.452

1496211092519	2.336	0.086	10.477

1496211092528	1.666	0.488	9.998

1496211092537	1.426	-0.162	10.324

1496211092548	2.116	0.632	9.998

1496211092565	1.618	-0.459	9.605

1496211092567	0.545	0.316	10.017

1496211092579	2.174	0.239	10.123

1496211092591	0.785	0.517	9.213

1496211092598	1.436	0.143	10.534

1496211092615	1.886	-0.526	9.807

1496211092627	1.647	0.095	10.17

1496211092637	2.193	-0.057	10.113

1496211092647	0.756	0.459	9.328

1496211092662	1.781	0.076	9.107

1496211092668	0.986	-0.268	9.107

1496211092683	1.714	0.076	9.883

1496211092688	1.273	0.354	10.314

1496211092699	1.877	0.632	10.065

1496211092710	1.541	-0.105	9.807

1496211092718	1.11	0.22	10.027

1496211092728	1.599	0.239	11.147

1496211092741	1.101	0.296	9.031

1496211092748	1.13	0.143	9.749

1496211092765	1.733	0.383	8.59

1496211092768	1.781	-0.143	10.123

1496211092778	1.896	0.095	10.649

1496211092788	0.392	-0.172	10.525

1496211092797	2.499	0.699	9.299

1496211092810	1.187	0.162	10.554

1496211092819	0.957	0.392	8.906

1496211092828	1.781	0.373	9.548

1496211092846	1.733	-0.555	9.816

1496211092848	1.972	0.593	10.199

1496211092860	1.513	0.756	10.18

1496211092868	0.545	-0.153	9.423

1496211092878	2.269	0.603	9.05

1496211092888	1.829	0.555	10.391

1496211092897	0.478	-0.153	9.912

1496211092911	2.154	-0.019	9.529

1496211092928	2.154	0.076	9.519

1496211092941	1.331	0.134	9.711

1496211092948	1.637	0.181	10.668

1496211092959	0.957	1.091	9.261

1496211092967	1.743	0.047	9.931

1496211092977	0.632	0.43	9.625

1496211092988	2.126	0.44	9.615

1496211092998	1.149	0.536	9.289

1496211093012	1.848	-0.086	10.295

1496211093025	1.34	0.335	9.423

1496211093028	1.589	0.114	9.778

1496211093039	1.149	0.411	10.056

1496211093050	1.58	-0.038	10.611

1496211093061	1.369	0.708	9.079

1496211093067	1.225	0.287	10.381

1496211093077	1.8	0.143	9.222

1496211093088	1.896	-0.086	10.046

1496211093097	1.015	0.316	9.557

1496211093115	1.666	0.612	10.056

1496211093118	1.302	0.804	9.692

1496211093128	0.718	0.21	10.534

1496211093138	1.628	0.651	9.261

1496211093147	1.426	0.392	10.324

1496211093158	1.81	-0.086	10.151

1496211093167	1.733	0.421	9.634

1496211093177	1.407	0.383	10.19

1496211093188	0.861	0.249	9.069

1496211093197	0.986	0.076	9.969

1496211093211	2.049	0.459	10.18

1496211093227	0.708	0.44	10.87

1496211093228	2.126	0.488	9.49

1496211093237	1.177	0.258	9.768

1496211093247	1.896	0.526	10.4

1496211093258	0.814	0.22	10.4

1496211093267	1.57	0.488	9.069

1496211093277	0.785	0.181	10.937

1496211093288	1.656	0.612	10.237

1496211093298	0.919	0.43	10.439

1496211093311	2.059	-0.162	9.998

1496211093318	1.513	0.076	10.084

1496211093327	2.231	0.335	9.28

1496211093337	0.402	0.392	9.988

1496211093347	2.078	0.708	9.96

1496211093360	1.953	0.373	9.567

1496211093379	1.407	0.162	10.621

1496211093389	1.522	0.517	9.921

1496211093399	2.288	0.258	9.95

1496211093410	0.545	0.632	9.299

1496211093418	1.915	0.584	9.711

1496211093427	0.976	-0.105	8.81

1496211093437	1.225	0.651	9.998

1496211093447	1.063	0.699	10.429

1496211093458	2.518	-0.114	9.548

1496211093469	1.407	0.067	8.983

1496211093478	1.379	0.172	10.199

1496211093488	0.565	0.373	9.385

1496211093497	2.068	0.268	10.534

1496211093512	0.66	0.383	9.328

1496211093517	1.608	0.632	9.557

1496211093528	1.551	1.005	9.874

1496211093537	1.656	0.067	10.429

1496211093552	2.384	0.44	10.391

1496211093568	0.775	0.536	9.146

1496211093594	0.727	0.239	8.686

1496211093606	1.685	0.038	9.921

1496211093611	2.049	-0.114	9.941

1496211093627	1.503	0.593	11.32

1496211093637	1.101	0.699	8.389

1496211093647	1.848	0.009	10.228

1496211093659	1.58	0.383	9.874

1496211093668	1.599	0.545	9.979

1496211093678	0.689	0.0	10.486

1496211093688	1.79	0.134	9.988

1496211093698	1.733	0.43	9.807

1496211093710	1.723	0.22	10.199

1496211093718	0.105	0.344	9.318

1496211093728	1.934	0.325	10.41

1496211093745	1.513	0.584	9.787

1496211093748	1.091	0.201	10.477

1496211093759	1.292	0.086	9.749

1496211093768	1.886	-0.009	10.046

1496211093778	1.676	0.316	9.95

1496211093788	1.292	0.45	10.697

1496211093797	1.197	0.153	9.529

1496211093811	1.455	0.679	9.213

1496211093828	1.264	0.469	9.557

1496211093838	1.695	0.047	9.663

1496211093848	1.647	0.545	10.314

1496211093859	1.053	0.574	10.324

1496211093867	1.79	0.325	10.103

1496211093877	1.235	0.43	8.925

1496211093888	0.9	0.105	9.816

1496211093897	1.867	0.517	9.376

1496211093910	1.666	-0.057	9.605

1496211093918	1.494	0.584	10.247

1496211093928	2.03	0.44	9.912

1496211093938	0.641	0.411	8.983

1496211093947	1.676	0.383	10.774

1496211093959	1.043	0.143	9.328

1496211093967	1.379	0.086	9.969

1496211093978	1.206	0.833	10.036

1496211093988	1.79	-0.134	9.797

1496211093997	1.589	0.411	9.95

1496211094009	1.848	0.354	8.954

1496211094026	0.296	0.181	9.155

1496211094032	2.106	0.134	11.291

1496211094038	0.928	0.43	9.864

1496211094047	1.321	-0.009	10.554

1496211094060	1.877	-0.287	8.945

1496211094078	0.938	0.153	10.448

1496211094088	2.327	0.66	9.117

1496211094098	2.154	0.718	11.061

1496211094109	0.545	0.536	8.734

1496211094118	0.996	-0.105	10.372

1496211094127	1.714	0.794	10.554

1496211094137	2.451	-0.086	9.941

1496211094147	1.082	0.067	9.27

1496211094158	1.513	0.114	10.582

1496211094168	1.11	0.335	8.935

