1495399668995	-0.086	17.344	-1.896

1495399669002	1.273	16.549	-1.187

1495399669012	2.336	14.097	1.867

1495399669022	3.639	9.998	3.859

1495399669032	3.964	9.021	4.051

1495399669053	3.782	9.289	2.968

1495399669055	2.834	8.81	2.087

1495399669062	2.375	6.933	1.388

1495399669072	2.518	5.008	1.446

1495399669087	1.628	4.175	1.474

1495399669091	0.861	4.185	1.35

1495399669101	0.325	3.984	1.58

1495399669111	-0.201	3.495	1.857

1495399669124	-0.344	2.863	1.733

1495399669131	-0.555	2.394	1.426

1495399669141	-0.641	2.346	1.379

1495399669150	-0.478	2.231	1.091

1495399669162	-0.287	2.212	0.766

1495399669171	-0.258	2.154	0.498

1495399669180	-0.22	2.059	0.383

1495399669201	-0.22	2.183	0.009

1495399669202	-0.469	2.384	-0.287

1495399669210	-0.316	2.691	-0.335

1495399669220	-0.153	3.332	0.172

1495399669240	0.0	4.06	0.603

1495399669241	0.162	4.913	0.89

1495399669251	0.354	6.636	1.158

1495399669262	0.823	8.121	1.158

1495399669278	1.053	10.036	1.426

1495399669281	2.202	13.264	1.484

1495399669291	3.38	19.585	2.279

1495399669301	-0.689	19.614	5.104

1495399669314	-1.369	19.614	7.278

1495399669321	-1.915	18.378	7.632

1495399669330	0.66	10.649	7.671

1495399669340	5.277	6.292	7.202

1495399669353	8.533	4.644	5.688

1495399669361	9.462	4.855	4.012

1495399669372	7.824	4.855	3.457

1495399669381	5.43	4.635	3.859

1495399669395	3.399	3.897	4.089

1495399669401	2.691	3.074	4.156

1495399669411	2.691	2.911	4.223

1495399669421	2.777	3.878	4.721

1495399669431	2.221	4.577	4.415

1495399669446	1.915	5.765	4.137

1495399669451	1.685	9.749	2.451

1495399669461	1.302	18.522	-0.43

1495399669471	1.79	19.614	-0.612

1495399669481	-1.963	19.614	-2.26

1495399669491	-0.392	14.375	-3.984

1495399669501	1.331	6.071	-3.869

1495399669521	0.766	6.857	-1.829

1495399669522	-0.555	5.353	-1.704

1495399669530	-0.469	4.558	-1.8

1495399669540	0.038	5.286	-0.421

1495399669559	0.833	7.182	2.921

1495399669561	1.082	8.839	2.154

1495399669571	0.22	10.544	0.689

1495399669581	-0.794	12.517	0.823

1495399669591	-1.273	13.475	1.714

1495399669601	-0.651	14.585	0.526

1495399669611	0.239	14.949	-0.067

1495399669621	0.9	13.417	0.153

1495399669636	1.848	10.554	0.727

1495399669641	2.384	8.389	0.584

1495399669651	3.591	7.508	0.162

1495399669662	2.796	7.192	0.047

1495399669675	2.03	7.383	-0.028

1495399669681	1.695	7.326	-0.047

1495399669691	1.647	7.316	0.201

1495399669700	1.225	7.192	0.383

1495399669711	0.584	6.79	0.086

1495399669720	0.105	6.378	-0.229

1495399669731	0.067	6.589	0.622

1495399669749	0.21	7.115	1.685

1495399669751	0.43	7.786	2.624

1495399669761	0.498	8.265	3.035

1495399669771	0.603	8.332	2.595

1495399669781	0.823	8.427	1.963

1495399669791	0.488	8.236	1.426

1495399669801	0.201	8.169	0.957

1495399669811	0.153	8.629	0.258

1495399669822	0.191	9.366	-0.612

1495399669831	0.172	10.362	-0.747

1495399669841	0.957	11.224	-0.612

1495399669851	1.13	10.554	-0.574

1495399669863	2.499	9.711	-0.325

1495399669871	2.758	10.132	0.737

1495399669882	3.16	11.224	1.723

1495399669891	3.505	11.913	0.967

1495399669908	3.304	12.038	0.172

1495399669911	3.074	12.479	0.766

1495399669921	2.461	13.034	0.545

1495399669930	2.078	12.172	-0.402

1495399669947	2.087	11.511	-2.355

1495399669951	0.603	11.521	-1.723

1495399669962	-0.708	12.191	-0.909

1495399669971	-1.992	12.766	-0.134

1495399669985	-2.767	13.992	0.574

1495399669991	-4.462	16.415	0.948

1495399670001	-5.707	18.254	-0.086

1495399670011	-6.378	18.493	-0.842

1495399670024	-6.253	17.593	-0.881

1495399670031	-5.037	16.846	-0.086

1495399670041	-3.601	15.917	0.89

1495399670053	-1.015	16.261	-0.603

1495399670062	1.743	16.147	-1.063

1495399670071	3.246	14.126	-0.095

1495399670081	3.438	11.846	0.986

1495399670099	2.911	10.716	2.547

1495399670101	2.423	10.812	3.38

1495399670111	1.972	10.573	2.49

1495399670121	1.867	9.73	2.059

1495399670137	1.561	8.59	1.896

1495399670141	2.269	7.757	1.273

1495399670151	2.528	6.665	0.708

1495399670162	1.235	3.926	1.015

1495399670172	0.009	3.773	1.158

1495399670181	-0.986	3.629	1.407

1495399670191	-1.398	3.217	2.001

1495399670200	-1.762	2.796	2.193

1495399670216	-1.743	2.633	2.279

1495399670221	-1.733	2.681	2.221

1495399670231	-1.704	2.633	2.116

1495399670241	-1.494	2.882	1.628

1495399670254	-1.063	3.562	0.89

1495399670261	-0.9	4.079	0.392

1495399670271	-0.488	4.501	0.363

1495399670280	0.316	4.826	0.871

1495399670294	0.833	5.458	1.561

1495399670301	1.197	6.215	1.551

1495399670311	2.154	6.885	1.283

1495399670326	2.394	7.824	1.245

1495399670331	2.413	9.462	2.001

1495399670341	2.241	11.454	2.968

1495399670351	2.585	13.733	4.022

1495399670366	2.93	16.424	4.501

1495399670372	1.733	18.924	7.115

1495399670380	1.733	18.924	7.479

1495399670390	3.265	12.67	6.445

1495399670403	3.639	10.831	4.932

1495399670411	5.478	9.347	3.907

1495399670421	6.713	8.399	2.796

1495399670431	5.736	7.776	3.026

1495399670441	4.242	7.249	3.457

1495399670451	3.304	6.081	4.453

1495399670461	2.604	4.874	5.87

1495399670474	3.035	4.606	5.995

1495399670482	2.93	5.65	5.842

1495399670491	2.844	7.326	5.085

1495399670500	2.71	9.921	3.773

1495399670520	2.087	13.379	1.733

1495399670521	2.049	18.34	-0.909

1495399670531	3.802	19.614	-2.911

1495399670541	1.992	19.614	-2.26

1495399670559	-5.583	14.959	0.555

1495399670562	-4.817	7.278	1.254

1495399670571	-2.691	4.846	-0.919

1495399670581	-0.258	5.688	-0.928

1495399670591	1.264	5.152	-0.612

1495399670601	2.106	4.664	-2.882

1495399670611	1.953	5.286	-2.844

1495399670621	1.599	7.077	-0.258

1495399670632	1.522	9.222	1.292

1495399670641	0.957	11.626	1.771

1495399670651	0.469	13.369	2.126

1495399670664	0.459	14.978	1.819

1495399670675	1.647	15.524	1.35

1495399670681	2.796	13.369	0.679

1495399670691	2.442	9.73	0.804

1495399670701	2.308	8.044	0.833

1495399670712	2.308	7.901	0.44

1495399670721	2.164	7.853	-0.076

1495399670731	1.752	7.7	-0.373

1495399670743	0.967	7.336	-0.507

1495399670753	0.488	7.058	-0.747

1495399670762	0.402	7.02	-0.948

1495399670771	0.296	7.355	-1.12

1495399670791	-0.105	7.518	-1.292

1495399670792	-0.517	7.623	-1.024

1495399670800	-0.584	7.747	-0.469

1495399670811	-0.296	8.025	1.187

1495399670828	0.43	8.657	1.992

1495399670830	0.565	9.136	2.25

1495399670841	0.555	9.414	2.221

1495399670861	0.766	9.05	0.9

1495399670877	0.928	8.399	0.258

1495399670880	1.187	7.968	-0.143

1495399670890	1.608	8.418	-0.344

1495399670900	1.762	9.462	-0.229

1495399670914	1.551	11.004	0.028

1495399670921	1.714	11.904	-0.143

1495399670931	1.733	11.866	-0.047

1495399670940	1.618	11.339	0.191

1495399670952	1.541	10.87	-0.057

1495399670962	1.608	11.099	0.268

1495399671123	1.436	11.645	1.043

1495399671127	1.455	12.009	1.561

1495399671136	1.676	12.028	1.714

1495399671137	2.03	11.837	1.484

1495399671138	2.403	11.875	0.823

1495399671139	2.557	12.23	0.134

1495399671141	2.403	12.593	-1.934

1495399671141	1.618	11.444	-3.514

1495399671142	0.718	9.96	-4.395

1495399671144	-0.44	9.596	-3.064

1495399671145	-1.886	10.372	-2.001

1495399671146	-2.47	10.927	-1.762

1495399671147	-2.758	11.827	-1.072

1495399671148	-3.074	13.197	1.024

1495399671149	-3.505	16.702	2.174

1495399671152	-4.616	19.192	2.672

1495399671154	-5.956	19.614	1.455

1495399671163	-4.367	19.614	-0.277

1495399671164	-2.164	18.895	-1.982

1495399671165	-0.344	15.754	-2.557

1495399671175	2.442	12.718	-1.398

1495399671180	3.84	11.128	0.555

1495399671198	2.968	10.601	1.925

1495399671201	2.231	9.711	2.614

1495399671211	2.135	10.458	2.413

1495399671220	2.518	10.965	2.327

1495399671233	2.739	11.492	1.704

1495399671241	2.442	10.63	0.919

1495399671251	2.71	8.925	0.545

1495399671262	1.79	5.813	1.053

1495399671277	0.545	4.453	1.608

1495399671281	-0.239	3.562	2.068

1495399671291	-0.986	2.652	2.461

1495399671309	-1.005	2.212	2.432

1495399671311	-1.024	1.829	1.896

1495399671320	-0.986	1.905	1.484

1495399671330	-0.708	2.039	0.938

1495399671341	-0.766	2.068	0.469

1495399671351	-0.191	2.202	0.316

1495399671362	-0.009	2.212	0.191

1495399671372	0.45	2.394	0.354

1495399671381	0.181	2.528	0.325

1495399671391	-0.124	3.093	0.459

1495399671401	0.44	3.955	0.478

1495399671411	0.612	4.807	0.45

1495399671431	0.775	6.253	0.411

1495399671432	1.225	7.977	0.699

1495399671441	1.666	10.439	1.474

1495399671450	2.231	13.657	2.384

1495399671468	1.81	17.631	3.888

1495399671471	-0.459	19.614	5.2

1495399671481	-0.038	18.512	6.196

1495399671491	0.201	15.16	7.24

1495399671501	1.723	12.009	7.048

1495399671511	4.798	9.586	5.411

1495399671521	7.642	8.13	3.945

1495399671531	8.466	7.297	3.352

1495399671546	7.0	6.656	3.763

1495399671551	5.248	5.286	4.664

1495399671562	4.395	4.491	5.631

1495399671571	4.3	4.941	6.071

1495399671585	4.06	7.211	5.277

1495399671591	4.405	10.094	3.802

1495399671601	4.108	14.384	2.691

1495399671610	4.022	19.23	-0.517

1495399671622	6.694	19.614	-3.438

1495399671631	2.873	19.259	-3.735

1495399671640	-5.727	12.718	0.545

1495399671651	-8.609	6.646	2.49

1495399671662	-7.125	3.045	2.145

1495399671671	-3.265	3.332	1.063

1495399671681	0.028	4.031	0.574

1495399671692	2.355	2.557	-1.168

1495399671703	3.897	4.635	-3.064

1495399671711	3.888	6.866	-3.476

1495399671721	4.051	9.72	-1.245

1495399671733	3.045	12.507	1.264

1495399671742	1.446	15.151	3.668

1495399671751	0.105	17.353	3.313

1495399671762	0.536	18.704	1.972

1495399671782	0.641	16.52	1.158

1495399671784	0.296	11.674	1.187

1495399671791	0.775	8.265	0.852

1495399671801	1.522	7.24	-0.325

1495399671820	1.647	6.656	-0.363

1495399671821	1.628	6.34	-0.019

1495399671830	2.126	7.01	-0.249

1495399671841	2.145	7.24	-0.526

1495399671851	1.723	7.47	-1.024

1495399671862	0.986	8.427	-0.976

1495399671872	0.143	8.925	-0.957

1495399671881	-0.766	8.878	-0.641

1495399671891	-0.967	8.485	0.191

1495399671900	-0.316	7.958	1.187

1495399671912	0.306	7.652	1.331

1495399671921	0.44	7.834	1.561

1495399671931	0.344	8.006	1.503

1495399671941	0.43	7.977	1.465

1495399671954	0.632	8.255	1.398

1495399671961	0.928	8.571	1.082

1495399671971	0.833	8.772	0.651

1495399671981	0.842	9.069	0.21

1495399671992	0.823	9.471	0.0

1495399672001	0.66	10.496	0.268

1495399672013	0.478	11.444	0.861

1495399672021	0.536	12.057	1.225

1495399672038	0.823	12.162	1.618

1495399672041	0.967	12.105	1.771

1495399672051	1.417	12.019	1.656

1495399672062	1.589	11.971	1.685

1495399672079	1.743	12.22	1.312

1495399672081	2.145	12.871	0.584

1495399672091	2.145	13.695	-0.689

1495399672101	1.398	15.553	-1.781

1495399672115	0.804	15.955	-2.442

1495399672121	0.172	13.637	-3.208

1495399672131	0.402	10.17	-2.978

1495399672141	0.747	9.184	-2.557

1495399672152	0.22	9.069	-1.905

1495399672162	-0.574	10.458	-0.584

1495399672174	-1.024	13.187	0.498

1495399672181	-1.522	16.74	1.388

1495399672191	-1.465	19.451	2.279

1495399672206	-2.202	19.614	1.541

1495399672211	-2.48	19.24	0.316

1495399672221	-2.145	16.961	-0.124

1495399672231	-1.743	14.432	-0.641

1495399672244	-1.158	12.689	-1.024

1495399672251	-0.249	11.722	-1.149

1495399672261	0.861	10.295	-0.162

1495399672271	1.197	9.28	1.053

1495399672283	1.398	10.151	0.526

1495399672291	1.35	10.429	0.354

1495399672301	1.513	9.395	0.249

1495399672320	1.628	8.906	0.153

1495399672321	2.001	8.37	0.44

1495399672330	1.857	7.336	0.699

1495399672341	1.532	7.221	1.216

1495399672357	0.268	5.631	1.57

1495399672362	-0.651	4.989	1.695

1495399672372	-0.948	4.472	1.666

1495399672381	-1.005	4.156	1.637

1495399672393	-1.024	4.166	1.379

1495399672401	-1.245	4.357	0.89

1495399672411	-1.245	4.434	0.44

1495399672430	-1.187	4.252	0.287

1495399672431	-0.986	4.223	0.277

1495399672441	-0.383	4.194	0.756

1495399672451	0.249	4.319	1.053

1495399672471	0.363	4.788	0.909

1495399672473	0.038	5.775	0.517

1495399672481	-0.229	6.502	0.718

1495399672491	-0.526	7.336	1.072

1495399672504	-0.21	8.188	1.963

1495399672511	-0.019	9.098	2.901

1495399672521	-0.105	10.151	3.61

1495399672531	-0.268	11.511	4.625

1495399672541	-1.963	12.68	6.751

1495399672551	0.718	12.68	8.063

1495399672562	4.577	9.596	8.791

1495399672573	6.014	7.173	8.36

1495399672583	6.119	6.033	7.824

1495399672591	7.202	5.516	7.125

1495399672601	7.786	5.391	6.1

1495399672611	7.077	5.775	5.861

1495399672622	5.889	6.311	6.464

1495399672631	5.506	7.048	6.962

1495399672641	5.238	7.642	6.627

1495399672653	4.539	8.494	6.244

1495399672664	4.137	9.625	5.813

1495399672671	3.668	11.272	5.487

1495399672680	3.744	13.446	4.606

1495399672700	4.108	16.922	1.829

1495399672701	5.813	19.556	-0.019

1495399672711	3.505	19.614	0.392

1495399672720	-4.711	16.089	2.461

1495399672731	-8.456	8.274	4.031

1495399672741	-8.159	4.577	3.591

1495399672751	-5.296	4.941	2.279

1495399672762	-2.059	5.64	0.565

1495399672777	0.306	4.443	-1.024

1495399672781	1.532	3.984	-3.495

1495399672791	3.428	7.46	-2.882

1495399672801	3.639	7.977	-1.513

1495399672814	2.959	8.399	0.201

1495399672821	1.877	9.376	1.551

1495399672831	1.139	12.048	3.064

1495399672841	0.114	15.696	3.265

1495399672856	-0.287	17.047	2.288

1495399672862	0.842	14.93	1.79

1495399672873	2.078	11.042	1.359

1495399672881	2.978	7.939	1.254

1495399672899	3.016	6.435	0.842

1495399672901	3.045	6.225	0.249

1495399672911	3.447	6.244	-0.373

1495399672921	3.131	6.148	-0.632

1495399672936	2.624	6.464	-0.996

1495399672941	2.375	7.058	-1.292

1495399672951	2.174	7.508	-1.455

1495399672962	1.398	8.217	-1.484

1495399672977	0.478	9.155	-1.302

1495399672981	-0.296	9.663	-1.024

1495399672990	-0.986	9.864	-0.229

1495399673001	-1.091	9.902	0.268

1495399673015	-0.689	9.49	0.229

1495399673021	-0.603	9.05	0.536

1495399673031	-0.593	8.772	0.766

1495399673041	-0.794	8.81	0.89

1495399673053	-0.718	8.82	0.89

1495399673062	-0.143	8.992	0.574

1495399673071	0.239	9.261	0.421

1495399673088	0.354	9.701	0.402

1495399673091	0.756	10.831	0.478

1495399673101	1.034	11.741	0.632

1495399673111	1.436	12.498	0.689

1495399673127	1.8	12.967	0.766

1495399673131	2.308	13.398	1.245

1495399673141	2.432	13.245	1.561

1495399673151	2.451	12.823	1.494

1495399673165	2.298	12.297	1.168

1495399673171	2.346	12.373	0.699

1495399673181	2.317	13.522	-0.459

1495399673191	1.762	14.471	-1.321

1495399673204	0.622	14.739	-1.388

1495399673211	-0.067	13.58	-0.842

1495399673221	-0.421	12.316	-0.756

1495399673230	-0.287	10.486	-2.145

1495399673243	0.105	9.72	-2.231

1495399673251	-0.067	9.988	-1.647

1495399673262	-0.43	11.052	-1.283

1495399673281	-0.881	12.833	-0.402

1495399673282	-1.436	15.61	1.177

1495399673290	-1.321	17.842	2.231

1495399673300	-1.704	19.393	2.279

1495399673320	-1.79	19.614	1.034

1495399673321	-3.457	18.091	0.517

1495399673331	-3.189	15.189	-0.718

1495399673341	-1.771	12.977	-2.7

1495399673358	-0.967	10.573	-2.853

1495399673361	0.124	8.868	-0.986

1495399673372	1.053	8.696	0.392

1495399673381	1.484	8.791	0.727

1495399673396	0.794	8.858	1.398

1495399673401	-0.21	8.542	0.689

1495399673411	-0.593	8.198	0.287

1495399673421	-0.086	7.968	0.44

1495399673431	-0.028	7.805	0.354

1495399673441	-0.114	7.336	1.034

1495399673451	0.459	5.104	1.857

1495399673461	0.612	4.798	2.288

1495399673476	-0.344	4.865	2.145

1495399673481	-0.775	4.529	2.145

1495399673490	-1.12	4.654	1.752

1495399673500	-1.11	4.539	1.484

1495399673513	-1.197	3.945	1.235

1495399673521	-1.197	3.735	1.034

1495399673531	-1.283	3.639	0.871

1495399673543	-1.101	3.754	0.785

1495399673552	-1.005	3.802	1.024

1495399673562	-1.015	3.773	1.838

1495399673571	-0.928	4.233	2.116

1495399673592	-0.392	4.702	2.346

1495399673593	-0.009	5.535	3.112

1495399673601	0.871	6.742	3.945

1495399673611	2.03	7.719	4.951

1495399673629	3.083	8.743	6.091

1495399673631	3.936	10.534	6.962

1495399673641	4.357	11.253	7.671

1495399673650	4.108	11.684	8.332

1495399673668	5.047	10.046	10.151

1495399673671	5.612	8.427	10.352

1495399673681	5.593	7.058	9.299

1495399673691	5.114	6.081	8.016

1495399673706	5.008	5.334	7.115

1495399673711	4.367	4.692	5.612

1495399673721	2.432	5.698	4.884

1495399673731	0.124	8.552	4.271

1495399673744	0.095	13.168	3.62

1495399673751	3.39	18.79	2.94

1495399673762	6.186	19.614	2.164

1495399673773	2.959	19.479	1.503

1495399673783	-3.284	13.436	1.139

1495399673791	-6.502	7.47	1.982

1495399673800	-6.579	5.535	3.007

1495399673820	-4.3	6.885	3.007

1495399673821	-2.03	7.451	1.264

1495399673830	-0.66	6.483	-0.181

1495399673841	0.373	5.43	-1.11

1495399673852	0.919	6.426	-2.078

1495399673869	1.81	8.188	-2.365

1495399673873	1.925	9.012	-1.149

1495399673882	0.871	10.008	0.565

1495399673891	0.201	12.115	1.743

1495399673901	-0.21	14.595	2.164

1495399673911	0.162	15.831	1.436

1495399673920	1.685	15.122	1.158

1495399673931	2.509	11.808	0.852

1495399673947	3.026	8.36	0.67

1495399673950	4.003	7.412	0.249

1495399673962	4.041	7.154	-0.335

1495399673971	3.763	7.029	-0.938

