1496166752397	20.52	20.88	-45.54

1496166752483	22.02	19.98	-45.0

1496166752586	23.22	19.44	-44.46

1496166752682	24.36	19.92	-43.56

1496166752782	25.5	20.52	-42.6

1496166752883	26.64	19.38	-41.88

1496166752993	28.08	17.04	-41.52

1496166753083	29.22	13.98	-41.52

1496166753183	29.88	11.28	-41.52

1496166753286	29.94	9.9	-41.52

1496166753382	30.42	8.94	-41.1

1496166753488	30.96	7.8	-40.68

1496166753583	31.86	6.48	-40.14

1496166753688	32.22	6.84	-39.84

1496166753775	32.7	8.22	-39.36

1496166753883	32.94	10.02	-38.64

1496166754004	33.48	10.86	-38.16

