1496061920694	17.76	66.299995	-6.66

1496061920702	17.82	66.54	-6.72

1496061920713	17.88	66.72	-6.7799997

1496061920719	17.88	66.9	-6.66

1496061920729	17.82	67.02	-6.72

1496061920739	17.88	67.26	-6.7799997

1496061920752	17.82	67.68	-6.66

1496061920762	17.76	68.1	-6.48

1496061920771	17.82	68.1	-6.48

1496061920781	17.82	67.92	-6.6

1496061920791	17.82	67.86	-6.66

1496061920802	17.76	67.799995	-6.96

1496061920809	17.64	67.68	-6.96

1496061920819	17.76	67.56	-6.8999996

1496061920829	17.82	67.26	-7.02

1496061920842	17.88	67.14	-7.2599998

1496061920851	17.82	67.2	-7.2

1496061920861	17.76	67.02	-7.08

1496061920872	17.82	67.14	-6.96

1496061920884	18.0	67.02	-6.6

1496061921065	18.42	67.2	-6.6

1496061921069	18.359999	67.32	-6.66

1496061921072	18.66	67.32	-6.72

1496061921075	18.72	67.32	-6.66

1496061921079	18.84	67.2	-6.6

1496061921083	18.84	67.799995	-6.6

1496061921087	18.66	67.799995	-6.66

1496061921091	18.66	67.979996	-6.96

1496061921094	18.48	68.1	-7.08

1496061921099	18.42	67.979996	-7.14

1496061921102	18.119999	68.04	-7.08

1496061921106	18.119999	67.92	-7.14

1496061921111	18.18	68.28	-7.2

1496061921115	18.48	68.04	-7.2

1496061921118	18.48	67.979996	-7.2

1496061921122	18.42	68.04	-7.2599998

1496061921125	18.42	67.619995	-7.14

1496061921129	18.48	67.799995	-7.08

1496061921133	18.539999	67.56	-6.8999996

1496061921136	18.6	67.439995	-6.96

1496061921141	18.84	67.32	-7.2

1496061921144	18.9	67.32	-7.14

1496061921148	19.199999	67.38	-6.8399997

1496061921151	19.5	67.14	-6.72

1496061921154	19.68	67.32	-6.54

1496061921157	19.68	67.14	-6.54

1496061921161	19.8	67.32	-6.7799997

1496061921164	20.039999	67.26	-6.48

1496061921224	19.619999	67.08	-5.94

1496061921228	19.619999	67.02	-5.94

1496061921231	19.56	66.84	-5.94

1496061921234	19.38	67.08	-6.0

1496061921238	19.14	66.96	-6.0

1496061921243	19.14	66.96	-5.94

1496061921246	19.199999	66.9	-5.7

1496061921251	19.14	66.9	-5.8799996

1496061921254	19.38	66.9	-6.18

1496061921277	19.439999	66.9	-6.0

1496061921281	19.439999	66.96	-6.12

1496061921284	19.56	66.84	-5.8799996

1496061921295	19.56	66.72	-5.8799996

1496061921303	19.8	66.78	-6.0

1496061921309	19.56	66.72	-6.24

1496061921322	19.619999	66.84	-6.12

1496061921332	19.619999	66.84	-6.12

1496061921342	19.38	66.84	-6.24

1496061921352	19.14	66.9	-6.24

1496061921363	19.02	66.9	-6.3599997

1496061921374	19.08	66.9	-6.3599997

1496061921606	19.02	66.78	-6.2999997

1496061921610	19.199999	66.78	-6.24

1496061921613	19.14	66.9	-6.06

1496061921617	19.02	66.72	-6.24

1496061921620	19.02	66.659996	-6.3599997

1496061921623	19.02	66.54	-6.54

1496061921626	18.84	66.42	-6.6

1496061921630	18.66	66.42	-6.8399997

1496061921633	18.48	66.479996	-6.6

1496061921636	18.18	66.299995	-6.3599997

1496061921640	18.0	66.299995	-6.48

1496061921643	18.119999	66.36	-6.2999997

1496061921647	18.06	66.24	-5.94

1496061921651	18.3	66.06	-5.7599998

1496061921654	18.42	66.119995	-5.7599998

1496061921657	18.48	66.0	-5.64

1496061921660	18.48	66.0	-5.94

1496061921664	18.539999	66.06	-6.3599997

1496061921667	18.72	65.88	-6.3599997

1496061921671	18.9	65.88	-6.24

1496061921675	19.08	66.0	-6.24

1496061921679	19.08	66.06	-6.2999997

1496061921683	19.26	66.06	-6.12

1496061921686	19.5	66.24	-5.94

1496061921690	19.68	66.24	-5.64

1496061921694	19.92	66.299995	-5.3399997

1496061921698	19.74	66.24	-5.3399997

1496061921701	19.56	66.42	-5.3399997

1496061921705	19.56	66.36	-5.52

1496061921709	19.56	66.42	-5.64

1496061921713	19.439999	66.24	-5.8199997

1496061921717	19.26	66.06	-5.94

1496061921720	19.38	66.06	-5.94

1496061921724	19.14	66.0	-6.06

1496061921727	19.08	65.88	-6.24

1496061921731	19.14	65.58	-6.48

1496061921813	18.96	65.64	-6.24

1496061921817	18.72	65.58	-6.0

1496061921820	18.66	65.7	-5.7599998

1496061921824	18.6	65.88	-5.52

1496061921829	18.3	65.939995	-5.7599998

1496061921833	18.3	66.06	-5.8799996

1496061921837	18.18	66.119995	-5.7599998

1496061921840	18.18	65.939995	-5.7

1496061921843	18.119999	65.82	-5.8799996

1496061921847	18.359999	65.7	-5.94

1496061921851	18.42	65.58	-6.06

1496061921855	18.42	65.46	-6.12

1496061921885	18.42	65.34	-6.0

1496061921889	18.66	65.159996	-5.8799996

1496061921892	18.66	65.159996	-6.06

1496061921895	18.66	65.46	-6.12

1496061921900	18.96	65.22	-5.8799996

1496061921915	18.72	65.4	-5.8799996

1496061921922	18.6	65.58	-5.8799996

1496061921929	18.66	65.64	-5.8799996

1496061921939	18.96	65.76	-5.58

1496061921952	18.66	65.82	-5.3399997

1496061921962	18.72	65.82	-5.22

1496061921972	18.6	65.64	-4.98

1496061921983	18.359999	66.0	-5.2799997

1496061921992	18.42	65.7	-5.52

1496061922003	18.539999	65.64	-5.52

1496061922013	18.48	65.34	-5.7599998

1496061922019	18.3	65.22	-6.12

1496061922033	18.18	65.28	-6.18

1496061922040	18.42	65.22	-6.3599997

1496061922054	18.539999	65.4	-6.3599997

1496061922060	18.539999	65.4	-6.3599997

1496061922069	18.48	65.46	-6.3599997

1496061922084	18.42	65.58	-6.6

1496061922094	18.48	65.82	-6.48

1496061922105	18.48	65.82	-6.48

1496061922113	18.48	65.82	-6.66

1496061922123	18.3	65.7	-6.48

1496061922135	18.3	65.58	-6.48

1496061922145	18.42	65.46	-6.42

1496061922154	18.3	65.46	-6.42

1496061922164	18.359999	65.46	-6.12

1496061922173	18.18	65.58	-5.94

1496061922179	18.42	65.58	-5.64

1496061922189	18.48	65.22	-5.7

1496061922199	18.42	65.22	-5.8799996

1496061922209	18.42	65.22	-6.0

1496061922219	18.42	65.34	-6.0

1496061922232	18.539999	65.46	-6.06

1496061922239	18.539999	65.4	-6.12

1496061922250	18.539999	65.34	-6.12

1496061922352	18.42	65.28	-6.12

1496061922353	18.48	65.7	-6.12

1496061922356	18.42	65.82	-6.24

1496061922359	18.539999	66.06	-6.2999997

1496061922362	18.359999	66.06	-6.24

1496061922365	18.359999	65.939995	-6.18

1496061922369	18.18	65.939995	-6.48

1496061922372	18.3	66.119995	-6.66

1496061922375	18.3	66.24	-6.96

1496061922379	18.18	66.119995	-6.8999996

1496061922384	18.18	66.06	-6.7799997

1496061922387	17.94	65.939995	-6.8399997

1496061922391	18.06	66.06	-6.96

1496061922414	18.119999	65.88	-7.02

1496061922417	18.18	65.939995	-6.66

1496061922422	18.06	65.88	-6.7799997

1496061922434	18.06	65.82	-6.7799997

1496061922440	18.119999	65.939995	-6.7799997

1496061922449	18.48	66.119995	-6.6

1496061922462	18.6	66.119995	-6.3599997

1496061922473	18.6	66.119995	-6.42

1496061922482	18.48	66.299995	-6.12

1496061922491	18.48	66.299995	-6.48

1496061922502	18.539999	66.299995	-6.48

1496061922510	18.359999	66.24	-6.6

1496061922524	18.3	65.939995	-6.6

1496061922534	18.0	65.82	-6.48

1496061922543	17.88	65.939995	-6.72

1496061922554	17.82	66.119995	-6.3599997

1496061922559	17.82	66.06	-6.66

1496061922571	17.76	66.06	-6.48

1496061922579	17.76	66.06	-6.3599997

1496061922591	17.88	66.299995	-6.2999997

1496061922602	18.06	66.36	-6.2999997

1496061922612	18.119999	66.54	-6.66

1496061922623	18.18	66.36	-6.72

1496061922632	18.539999	66.24	-6.8399997

1496061922641	18.6	66.54	-6.54

1496061922653	18.66	66.659996	-6.6

1496061922662	18.72	66.72	-6.66

1496061922670	18.72	66.72	-6.66

1496061922684	18.48	66.78	-6.42

1496061922704	18.539999	66.72	-6.12

1496061922708	18.42	66.659996	-6.18

1496061922711	18.0	66.54	-6.54

1496061922723	18.0	66.36	-6.8399997

1496061922733	18.18	66.299995	-6.8399997

1496061922742	18.06	66.18	-6.7799997

1496061922753	18.0	66.119995	-6.7799997

1496061922762	18.0	65.939995	-7.02

1496061922779	17.94	66.119995	-7.14

1496061922782	18.0	66.18	-6.96

1496061922795	18.119999	66.24	-6.96

1496061922803	18.18	66.299995	-7.02

1496061922810	18.0	66.24	-6.7799997

1496061922822	18.06	66.24	-6.7799997

1496061922834	18.0	66.24	-6.72

1496061922843	18.119999	66.479996	-6.6

1496061922852	18.0	66.36	-6.3599997

1496061922862	18.3	66.299995	-6.42

1496061922871	18.3	66.72	-6.0

1496061922880	18.18	66.479996	-6.12

1496061922890	18.18	66.479996	-6.2999997

1496061922899	18.18	66.54	-6.12

1496061922909	18.18	66.659996	-6.18

1496061922923	18.119999	66.119995	-6.3599997

1496061922935	18.3	66.119995	-6.42

1496061922942	18.119999	66.119995	-6.3599997

1496061922952	18.119999	65.58	-6.42

1496061922960	18.18	65.64	-5.94

1496061922974	18.18	65.82	-6.06

1496061922984	18.119999	65.88	-6.18

1496061922993	18.3	65.82	-5.94

1496061923002	18.359999	66.24	-6.0

1496061923011	18.359999	66.299995	-6.0

1496061923019	18.3	66.36	-5.7599998

1496061923031	18.18	66.72	-5.7599998

1496061923043	18.06	66.78	-6.06

1496061923053	18.06	66.78	-6.0

1496061923062	18.18	66.72	-5.8199997

1496061923073	18.3	66.72	-6.0

1496061923082	18.06	66.96	-6.06

1496061923093	18.3	66.96	-6.18

1496061923103	18.3	66.96	-6.48

1496061923112	18.119999	66.9	-6.7799997

1496061923124	18.18	66.9	-6.66

1496061923130	18.3	66.9	-6.8399997

1496061923150	18.18	66.72	-7.14

1496061923169	18.06	66.78	-6.96

1496061923177	18.18	66.36	-6.96

1496061923193	18.06	66.479996	-6.7799997

1496061923197	18.06	66.479996	-6.72

1496061923204	18.359999	66.54	-6.6

1496061923256	18.42	66.659996	-6.42

1496061923260	18.3	66.299995	-6.24

1496061923264	18.359999	66.479996	-5.94

1496061923268	18.6	66.42	-5.8799996

1496061923272	18.6	66.659996	-5.58

1496061923275	18.6	66.42	-5.58

1496061923279	18.66	66.42	-5.58

1496061923283	18.6	66.24	-5.58

1496061923312	18.6	66.119995	-5.8799996

1496061923315	18.6	66.479996	-5.94

1496061923318	18.6	66.36	-5.94

1496061923322	18.359999	66.54	-5.94

1496061923333	18.18	66.6	-6.0

1496061923342	18.18	66.9	-6.12

1496061923351	18.18	66.96	-6.24

1496061923363	18.3	67.02	-6.42

1496061923373	18.18	67.14	-6.2999997

1496061923381	18.3	67.14	-6.2999997

1496061923390	18.119999	67.2	-6.18

1496061923399	18.119999	67.02	-6.6

1496061923409	18.48	66.78	-6.6

1496061923420	18.3	66.54	-6.42

1496061923433	18.119999	66.72	-6.42

1496061923444	18.06	66.9	-6.18

1496061923454	18.0	66.72	-6.06

1496061923465	17.88	66.78	-6.18

1496061923469	17.88	66.479996	-6.24

1496061923485	17.82	66.24	-5.94

1496061923489	17.46	65.939995	-5.94

1496061923505	17.46	65.82	-5.94

1496061923514	17.4	65.28	-5.7

1496061923521	17.279999	64.92	-5.58

1496061923533	17.279999	64.799995	-5.7599998

1496061923544	17.34	64.56	-5.7

1496061923550	17.52	65.04	-5.8799996

1496061923562	17.58	65.22	-5.8799996

1496061923573	17.64	65.58	-6.24

1496061923584	17.88	65.939995	-6.6

1496061923592	18.0	66.36	-6.72

1496061923603	18.119999	66.72	-6.8999996

1496061923613	18.3	66.9	-6.8399997

1496061923625	18.42	67.02	-6.72

1496061923633	18.42	66.96	-6.6

1496061923644	18.539999	67.14	-6.54

1496061923652	18.6	67.08	-6.2999997

1496061923664	18.539999	66.9	-6.12

1496061923673	18.48	66.9	-6.12

1496061923684	18.48	66.72	-6.3599997

1496061923693	18.48	66.72	-6.18

1496061923704	18.359999	66.54	-6.18

1496061923714	18.3	66.36	-6.18

1496061923725	18.119999	66.54	-6.48

1496061923734	18.119999	66.72	-6.6

1496061923744	18.18	66.6	-6.42

1496061923753	18.3	66.479996	-6.42

1496061923762	18.3	66.6	-6.2999997

1496061923772	18.42	66.72	-6.2999997

1496061923784	18.42	66.78	-6.2999997

1496061923790	18.42	66.78	-6.54

1496061923804	18.42	66.54	-6.54

1496061923815	18.359999	66.54	-6.42

1496061923823	18.359999	66.78	-6.42

1496061923833	18.3	66.54	-6.42

1496061923840	18.359999	66.42	-6.42

1496061923850	18.119999	66.119995	-6.6

1496061923864	18.18	66.24	-6.66

1496061923873	18.3	66.42	-6.42

1496061923884	18.6	66.479996	-6.12

1496061923893	18.72	66.479996	-6.0

1496061923903	18.6	66.299995	-5.8199997

1496061923915	18.48	66.72	-5.8199997

1496061923923	18.48	66.84	-5.8799996

1496061923930	18.359999	66.96	-6.0

1496061923943	18.539999	66.9	-5.7599998

1496061923950	18.539999	66.84	-5.7599998

1496061923963	18.3	66.9	-5.8199997

1496061923969	18.18	66.96	-6.06

1496061923979	18.359999	67.02	-6.3599997

1496061923990	18.539999	67.02	-6.3599997

1496061924003	18.539999	66.96	-6.2999997

1496061924018	18.66	66.96	-6.24

1496061924033	18.48	67.02	-6.0

1496061924046	18.359999	67.2	-6.18

1496061924058	18.359999	66.78	-6.3599997

1496061924063	18.42	66.54	-6.18

1496061924066	18.359999	66.24	-6.12

1496061924081	18.42	66.06	-6.06

1496061924097	18.359999	66.24	-5.7599998

1496061924102	18.6	66.119995	-5.7599998

1496061924104	18.6	66.06	-5.8799996

1496061924164	18.66	65.88	-5.58

1496061924166	18.539999	66.24	-5.22

1496061924171	18.48	66.36	-5.4

1496061924174	18.42	66.72	-5.4

1496061924178	18.539999	66.9	-5.4

1496061924181	18.6	66.9	-5.64

1496061924184	18.18	66.96	-5.58

1496061924189	18.119999	67.02	-5.7599998

1496061924193	18.18	67.14	-5.7599998

1496061924210	18.3	67.08	-6.18

1496061924220	18.359999	66.96	-6.06

1496061924230	18.48	66.96	-5.8799996

1496061924242	18.359999	66.72	-5.7

1496061924252	18.18	66.72	-5.46

1496061924262	18.359999	66.54	-5.46

1496061924272	18.48	66.659996	-5.2799997

1496061924280	18.42	66.54	-5.52

1496061924289	18.539999	66.84	-5.4

1496061924302	18.42	66.84	-5.46

1496061924314	18.3	66.72	-5.4

1496061924323	18.18	66.9	-5.58

1496061924333	18.3	66.96	-6.0

1496061924343	18.3	67.2	-6.0

1496061924350	18.3	67.02	-6.18

1496061924364	18.18	66.96	-6.18

1496061924374	18.119999	66.72	-6.06

1496061924383	18.119999	66.6	-6.06

1496061924393	18.3	66.6	-6.2999997

1496061924404	18.3	66.6	-6.2999997

1496061924413	18.359999	66.54	-5.8799996

1496061924423	18.359999	66.479996	-5.58

1496061924434	18.3	66.54	-5.4

1496061924445	18.359999	66.659996	-5.16

1496061924450	18.359999	66.72	-5.16

1496061924460	18.42	66.78	-4.92

1496061924469	18.359999	66.9	-4.7999997

1496061924484	18.42	66.78	-4.7999997

1496061924490	18.42	66.72	-4.92

1496061924504	18.42	66.54	-5.22

1496061924513	18.42	66.479996	-5.4

1496061924520	18.42	66.36	-5.52

1496061924529	18.42	66.479996	-5.7599998

