1495837519534	0.9375	-13.0	18.1875

1495837519602	1.1875	-12.4375	18.5

1495837519712	1.0	-12.1875	17.9375

1495837519801	1.0	-12.0	18.375

1495837519913	0.375	-11.875	18.25

1495837520002	0.4375	-11.9375	18.1875

1495837520102	0.25	-12.75	17.9375

1495837520211	0.5625	-12.3125	18.25

1495837520332	0.25	-13.0625	18.875

1495837520406	0.125	-13.625	18.6875

1495837520502	0.5625	-13.1875	19.8125

1495837520602	0.25	-13.5	19.9375

1495837520702	0.375	-13.8125	19.3125

1495837520802	0.5625	-13.0625	18.875

1495837520911	0.75	-13.0	18.625

1495837521016	0.8125	-13.0625	17.9375

1495837521102	0.8125	-12.5	17.8125

1495837521203	0.5	-12.8125	18.1875

1495837521303	-0.125	-13.4375	17.875

1495837521403	0.0	-13.25	18.3125

1495837521513	0.1875	-13.0	18.3125

1495837521609	0.0	-13.125	18.625

1495837521703	0.0	-12.6875	18.5

1495837521806	0.0	-13.4375	17.875

1495837521903	-0.4375	-13.5625	18.1875

1495837522007	0.0	-13.75	17.875

1495837522104	0.5625	-13.625	17.5

1495837522210	0.1875	-12.875	17.4375

1495837522312	0.8125	-13.0625	17.5

1495837522414	0.375	-12.625	17.1875

1495837522504	-0.1875	-12.9375	17.625

1495837522612	-0.1875	-13.0625	17.9375

1495837522704	-0.75	-13.1875	17.9375

1495837522810	-0.5	-13.9375	18.4375

1495837522905	-0.6875	-13.5625	18.3125

1495837523010	-0.875	-13.5625	18.1875

1495837523105	-0.3125	-13.0	17.875

1495837523212	-0.3125	-12.375	17.75

1495837523305	0.0	-12.6875	17.5625

1495837523405	0.8125	-12.9375	17.3125

1495837523511	0.3125	-13.4375	16.9375

1495837523605	-0.1875	-13.5	17.3125

1495837523709	-0.1875	-13.5	17.625

1495837523816	-1.125	-13.625	18.125

1495837523905	-0.4375	-13.4375	18.0625

1495837524005	-0.1875	-13.1875	17.6875

1495837524105	0.125	-12.875	17.375

1495837524206	-0.0625	-12.0	17.375

1495837524324	-0.5	-11.75	17.375

1495837524406	-0.5	-11.875	17.375

