1496240643226	-0.411	1.781	8.868

1496240643233	-0.411	1.781	9.088

1496240643237	0.076	2.145	9.088

1496240643245	-0.229	1.685	9.184

1496240643258	-0.785	1.541	9.423

1496240643265	-0.239	2.336	9.27

1496240643276	-0.287	1.57	8.332

1496240643285	-0.737	1.676	8.887

1496240643295	-0.277	1.992	9.557

1496240643308	-0.804	2.231	8.916

1496240643317	-0.239	2.011	8.389

1496240643329	-0.488	1.829	9.395

1496240643341	0.124	1.963	10.008

1496240643345	-0.689	1.733	8.983

1496240643355	-0.344	2.442	9.002

1496240643365	-0.134	1.417	9.404

1496240643375	-0.536	1.264	9.807

1496240643386	-0.22	2.308	9.519

1496240643396	-0.545	1.704	9.222

1496240643405	-0.402	1.944	10.362

1496240643419	-0.172	1.963	9.136

1496240643425	-0.354	2.221	8.571

1496240643436	0.076	2.039	9.615

1496240643445	-0.498	2.164	9.816

1496240643455	-0.306	2.126	9.079

1496240643467	-0.478	1.915	9.012

1496240643475	-0.268	1.743	9.433

1496240643485	-0.181	1.857	9.385

1496240643495	-0.517	2.25	8.897

1496240643505	-0.191	1.704	9.174

1496240643519	-0.268	1.685	9.826

1496240643525	0.181	2.394	9.864

1496240643535	-0.268	2.097	8.839

1496240643546	-0.153	1.896	10.017

1496240643556	-0.43	2.011	9.739

1496240643571	-0.019	2.212	8.743

1496240643576	-0.344	2.087	8.868

1496240643585	-0.277	2.26	9.672

1496240643595	-0.488	1.877	9.337

1496240643605	-0.067	2.298	9.194

1496240643619	-0.076	1.283	8.638

1496240643626	-0.306	2.001	9.538

1496240643635	-0.143	2.269	9.146

1496240643645	-0.354	1.819	8.561

1496240643655	0.22	2.039	9.098

1496240643667	-0.009	1.915	9.088

1496240643675	0.181	2.087	8.609

1496240643685	-0.861	1.465	8.533

1496240643695	-0.21	2.317	9.05

1496240643705	0.201	1.762	8.657

1496240643719	-0.21	1.934	8.657

1496240643734	-0.076	2.633	8.935

1496240643735	-0.421	1.819	8.083

1496240643745	-0.22	2.212	9.318

1496240643755	0.239	1.426	9.347

1496240643767	-0.421	2.116	9.04

1496240643775	0.019	2.786	8.983

1496240643785	-0.565	1.168	8.849

1496240643796	0.162	1.944	10.19

1496240643805	-0.019	2.308	9.5

1496240643818	0.316	2.298	8.226

1496240643825	-0.354	1.474	8.82

1496240643835	0.134	2.212	10.755

1496240643847	-0.172	1.896	7.92

1496240643855	0.086	2.154	8.629

1496240643870	-0.124	2.279	10.075

1496240643875	0.162	1.513	9.605

1496240643885	-0.421	2.193	9.165

1496240643895	0.268	2.183	8.648

1496240643906	-0.478	2.193	8.638

1496240643920	0.162	2.174	9.203

1496240643926	-0.162	1.024	9.529

1496240643935	0.057	2.49	10.352

1496240643945	0.038	2.365	8.226

1496240643955	0.172	2.174	7.594

1496240643967	0.0	1.953	9.203

1496240643975	-0.22	2.183	10.228

1496240643985	0.086	2.001	9.059

1496240643996	-0.43	1.953	9.088

1496240644005	0.095	1.982	9.079

1496240644019	0.0	1.925	9.069

1496240644025	0.009	2.288	9.203

1496240644035	0.105	2.164	8.868

1496240644045	-0.181	2.078	8.801

1496240644057	-0.047	2.135	9.596

1496240644073	0.191	1.848	9.462

1496240644077	-0.019	2.193	8.849

1496240644086	0.296	2.288	8.332

1496240644100	0.172	1.8	8.293

1496240644109	-0.047	2.212	9.251

1496240644119	-0.153	2.154	8.983

1496240644128	0.114	2.26	8.763

1496240644135	0.028	2.241	8.523

1496240644145	0.153	2.317	9.136

1496240644155	0.047	2.25	8.868

1496240644169	-0.114	2.183	8.772

1496240644175	-0.009	2.25	9.251

1496240644186	-0.076	2.154	9.404

1496240644195	-0.124	2.298	9.5

1496240644205	0.229	2.164	8.581

1496240644219	-0.067	1.992	8.648

1496240644225	0.44	2.241	9.423

1496240644235	-0.172	1.857	8.648

1496240644246	0.038	2.48	8.456

1496240644255	-0.028	1.589	8.332

1496240644268	0.201	2.087	9.567

1496240644275	0.009	2.059	9.127

1496240644285	-0.134	2.614	8.265

1496240644295	-0.019	2.116	8.456

1496240644305	0.239	2.154	9.337

1496240644319	-0.172	2.423	8.83

1496240644327	0.095	2.585	8.983

1496240644336	-0.239	1.599	9.998

1496240644346	0.373	2.164	10.324

1496240644357	0.076	2.403	9.232

1496240644367	0.775	2.221	8.59

1496240644375	-0.392	1.695	9.816

1496240644385	0.028	2.423	11.262

1496240644395	0.057	2.423	10.036

1496240644405	-0.086	2.432	8.82

1496240644418	0.181	2.355	9.404

1496240644426	0.105	2.365	10.266

1496240644436	-0.067	2.231	8.983

1496240644445	0.172	2.509	9.452

1496240644455	-0.22	2.93	9.299

1496240644469	0.411	1.915	9.27

1496240644475	-0.095	1.838	9.663

1496240644485	-0.287	3.035	9.395

1496240644495	0.201	2.566	8.054

1496240644506	0.373	2.279	8.705

1496240644519	0.086	2.231	10.237

1496240644526	0.421	2.279	9.577

1496240644535	-0.488	2.375	7.795

1496240644545	0.268	2.202	7.977

1496240644555	-0.402	2.365	9.663

1496240644567	0.507	3.016	10.314

1496240644575	0.268	2.059	8.303

1496240644585	0.038	2.174	8.37

1496240644597	-0.459	2.7	8.906

1496240644606	0.0	2.231	8.81

1496240644628	-0.028	2.011	9.72

1496240644639	0.143	2.624	7.412

1496240644659	0.258	2.231	7.441

1496240644660	-0.335	2.011	8.619

1496240644667	-0.095	2.49	9.471

1496240644675	-0.44	2.844	8.236

1496240644685	0.363	2.758	7.949

1496240644695	-0.105	1.982	8.858

1496240644705	0.067	2.672	9.816

1496240644722	-0.249	2.461	8.178

1496240644726	-0.296	2.442	8.226

1496240644741	-0.057	2.384	9.682

1496240644745	0.392	2.365	10.582

1496240644755	-0.191	2.442	8.265

1496240644767	-0.306	2.25	8.523

1496240644775	0.009	2.624	10.439

1496240644786	-0.028	2.672	9.902

1496240644796	-0.172	2.451	9.031

1496240644805	-0.086	2.461	9.308

1496240644819	-0.143	2.547	9.471

1496240644825	-0.076	2.863	8.629

1496240644835	-0.162	2.432	8.092

1496240644845	0.229	2.423	9.241

1496240644855	0.009	2.288	10.123

1496240644867	-0.086	2.796	9.749

1496240644877	-0.363	2.47	8.763

1496240644886	0.306	2.336	9.538

1496240644895	-0.584	2.394	10.17

1496240644905	-0.038	2.873	8.494

1496240644919	0.651	3.102	9.059

1496240644926	-0.344	1.992	8.763

1496240644935	-0.421	2.863	9.797

1496240644945	-0.689	2.93	9.27

1496240644955	0.038	2.834	9.28

1496240644967	0.143	2.365	9.529

1496240644975	0.143	2.892	10.199

1496240644987	-0.325	2.537	9.098

1496240644996	-0.689	3.016	8.724

1496240645005	-0.44	2.336	8.801

1496240645020	-0.028	2.423	9.969

1496240645025	-0.201	2.662	9.251

1496240645035	0.019	2.71	7.786

1496240645048	-0.229	2.461	7.661

1496240645056	-0.507	2.997	8.667

1496240645067	-0.909	2.336	9.557

1496240645075	-0.172	3.38	9.337

1496240645085	-0.517	2.509	8.159

1496240645095	-0.153	2.499	8.571

1496240645108	-0.718	2.442	9.241

1496240645125	-0.383	2.48	9.213

1496240645138	-0.488	2.576	9.261

1496240645146	-0.747	2.336	8.916

1496240645156	-0.526	2.796	8.715

1496240645168	-0.804	2.26	8.217

1496240645175	-0.574	2.423	8.734

1496240645186	-0.478	2.384	8.274

1496240645195	-0.919	2.595	8.073

1496240645205	-1.312	2.49	7.929

1496240645219	-0.756	2.403	8.715

1496240645225	-1.005	2.461	8.839

1496240645235	-1.015	2.921	8.466

1496240645245	-1.072	2.7	7.939

1496240645256	-0.881	2.432	8.6

1496240645270	-0.919	2.298	9.663

1496240645279	-0.833	2.719	8.878

1496240645286	-1.312	2.585	7.786

1496240645299	-0.766	2.451	7.929

1496240645306	-0.967	2.47	9.462

1496240645319	-0.689	2.882	9.069

1496240645325	-1.197	2.336	8.102

1496240645335	-1.13	2.47	8.964

1496240645346	-1.177	2.633	9.596

1496240645357	-1.024	3.227	8.255

1496240645368	-0.967	2.403	8.868

1496240645375	-1.292	2.461	9.816

1496240645385	-0.842	3.514	8.418

1496240645395	-1.666	2.585	7.814

1496240645405	-1.177	2.614	9.213

1496240645419	-1.158	2.49	10.209

1496240645425	-0.612	2.853	8.408

1496240645437	-1.34	2.518	7.7

1496240645445	-1.177	3.524	8.868

1496240645455	-0.996	2.193	8.715

1496240645467	-1.12	2.643	9.04

1496240645475	-1.091	2.365	8.533

1496240645485	-1.13	2.959	8.408

1496240645495	-1.359	2.375	8.6

1496240645505	-1.091	2.93	9.241

1496240645519	-0.9	2.547	8.494

1496240645526	-1.149	2.614	8.217

1496240645543	-1.513	2.681	7.92

1496240645545	-1.149	2.509	8.226

1496240645555	-0.785	2.087	8.916

1496240645567	-0.909	2.576	9.088

1496240645576	-0.996	3.189	8.054

1496240645585	-0.756	2.25	7.565

1496240645595	-1.379	2.442	9.088

1496240645605	-1.245	2.413	8.964

1496240645623	-1.158	2.528	7.805

1496240645625	-0.909	2.595	7.939

1496240645639	-0.612	2.231	8.389

1496240645645	-0.852	2.327	8.504

1496240645655	-1.283	2.442	8.025

1496240645667	-1.101	2.317	10.18

1496240645676	-0.708	2.604	9.854

1496240645685	-0.909	2.49	8.514

1496240645695	-0.909	2.576	8.705

1496240645706	-1.216	2.26	9.232

1496240645722	-0.948	2.48	8.945

1496240645727	-1.513	2.355	8.255

1496240645741	-1.063	2.7	8.274

1496240645745	-0.852	2.212	7.872

1496240645755	-0.861	2.174	7.738

1496240645767	-1.158	2.432	7.949

1496240645775	-1.015	2.423	8.389

1496240645785	-0.938	2.212	9.184

1496240645796	-0.718	2.346	10.008

1496240645805	-0.957	2.413	9.251

1496240645820	-0.948	2.202	9.05

1496240645833	-1.12	2.403	10.64

1496240645835	-0.871	2.327	9.797

1496240645845	-0.89	2.231	9.127

1496240645855	-0.967	2.49	8.897

1496240645868	-1.273	2.566	8.81

1496240645876	-1.072	2.47	8.916

1496240645885	-0.996	2.202	9.835

1496240645895	-0.814	2.269	9.711

1496240645907	-0.67	2.566	8.466

1496240645925	-0.842	2.423	8.102

1496240645927	-1.197	2.25	9.529

1496240645935	-1.254	2.174	9.96

1496240645945	-1.11	2.365	8.81

1496240645955	-0.89	2.499	8.447

1496240645967	-0.9	2.269	9.146

1496240645975	-1.082	2.403	8.715

1496240645987	-0.89	2.384	8.341

1496240645996	-1.35	2.145	8.887

1496240646005	-0.785	2.652	9.51

1496240646019	-0.938	2.135	8.782

1496240646025	-0.766	2.604	8.705

1496240646035	-1.082	2.059	8.456

1496240646045	-0.919	2.403	9.251

1496240646055	-1.082	2.355	9.577

1496240646067	-1.206	2.624	9.165

1496240646075	-1.015	2.355	8.648

1496240646087	-0.641	2.202	9.127

1496240646095	-1.101	2.26	9.318

1496240646106	-0.785	3.208	7.939

1496240646119	-0.996	2.355	9.213

1496240646126	-1.254	2.327	9.519

1496240646135	-0.804	2.604	8.15

1496240646145	-1.388	2.26	7.814

1496240646155	-0.747	2.518	8.839

1496240646171	-0.909	2.202	8.945

1496240646176	-1.015	2.499	8.868

1496240646191	-1.254	2.183	8.236

1496240646195	-1.139	2.719	8.801

1496240646205	-0.919	2.298	8.341

1496240646218	-0.9	2.336	8.59

1496240646225	-1.063	2.26	8.418

1496240646235	-0.976	2.547	8.619

1496240646245	-1.024	2.25	8.753

1496240646255	-0.976	2.614	8.925

1496240646267	-1.359	2.442	8.38

1496240646275	-0.948	2.317	9.644

1496240646285	-1.015	2.269	9.251

1496240646295	-0.976	2.547	8.437

1496240646305	-1.12	2.499	8.925

1496240646317	-0.804	2.241	9.174

1496240646327	-1.35	2.317	9.347

1496240646335	-1.053	2.365	8.485

1496240646345	-1.417	2.432	9.012

1496240646355	-0.842	2.585	9.471

1496240646373	-0.699	2.212	8.312

1496240646383	-1.072	2.557	8.399

1496240646385	-1.455	2.336	8.466

1496240646395	-1.647	2.652	8.59

1496240646405	-1.015	2.413	8.657

1496240646417	-0.986	2.26	9.059

1496240646426	-0.909	2.451	8.542

1496240646436	-1.206	2.432	9.117

1496240646445	-1.043	2.346	9.759

1496240646456	-1.197	2.432	9.864

1496240646469	-0.871	2.231	8.945

1496240646475	-0.976	2.183	8.916

1496240646485	-1.12	2.47	8.696

1496240646495	-0.747	2.566	7.949

1496240646505	-1.503	2.183	8.801

1496240646517	-0.766	2.394	9.826

1496240646527	-0.967	2.365	9.328

1496240646536	-0.938	2.518	8.025

1496240646545	-1.455	2.537	8.351

1496240646555	-0.881	2.624	9.95

1496240646567	-0.996	2.097	9.921

1496240646576	-1.321	2.7	9.04

1496240646585	-1.407	2.853	8.897

1496240646596	-1.168	2.164	9.146

1496240646606	-0.632	2.499	9.663

1496240646623	-1.216	2.346	8.322

1496240646628	-0.747	2.432	7.709

1496240646638	-1.379	2.576	8.83

1496240646645	-0.909	2.557	9.031

1496240646655	-1.426	2.011	8.839

1496240646667	-0.708	2.576	8.753

1496240646675	-1.063	2.26	8.59

1496240646685	-0.747	2.499	8.341

1496240646695	-1.331	1.992	8.274

1496240646705	-1.168	2.48	8.897

1496240646717	-1.187	2.221	8.561

1496240646727	-0.948	2.116	8.619

1496240646737	-1.139	2.528	8.973

1496240646749	-1.446	2.518	8.878

1496240646755	-0.89	2.451	8.782

1496240646770	-1.206	2.336	9.241

1496240646775	-0.718	2.806	8.743

1496240646785	-1.771	2.279	7.623

1496240646799	-1.541	2.997	8.016

1496240646806	-1.177	1.953	8.897

1496240646818	-0.938	2.288	9.682

1496240646827	-1.168	2.365	8.782

1496240646836	-1.388	2.911	8.016

1496240646845	-1.245	2.47	8.006

1496240646855	-1.091	2.135	8.887

1496240646867	-1.091	2.221	9.261

1496240646875	-1.312	2.432	8.265

1496240646885	-1.043	2.384	9.241

1496240646895	-1.101	2.49	9.586

1496240646907	-1.264	2.442	8.782

1496240646917	-1.436	2.355	8.82

1496240646930	-1.168	2.451	9.672

1496240646936	-1.225	2.604	9.462

1496240646945	-1.187	2.355	8.198

1496240646955	-1.082	2.394	8.619

1496240646968	-1.12	2.432	9.136

1496240646976	-1.101	2.509	8.552

1496240646986	-1.599	2.087	8.456

1496240646996	-0.976	2.336	9.577

1496240647006	-1.34	2.518	9.414

1496240647016	-1.379	2.355	8.791

1496240647028	-0.881	2.49	9.088

1496240647035	-1.187	2.26	8.408

1496240647046	-1.762	2.595	8.868

1496240647056	-1.302	2.336	8.925

1496240647067	-0.957	2.355	9.194

1496240647076	-0.814	2.327	8.667

1496240647085	-1.264	2.154	8.322

1496240647096	-1.417	2.49	8.858

1496240647107	-1.34	2.509	8.992

1496240647117	-1.245	2.183	8.696

1496240647127	-0.842	2.231	9.155

1496240647136	-0.928	2.346	8.686

1496240647147	-1.637	2.394	8.102

1496240647156	-1.158	2.49	8.351

1496240647167	-1.264	2.241	8.945

1496240647175	-0.871	2.317	8.83

1496240647185	-1.13	2.26	8.523

1496240647195	-1.474	2.355	8.935

1496240647206	-0.804	2.442	8.992

1496240647218	-1.158	1.905	8.964

1496240647227	-1.34	2.614	9.797

1496240647235	-1.168	2.451	8.676

1496240647245	-1.101	2.365	8.657

1496240647255	-1.206	1.982	9.548

1496240647267	-1.024	2.403	9.51

1496240647276	-1.398	2.346	8.676

1496240647285	-1.13	2.71	8.82

1496240647295	-1.101	2.126	9.299

1496240647306	-0.89	2.327	9.059

1496240647317	-1.245	2.403	8.427

1496240647326	-1.503	2.279	9.27

1496240647336	-0.747	2.394	9.127

1496240647345	-1.053	2.097	8.609

1496240647355	-1.063	2.423	9.059

1496240647381	-1.101	2.375	8.475

1496240647383	-1.359	2.298	8.581

1496240647386	-1.063	2.106	9.557

1496240647395	-1.015	2.298	9.577

1496240647406	-1.149	2.231	8.705

1496240647417	-1.12	2.585	8.581

1496240647427	-1.292	2.317	9.155

1496240647436	-0.871	2.365	9.356

1496240647446	-1.13	2.116	8.973

1496240647455	-1.043	2.346	9.165

1496240647467	-1.12	2.269	9.174

1496240647475	-1.043	2.365	8.868

1496240647485	-1.187	2.106	9.299

1496240647495	-0.804	2.7	8.753

1496240647505	-1.063	2.059	8.13

1496240647517	-1.12	1.733	9.481

1496240647527	-1.072	2.375	9.816

1496240647538	-0.938	2.25	8.274

1496240647545	-1.13	2.154	8.255

1496240647555	-1.034	2.26	9.586

1496240647567	-0.804	1.723	9.165

1496240647575	-1.043	2.48	8.734

1496240647585	-1.024	2.183	8.456

1496240647595	-1.063	1.877	9.021

1496240647605	-0.766	2.26	9.49

1496240647623	-1.005	1.857	9.127

1496240647625	-1.283	2.279	8.878

1496240647636	-0.66	1.915	8.696

1496240647645	-1.034	2.001	9.251

1496240647655	-1.12	2.241	9.002

1496240647669	-1.11	2.241	8.724

1496240647675	-0.354	2.135	8.753

1496240647685	-0.766	1.656	9.079

1496240647696	-0.689	2.279	8.887

1496240647706	-1.723	2.193	8.839

1496240647717	-0.67	2.164	9.586

1496240647726	-0.967	1.934	10.352

1496240647735	-0.162	2.566	9.96

1496240647745	-0.517	1.388	8.83

1496240647755	-1.177	2.078	9.797

1496240647767	-1.206	2.135	9.222

1496240647776	-0.804	1.426	7.891

1496240647786	-0.45	1.848	9.356

1496240647803	-1.101	1.723	9.625

1496240647806	-1.053	2.576	8.13

1496240647818	-1.024	2.106	7.451

1496240647827	-0.526	1.905	9.136

1496240647836	-0.402	1.426	10.63

1496240647845	-0.44	2.145	9.079

1496240647855	-1.254	2.336	7.115

1496240647868	-1.13	2.001	6.474

1496240647875	-0.986	1.245	8.59

1496240647886	-0.392	1.426	11.042

1496240647896	-0.392	1.647	9.749

1496240647906	-0.842	2.116	7.154

1496240647919	-0.871	2.011	6.196

1496240647925	-0.967	1.379	7.929

1496240647935	-0.478	1.331	9.625

1496240647945	-0.986	1.867	8.609

1496240647955	-0.737	2.126	8.044

1496240647973	-0.603	1.656	8.897

1496240647980	-0.565	1.944	9.711

1496240647985	-1.072	1.398	9.376

1496240647995	-1.12	2.078	9.002

1496240648005	-0.536	2.097	9.261

1496240648017	-0.66	1.829	9.021

1496240648027	-1.053	1.618	8.964

1496240648035	-0.804	1.743	9.021

1496240648047	-0.814	1.953	9.222

1496240648056	-0.593	1.628	9.069

1496240648067	-0.488	1.666	8.878

1496240648075	-0.881	2.183	8.954

1496240648085	-0.794	1.628	9.443

1496240648095	-0.354	1.426	9.73

1496240648106	-0.89	1.388	9.586

1496240648117	-1.024	2.193	9.194

1496240648127	-0.67	2.078	8.935

1496240648137	-0.536	1.177	9.893

1496240648146	0.009	1.81	10.697

1496240648155	-0.823	1.618	9.261

1496240648167	-0.967	2.298	8.351

1496240648175	-1.063	1.484	8.753

1496240648185	-0.708	1.446	10.563

