1495891999401	0.001065814	0.001065814	0.010791367

1495891999408	0.00532907	-0.004263256	0.009725553

1495891999418	0.0065281107	-0.008659739	0.0065281107

1495891999428	0.0065281107	-0.0065281107	0.010791367

1495891999440	0.009725553	-0.0075939246	0.013056221

1495891999450	0.008659739	-0.004263256	0.013056221

1495891999458	0.009725553	-0.002131628	0.013056221

1495891999469	0.0065281107	-0.004263256	0.016253663

1495891999480	0.0075939246	-0.00532907	0.017452704

1495891999488	0.013056221	0.001065814	0.010791367

1495891999498	0.0075939246	-0.004263256	0.010791367

1495891999508	0.009725553	-0.0075939246	0.0119904075

1495891999520	0.009725553	0.001065814	0.014122035

1495891999528	0.0119904075	-0.002131628	0.004263256

1495891999538	0.008659739	-0.0075939246	0.0119904075

1495891999549	0.0075939246	-0.004263256	0.0075939246

1495891999560	0.004263256	0.002131628	0.0075939246

1495891999568	0.00532907	-0.001065814	0.008659739

1495891999578	0.010791367	-0.002131628	0.009725553

1495891999588	0.0065281107	-0.003197442	0.017452704

1495891999598	0.009725553	-0.001065814	0.015187849

1495891999608	0.013056221	0.001065814	0.014122035

1495891999619	0.014122035	0.002131628	0.010791367

1495891999628	0.009725553	-0.003197442	0.013056221

1495891999638	0.008659739	-0.002131628	0.016253663

1495891999649	0.0065281107	-0.00532907	0.019584332

1495891999658	0.004263256	0.0	0.015187849

1495891999668	0.0075939246	-0.002131628	0.017452704

1495891999678	0.0	0.0	0.016253663

1495891999688	0.0065281107	-0.001065814	0.0119904075

1495891999698	0.010791367	-0.003197442	0.016253663

1495891999708	0.0075939246	-0.0075939246	0.014122035

1495891999718	0.0075939246	-0.0075939246	0.010791367

1495891999728	0.0075939246	-0.004263256	0.010791367

1495891999738	0.0119904075	-0.003197442	0.016253663

1495891999749	0.0075939246	-0.00532907	0.0119904075

1495891999759	0.0065281107	-0.00532907	0.0075939246

1495891999771	0.00532907	-0.008659739	0.009725553

1495891999778	0.009725553	0.0	0.010791367

1495891999788	0.0075939246	-0.002131628	0.016253663

1495891999798	0.0075939246	-0.004263256	0.016253663

1495891999808	0.008659739	-0.004263256	0.009725553

1495891999818	0.0065281107	-0.00532907	0.014122035

1495891999828	0.0065281107	0.001065814	0.014122035

1495891999838	0.008659739	-0.001065814	0.014122035

1495891999849	0.0065281107	-0.001065814	0.013056221

1495891999858	0.0065281107	-0.003197442	0.015187849

1495891999868	0.010791367	0.001065814	0.013056221

1495891999879	0.008659739	0.0	0.010791367

1495891999888	0.0119904075	-0.001065814	0.00532907

1495891999898	0.010791367	-0.004263256	0.009725553

1495891999908	0.00532907	-0.00532907	0.0119904075

1495891999918	0.0065281107	-0.003197442	0.0119904075

1495891999928	0.010791367	-0.001065814	0.017452704

1495891999948	0.010791367	-0.002131628	0.0119904075

1495891999960	0.0119904075	0.001065814	0.013056221

1495891999990	0.00532907	0.002131628	0.0119904075

1495891999992	0.010791367	0.004263256	0.016253663

1495891999993	0.010791367	0.004263256	0.016253663

1495892000014	0.0075939246	0.001065814	0.0119904075

1495892000016	0.013056221	0.001065814	0.0119904075

1495892000037	0.009725553	0.002131628	0.0119904075

1495892000039	0.00532907	0.002131628	0.016253663

1495892000040	0.0075939246	0.001065814	0.016253663

1495892000049	0.010791367	-0.004263256	0.009725553

1495892000058	0.0119904075	-0.002131628	0.013056221

1495892000068	0.010791367	-0.002131628	0.010791367

1495892000078	0.0119904075	-0.001065814	0.015187849

1495892000088	0.008659739	-0.002131628	0.010791367

1495892000098	0.010791367	-0.002131628	0.009725553

1495892000108	0.0119904075	-0.003197442	0.008659739

1495892000120	0.010791367	-0.003197442	0.009725553

1495892000128	0.0065281107	0.003197442	0.009725553

1495892000139	0.003197442	0.0	0.013056221

1495892000149	0.0075939246	-0.002131628	0.0119904075

1495892000158	0.0065281107	-0.003197442	0.021715961

1495892000168	0.009725553	-0.002131628	0.0065281107

1495892000178	0.0075939246	0.0	0.009725553

1495892000190	0.008659739	-0.0065281107	0.010791367

1495892000198	0.0075939246	-0.003197442	0.009725553

1495892000208	0.009725553	-0.001065814	0.018518519

1495892000219	0.0119904075	0.001065814	0.013056221

1495892000228	0.009725553	-0.002131628	0.0119904075

1495892000238	0.009725553	-0.003197442	0.0119904075

1495892000249	0.0119904075	0.004263256	0.018518519

1495892000258	0.0119904075	0.004263256	0.017452704

1495892000268	0.0119904075	0.004263256	0.013056221

1495892000278	0.0075939246	-0.001065814	0.015187849

1495892000288	0.0075939246	0.0	0.008659739

1495892000298	0.009725553	0.003197442	0.014122035

1495892000308	0.009725553	0.0	0.017452704

1495892000318	0.008659739	0.0	0.010791367

1495892000328	0.0119904075	-0.003197442	0.009725553

1495892000338	0.010791367	-0.002131628	0.0119904075

1495892000350	0.010791367	0.003197442	0.009725553

1495892000368	0.009725553	-0.001065814	0.015187849

1495892000378	0.00532907	-0.003197442	0.0075939246

1495892000388	0.00532907	-0.004263256	0.008659739

1495892000398	0.010791367	-0.0065281107	0.014122035

1495892000408	0.00532907	0.002131628	0.009725553

1495892000418	0.004263256	-0.001065814	0.0065281107

1495892000428	0.0065281107	-0.001065814	0.0075939246

1495892000438	0.0075939246	-0.001065814	0.0119904075

1495892000448	0.008659739	-0.002131628	0.0119904075

1495892000458	0.009725553	-0.001065814	0.017452704

1495892000468	0.010791367	-0.004263256	0.014122035

1495892000478	0.008659739	-0.002131628	0.010791367

1495892000488	0.008659739	-0.004263256	0.016253663

1495892000498	0.00532907	-0.002131628	0.020650147

1495892000508	0.009725553	0.004263256	0.017452704

1495892000518	0.015187849	-0.001065814	0.0119904075

1495892000529	0.008659739	0.0	0.016253663

1495892000538	0.0075939246	0.001065814	0.0119904075

1495892000549	0.0075939246	-0.002131628	0.017452704

1495892000568	0.010791367	-0.0065281107	0.0075939246

1495892000578	0.008659739	-0.004263256	0.0075939246

1495892000588	0.0075939246	0.0	0.0119904075

1495892000598	0.0119904075	-0.003197442	0.0075939246

1495892000608	0.008659739	0.002131628	0.014122035

1495892000618	0.00532907	-0.003197442	0.019584332

1495892000629	0.0075939246	-0.001065814	0.021715961

1495892000638	0.013056221	0.0	0.015187849

1495892000649	0.00532907	-0.00532907	0.009725553

1495892000658	0.0065281107	-0.003197442	0.018518519

1495892000668	0.0065281107	-0.0075939246	0.0119904075

1495892000678	0.00532907	-0.004263256	0.0075939246

1495892000688	0.0075939246	0.002131628	0.008659739

1495892000698	0.008659739	0.001065814	0.0075939246

1495892000708	0.009725553	-0.001065814	0.013056221

1495892000718	0.014122035	0.00532907	0.004263256

1495892000729	0.013056221	0.001065814	0.0075939246

1495892000738	0.008659739	0.001065814	0.013056221

1495892000749	0.008659739	0.001065814	0.0119904075

1495892000777	0.010791367	-0.001065814	0.018518519

1495892000788	0.013056221	-0.00532907	0.014122035

1495892000798	0.0065281107	-0.003197442	0.020650147

1495892000808	0.0075939246	-0.00532907	0.013056221

1495892000818	0.008659739	-0.002131628	0.013056221

1495892000828	0.010791367	-0.002131628	0.014122035

1495892000838	0.009725553	-0.001065814	0.010791367

1495892000849	0.009725553	-0.002131628	0.009725553

1495892000858	0.010791367	-0.004263256	0.013056221

1495892000868	0.0075939246	-0.001065814	0.0119904075

1495892000879	0.008659739	-0.003197442	0.016253663

1495892000888	0.009725553	-0.0065281107	0.008659739

1495892000898	0.010791367	-0.002131628	0.008659739

1495892000908	0.013056221	-0.004263256	0.008659739

1495892000918	0.008659739	-0.001065814	0.014122035

1495892000928	0.0075939246	0.003197442	0.015187849

1495892000938	0.002131628	-0.00532907	0.009725553

1495892000949	0.0119904075	-0.003197442	0.0119904075

1495892000959	0.010791367	-0.003197442	0.016253663

1495892000973	0.0119904075	-0.001065814	0.016253663

1495892000978	0.010791367	0.0	0.009725553

1495892000988	0.009725553	-0.010791367	0.009725553

1495892000999	0.0065281107	-0.0065281107	0.009725553

1495892001008	0.0119904075	0.003197442	0.016253663

1495892001018	0.009725553	-0.001065814	0.017452704

1495892001028	0.008659739	-0.0065281107	0.014122035

1495892001038	0.010791367	-0.00532907	0.0065281107

1495892001048	0.014122035	0.002131628	0.0119904075

1495892001058	0.0119904075	-0.002131628	0.013056221

1495892001068	0.009725553	-0.001065814	0.016253663

1495892001079	0.009725553	-0.002131628	0.009725553

1495892001088	0.004263256	0.0	0.013056221

1495892001098	0.00532907	0.002131628	0.016253663

1495892001108	0.004263256	0.0	0.015187849

1495892001118	0.008659739	0.0	0.0075939246

1495892001128	0.008659739	-0.002131628	0.010791367

1495892001138	0.0075939246	-0.00532907	0.010791367

1495892001149	0.009725553	-0.003197442	0.0065281107

1495892001158	0.00532907	0.0	0.014122035

1495892001168	0.008659739	-0.004263256	0.010791367

1495892001178	0.00532907	-0.0075939246	0.013056221

1495892001188	0.00532907	-0.002131628	0.016253663

1495892001198	0.00532907	-0.001065814	0.016253663

1495892001207	0.0065281107	-0.003197442	0.017452704

1495892001218	0.008659739	0.0	0.013056221

1495892001229	0.009725553	-0.002131628	0.014122035

1495892001238	0.010791367	-0.004263256	0.010791367

1495892001250	0.0075939246	-0.003197442	0.015187849

1495892001258	0.010791367	-0.009725553	0.0065281107

1495892001279	0.009725553	-0.004263256	0.00532907

1495892001286	0.010791367	-0.0075939246	0.0119904075

1495892001294	0.008659739	-0.0075939246	0.015187849

1495892001298	0.009725553	-0.003197442	0.0119904075

1495892001308	0.008659739	0.0	0.008659739

1495892001319	0.010791367	0.001065814	0.017452704

1495892001328	0.013056221	0.001065814	0.010791367

1495892001338	0.0065281107	-0.003197442	0.013056221

1495892001349	0.009725553	0.0	0.017452704

1495892001358	0.008659739	0.004263256	0.013056221

1495892001368	0.0119904075	-0.001065814	0.008659739

1495892001379	0.010791367	-0.004263256	0.004263256

1495892001388	0.008659739	0.0	0.010791367

1495892001398	0.00532907	0.0	0.0075939246

1495892001408	0.009725553	-0.001065814	0.0065281107

1495892001418	0.010791367	0.0	0.008659739

1495892001428	0.008659739	-0.004263256	0.009725553

1495892001438	0.0119904075	-0.004263256	0.010791367

1495892001449	0.009725553	-0.003197442	0.0119904075

1495892001458	0.013056221	0.00532907	0.017452704

1495892001468	0.009725553	0.0	0.013056221

1495892001478	0.0075939246	-0.00532907	0.0119904075

1495892001488	0.013056221	0.0	0.013056221

1495892001498	0.0075939246	-0.001065814	0.015187849

1495892001508	0.0065281107	-0.004263256	0.016253663

1495892001518	0.0065281107	-0.0065281107	0.014122035

1495892001529	0.008659739	0.0	0.013056221

1495892001538	0.008659739	-0.002131628	0.0119904075

1495892001549	0.0119904075	-0.00532907	0.009725553

1495892001558	0.0119904075	-0.00532907	0.010791367

1495892001569	0.00532907	-0.0065281107	0.0075939246

1495892001578	0.00532907	-0.0075939246	0.013056221

1495892001588	0.00532907	0.0	0.010791367

1495892001598	0.0075939246	-0.00532907	0.019584332

1495892001608	0.004263256	0.0	0.018518519

1495892001619	0.0075939246	0.001065814	0.013056221

1495892001629	0.009725553	-0.001065814	0.013056221

1495892001638	0.008659739	-0.001065814	0.014122035

1495892001648	0.009725553	0.0	0.015187849

1495892001658	0.0075939246	0.0	0.009725553

1495892001668	0.0065281107	-0.002131628	0.0075939246

1495892001678	0.009725553	0.0	0.0065281107

1495892001688	0.0119904075	-0.004263256	0.0075939246

1495892001698	0.00532907	-0.0075939246	0.014122035

1495892001708	0.008659739	-0.002131628	0.017452704

1495892001718	0.0075939246	0.002131628	0.0119904075

1495892001728	0.008659739	0.0	0.010791367

1495892001738	0.010791367	-0.008659739	0.014122035

1495892001749	0.008659739	-0.004263256	0.010791367

1495892001758	0.008659739	-0.004263256	0.0075939246

1495892001768	0.008659739	0.00532907	0.010791367

1495892001778	0.00532907	-0.001065814	0.010791367

1495892001788	0.009725553	0.001065814	0.013056221

1495892001799	0.008659739	0.002131628	0.014122035

1495892001809	0.0119904075	0.002131628	0.018518519

1495892001822	0.0075939246	-0.00532907	0.009725553

1495892001829	0.009725553	-0.0065281107	0.0065281107

1495892001838	0.00532907	-0.0075939246	0.0119904075

1495892001849	0.00532907	-0.00532907	0.014122035

1495892001858	0.0065281107	-0.00532907	0.0075939246

1495892001868	0.002131628	-0.004263256	0.010791367

1495892001878	0.002131628	-0.002131628	0.0119904075

1495892001888	0.0119904075	0.001065814	0.014122035

1495892001898	0.0075939246	-0.001065814	0.016253663

1495892001908	0.0065281107	-0.002131628	0.014122035

1495892001922	0.0075939246	-0.004263256	0.013056221

1495892001939	0.0119904075	0.2769784	0.0119904075

1495892001948	0.0119904075	0.001065814	0.0065281107

1495892001964	0.0065281107	0.001065814	0.010791367

1495892001968	0.010791367	-0.001065814	0.010791367

1495892001978	0.014122035	-0.001065814	0.010791367

1495892001995	0.0119904075	0.001065814	0.0119904075

1495892002004	0.0065281107	-0.004263256	0.010791367

1495892002008	0.0065281107	-0.002131628	0.009725553

1495892002018	0.0119904075	0.0	0.0065281107

1495892002028	0.010791367	-0.0075939246	0.009725553

1495892002038	0.008659739	-0.003197442	0.0119904075

1495892002049	0.008659739	0.003197442	0.017452704

1495892002057	0.009725553	0.004263256	0.008659739

1495892002068	0.013056221	0.003197442	0.0119904075

1495892002078	0.010791367	-0.001065814	0.008659739

1495892002088	0.009725553	-0.001065814	0.009725553

1495892002098	0.009725553	-0.0075939246	0.020650147

1495892002108	0.0075939246	-0.0065281107	0.013056221

1495892002118	0.009725553	-0.0065281107	0.014122035

1495892002128	0.009725553	-0.002131628	0.014122035

1495892002138	0.009725553	-0.0065281107	0.014122035

1495892002149	0.010791367	-0.0065281107	0.0075939246

1495892002159	0.013056221	-0.004263256	0.014122035

1495892002171	0.010791367	0.0	0.015187849

1495892002180	0.0065281107	-0.001065814	0.013056221

1495892002188	0.0065281107	-0.002131628	0.0075939246

1495892002198	0.0075939246	-0.003197442	0.009725553

1495892002208	0.010791367	0.001065814	0.0119904075

1495892002219	0.0119904075	0.001065814	0.0119904075

1495892002228	0.008659739	0.0	0.017452704

1495892002238	0.008659739	-0.002131628	0.014122035

1495892002248	0.008659739	0.003197442	0.010791367

1495892002258	0.00532907	-0.0075939246	0.010791367

1495892002268	0.002131628	-0.008659739	0.00532907

1495892002278	0.0075939246	0.0	0.0065281107

1495892002288	0.0075939246	-0.00532907	0.013056221

1495892002298	0.0075939246	-0.002131628	0.010791367

1495892002308	0.0065281107	0.0	0.010791367

1495892002318	0.0075939246	-0.001065814	0.0119904075

1495892002328	0.010791367	0.0	0.009725553

1495892002338	0.0119904075	-0.004263256	0.013056221

1495892002349	0.013056221	0.003197442	0.009725553

1495892002358	0.0075939246	-0.2759126	0.0119904075

1495892002368	0.009725553	-0.003197442	0.016253663

1495892002379	0.008659739	-0.008659739	0.008659739

1495892002388	0.009725553	-0.0065281107	0.0119904075

1495892002398	0.014122035	0.002131628	0.016253663

1495892002408	0.0075939246	0.002131628	0.017452704

1495892002418	0.00532907	0.0	0.017452704

1495892002428	0.013056221	-0.001065814	0.013056221

1495892002438	0.0119904075	-0.001065814	0.0065281107

1495892002450	0.0075939246	-0.002131628	0.014122035

1495892002458	0.00532907	0.0	0.015187849

1495892002468	0.008659739	0.0	0.008659739

1495892002478	0.010791367	-0.002131628	0.0075939246

1495892002488	0.015187849	-0.002131628	0.0075939246

1495892002498	0.014122035	-0.002131628	0.0119904075

1495892002508	0.0119904075	-0.001065814	0.0119904075

1495892002518	0.010791367	-0.00532907	0.00532907

1495892002528	0.010791367	-0.004263256	0.0075939246

1495892002538	0.013056221	0.001065814	0.008659739

1495892002548	0.013056221	-0.27804422	0.008659739

1495892002558	0.0119904075	0.27804422	0.0119904075

1495892002568	0.0119904075	0.001065814	0.017452704

1495892002578	0.010791367	-0.002131628	0.009725553

1495892002588	0.008659739	0.0	0.017452704

1495892002598	0.0075939246	0.0	0.018518519

1495892002609	0.013056221	0.0	0.013056221

1495892002623	0.0119904075	-0.001065814	0.014122035

1495892002629	0.008659739	0.001065814	0.014122035

1495892002647	0.013056221	-0.00532907	0.015187849

1495892002649	0.0075939246	-0.004263256	0.014122035

1495892002658	0.0075939246	-0.004263256	0.0119904075

1495892002668	0.010791367	0.0	0.0075939246

1495892002678	0.010791367	0.001065814	0.016253663

1495892002688	0.010791367	-0.004263256	0.015187849

1495892002698	0.008659739	-0.0065281107	0.0075939246

1495892002708	0.010791367	-0.008659739	0.010791367

1495892002719	0.010791367	-0.004263256	0.008659739

1495892002729	0.0065281107	-0.001065814	0.008659739

1495892002738	0.010791367	-0.008659739	0.0075939246

1495892002749	0.0119904075	-0.003197442	0.017452704

1495892002758	0.008659739	-0.0065281107	0.017452704

1495892002768	0.013056221	-0.001065814	0.016253663

1495892002778	0.014122035	0.00532907	0.010791367

1495892002788	0.014122035	-0.002131628	0.0119904075

1495892002798	0.009725553	0.0	0.0119904075

1495892002808	0.009725553	-0.002131628	0.014122035

1495892002818	0.014122035	-0.001065814	0.008659739

1495892002828	0.009725553	-0.00532907	0.008659739

1495892002838	0.0065281107	-0.001065814	0.014122035

1495892002848	0.013056221	-0.003197442	0.013056221

1495892002858	0.0119904075	-0.003197442	0.010791367

1495892002868	0.013056221	0.0	0.016253663

1495892002878	0.009725553	-0.003197442	0.0119904075

1495892002888	0.0075939246	-0.002131628	0.014122035

1495892002898	0.013056221	-0.001065814	0.008659739

1495892002908	0.0119904075	-0.00532907	0.013056221

1495892002918	0.010791367	-0.0065281107	0.016253663

1495892002928	0.010791367	-0.009725553	0.017452704

1495892002937	0.009725553	-0.008659739	0.015187849

1495892002949	0.004263256	-0.001065814	0.009725553

1495892002958	0.0065281107	-0.001065814	0.008659739

1495892002968	0.009725553	0.001065814	0.014122035

1495892002978	0.0119904075	0.003197442	0.010791367

1495892002989	0.008659739	-0.001065814	0.013056221

1495892002998	0.010791367	-0.002131628	0.0075939246

1495892003008	0.0065281107	-0.003197442	0.017452704

1495892003018	0.0075939246	-0.001065814	0.010791367

1495892003028	0.008659739	-0.004263256	0.010791367

1495892003038	0.008659739	-0.004263256	0.0119904075

1495892003049	0.0065281107	-0.004263256	0.014122035

1495892003058	0.009725553	-0.003197442	0.008659739

1495892003068	0.0075939246	0.0	0.014122035

1495892003078	0.010791367	0.0	0.015187849

1495892003088	0.015187849	-0.002131628	0.014122035

1495892003098	0.0119904075	-0.001065814	0.008659739

1495892003108	0.0065281107	-0.004263256	0.015187849

1495892003118	0.0065281107	-0.001065814	0.014122035

1495892003128	0.009725553	0.001065814	0.0119904075

1495892003138	0.00532907	-0.0065281107	0.0065281107

1495892003150	0.0065281107	-0.00532907	0.008659739

1495892003158	0.010791367	0.004263256	0.009725553

1495892003168	0.008659739	0.002131628	0.013056221

1495892003179	0.004263256	-0.002131628	0.0119904075

1495892003188	0.009725553	0.0	0.013056221

1495892003198	0.010791367	-0.003197442	0.009725553

1495892003208	0.009725553	-0.002131628	0.008659739

1495892003218	0.0075939246	-0.003197442	0.013056221

1495892003228	0.0075939246	-0.004263256	0.010791367

1495892003238	0.010791367	-0.003197442	0.008659739

1495892003249	0.009725553	-0.00532907	0.0065281107

1495892003258	0.010791367	-0.009725553	0.010791367

1495892003269	0.013056221	-0.004263256	0.010791367

1495892003278	0.010791367	0.003197442	0.0119904075

1495892003288	0.0119904075	0.001065814	0.014122035

1495892003298	0.009725553	-0.0065281107	0.0119904075

1495892003308	0.0065281107	-0.003197442	0.010791367

1495892003318	0.0065281107	0.0	-0.001065814

1495892003328	0.0075939246	-0.002131628	0.0075939246

1495892003338	0.010791367	0.0	0.00532907

1495892003349	0.008659739	0.0	0.015187849

1495892003359	0.004263256	-0.002131628	0.013056221

1495892003373	0.0075939246	-0.0075939246	0.009725553

1495892003391	0.0065281107	-0.003197442	0.010791367

1495892003392	0.009725553	-0.00532907	0.013056221

1495892003398	0.00532907	-0.00532907	0.015187849

1495892003408	0.0065281107	-0.004263256	0.0119904075

1495892003418	0.0065281107	-0.001065814	0.014122035

1495892003428	0.010791367	0.001065814	0.014122035

1495892003438	0.009725553	0.0	0.014122035

1495892003450	0.0065281107	-0.003197442	0.017452704

1495892003459	0.008659739	-0.00532907	0.016253663

1495892003468	0.008659739	-0.002131628	0.013056221

1495892003478	0.0119904075	-0.001065814	0.013056221

1495892003488	0.0075939246	0.0	0.016253663

1495892003498	0.0075939246	-0.002131628	0.013056221

1495892003508	0.00532907	-0.001065814	0.015187849

1495892003518	0.0065281107	-0.003197442	0.0119904075

1495892003528	0.009725553	-0.002131628	0.014122035

1495892003538	0.010791367	-0.001065814	0.0075939246

1495892003549	0.0075939246	-0.0065281107	0.010791367

1495892003558	0.009725553	0.001065814	0.010791367

1495892003568	0.008659739	-0.002131628	0.014122035

1495892003578	0.0075939246	0.001065814	0.013056221

1495892003588	0.013056221	-0.003197442	0.009725553

1495892003598	0.00532907	-0.001065814	0.013056221

1495892003608	0.009725553	-0.003197442	0.015187849

1495892003618	0.009725553	-0.004263256	0.008659739

1495892003628	0.0065281107	-0.00532907	0.014122035

1495892003638	0.013056221	-0.004263256	0.020650147

1495892003649	0.014122035	-0.004263256	0.015187849

1495892003658	0.008659739	-0.003197442	0.003197442

1495892003668	0.0065281107	-0.003197442	0.010791367

1495892003678	0.010791367	-0.003197442	0.010791367

1495892003688	0.008659739	-0.008659739	0.0119904075

1495892003698	0.013056221	-0.002131628	0.016253663

1495892003708	0.015187849	-0.002131628	0.015187849

1495892003718	0.009725553	-0.00532907	0.016253663

1495892003728	0.013056221	-0.002131628	0.015187849

1495892003738	0.013056221	-0.001065814	0.014122035

1495892003748	0.009725553	-0.00532907	0.014122035

1495892003758	0.008659739	-0.0065281107	0.009725553

1495892003768	0.0075939246	-0.002131628	0.00532907

1495892003778	0.008659739	-0.001065814	0.010791367

1495892003788	0.009725553	-0.003197442	0.008659739

1495892003798	0.0119904075	-0.004263256	0.008659739

1495892003808	0.0119904075	-0.002131628	0.0119904075

1495892003818	0.010791367	0.001065814	0.014122035

1495892003828	0.009725553	0.001065814	0.016253663

1495892003838	0.009725553	-0.001065814	0.013056221

1495892003849	0.0075939246	-0.00532907	0.013056221

1495892003858	0.0075939246	-0.001065814	0.015187849

1495892003868	0.009725553	-0.002131628	0.019584332

1495892003879	0.009725553	-0.00532907	0.014122035

1495892003888	0.010791367	-0.0065281107	0.0119904075

1495892003899	0.013056221	-0.004263256	0.017452704

1495892003908	0.0075939246	-0.00532907	0.016253663

1495892003923	0.014122035	0.0	0.015187849

1495892003939	0.0119904075	0.0	0.015187849

1495892003959	0.010791367	-0.001065814	0.008659739

1495892003961	0.0065281107	0.001065814	0.014122035

1495892003968	0.0075939246	0.001065814	0.014122035

1495892003978	0.008659739	-0.003197442	0.0119904075

1495892003988	0.008659739	-0.003197442	0.013056221

1495892003999	0.009725553	-0.0065281107	0.009725553

1495892004008	0.008659739	0.003197442	0.009725553

1495892004019	0.004263256	-0.004263256	0.00532907

1495892004028	0.0065281107	-0.004263256	0.008659739

1495892004038	0.00532907	-0.003197442	0.010791367

1495892004048	0.0075939246	-0.004263256	0.015187849

1495892004058	0.0119904075	-0.00532907	0.017452704

1495892004068	0.010791367	-0.003197442	0.0075939246

1495892004078	0.010791367	0.001065814	0.0075939246

1495892004089	0.010791367	-0.0065281107	0.0119904075

1495892004098	0.008659739	0.0	0.010791367

1495892004108	0.008659739	-0.00532907	0.015187849

1495892004118	0.004263256	-0.00532907	0.013056221

1495892004128	0.008659739	-0.004263256	0.016253663

1495892004138	0.008659739	-0.004263256	0.018518519

1495892004149	0.014122035	0.003197442	0.010791367

1495892004158	0.008659739	-0.003197442	0.016253663

1495892004168	0.008659739	-0.002131628	0.016253663

1495892004178	0.0075939246	-0.004263256	0.003197442

1495892004188	0.009725553	0.003197442	0.0075939246

1495892004198	0.0075939246	-0.004263256	0.017452704

1495892004208	0.010791367	-0.003197442	0.015187849

1495892004218	0.009725553	0.001065814	0.008659739

1495892004228	0.0119904075	-0.00532907	0.004263256

1495892004238	0.010791367	-0.00532907	0.0119904075

1495892004249	0.00532907	-0.0065281107	0.010791367

1495892004258	0.0	-0.00532907	0.008659739

1495892004268	0.00532907	-0.00532907	0.008659739

1495892004278	0.0075939246	-0.003197442	0.0075939246

1495892004288	0.0119904075	0.0	0.008659739

1495892004298	0.009725553	-0.0065281107	0.00532907

1495892004308	0.008659739	-0.00532907	0.009725553

1495892004318	0.009725553	-0.00532907	0.013056221

1495892004328	0.009725553	-0.00532907	0.008659739

1495892004338	0.013056221	-0.001065814	0.010791367

1495892004349	0.008659739	-0.00532907	0.010791367

1495892004358	0.010791367	-0.004263256	0.015187849

