1496167217097	0.196243	0.3610445	0.26059154

1496167217101	0.46349588	0.48094857	0.15707435

1496167217129	0.37623236	0.6009859	0.10578204

1496167217131	0.19850786	0.57047695	0.36863843

1496167217132	0.074074075	0.53330666	0.6325606

1496167217141	-0.07194245	0.4373834	0.7275513

1496167217152	-0.21915801	0.31947774	0.6434852

1496167217162	-0.3555822	0.22022381	0.40900612

1496167217171	-0.46243006	0.196243	0.11444178

1496167217181	-0.5540901	0.25632828	-0.15814015

1496167217193	-0.6478817	0.35877964	-0.5802025

1496167217202	-0.73181456	0.5103917	-0.5802025

1496167217211	-0.7721822	0.6806555	-0.676259

1496167217221	-0.7721822	0.8387956	-0.6751932

1496167217231	-0.6108447	0.97069013	-0.54103386

1496167217242	-0.49840128	0.9511058	-0.45696777

1496167217251	-0.39368504	0.88569146	-0.38169464

1496167217261	-0.31734613	0.7809752	-0.31947774

1496167217274	-0.26392218	0.6314948	-0.25632828

1496167217282	-0.22142287	0.45150545	-0.20063949

1496167217293	-0.18212096	0.27804422	-0.15814015

1496167217301	-0.15374367	0.12430056	-0.12869704

1496167217311	-0.11990408	-0.015187849	-0.098054886

1496167217323	-0.08499867	-0.12323475	-0.074074075

1496167217331	-0.055555556	-0.18318678	-0.051159073

1496167217341	-0.033706367	-0.22355449	-0.030508926

1496167217351	-0.020650147	-0.2475353	-0.017452704

1496167217361	-0.017452704	-0.2977618	-0.019584332

1496167217371	-0.0119904075	-0.35331735	-0.02824407

1496167217381	-0.010791367	-0.42312816	-0.039168663

1496167217399	-0.019584332	-0.5114575	-0.057687182

1496167217407	-0.043565147	-0.59992003	-0.057687182

1496167217411	-0.07953637	-0.7166267	-0.06541433

1496167217421	-0.09925393	-0.7875033	-0.06541433

1496167217431	-0.118838266	-0.86384225	-0.05009326

1496167217442	-0.14614974	-0.8518519	-0.055555556

1496167217451	-0.1951772	-0.8289369	-0.044630963

1496167217461	-0.22142287	-0.804956	-0.043565147

1496167217471	-0.196243	-0.74380493	-0.04796163

1496167217482	-0.13189448	-0.6544098	-0.05009326

1496167217492	-0.032640554	-0.5911271	-0.05662137

1496167217501	0.11444178	-0.50932586	-0.037037037

1496167217511	0.23994137	-0.40794033	0.002131628

1496167217524	0.2998934	-0.35984546	0.070876636

1496167217534	0.3217426	-0.35984546	0.16679989

1496167217541	0.3665068	-0.3904876	0.27804422

1496167217551	0.44497734	-0.44937384	0.42752466

1496167217561	0.59765524	-0.54756194	0.59765524

1496167217572	0.82560617	-0.6325606	0.745004

1496167217581	1.0591527	-0.63042897	0.8387956

1496167217593	1.2499334	-0.492939	0.90967226

1496167217605	1.3056222	-0.3097522	0.90967226

1496167217618	1.2816414	-0.2071676	0.96203035

1496167217621	1.2532641	-0.17665868	0.88569146

1496167217631	1.1005862	-0.07847056	0.86930454

1496167217642	0.93804955	-0.10245137	0.87263525

1496167217654	0.7395417	-0.20503597	0.8518519

1496167217662	0.53770316	-0.33586463	0.7721822

1496167217671	0.3730349	-0.4351186	0.6293632

1496167217682	0.2769784	-0.4940048	0.49626964

1496167217692	0.24860112	-0.46243006	0.38062882

1496167217703	0.2769784	-0.41220358	0.30535573

1496167217711	0.30095923	-0.39155343	0.2912337

1496167217724	0.2868372	-0.39701572	0.25739408

1496167217734	0.2464695	-0.44830802	0.19957368

1496167217741	0.17772448	-0.53330666	0.077404745

1496167217751	0.087263525	-0.6085798	-0.117772445

1496167217761	-0.015187849	-0.6751932	-0.37516654

1496167217777	-0.11444178	-0.71875834	-0.6293632

1496167217781	-0.196243	-0.722089	-0.78856915

1496167217793	-0.2475353	-0.676259	-0.84532374

1496167217801	-0.264988	-0.5965894	-0.82560617

1496167217811	-0.287903	-0.50492936	-0.7809752

1496167217821	-0.31521448	-0.37623236	-0.68491876

1496167217833	-0.39155343	-0.07513989	-0.6577405

1496167217841	-0.44391152	0.043565147	-0.62283504

1496167217853	-0.51372236	0.13082866	-0.6009859

1496167217862	-0.5802025	0.19411138	-0.5770051

