1496003209207	-0.39264908	0.02873042	9.9790325

1496003209217	-0.45010993	0.076614454	9.9790325

1496003209232	-0.4213795	0.076614454	9.969456

1496003209237	-0.39264908	0.038307227	9.940725

1496003209249	-0.39264908	0.05746084	9.940725

1496003209258	-0.37349546	0.02873042	9.950302

1496003209268	-0.37349546	0.02873042	9.969456

1496003209274	-0.36391866	0.009576807	9.969456

1496003209294	-0.40222588	0.02873042	9.959879

1496003209304	-0.39264908	0.02873042	9.892841

1496003209314	-0.39264908	0.047884032	9.921572

1496003209414	-0.37349546	0.019153614	9.902418

1496003209418	-0.40222588	0.0	9.911995

1496003209422	-0.41180268	0.02873042	9.959879

1496003209426	-0.4309563	0.0	9.911995

1496003209429	-0.41180268	0.02873042	9.950302

1496003209432	-0.37349546	0.038307227	9.950302

1496003209436	-0.39264908	0.02873042	9.969456

1496003209441	-0.40222588	0.047884032	9.931149

1496003209446	-0.37349546	0.0	9.921572

1496003209450	-0.38307226	0.019153614	9.940725

1496003209453	-0.39264908	0.019153614	9.9790325

1496003209456	-0.40222588	0.038307227	9.988609

1496003209459	-0.40222588	0.02873042	9.998186

1496003209462	-0.40222588	0.05746084	9.988609

1496003209466	-0.38307226	0.047884032	9.9790325

1496003209507	-0.39264908	0.019153614	9.9790325

1496003209510	-0.4213795	0.019153614	9.921572

1496003209514	-0.40222588	-0.009576807	9.9790325

1496003209517	-0.39264908	0.009576807	9.959879

1496003209520	-0.40222588	0.019153614	9.911995

1496003209536	-0.37349546	0.009576807	9.950302

1496003209538	-0.40222588	0.02873042	9.959879

1496003209543	-0.4309563	0.038307227	10.007763

1496003209554	-0.4213795	0.05746084	9.959879

1496003209569	-0.41180268	0.047884032	9.902418

1496003209579	-0.40222588	0.05746084	9.911995

1496003209589	-0.40222588	0.05746084	9.950302

1496003209598	-0.37349546	0.038307227	9.969456

1496003209604	-0.37349546	0.02873042	9.969456

1496003209614	-0.4213795	0.02873042	10.007763

1496003209624	-0.39264908	0.05746084	9.9790325

1496003209639	-0.37349546	0.05746084	9.988609

1496003209652	-0.34476504	0.047884032	9.969456

1496003209664	-0.4213795	0.009576807	9.950302

1496003209680	-0.40222588	0.019153614	9.940725

1496003209683	-0.36391866	0.0	9.9790325

1496003209695	-0.38307226	0.019153614	9.950302

1496003209719	-0.39264908	0.009576807	9.911995

1496003209723	-0.39264908	0.038307227	9.998186

1496003209733	-0.4405331	0.02873042	9.969456

1496003209743	-0.41180268	0.02873042	9.9790325

1496003209758	-0.41180268	0.02873042	9.998186

1496003209769	-0.40222588	0.009576807	9.988609

1496003209782	-0.38307226	0.05746084	9.9790325

1496003209786	-0.37349546	0.047884032	9.950302

1496003209794	-0.35434186	0.06703765	9.921572

1496003209804	-0.38307226	0.047884032	9.921572

1496003209813	-0.41180268	0.038307227	9.883265

1496003209829	-0.40222588	0.02873042	9.902418

1496003209839	-0.39264908	0.02873042	9.940725

1496003209849	-0.37349546	0.047884032	9.940725

1496003209863	-0.41180268	0.019153614	9.940725

1496003209867	-0.38307226	0.019153614	9.988609

1496003209874	-0.41180268	0.009576807	9.969456

1496003209886	-0.38307226	0.009576807	9.959879

1496003209900	-0.40222588	0.019153614	9.959879

1496003209909	-0.38307226	0.019153614	9.959879

1496003209915	-0.37349546	0.047884032	9.9790325

1496003209923	-0.38307226	0.019153614	9.988609

1496003209939	-0.38307226	0.009576807	10.007763

1496003209949	-0.39264908	-0.009576807	9.969456

1496003209954	-0.36391866	0.009576807	9.959879

1496003209968	-0.34476504	0.038307227	9.969456

1496003209977	-0.35434186	0.06703765	9.988609

1496003209984	-0.35434186	0.038307227	9.969456

1496003209994	-0.41180268	0.038307227	9.921572

1496003210008	-0.40222588	0.038307227	9.921572

1496003210018	-0.4405331	0.02873042	9.921572

1496003210038	-0.37349546	0.02873042	9.9790325

1496003210044	-0.35434186	0.009576807	9.998186

1496003210060	-0.36391866	0.02873042	9.998186

1496003210064	-0.39264908	0.009576807	9.959879

1496003210074	-0.4213795	0.019153614	9.950302

1496003210088	-0.4213795	0.019153614	9.911995

1496003210097	-0.4405331	0.038307227	9.921572

1496003210118	-0.4309563	0.038307227	9.950302

1496003210123	-0.4405331	0.038307227	9.9790325

1496003210134	-0.37349546	0.02873042	9.940725

1496003210144	-0.35434186	0.047884032	9.9790325

1496003210254	-0.37349546	0.038307227	9.9790325

1496003210257	-0.4309563	0.038307227	9.9790325

1496003210262	-0.36391866	0.06703765	9.940725

1496003210267	-0.4213795	0.05746084	9.940725

1496003210271	-0.40222588	0.038307227	9.9790325

1496003210274	-0.39264908	0.019153614	9.959879

1496003210277	-0.41180268	-0.009576807	9.9790325

1496003210280	-0.39264908	0.009576807	9.9790325

1496003210284	-0.36391866	0.038307227	9.988609

1496003210287	-0.35434186	0.019153614	9.998186

1496003210293	-0.38307226	0.009576807	10.036493

1496003210297	-0.38307226	0.02873042	10.04607

1496003210300	-0.38307226	0.047884032	10.0269165

1496003210302	-0.34476504	0.047884032	9.998186

1496003210306	-0.40222588	0.06703765	9.940725

1496003210310	-0.4213795	0.05746084	9.959879

1496003210314	-0.38307226	0.02873042	9.911995

1496003210360	-0.4309563	0.047884032	9.9790325

1496003210364	-0.4213795	0.038307227	9.988609

1496003210367	-0.40222588	0.019153614	9.931149

1496003210370	-0.40222588	0.047884032	9.969456

1496003210374	-0.39264908	0.019153614	9.9790325

1496003210377	-0.36391866	0.038307227	10.007763

1496003210392	-0.38307226	0.009576807	9.9790325

1496003210396	-0.38307226	0.009576807	9.969456

1496003210404	-0.37349546	0.009576807	9.950302

1496003210415	-0.37349546	0.019153614	9.969456

1496003210424	-0.39264908	0.009576807	9.959879

1496003210434	-0.40222588	0.019153614	9.931149

1496003210449	-0.37349546	0.009576807	9.940725

1496003210454	-0.37349546	0.02873042	9.950302

1496003210464	-0.38307226	0.0	9.988609

1496003210479	-0.36391866	0.009576807	10.007763

1496003210491	-0.38307226	-0.009576807	9.969456

1496003210494	-0.38307226	-0.02873042	9.9790325

1496003210504	-0.45968673	0.009576807	9.854534

1496003210518	-0.40222588	-0.019153614	9.950302

1496003210524	-0.39264908	0.02873042	10.0269165

1496003210539	-0.36391866	0.0	10.007763

1496003210549	-0.34476504	0.009576807	9.921572

1496003210554	-0.34476504	0.019153614	9.873688

1496003210564	-0.29688102	0.02873042	9.835381

1496003210574	-0.40222588	-0.009576807	9.787497

1496003210589	-0.41180268	0.0	9.873688

1496003210596	-0.45010993	0.019153614	9.911995

1496003210605	-0.45010993	0.019153614	9.864111

1496003210619	-0.41180268	0.095768064	9.969456

1496003210625	-0.41180268	0.095768064	10.084377

1496003210634	-0.39264908	0.06703765	10.237606

1496003210644	-0.38307226	0.019153614	10.170568

1496003210659	-0.35434186	0.038307227	10.065224

1496003210664	-0.35434186	0.038307227	10.065224

1496003210674	-0.39264908	0.009576807	10.055647

1496003210684	-0.4309563	0.009576807	9.988609

1496003210699	-0.33518824	0.047884032	9.911995

1496003210710	-0.35434186	0.0	9.816227

1496003210718	-0.37349546	0.076614454	9.854534

1496003210724	-0.37349546	0.076614454	9.854534

1496003210740	-0.34476504	0.06703765	9.892841

1496003210744	-0.34476504	0.06703765	9.892841

1496003210754	-0.45968673	0.05746084	9.921572

1496003210770	-0.32561144	0.02873042	9.959879

1496003210773	-0.32561144	0.02873042	9.959879

1496003210784	-0.33518824	-0.019153614	9.9790325

1496003210799	-0.40222588	0.047884032	9.969456

1496003210810	-0.45010993	0.05746084	10.065224

1496003210814	-0.45010993	0.05746084	10.065224

1496003210829	-0.36391866	0.009576807	9.9790325

1496003210836	-0.36391866	0.009576807	9.9790325

1496003210853	-0.41180268	0.019153614	9.921572

1496003210856	-0.41180268	0.019153614	9.921572

1496003210864	-0.4213795	0.05746084	9.873688

1496003210881	-0.45968673	0.038307227	9.959879

1496003210884	-0.45968673	0.038307227	9.959879

1496003210899	-0.36391866	0.05746084	9.950302

1496003210905	-0.36391866	0.05746084	9.950302

1496003210914	-0.38307226	0.038307227	10.01734

1496003210933	-0.5267244	0.0	9.854534

1496003210936	-0.45968673	0.0	9.854534

1496003210944	-0.37349546	0.019153614	9.883265

1496003210959	-0.37349546	-0.019153614	9.921572

1496003210970	-0.38307226	0.02873042	9.9790325

1496003210974	-0.38307226	0.02873042	9.9790325

1496003210990	-0.36391866	0.0	9.873688

1496003210994	-0.41180268	0.0	9.873688

1496003211011	-0.41180268	0.0	9.883265

1496003211016	-0.41180268	-0.019153614	10.036493

1496003211101	-0.40222588	-0.019153614	10.036493

1496003211104	-0.39264908	0.038307227	9.988609

1496003211106	-0.4309563	0.019153614	9.959879

1496003211109	-0.4309563	0.009576807	9.988609

1496003211113	-0.35434186	0.019153614	9.988609

1496003211117	-0.38307226	0.047884032	9.998186

1496003211120	-0.4213795	0.06703765	10.01734

1496003211123	-0.34476504	0.06703765	9.950302

1496003211126	-0.41180268	0.038307227	9.950302

1496003211129	-0.4213795	-0.12449849	9.950302

1496003211132	-0.38307226	0.0	10.103531

1496003211137	-0.40222588	0.038307227	9.9790325

1496003211154	-0.36391866	0.038307227	9.950302

1496003211157	-0.34476504	-0.009576807	10.0269165

1496003211165	-0.38307226	0.009576807	10.055647

1496003211179	-0.36391866	0.019153614	9.9790325

1496003211184	-0.41180268	0.02873042	9.969456

1496003211198	-0.4405331	0.038307227	9.9790325

1496003211210	-0.39264908	0.02873042	9.969456

1496003211214	-0.39264908	0.02873042	9.969456

1496003211229	-0.39264908	0.019153614	10.01734

1496003211235	-0.39264908	0.009576807	10.01734

1496003211249	-0.41180268	0.009576807	10.0269165

1496003211254	-0.4405331	-0.009576807	9.988609

1496003211274	-0.4213795	-0.02873042	9.940725

1496003211299	-0.38307226	0.047884032	9.950302

1496003211304	-0.37349546	0.009576807	10.007763

1496003211314	-0.35434186	0.038307227	10.007763

1496003211332	-0.36391866	0.019153614	9.9790325

1496003211335	-0.30645782	0.009576807	9.969456

1496003211356	-0.35434186	0.047884032	9.9790325

1496003211369	-0.31603462	0.06703765	9.998186

1496003211380	-0.37349546	0.019153614	9.959879

1496003211391	-0.45010993	0.0	9.940725

1496003211398	-0.45010993	0.0	9.940725

1496003211409	-0.40222588	0.019153614	9.969456

1496003211421	-0.36391866	0.047884032	9.950302

1496003211428	-0.36391866	-0.009576807	9.940725

1496003211434	-0.37349546	0.0	9.940725

1496003211448	-0.40222588	0.047884032	9.969456

1496003211458	-0.35434186	0.047884032	9.950302

1496003211469	-0.36391866	0.02873042	9.950302

1496003211475	-0.37349546	0.038307227	9.988609

1496003211488	-0.37349546	0.047884032	9.988609

1496003211501	-0.37349546	0.02873042	10.007763

1496003211509	-0.36391866	0.009576807	10.01734

1496003211513	-0.38307226	-0.009576807	9.950302

1496003211524	-0.4309563	0.019153614	9.988609

1496003211534	-0.39264908	0.06703765	10.0269165

1496003211555	-0.38307226	0.06703765	9.998186

1496003211558	-0.38307226	0.06703765	9.959879

1496003211568	-0.40222588	0.02873042	9.969456

1496003211574	-0.37349546	0.038307227	9.988609

1496003211588	-0.35434186	0.047884032	9.969456

1496003211599	-0.37349546	0.047884032	9.950302

1496003211611	-0.37349546	0.019153614	9.969456

1496003211617	-0.38307226	0.047884032	9.998186

1496003211624	-0.41180268	0.019153614	9.931149

1496003211639	-0.4213795	0.019153614	9.931149

1496003211644	-0.34476504	0.038307227	9.902418

1496003211655	-0.36391866	0.05746084	9.940725

1496003211664	-0.40222588	0.038307227	9.950302

1496003211679	-0.38307226	0.02873042	9.959879

1496003211684	-0.35434186	-0.009576807	9.892841

1496003211699	-0.4213795	-0.009576807	9.921572

1496003211704	-0.41180268	0.009576807	9.940725

1496003211714	-0.40222588	0.0	9.902418

1496003211729	-0.39264908	0.038307227	9.931149

1496003211744	-0.37349546	0.019153614	9.902418

1496003211747	-0.40222588	0.0	9.911995

1496003211754	-0.41180268	0.019153614	9.911995

1496003211771	-0.38307226	-0.019153614	9.873688

1496003211774	-0.37349546	0.009576807	9.931149

1496003211784	-0.40222588	0.02873042	9.950302

1496003211794	-0.35434186	0.009576807	9.959879

1496003211808	-0.39264908	0.02873042	9.988609

1496003211814	-0.4213795	0.038307227	9.988609

1496003211824	-0.45968673	0.076614454	10.007763

1496003211839	-0.45968673	0.047884032	10.007763

1496003211853	-0.41180268	0.038307227	9.9790325

1496003211856	-0.39264908	0.038307227	9.969456

1496003211864	-0.39264908	0.0	9.921572

1496003211874	-0.39264908	-0.009576807	9.873688

1496003211891	-0.4405331	0.009576807	9.940725

1496003211905	-0.41180268	0.0	9.931149

1496003211918	-0.4213795	0.047884032	9.9790325

1496003211932	-0.41180268	0.047884032	9.940725

1496003211947	-0.4213795	0.019153614	9.950302

1496003211967	-0.4213795	0.009576807	9.959879

1496003211996	-0.36391866	0.019153614	9.969456

1496003211999	-0.35434186	0.019153614	10.007763

1496003212004	-0.41180268	0.02873042	9.998186

1496003212007	-0.41180268	0.038307227	9.931149

1496003212013	-0.39264908	0.0	9.959879

1496003212016	-0.37349546	0.019153614	9.902418

1496003212019	-0.41180268	0.047884032	9.902418

1496003212024	-0.4213795	0.02873042	9.921572

1496003212030	-0.40222588	0.009576807	9.911995

1496003212113	-0.36391866	0.019153614	9.940725

1496003212117	-0.36391866	0.038307227	9.940725

1496003212121	-0.35434186	0.038307227	9.9790325

1496003212123	-0.36391866	0.009576807	9.9790325

1496003212126	-0.39264908	0.009576807	9.931149

1496003212130	-0.39264908	0.009576807	9.911995

1496003212133	-0.41180268	0.0	9.892841

1496003212137	-0.36391866	0.02873042	9.950302

1496003212142	-0.36391866	0.02873042	9.969456

1496003212146	-0.38307226	0.009576807	9.959879

1496003212149	-0.39264908	0.019153614	10.007763

1496003212152	-0.39264908	-0.019153614	9.969456

1496003212156	-0.39264908	-0.009576807	9.940725

1496003212191	-0.38307226	0.009576807	9.950302

1496003212194	-0.38307226	-0.038307227	9.950302

1496003212197	-0.35434186	-0.038307227	9.959879

1496003212202	-0.40222588	0.0	9.940725

1496003212206	-0.36391866	0.019153614	9.988609

1496003212216	-0.35434186	0.047884032	9.9790325

1496003212224	-0.37349546	0.047884032	9.959879

1496003212238	-0.36391866	0.05746084	9.969456

1496003212248	-0.35434186	0.02873042	9.9790325

1496003212255	-0.38307226	0.02873042	9.940725

1496003212269	-0.39264908	0.02873042	9.969456

1496003212280	-0.38307226	0.038307227	9.959879

1496003212289	-0.37349546	0.0	9.911995

1496003212294	-0.41180268	0.019153614	9.931149

1496003212304	-0.37349546	0.009576807	9.940725

1496003212318	-0.40222588	0.009576807	9.959879

1496003212329	-0.36391866	0.0	10.055647

1496003212341	-0.4213795	0.019153614	10.04607

1496003212348	-0.4213795	0.019153614	10.01734

1496003212359	-0.38307226	0.009576807	10.01734

1496003212369	-0.39264908	0.0	9.988609

1496003212378	-0.37349546	0.019153614	9.902418

1496003212388	-0.36391866	0.047884032	9.950302

1496003212399	-0.36391866	0.038307227	9.969456

1496003212404	-0.35434186	0.05746084	9.959879

1496003212414	-0.32561144	0.038307227	9.988609

1496003212424	-0.33518824	0.038307227	9.998186

1496003212439	-0.36391866	0.047884032	9.988609

1496003212446	-0.35434186	0.019153614	10.01734

1496003212454	-0.41180268	0.009576807	9.969456

1496003212464	-0.41180268	0.009576807	9.969456

1496003212479	-0.41180268	0.02873042	10.01734

1496003212484	-0.40222588	0.02873042	9.950302

1496003212498	-0.41180268	0.009576807	9.988609

1496003212510	-0.4405331	0.0	9.998186

1496003212519	-0.39264908	0.019153614	9.998186

1496003212530	-0.39264908	0.019153614	9.969456

1496003212539	-0.37349546	0.019153614	9.950302

1496003212544	-0.38307226	0.02873042	9.921572

1496003212554	-0.31603462	0.019153614	9.931149

1496003212567	-0.36391866	0.06703765	9.998186

1496003212579	-0.37349546	0.038307227	9.883265

1496003212590	-0.41180268	0.02873042	9.911995

1496003212594	-0.36391866	0.009576807	9.950302

1496003212604	-0.38307226	0.02873042	9.969456

1496003212614	-0.32561144	0.0	9.950302

1496003212624	-0.35434186	0.019153614	9.969456

1496003212638	-0.38307226	0.038307227	9.959879

1496003212644	-0.39264908	0.02873042	9.959879

1496003212658	-0.41180268	0.0	9.950302

1496003212669	-0.4309563	0.038307227	9.998186

1496003212678	-0.40222588	0.038307227	9.998186

1496003212689	-0.4213795	0.02873042	9.988609

1496003212694	-0.39264908	0.019153614	9.969456

1496003212708	-0.36391866	0.038307227	10.0269165

1496003212714	-0.38307226	0.019153614	9.9790325

1496003212726	-0.37349546	0.019153614	9.9790325

1496003212739	-0.38307226	0.019153614	10.007763

1496003212751	-0.38307226	0.02873042	10.007763

1496003212755	-0.37349546	0.009576807	9.969456

1496003212766	-0.37349546	0.0	10.007763

1496003212789	-0.41180268	0.047884032	10.01734

1496003212807	-0.40222588	0.02873042	9.9790325

1496003212815	-0.4213795	0.05746084	9.998186

1496003212824	-0.4213795	0.06703765	9.998186

1496003212829	-0.4213795	0.06703765	9.998186

1496003212849	-0.36391866	0.02873042	9.9790325

1496003212853	-0.35434186	0.0	9.969456

1496003212858	-0.38307226	0.0	9.969456

1496003212862	-0.38307226	-0.009576807	9.969456

1496003212865	-0.36391866	0.02873042	9.931149

1496003212936	-0.35434186	-0.009576807	9.921572

1496003212939	-0.4213795	-0.009576807	9.950302

1496003212942	-0.39264908	0.038307227	9.902418

1496003212945	-0.38307226	0.038307227	9.959879

1496003212948	-0.35434186	0.05746084	10.01734

1496003212952	-0.37349546	0.038307227	10.007763

1496003212956	-0.34476504	0.038307227	10.007763

1496003212961	-0.34476504	0.02873042	9.998186

1496003212963	-0.35434186	0.02873042	9.969456

1496003212967	-0.35434186	0.0	10.01734

1496003212984	-0.39264908	0.019153614	9.969456

1496003212989	-0.37349546	0.009576807	9.950302

1496003212999	-0.40222588	0.0	9.988609

1496003213008	-0.36391866	-0.019153614	9.998186

1496003213019	-0.37349546	0.05746084	10.007763

1496003213029	-0.38307226	0.02873042	10.055647

1496003213042	-0.39264908	0.02873042	10.01734

1496003213046	-0.4213795	0.02873042	9.988609

1496003213054	-0.4405331	0.047884032	10.0269165

1496003213073	-0.4405331	0.02873042	9.998186

1496003213076	-0.4405331	0.038307227	9.9790325

1496003213089	-0.4213795	-0.009576807	9.940725

1496003213095	-0.41180268	0.02873042	9.950302

1496003213104	-0.4309563	0.02873042	9.998186

1496003213119	-0.41180268	0.047884032	10.036493

1496003213130	-0.39264908	0.02873042	9.950302

1496003213139	-0.38307226	0.02873042	9.969456

1496003213148	-0.36391866	0.038307227	10.036493

1496003213161	-0.37349546	0.038307227	9.9790325

1496003213167	-0.34476504	0.038307227	9.969456

1496003213180	-0.37349546	0.047884032	9.969456

1496003213190	-0.38307226	0.047884032	9.940725

1496003213193	-0.38307226	0.08619126	9.969456

1496003213209	-0.4405331	0.05746084	9.950302

1496003213214	-0.41180268	0.06703765	9.959879

1496003213228	-0.37349546	0.038307227	9.969456

1496003213249	-0.32561144	0.02873042	10.007763

1496003213259	-0.34476504	0.009576807	9.998186

1496003213271	-0.37349546	-0.019153614	10.007763

1496003213278	-0.38307226	0.019153614	10.036493

1496003213289	-0.41180268	0.038307227	10.065224

1496003213296	-0.35434186	0.02873042	10.055647

1496003213309	-0.34476504	0.047884032	9.998186

1496003213319	-0.40222588	0.038307227	9.988609

1496003213327	-0.39264908	0.019153614	9.950302

1496003213339	-0.40222588	0.038307227	9.988609

1496003213350	-0.36391866	0.019153614	9.902418

1496003213354	-0.36391866	0.019153614	9.911995

1496003213364	-0.39264908	0.038307227	9.959879

1496003213383	-0.37349546	0.047884032	9.940725

1496003213408	-0.40222588	0.06703765	9.940725

1496003213419	-0.39264908	0.047884032	9.9790325

1496003213424	-0.39264908	0.047884032	9.9790325

1496003213434	-0.37349546	0.02873042	9.9790325

1496003213445	-0.41180268	0.019153614	9.969456

1496003213454	-0.41180268	0.019153614	9.969456

1496003213468	-0.34476504	0.009576807	9.988609

1496003213479	-0.37349546	0.009576807	9.931149

1496003213484	-0.37349546	0.009576807	9.931149

1496003213499	-0.38307226	0.02873042	10.01734

1496003213509	-0.30645782	0.05746084	10.01734

1496003213515	-0.30645782	0.05746084	10.01734

1496003213529	-0.4309563	0.038307227	10.036493

1496003213534	-0.4309563	0.038307227	10.036493

1496003213545	-0.47884035	0.047884032	10.01734

1496003213554	-0.48841715	0.009576807	9.988609

1496003213564	-0.46926352	-0.009576807	10.036493

1496003213578	-0.38307226	0.0	9.988609

1496003213590	-0.37349546	0.019153614	9.998186

1496003213595	-0.37349546	0.019153614	9.998186

1496003213604	-0.4309563	0.009576807	9.988609

1496003213617	-0.41180268	0.009576807	10.01734

1496003213624	-0.41180268	0.009576807	10.01734

1496003213712	-0.4213795	0.038307227	9.969456

1496003213715	-0.41180268	0.019153614	9.931149

1496003213717	-0.4405331	0.038307227	9.950302

1496003213720	-0.41180268	0.009576807	9.959879

1496003213724	-0.37349546	-0.009576807	9.921572

1496003213727	-0.31603462	0.02873042	9.959879

1496003213731	-0.34476504	0.009576807	9.9790325

1496003213734	-0.32561144	0.019153614	10.01734

1496003213738	-0.32561144	0.019153614	10.01734

1496003213743	-0.35434186	0.02873042	9.988609

1496003213747	-0.35434186	0.019153614	9.969456

1496003213751	-0.36391866	0.019153614	9.969456

1496003213779	-0.32561144	0.076614454	10.0269165

1496003213783	-0.36391866	0.038307227	9.998186

1496003213785	-0.36391866	0.038307227	9.998186

1496003213788	-0.33518824	0.02873042	9.9790325

1496003213801	-0.39264908	0.0	10.007763

1496003213808	-0.40222588	0.05746084	9.9790325

1496003213819	-0.40222588	0.02873042	9.940725

1496003213829	-0.41180268	0.009576807	9.959879

1496003213838	-0.41180268	0.009576807	9.959879

1496003213843	-0.4213795	0.009576807	10.0269165

1496003213854	-0.4405331	0.0	9.988609

1496003213876	-0.40222588	0.047884032	10.01734

1496003213884	-0.39264908	0.047884032	10.007763

1496003213899	-0.34476504	0.02873042	10.01734

1496003213904	-0.34476504	0.038307227	10.0269165

1496003213918	-0.2873042	0.009576807	10.093954

1496003213924	-0.31603462	0.009576807	10.093954

1496003213934	-0.37349546	0.02873042	10.103531

1496003213949	-0.32561144	0.02873042	9.911995

1496003213954	-0.39264908	0.02873042	9.950302

1496003213973	-0.41180268	0.02873042	9.940725

1496003213990	-0.4213795	-0.009576807	9.998186

1496003213998	-0.40222588	0.009576807	9.9790325

1496003214009	-0.41180268	0.047884032	9.950302

1496003214015	-0.49799395	0.047884032	9.950302

1496003214024	-0.41180268	0.02873042	9.835381

1496003214039	-0.40222588	-0.038307227	10.275913

1496003214050	-0.4309563	0.12449849	9.605537

1496003214054	-0.30645782	0.019153614	9.605537

1496003214070	-0.36391866	0.038307227	9.816227

1496003214075	-0.18195933	-0.05746084	10.01734

1496003214090	-0.45968673	0.05746084	10.132261

1496003214094	-0.4309563	0.06703765	9.873688

1496003214106	-0.38307226	0.047884032	9.902418

1496003214120	-0.40222588	0.05746084	10.132261

1496003214124	-0.31603462	0.009576807	9.969456

1496003214140	-0.4309563	0.05746084	10.007763

1496003214149	-0.4309563	0.05746084	10.007763

1496003214154	-0.39264908	0.095768064	9.988609

1496003214168	-0.39264908	0.047884032	10.04607

1496003214179	-0.38307226	0.05746084	9.988609

1496003214192	-0.31603462	0.02873042	9.835381

