1496002796542	0.028	-0.028	9.548

1496002796549	0.067	-0.076	9.557

1496002796560	0.076	-0.057	9.567

1496002796579	0.038	-0.028	9.538

1496002796580	0.028	-0.047	9.538

1496002796593	0.057	-0.019	9.548

1496002796600	0.038	-0.019	9.529

1496002796610	0.038	-0.047	9.557

1496002796622	0.047	-0.047	9.567

1496002796636	0.028	-0.038	9.557

1496002796639	0.047	-0.038	9.548

1496002796649	0.047	-0.028	9.577

1496002796660	0.047	-0.047	9.557

1496002796669	0.076	-0.057	9.577

1496002796679	0.019	-0.047	9.596

1496002796692	0.038	-0.019	9.538

1496002796699	0.057	-0.067	9.577

1496002796709	0.047	-0.057	9.548

1496002796719	0.038	-0.067	9.548

1496002796729	0.028	-0.047	9.548

1496002796742	0.057	-0.076	9.567

1496002796749	0.047	-0.076	9.557

1496002796762	0.028	-0.095	9.538

1496002796769	0.076	-0.076	9.567

1496002796779	0.067	-0.076	9.538

1496002796792	0.114	-0.086	9.548

1496002796799	0.076	-0.057	9.538

1496002796809	0.086	-0.057	9.577

1496002796819	0.105	-0.047	9.586

1496002796829	0.067	-0.019	9.577

1496002796842	0.038	-0.009	9.548

1496002796849	0.038	0.009	9.529

1496002796859	0.0	0.009	9.519

1496002796869	0.019	-0.019	9.529

1496002796879	0.038	-0.028	9.557

1496002796892	0.038	-0.067	9.557

1496002796899	0.0	-0.038	9.51

1496002796909	0.038	-0.067	9.548

1496002796921	0.019	-0.076	9.529

1496002796929	0.067	-0.076	9.567

1496002796941	0.057	-0.057	9.577

1496002796949	0.067	-0.095	9.557

1496002796959	0.067	-0.057	9.567

1496002796970	0.067	-0.047	9.538

1496002796979	0.047	-0.038	9.567

1496002796998	0.057	-0.019	9.567

1496002797010	0.057	-0.009	9.538

1496002797019	0.038	-0.009	9.548

1496002797030	0.028	-0.009	9.529

1496002797041	0.076	-0.028	9.519

1496002797051	0.047	-0.028	9.519

1496002797060	0.038	-0.057	9.529

1496002797069	0.028	-0.067	9.529

1496002797079	0.009	-0.057	9.538

1496002797092	0.057	-0.067	9.548

1496002797101	0.009	-0.028	9.481

1496002797114	0.009	-0.047	9.51

1496002797119	0.057	-0.047	9.538

1496002797129	0.019	-0.009	9.529

1496002797141	0.019	-0.028	9.557

1496002797149	0.047	-0.028	9.557

1496002797160	0.019	-0.009	9.5

1496002797169	0.028	-0.028	9.51

1496002797179	0.047	-0.028	9.529

1496002797192	0.047	-0.038	9.557

1496002797201	0.028	-0.038	9.538

1496002797215	0.019	-0.028	9.538

1496002797219	0.038	-0.038	9.548

1496002797229	0.019	-0.076	9.548

1496002797241	0.057	-0.067	9.538

1496002797249	0.038	-0.057	9.557

1496002797259	0.028	-0.038	9.557

1496002797269	0.047	-0.057	9.567

1496002797279	0.047	-0.038	9.567

1496002797293	0.067	-0.038	9.557

1496002797300	0.047	-0.019	9.577

1496002797310	0.047	0.0	9.529

1496002797321	0.047	-0.047	9.557

1496002797329	0.038	-0.038	9.577

1496002797341	0.057	-0.038	9.548

1496002797349	0.067	-0.047	9.567

1496002797359	0.047	-0.057	9.567

1496002797369	0.067	-0.047	9.586

1496002797379	0.076	-0.076	9.557

1496002797392	0.038	-0.057	9.567

1496002797401	0.047	-0.067	9.557

1496002797410	0.057	-0.067	9.567

1496002797419	0.067	-0.067	9.548

1496002797429	0.057	-0.047	9.529

1496002797441	0.076	-0.057	9.538

1496002797450	0.057	-0.047	9.548

1496002797459	0.038	-0.028	9.596

1496002797471	0.038	-0.047	9.519

1496002797480	0.047	-0.047	9.519

1496002797496	0.038	-0.028	9.538

1496002797501	0.047	-0.047	9.548

1496002797510	0.038	-0.019	9.577

1496002797519	0.009	-0.019	9.5

1496002797529	0.028	-0.047	9.548

1496002797543	0.028	-0.047	9.519

1496002797549	0.038	-0.038	9.538

1496002797559	0.057	-0.067	9.548

1496002797571	0.047	-0.047	9.548

1496002797579	0.076	-0.047	9.567

1496002797591	0.019	-0.028	9.557

1496002797599	0.076	-0.028	9.548

1496002797609	0.028	-0.047	9.548

1496002797619	0.028	-0.009	9.519

1496002797629	0.028	-0.019	9.586

1496002797642	0.028	-0.028	9.529

1496002797650	0.019	-0.038	9.557

1496002797660	0.067	-0.047	9.557

1496002797669	0.038	-0.028	9.529

1496002797679	0.028	-0.038	9.548

1496002797691	0.028	-0.057	9.529

1496002797700	0.067	-0.067	9.529

1496002797709	0.057	-0.076	9.605

1496002797719	0.067	-0.095	9.529

1496002797729	0.086	-0.095	9.577

1496002797741	0.105	-0.047	9.586

1496002797749	0.057	-0.047	9.548

1496002797759	0.038	-0.038	9.577

1496002797769	0.067	-0.028	9.596

1496002797779	0.067	-0.028	9.567

1496002797791	0.047	-0.028	9.577

1496002797800	0.057	-0.019	9.529

1496002797811	0.028	-0.047	9.538

1496002797821	0.0	-0.047	9.5

1496002797829	0.028	-0.038	9.51

1496002797853	0.076	-0.067	9.538

1496002797859	0.047	-0.067	9.577

1496002797871	0.038	-0.047	9.557

1496002797880	0.057	-0.057	9.567

1496002797890	0.038	-0.047	9.557

1496002797900	0.086	-0.047	9.586

1496002797909	0.076	-0.047	9.567

1496002797919	0.067	-0.028	9.548

1496002797931	0.038	0.0	9.529

1496002797942	0.047	-0.009	9.538

1496002797949	0.057	-0.038	9.538

1496002797959	0.067	-0.028	9.577

1496002797969	0.057	-0.028	9.577

1496002797980	0.038	-0.038	9.586

1496002797995	0.057	-0.047	9.548

1496002798001	0.028	-0.067	9.538

1496002798010	0.009	-0.057	9.519

1496002798019	0.0	-0.047	9.529

1496002798029	0.019	-0.047	9.481

1496002798043	0.047	-0.057	9.548

1496002798057	0.038	-0.076	9.538

1496002798059	0.038	-0.057	9.529

1496002798069	0.038	-0.038	9.538

1496002798081	0.067	-0.019	9.557

1496002798090	0.057	-0.028	9.577

1496002798100	0.067	-0.019	9.586

1496002798109	0.038	0.0	9.567

1496002798119	0.076	-0.038	9.548

1496002798129	0.038	-0.038	9.5

1496002798143	0.086	-0.028	9.644

1496002798149	0.047	-0.047	9.529

1496002798159	0.038	-0.076	9.538

1496002798169	0.047	-0.067	9.577

1496002798180	0.009	-0.047	9.548

1496002798191	0.047	-0.067	9.557

1496002798200	0.028	-0.028	9.519

1496002798210	0.019	-0.038	9.538

1496002798219	-0.028	-0.009	9.49

1496002798229	0.028	-0.019	9.519

1496002798241	0.028	-0.019	9.529

1496002798249	0.028	-0.009	9.557

1496002798259	0.047	0.0	9.548

1496002798269	0.047	-0.028	9.586

1496002798279	0.057	-0.019	9.529

1496002798291	0.095	-0.047	9.577

1496002798301	0.095	-0.067	9.557

1496002798309	0.067	-0.028	9.577

1496002798319	0.038	-0.038	9.51

1496002798329	0.028	-0.047	9.51

1496002798342	0.038	-0.038	9.529

1496002798350	0.009	-0.028	9.548

1496002798360	0.019	-0.057	9.557

1496002798370	0.019	-0.057	9.529

1496002798380	0.019	-0.076	9.586

1496002798395	0.057	-0.095	9.557

1496002798404	0.067	-0.086	9.538

1496002798410	0.095	-0.105	9.586

1496002798422	0.105	-0.076	9.596

1496002798429	0.105	-0.047	9.577

1496002798443	0.114	-0.057	9.586

1496002798449	0.095	-0.038	9.577

1496002798459	0.086	-0.038	9.577

1496002798473	0.038	0.0	9.557

1496002798480	0.028	0.009	9.519

1496002798491	0.009	0.028	9.519

1496002798500	-0.028	0.009	9.5

1496002798509	-0.067	0.009	9.529

1496002798519	-0.086	0.028	9.481

1496002798529	-0.076	0.0	9.519

1496002798541	-0.057	-0.047	9.51

1496002798549	-0.028	-0.067	9.538

1496002798559	0.047	-0.076	9.557

1496002798569	0.105	-0.105	9.567

1496002798579	0.134	-0.095	9.577

1496002798601	0.191	-0.105	9.625

1496002798609	0.162	-0.095	9.596

1496002798619	0.143	-0.067	9.577

1496002798629	0.124	-0.057	9.577

1496002798641	0.105	-0.019	9.615

1496002798657	0.067	-0.038	9.586

1496002798659	0.038	-0.019	9.567

1496002798669	0.0	0.0	9.557

1496002798679	-0.057	0.019	9.5

1496002798692	-0.067	-0.009	9.49

1496002798700	-0.047	-0.028	9.49

1496002798709	-0.047	-0.038	9.49

1496002798719	-0.095	-0.038	9.49

1496002798729	0.0	-0.057	9.529

1496002798743	0.019	-0.067	9.567

1496002798751	0.067	-0.038	9.567

1496002798759	0.067	-0.019	9.596

1496002798769	0.105	-0.009	9.567

1496002798779	0.086	-0.009	9.567

1496002798791	0.124	-0.019	9.577

1496002798799	0.153	-0.019	9.644

1496002798809	0.134	-0.047	9.625

1496002798819	0.114	-0.038	9.567

1496002798830	0.095	-0.076	9.567

1496002798844	0.105	-0.095	9.567

1496002798850	0.086	-0.124	9.586

1496002798860	0.028	-0.105	9.548

1496002798869	0.028	-0.114	9.5

1496002798879	0.009	-0.095	9.529

1496002798891	0.0	-0.086	9.538

1496002798900	0.009	-0.076	9.51

1496002798909	-0.028	-0.067	9.519

1496002798919	0.0	-0.019	9.51

1496002798929	0.0	0.019	9.538

1496002798941	0.028	0.028	9.529

1496002798949	0.028	0.038	9.538

1496002798959	0.057	0.019	9.557

1496002798969	0.019	0.019	9.538

1496002798979	0.047	0.019	9.538

1496002798996	0.095	-0.028	9.586

1496002799001	0.076	-0.038	9.567

1496002799010	0.067	-0.086	9.538

1496002799019	0.057	-0.095	9.529

1496002799029	0.067	-0.095	9.557

1496002799044	0.028	-0.086	9.51

1496002799050	0.028	-0.095	9.538

1496002799060	0.019	-0.095	9.49

1496002799069	0.028	-0.076	9.548

1496002799079	0.038	-0.057	9.548

1496002799091	0.019	-0.019	9.529

1496002799100	0.0	-0.019	9.538

1496002799110	0.019	-0.019	9.529

1496002799119	0.028	-0.009	9.519

1496002799129	0.038	-0.009	9.548

1496002799141	0.047	-0.009	9.548

1496002799149	0.047	-0.019	9.577

1496002799159	0.057	-0.047	9.538

1496002799169	0.047	-0.038	9.548

1496002799179	0.067	-0.057	9.548

1496002799191	0.038	-0.038	9.519

1496002799201	0.057	-0.047	9.557

1496002799213	0.009	-0.009	9.548

1496002799219	-0.009	-0.038	9.51

1496002799229	0.0	-0.019	9.529

1496002799241	-0.009	-0.047	9.548

1496002799249	0.019	-0.057	9.557

1496002799259	0.028	-0.047	9.519

1496002799269	0.114	-0.057	9.615

1496002799280	0.076	-0.076	9.567

1496002799299	0.114	-0.076	9.605

1496002799314	0.095	-0.086	9.557

1496002799320	0.067	-0.057	9.538

1496002799341	0.057	-0.067	9.557

1496002799342	0.009	-0.009	9.51

1496002799349	-0.009	0.0	9.548

1496002799359	0.0	-0.019	9.519

1496002799369	0.009	-0.028	9.5

1496002799379	-0.009	-0.028	9.519

1496002799391	0.009	-0.038	9.538

1496002799400	0.019	-0.028	9.529

1496002799413	0.009	-0.028	9.548

1496002799419	0.0	-0.028	9.567

1496002799429	0.067	-0.047	9.586

1496002799441	0.047	-0.028	9.538

1496002799449	0.038	-0.028	9.567

1496002799459	0.047	-0.019	9.529

1496002799469	0.038	-0.019	9.557

1496002799479	0.047	-0.047	9.548

1496002799491	0.067	-0.038	9.557

1496002799501	0.057	-0.076	9.538

1496002799510	0.076	-0.095	9.548

1496002799519	0.076	-0.086	9.557

1496002799529	0.038	-0.086	9.519

1496002799541	0.028	-0.095	9.51

1496002799549	0.0	-0.047	9.538

1496002799559	0.009	-0.038	9.538

1496002799569	0.009	-0.047	9.519

1496002799580	0.009	0.0	9.519

1496002799602	0.0	0.019	9.529

1496002799607	0.0	0.019	9.529

1496002799626	0.047	0.009	9.51

1496002799629	0.038	0.028	9.557

1496002799631	0.086	0.0	9.557

1496002799641	0.038	0.0	9.538

1496002799649	0.057	-0.009	9.557

1496002799659	0.038	-0.019	9.548

1496002799669	0.009	-0.038	9.51

1496002799682	0.019	-0.038	9.5

1496002799691	0.019	-0.076	9.519

1496002799700	0.009	-0.095	9.548

1496002799709	0.028	-0.105	9.51

1496002799719	0.009	-0.095	9.51

1496002799729	0.057	-0.095	9.538

1496002799741	0.028	-0.076	9.51

1496002799749	0.105	-0.086	9.557

1496002799761	0.067	-0.038	9.548

1496002799769	0.086	-0.019	9.586

1496002799779	0.076	0.0	9.538

1496002799791	0.057	0.019	9.538

1496002799800	0.067	0.019	9.596

1496002799809	0.028	0.028	9.567

1496002799819	0.028	0.0	9.548

1496002799829	0.038	-0.028	9.567

1496002799841	0.019	-0.047	9.557

1496002799849	0.0	-0.038	9.519

1496002799860	-0.019	-0.047	9.51

1496002799869	0.0	-0.057	9.5

1496002799879	0.028	-0.076	9.538

1496002799893	0.057	-0.076	9.567

1496002799900	0.057	-0.047	9.567

1496002799909	0.086	-0.067	9.586

1496002799919	0.076	-0.067	9.529

1496002799929	0.067	-0.019	9.567

1496002799941	0.095	-0.019	9.586

1496002799949	0.076	-0.019	9.577

1496002799959	0.038	-0.009	9.538

1496002799973	0.047	-0.009	9.538

1496002799979	0.028	-0.028	9.529

1496002799995	0.038	-0.028	9.567

1496002800008	0.057	-0.047	9.557

1496002800010	0.009	-0.047	9.538

1496002800019	-0.028	-0.028	9.5

1496002800030	0.009	-0.057	9.548

1496002800042	0.009	-0.067	9.519

1496002800049	0.019	-0.057	9.586

1496002800060	0.019	-0.038	9.567

1496002800075	0.047	-0.028	9.529

1496002800081	0.067	-0.038	9.586

1496002800090	0.086	-0.076	9.596

1496002800100	0.134	-0.076	9.577

1496002800109	0.114	-0.067	9.548

1496002800119	0.076	-0.067	9.529

1496002800129	0.095	-0.086	9.557

1496002800147	0.114	-0.095	9.548

1496002800150	0.067	-0.086	9.557

1496002800160	0.038	-0.067	9.538

1496002800169	0.038	-0.067	9.548

1496002800179	-0.028	-0.009	9.567

1496002800193	-0.028	-0.009	9.51

1496002800200	-0.028	0.0	9.548

1496002800212	-0.067	0.019	9.51

1496002800220	0.009	0.009	9.51

1496002800229	0.0	-0.009	9.557

1496002800241	0.047	-0.019	9.567

1496002800249	0.076	-0.038	9.529

1496002800259	0.095	-0.038	9.577

1496002800269	0.105	-0.047	9.596

1496002800279	0.114	-0.047	9.586

1496002800291	0.124	-0.076	9.567

1496002800300	0.067	-0.076	9.577

1496002800313	0.076	-0.105	9.557

1496002800319	0.038	-0.067	9.538

1496002800329	0.0	-0.057	9.529

1496002800341	0.0	-0.038	9.529

1496002800349	0.009	-0.067	9.51

1496002800359	-0.009	-0.028	9.529

1496002800369	0.009	-0.038	9.519

1496002800379	0.0	-0.028	9.5

1496002800391	0.019	0.0	9.538

1496002800400	0.057	-0.028	9.586

1496002800410	0.086	-0.009	9.605

1496002800419	0.095	-0.038	9.625

1496002800429	0.076	-0.019	9.577

1496002800441	0.095	-0.038	9.596

1496002800449	0.086	-0.028	9.596

1496002800461	0.057	-0.047	9.634

1496002800469	0.067	-0.067	9.596

1496002800481	0.038	-0.076	9.577

1496002800495	0.057	-0.076	9.586

1496002800501	0.009	-0.057	9.557

1496002800511	0.038	-0.076	9.548

1496002800530	0.086	-0.095	9.567

1496002800532	0.057	-0.095	9.529

1496002800540	0.057	-0.067	9.557

1496002800549	0.038	-0.076	9.548

1496002800559	0.086	-0.057	9.538

1496002800569	0.057	-0.019	9.586

1496002800579	0.047	-0.019	9.538

1496002800592	0.038	-0.009	9.548

1496002800600	0.047	-0.009	9.538

1496002800610	0.067	-0.009	9.567

1496002800619	0.038	-0.009	9.557

1496002800629	0.086	-0.057	9.586

1496002800641	0.076	-0.076	9.577

1496002800649	0.057	-0.076	9.538

1496002800659	0.009	-0.047	9.548

1496002800671	0.019	-0.047	9.529

1496002800680	0.019	-0.057	9.596

1496002800691	-0.019	-0.009	9.529

1496002800701	0.047	-0.047	9.529

1496002800709	0.067	-0.047	9.567

1496002800719	0.057	-0.047	9.567

1496002800729	0.095	-0.067	9.615

1496002800743	0.076	-0.038	9.567

1496002800749	0.086	-0.067	9.586

1496002800759	0.086	-0.038	9.586

1496002800770	0.095	-0.057	9.596

1496002800779	0.067	-0.028	9.577

1496002800791	0.076	-0.057	9.577

1496002800800	0.047	-0.038	9.529

1496002800810	0.0	-0.019	9.49

1496002800819	0.009	-0.019	9.519

1496002800829	0.0	-0.028	9.557

1496002800851	0.0	-0.038	9.538

1496002800873	0.028	-0.047	9.538

1496002800874	0.009	-0.038	9.538

1496002800876	0.057	-0.057	9.519

1496002800879	0.067	-0.038	9.567

1496002800891	0.086	-0.038	9.596

1496002800899	0.095	-0.067	9.605

1496002800909	0.076	-0.047	9.538

1496002800919	0.047	-0.047	9.548

1496002800929	0.076	-0.067	9.557

1496002800942	0.028	-0.067	9.5

1496002800949	0.076	-0.067	9.557

1496002800959	0.067	-0.076	9.548

1496002800969	0.057	-0.067	9.567

1496002800979	0.047	-0.057	9.567

1496002800997	0.067	-0.067	9.557

1496002801000	0.009	-0.028	9.529

1496002801011	0.009	-0.028	9.577

1496002801020	0.028	-0.038	9.557

1496002801029	0.019	-0.009	9.586

1496002801042	0.019	-0.009	9.519

1496002801049	0.009	0.0	9.538

1496002801059	0.028	-0.019	9.538

1496002801069	0.057	-0.038	9.529

1496002801080	0.038	0.0	9.519

1496002801089	0.047	-0.057	9.567

1496002801111	0.057	-0.047	9.557

1496002801113	0.067	-0.067	9.548

1496002801119	0.047	-0.057	9.567

1496002801129	0.067	-0.067	9.557

1496002801140	0.076	-0.067	9.586

1496002801150	0.019	-0.038	9.529

1496002801159	0.009	-0.028	9.548

1496002801179	0.047	-0.067	9.538

1496002801191	0.038	-0.019	9.5

1496002801199	0.038	-0.038	9.538

1496002801210	0.038	-0.038	9.49

1496002801225	0.057	-0.019	9.567

1496002801229	0.047	-0.028	9.529

1496002801243	0.047	-0.047	9.538

1496002801248	0.057	-0.028	9.577

1496002801259	0.057	-0.038	9.567

1496002801269	0.047	-0.038	9.557

1496002801279	0.076	-0.057	9.548

1496002801291	0.057	-0.076	9.577

1496002801300	0.067	-0.057	9.529

1496002801310	0.047	-0.067	9.557

1496002801319	0.086	-0.076	9.577

1496002801328	0.047	-0.047	9.557

1496002801343	0.057	-0.086	9.529

1496002801349	0.038	-0.057	9.567

1496002801359	0.009	-0.047	9.519

1496002801369	0.0	-0.019	9.538

1496002801379	0.047	-0.038	9.557

1496002801397	0.028	-0.038	9.519

1496002801401	0.028	-0.028	9.519

1496002801410	0.028	-0.038	9.5

1496002801419	0.057	-0.038	9.557

1496002801429	0.038	-0.038	9.557

1496002801441	0.028	-0.028	9.538

1496002801449	0.086	-0.038	9.538

1496002801459	0.038	-0.047	9.557

