1495751993877	3.2418065	1.2030376	-0.053423926

1495751993886	3.6301625	1.7430056	-0.14175327

1495751993897	3.741407	2.1957102	-0.2998934

1495751993906	3.3421264	2.0178523	-0.47335464

1495751993916	2.6091127	1.7070343	-0.66853184

1495751993926	1.9480416	1.8510525	-0.81254995

1495751993936	1.0253131	2.5142553	-0.6806555

1495751993947	0.84092724	2.4367173	-0.4765521

1495751993956	0.9555023	2.0953903	-0.2628564

1495751993966	1.1300293	1.5249134	-0.06861178

1495751993976	1.1310952	0.91073805	0.05995204

1495751993986	0.99587	0.38502532	0.12430056

1495751993997	0.86930454	0.069810815	0.17119637

1495751994007	0.7330136	0.00532907	0.2071676

1495751994016	0.5824674	0.14828138	0.24313882

1495751994026	0.42206234	0.46029842	0.2759126

1495751994036	0.20063949	0.79949373	0.27258193

1495751994047	-0.18318678	0.736211	0.23661071

1495751994058	-0.9773514	-0.7307487	0.117772445

1495751994066	-1.9131361	-2.6997068	-0.03157474

1495751994077	-2.394218	-3.0759392	-0.049027443

1495751994086	-2.182654	-1.7037038	0.1384226

1495751994097	-1.8848921	-0.24966693	0.4014122

1495751994106	-2.3910205	-0.39368504	0.5507594

1495751994116	-3.108713	-0.47881696	0.7263523

1495751994127	-4.302025	-0.15480949	1.1420197

1495751994137	-4.81255	-0.62163603	1.4539036

1495751994147	-5.5357046	-2.2251532	1.7364775

1495751994156	-5.031708	-3.085798	1.5303757

1495751994167	-2.8206768	-2.7651212	0.6096456

1495751994176	-1.2783107	-3.8842258	-0.6510791

1495751994187	-0.84092724	-6.006928	-1.4332534

1495751994198	-0.9544364	-7.0606184	-1.0743406

1495751994207	-1.0471623	-6.446576	-0.10471623

1495751994217	-1.0602185	-5.125633	0.6838529

1495751994227	-1.101652	-3.9006128	0.9925393

1495751994236	-1.116973	-3.0214496	0.8387956

1495751994246	-1.0175859	-2.5306423	0.44604316

1495751994256	-0.81588066	-2.2447376	0.002131628

1495751994266	-0.5507594	-2.036504	-0.40674126

1495751994276	-0.2912337	-1.7244871	-0.70889956

1495751994287	-0.042499334	-1.184519	-0.8148148

1495751994297	0.21596056	-0.5856648	-0.7689848

1495751994327	0.46029842	-0.2017053	-0.6893152

1495751994346	0.63482547	-0.057687182	-0.64455104

1495751994350	0.96096456	0.48974153	-0.6500133

1495751994351	1.2597922	2.2556622	-0.48534507

1495751994352	1.2597922	2.2556622	-0.48534507

1495751994356	1.2270184	2.834932	-0.29882762

1495751994366	1.1550759	3.0290434	-0.08286704

1495751994376	1.0885957	3.0039968	0.12323475

1495751994387	1.0023981	2.8098855	0.29003465

1495751994397	0.9826805	2.4379163	0.39475086

1495751994407	1.0198507	1.9469757	0.49187317

1495751994416	1.0678124	1.4201971	0.61737275

1495751994426	1.094058	0.9544364	0.6325606

1495751994436	1.0743406	0.6282974	0.54103386

1495751994446	0.6947775	-0.13189448	0.49080735

1495751994456	-2.0539567	-5.5596857	1.0776712

1495751994468	-3.7195578	-9.365441	1.9425793

1495751994476	-0.92379427	-4.0238476	1.4757527

1495751994486	0.6031175	0.26179057	1.0438316

1495751994497	0.51265657	1.64162	1.1277645

1495751994506	0.093791634	2.0430322	1.3438582

1495751994516	-0.27924326	1.9568346	1.1943778

1495751994527	-0.7155609	0.37729818	-1.2118305

1495751994538	-0.76019186	-0.5442313	-2.675593

1495751994547	-0.79949373	-0.2813749	-3.642153

1495751994557	-0.736211	1.3317347	-3.9420464

1495751994567	-0.43631762	3.5221157	-3.3749

1495751994577	0.26711965	5.8694377	-2.0146549

1495751994595	1.9393818	8.519052	0.44937384

1495751994616	2.409539	7.003864	0.6882494

1495751994618	2.4902744	3.396616	0.35438317

1495751994626	2.7454038	0.9555023	-0.035971224

1495751994636	3.3421264	0.4416467	-0.16679989

1495751994647	3.9039435	0.8932854	-0.16573408

1495751994656	4.1089797	1.4223288	-0.196243

1495751994666	3.680256	1.2434052	-0.402478

1495751994676	2.7607248	0.5343725	-0.76125765

1495751994686	1.9448441	0.33160138	-1.0863309

1495751994697	1.5783373	1.0175859	-1.2128963

1495751994707	1.5794032	1.8510525	-1.1266986

1495751994716	1.6481482	1.9677591	-0.64028776

1495751994726	1.4179323	0.86277646	-0.45043966

1495751994737	1.2587264	0.74380493	-0.29669598

1495751994747	1.0602185	0.86823875	-0.127498

1495751994766	0.79842794	1.0219824	0.06648015

1495751994767	0.54209965	1.1060485	0.29669598

1495751994776	0.30748734	0.9990674	0.5257128

1495751994786	-0.001065814	0.46895817	0.64575005

1495751994798	-0.46243006	-0.6140421	0.6609379

1495751994806	-1.0394351	-1.7200906	0.6053824

1495751994816	-1.5455636	-1.9774847	0.5267786

1495751994827	-1.877165	-1.4790834	0.492939

1495751994837	-2.0636823	-0.9162004	0.51811886

1495751994846	-2.2207568	-0.6129763	0.5627498

1495751994856	-2.45417	-0.6510791	0.5736744

1495751994866	-2.828404	-0.9315215	0.55622166

1495751994876	-3.2689848	-0.93365306	0.62603253

1495751994888	-3.6999733	-0.4886757	1.0230483

1495751994898	-4.7416735	-0.05662137	1.4572343

1495751994917	-5.4637623	-0.45909938	1.6906475

1495751994926	-3.9857447	-4.0991206	0.69144684

1495751994936	-1.2019718	-5.2194242	-0.6108447

1495751994947	0.52784437	-6.491207	-1.451772

1495751994956	0.7395417	-7.564615	-1.1115108

1495751994966	0.3272049	-7.3856916	0.06861178

1495751994977	-0.09152678	-6.1541433	1.1693312

1495751994990	-0.44604316	-4.607514	1.572875

1495751995002	-0.6468159	-3.3846257	1.2478018

1495751995007	-0.6794564	-2.5971222	0.6085798

1495751995042	-0.6282974	-1.9993339	0.02504663

1495751995044	-0.50492936	-1.535838	-0.42099655

1495751995045	-0.31081802	-1.1354916	-0.69144684

1495751995047	-0.08180123	-0.6739941	-0.77551293

1495751995057	0.17559285	-0.22795098	-0.68491876

1495751995066	0.40567547	0.035971224	-0.51478815

1495751995076	0.5496936	0.07194245	-0.41007194

1495751995086	0.5911271	0.06434852	-0.36211032

1495751995097	0.6129763	0.1951772	-0.3272049

1495751995106	0.76019186	0.8419931	-0.2693845

1495751995116	1.0492939	2.0495603	-0.083932854

1495751995127	1.138689	3.0650146	0.06434852

1495751995137	0.97069013	2.8698375	0.18318678

1495751995147	0.8322675	2.6156409	0.27924326

1495751995157	0.76458836	2.3451905	0.3446576

1495751995167	0.75153214	1.9721556	0.39701572

1495751995177	0.8016254	1.4496403	0.43405277

1495751995193	0.90421	0.85078603	0.42206234

1495751995200	0.94897413	0.43192112	0.3141487

1495751995219	0.8529177	0.1624034	0.20823342

1495751995220	-0.2519318	-2.0190513	0.35331735

1495751995227	-2.9920063	-6.9058084	1.1605382

1495751995236	-2.6636024	-5.9862776	1.54996

1495751995246	-0.3042899	-1.4910738	0.97948307

1495751995257	0.4351186	0.7395417	0.7252864

1495751995266	0.1329603	1.2641886	0.9128697

1495751995276	-0.31841195	1.4473754	1.3001599

1495751995286	-0.7155609	1.3220091	1.2892352

1495751995298	-1.3186784	-0.35438317	-1.4616307

1495751995307	-1.3186784	-0.35438317	-2.857847

1495751995316	-1.3950173	-0.7875033	-3.4327204

1495751995326	-1.2434052	1.7026379	-2.9276578

1495751995337	-0.45483613	4.028244	-1.8411937

1495751995347	1.0438316	7.038769	-0.8365308

1495751995357	2.5567546	9.301092	-0.2475353

1495751995367	3.5536904	9.705835	0.14068745

1495751995377	3.9519053	6.706102	0.22901678

1495751995387	3.4838796	1.8935518	0.05995204

1495751995398	3.0639489	-0.7111644	0.00532907

1495751995407	3.2788436	-0.7853717	0.04796163

1495751995416	3.8383958	0.59765524	-0.07953637

1495751995426	4.065281	1.8106848	-0.3272049

1495751995436	3.4392486	1.6405542	-0.6882494

1495751995447	2.228484	0.56501466	-1.0798029

1495751995457	1.2936318	0.16360246	-1.184519

1495751995466	0.972955	0.8016254	-0.97508657

1495751995476	1.0110579	1.609912	-0.7263523

1495751995489	1.1180389	1.2990941	-0.470024

1495751995498	1.0045297	0.7078337	-0.41340262

1495751995516	0.91406876	0.3228084	-0.1842526

1495751995526	0.8714362	0.47988275	0.08499867

1495751995536	0.8617106	0.80708766	0.3446576

1495751995547	0.76671994	1.124567	0.46895817

1495751995557	0.4864109	1.1081802	0.470024

1495751995567	-0.07633893	0.12323475	0.43192112

1495751995577	-0.91406876	-1.7789768	0.36530775

1495751995592	-1.6306955	-2.753131	0.28030908

1495751995598	-1.9208633	-1.9818811	0.2300826

1495751995607	-1.8782307	-0.44604316	0.23887557

1495751995617	-2.0659473	0.05995204	0.30868638

1495751995627	-2.4978683	-0.023980815	0.48094857

1495751995637	-3.0126565	0.058886223	0.6642686

1495751995646	-3.4501731	0.1842526	0.8387956

1495751995656	-3.7042365	-0.039168663	0.98814285

1495751995666	-3.9878764	-1.1584066	1.1115108

1495751995676	-4.3445244	-3.19158	1.0471623

1495751995686	-3.3399947	-3.8133492	0.6380229

1495751995698	-0.8551825	-5.3491874	-0.6969091

1495751995717	-1.0743406	-6.598188	-0.14721556

1495751995727	-1.1397549	-4.840927	0.6239009

1495751995736	-1.4256594	-3.4163337	0.9826805

1495751995746	-1.6950439	-2.4509726	0.941247

1495751995756	-1.7637889	-2.0310419	0.66200376

1495751995766	-1.6917133	-1.7593925	0.36530775

1495751995776	-1.5335732	-1.4038103	0.14068745

1495751995789	-1.3361311	-0.98814285	-0.016253663

1495751995797	-1.0961897	-0.5867306	-0.11670663

1495751995807	-0.8190781	-0.19957368	-0.14614974

1495751995819	-0.5507594	0.08606448	-0.18864909

1495751995826	-0.29882762	0.18318678	-0.31734613

1495751995836	-0.067545965	0.26179057	-0.470024

1495751995846	0.14068745	0.4537703	-0.5911271

1495751995856	0.35331735	0.8028244	-0.6794564

1495751995866	0.58792967	1.292566	-0.7252864

1495751995876	0.8289369	1.8979483	-0.7046363

1495751995887	1.0242473	2.4608314	-0.5452971

1495751995897	1.1397549	2.7029042	-0.2584599

1495751995906	1.2118305	2.5895283	0.09698907

1495751995916	1.5815347	2.3429255	0.7918998

1495751995926	1.5215827	1.5379696	1.0122569

1495751995936	1.6426859	0.98934186	1.1037836

1495751995946	1.7081002	0.37183586	1.0492939

1495751995956	1.6012523	-0.010791367	0.8998135

1495751995968	1.3339995	-0.05662137	0.78963494

1495751995976	0.8387956	-0.35664803	0.7580602

1495751995986	-1.3045564	-3.6911805	0.8529177

1495751995997	-4.62923	-8.768851	1.4463096

1495751996007	-3.8623767	-5.67093	1.5423661

1495751996017	-1.4179323	-0.49520382	0.9685585

1495751996026	-0.1624034	1.467093	0.6270983

1495751996036	0.20503597	1.5085266	0.42419398

1495751996047	0.3141487	1.3645084	0.0075939246

1495751996056	0.33373302	1.2434052	-0.7460698

1495751996066	0.19411138	0.8419931	-1.6819878

1495751996076	-0.09152678	0.42645884	-2.1923795

1495751996086	-0.18651745	0.6009859	-2.1008527

1495751996097	-0.09152678	1.1201705	-1.7495337

1495751996106	0.12869704	1.8204104	-1.2259526

1495751996117	1.6426859	5.127764	-0.68491876

1495751996127	2.5960565	6.5043964	-0.76565415

1495751996137	3.28324	6.4367175	-0.6947775

1495751996147	3.518785	4.218092	-0.52358115

1495751996157	3.4730883	1.6262989	-0.40021315

1495751996166	3.5929923	0.6020517	-0.34678924

1495751996176	3.8034906	0.8998135	-0.29003465

1495751996186	3.8002932	1.4572343	-0.3042899

1495751996197	3.3999467	1.664535	-0.46136424

1495751996207	2.674527	1.5543565	-0.71982414

1495751996216	1.9818811	1.6317613	-0.98387957

1495751996226	1.5237143	1.9666933	-1.0885957

1495751996256	1.2696509	2.3843591	-1.0285106

1495751996260	1.115774	2.6254995	-0.88236076

1495751996262	1.0852652	2.5426326	-0.699174

1495751996267	1.1899813	2.1641355	-0.46243006

1495751996276	1.2204902	1.4551026	-0.20277111

1495751996286	1.0492939	0.47881696	0.0

1495751996296	0.79509723	-0.36970425	0.1449507

1495751996307	0.42099655	-0.745004	0.46243006

1495751996317	0.25406343	-0.42965627	0.61191046

1495751996326	0.10245137	0.042499334	0.72422063

1495751996336	-0.080602184	0.515854	0.77111644

1495751996346	-0.37410071	0.8659739	0.7907008

1495751996356	-0.82560617	0.6544098	0.767919

1495751996366	-1.5106581	-0.8888889	0.63908875

1495751996376	-2.1847856	-2.7575274	0.44710898

1495751996388	-2.2916334	-2.8872902	0.40900612

1495751996399	-1.9972023	-1.6699973	0.54636294

1495751996415	-2.3277378	-1.3306688	0.6369571

1495751996417	-2.9167333	-1.0362377	0.745004

1495751996426	-3.490541	-0.4765521	0.91073805

1495751996436	-4.0881963	-0.1624034	1.2314149

1495751996446	-4.8844924	-0.39808154	1.664535

1495751996456	-5.594591	-1.3274714	1.786704

1495751996466	-5.411404	-3.1337597	1.2172928

1495751996476	-3.290834	-4.4504395	0.09925393

1495751996487	-1.0013323	-5.261924	-1.0285106

1495751996498	-0.66200376	-6.912337	-0.79842794

1495751996508	-1.0961897	-6.049427	0.23887557

1495751996516	-1.3415934	-4.4830804	1.0394351

1495751996526	-1.4626966	-3.0498269	1.2631228

1495751996537	-1.4681588	-2.1466827	0.98387957

1495751996547	-1.4027444	-1.5815347	0.51918465

1495751996557	-1.2761791	-1.0917932	0.080602184

1495751996567	-1.0383693	-0.70023984	-0.28030908

1495751996577	-0.75579536	-0.42965627	-0.5257128

1495751996586	-0.46029842	-0.25086597	-0.6031175

1495751996598	-0.1384226	-0.24540368	-0.5584865

1495751996606	0.20823342	-0.3347988	-0.49080735

1495751996616	0.5343725	-0.23554489	-0.42099655

1495751996627	0.86717296	0.18758327	-0.38502532

1495751996639	1.2063682	0.9216627	-0.42099655

1495751996647	1.5030643	1.8193445	-0.43631762

1495751996657	1.6426859	2.5971222	-0.3206768

1495751996667	1.5030643	2.9156675	-0.09698907

1495751996677	1.2282175	2.9385824	0.1449507

1495751996688	0.84092724	2.6112444	0.45696777

1495751996707	0.7961631	1.5051959	0.52358115

1495751996716	0.7907008	0.76125765	0.51478815

1495751996726	0.72861713	0.117772445	0.46136424

1495751996736	0.6031175	-0.31734613	0.43951505

1495751996747	0.37183586	-0.76125765	0.41766587

1495751996757	-2.1019185	-5.099387	0.7721822

1495751996766	-5.138689	-10.607914	1.7505995

1495751996777	-3.0279777	-5.5695443	1.6481482

1495751996786	-0.51811886	0.16679989	1.0808686

1495751996798	0.2410072	1.6306955	0.9216627

1495751996807	0.29549694	1.5684786	0.68172127

1495751996816	0.31841195	1.3863575	-0.029443111

1495751996826	0.3272049	1.0285106	-1.124567

1495751996836	0.25086597	0.5595524	-2.1444178

1495751996847	0.21915801	0.7263523	-2.561151

1495751996856	0.2071676	1.4572343	-2.4051425

1495751996867	0.14175327	2.340794	-1.8782307

1495751996876	0.2912337	3.4567013	-1.1485479

1495751996886	0.9227285	4.679456	-0.63908875

1495751996898	2.9417799	6.097522	-0.64575005

1495751996907	2.9417799	6.097522	-0.57913667

1495751996916	3.3900878	2.1782575	-0.5551559

1495751996927	3.3934186	0.88569146	-0.5507594

1495751996938	3.6005862	0.8365308	-0.48747668

1495751996947	3.7216892	1.2183586	-0.42965627

1495751996957	3.548228	1.5030643	-0.46576074

1495751996966	3.0193179	1.5237143	-0.62163603

1495751996976	2.332001	1.4790834	-0.8529177

1495751996987	1.7789768	1.6721289	-1.0678124

1495751996998	1.4572343	2.1520116	-1.1878498

1495751997007	1.360112	2.660405	-1.193312

1495751997017	1.405942	2.706235	-1.0297096

1495751997026	1.444178	2.036504	-0.7067679

1495751997036	1.4004797	1.0547562	-0.35438317

1495751997046	1.2608579	0.28350654	-0.10351719

1495751997056	1.0362377	-0.057687182	0.05009326

1495751997066	0.7864375	-0.010791367	0.2017053

1495751997077	0.54756194	0.24540368	0.39808154

1495751997087	0.31294963	0.6325606	0.59445775

1495751997099	-0.20397016	1.361311	0.72422063

1495751997120	-0.64455104	1.361311	0.7046363

1495751997124	-1.3339995	-0.35011992	0.5595524

1495751997127	-2.090994	-2.3004262	0.33586463

1495751997137	-2.5480947	-3.17093	0.21156408

1495751997146	-2.6385558	-3.0912604	0.27258193

1495751997156	-2.2819078	-2.0342393	0.4820144

1495751997166	-2.2535305	-1.0852652	0.6522782

1495751997176	-2.6702638	-0.59339195	0.8093525

1495751997186	-3.1446843	-0.21049827	1.0143884

1495751997198	-3.7740474	-0.25406343	1.389555

1495751997207	-4.709965	-1.0045297	1.8891554

1495751997216	-5.3710365	-2.5239809	2.0844657

1495751997227	-4.3598456	-3.2919	1.6306955

1495751997238	-2.317879	-3.5374367	0.51811886

1495751997250	-1.3350652	-5.0175858	-0.7744471

1495751997257	-1.2553957	-6.590461	-1.3045564

1495751997267	-1.3689048	-6.928724	-0.8485212

1495751997277	-1.3285372	-5.9316545	0.04796163

1495751997291	-1.3710365	-2.7247536	1.0219824

1495751997318	-1.2608579	-1.216227	0.39261925

1495751997319	-1.0492939	-0.98934186	0.046895817

1495751997326	-0.79296565	-0.71329606	-0.10684785

1495751997337	-0.5027978	-0.6140421	-0.067545965

1495751997347	-0.2071676	-0.5780709	0.026112443

1495751997358	0.055555556	-0.5213163	0.0075939246

1495751997366	0.28896883	-0.37077004	-0.108979486

1495751997376	0.5071942	-0.12430056	-0.23994137

1495751997386	0.7067679	0.3097522	-0.35877964

1495751997398	0.9075406	1.0253131	-0.44830802

1495751997408	1.1037836	2.0026646	-0.47988275

1495751997416	1.2030376	2.9308553	-0.40567547

1495751997426	1.0209166	3.358513	-0.23221423

1495751997437	0.6577405	3.343192	-0.019584332

1495751997447	0.41007194	3.186118	0.12430056

1495751997457	0.35225153	2.8971488	0.21156408

1495751997469	0.42312816	2.423661	0.24433786

1495751997476	0.5682121	1.7398082	0.26605383

1495751997486	0.7809752	0.89221954	0.3381295

1495751997498	0.93911535	-0.27804422	0.6926459

1495751997506	0.76019186	-0.27804422	0.8104183

1495751997516	-0.7907008	-2.7029042	0.92379427

1495751997527	-4.9074073	-8.62923	1.603384

1495751997537	-5.17466	-7.5341063	1.9164668

1495751997548	-2.4356515	-1.071143	1.2423395

1495751997556	-0.8289369	1.0448974	0.85731417

1495751997566	-0.12869704	1.1321609	0.6893152

1495751997576	0.2998934	0.9456435	0.2748468

1495751997587	0.6314948	0.63482547	-0.45150545

1495751997597	0.7907008	0.46029842	-1.3089528

1495751997607	0.84532374	0.7864375	-1.9425793

1495751997617	1.0754063	1.7747135	-2.2077005

1495751997626	1.2358114	2.5895283	-2.1073809

1495751997636	1.398348	3.457767	-1.6982414

1495751997646	1.7059685	4.4351187	-1.2216893

1495751997656	2.1542766	5.369971	-0.927125

1495751997666	2.674527	5.8946176	-0.804956

1495751997677	2.9385824	4.7940316	-0.70023984

1495751997691	3.1381562	1.7354116	-0.5812683

1495751997697	3.1381562	1.7354116	-0.30202505

1495751997707	3.7075672	1.5913936	-0.29003465

1495751997717	3.639888	1.6612043	-0.25406343

1495751997727	3.2340794	1.6448175	-0.37410071

1495751997748	2.6276312	1.7223555	-0.5812683

1495751997751	2.0003996	1.9175327	-0.7624567

1495751997757	1.4681588	2.1694643	-0.84638953

1495751997767	1.078737	2.4520383	-0.8529177

1495751997776	0.84532374	2.5927258	-0.7765787

1495751997788	0.78417265	2.3277378	-0.52358115

1495751997798	0.7624567	1.7244871	-0.17665868

1495751997807	0.64575005	1.071143	0.08180123

1495751997816	0.5082601	0.51478815	0.22795098

1495751997826	0.43844923	0.1100453	0.3326672

1495751997836	0.39808154	-0.08286704	0.41660005

1495751997846	0.35331735	-0.045696776	0.48427925

1495751997858	0.27924326	0.20610179	0.5343725

1495751997866	0.13082866	0.57154274	0.5213163

1495751997876	-0.15267786	0.86930454	0.4765521

1495751997887	-0.5595524	0.8779643	0.108979486

1495751997897	-1.1180389	0.13962163	0.25952572

1495751997908	-2.3691714	-2.8458567	0.032640554

1495751997917	-2.5273116	-3.1730616	0.057687182

1495751997926	-1.9425793	-1.9972023	0.17772448

1495751997936	-1.6765255	-1.0143884	0.32387424

1495751997947	-2.212097	-0.99040765	0.5595524

1495751997956	-2.8000267	-0.73834264	0.81694645

1495751997966	-3.3301358	-0.58459896	1.1584066

1495751997977	-4.07514	-1.0503597	1.831335

1495751997987	-4.9139357	-2.1771915	2.3582468

1495751997997	-4.7023716	-3.5580869	2.0779376

1495751998008	-2.5655475	-3.6529443	0.92819077

1495751998017	-0.63589126	-4.315081	-0.5551559

1495751998027	-0.24540368	-6.171596	-1.2139622

1495751998038	-0.6794564	-7.014788	-0.6369571

1495751998047	-1.0568879	-6.1334934	0.3784972

1495751998058	-1.3001599	-4.3838263	1.1235012

1495751998066	-1.4572343	-2.7760458	1.3165468

1495751998076	-1.4015454	-1.7768452	0.96522784

1495751998088	-1.0373034	-0.48747668	-0.14828138

1495751998096	-1.0373034	-0.48747668	-0.52025044

1495751998115	-0.5900613	-0.30748734	-0.6282974

1495751998117	-0.3675726	-0.48321342	-0.5267786

1495751998126	-0.13962163	-0.6598721	-0.41007194

1495751998136	0.08939515	-0.6413536	-0.39701572

1495751998146	0.3206768	-0.34026113	-0.45257127

1495751998156	0.57047695	0.23114842	-0.52464694

1495751998166	0.85731417	1.0524913	-0.6031175

1495751998176	1.1344258	2.0451639	-0.6510791

1495751998187	1.2903011	2.9156675	-0.6085798

1495751998197	1.2631228	3.3650413	-0.4416467

1495751998207	1.1540102	3.3694377	-0.20823342

1495751998217	1.0896616	3.1282973	0.042499334

1495751998227	1.0459633	2.743272	0.2584599

1495751998236	1.009992	2.2513988	0.38822275

1495751998246	1.0055956	1.6546763	0.47335464

1495751998256	0.93911535	1.0209166	0.5398348

1495751998266	0.8093525	0.42645884	0.52358115

1495751998277	0.676259	-0.101385556	0.50173193

1495751998289	0.26392218	-0.9925393	0.50066614

1495751998298	-5.4156675	-10.714762	1.9437783

1495751998307	-3.5395684	-5.998268	1.9088728

1495751998334	-0.87263525	-0.22795098	1.2663202

1495751998338	0.06861178	1.7452705	1.0754063

1495751998341	0.14934719	1.9949374	0.97069013

1495751998346	0.019584332	1.892486	0.43844923

1495751998356	-0.09046096	1.535838	-0.44284573

1495751998366	-0.1438849	0.85837996	-1.4637623

1495751998376	-0.19850786	0.13629097	-2.264455

1495751998399	-0.23994137	-0.20943245	-2.5010657

1495751998401	-0.16027178	0.08832934	-2.1608047

1495751998408	0.18531841	1.2793765	-1.4092726

1495751998416	1.0350386	3.6682653	-0.71436185

1495751998427	2.2436717	6.310152	-0.47228885

1495751998437	3.3694377	8.056488	-0.39701572

1495751998447	4.1657343	8.343458	-0.2748468

1495751998457	3.9748201	5.2717824	-0.19850786

1495751998467	3.115241	1.064615	-0.28457233

1495751998477	2.9537704	-0.37183586	-0.402478

1495751998487	3.6846523	0.5038636	-0.35664803

1495751998497	3.7490008	1.8750333	-0.24860112

1495751998508	2.5643485	2.134559	-0.379563

1495751998517	1.5783373	1.5074607	-0.66853184

1495751998526	1.1289635	1.5205169	-0.85944575

1495751998536	1.1409539	1.9644284	-0.83000267

1495751998547	1.2499334	2.1652012	-0.6184386

1495751998557	1.3350652	1.8804955	-0.39914736

1495751998566	1.3579803	1.2968292	-0.2715161

1495751998577	1.3034905	0.71982414	-0.173328

1495751998587	1.1693312	0.29549694	-0.108979486

1495751998596	0.99040765	0.07194245	-0.07847056

1495751998608	0.7776446	-0.003197442	-0.018518519

1495751998616	0.561684	0.04023448	0.054489743

1495751998626	0.36211032	0.14934719	0.12323475

1495751998637	0.115507595	0.20943245	0.1449507

1495751998647	-0.3141487	-0.27804422	0.13735679

1495751998656	-1.0623502	-1.6971756	0.067545965

1495751998667	-1.7942979	-2.707301	0.004263256

1495751998676	-2.150946	-2.5022647	0.051159073

1495751998689	-1.7572608	-0.34785506	0.48974153

1495751998697	-2.340794	-1.032907	0.5398348

1495751998707	-2.9701571	-1.3285372	0.6041833

1495751998716	-3.4632294	-0.9456435	0.74380493

1495751998727	-3.9094057	-0.5038636	1.0034639

1495751998741	-4.5103917	-0.41993073	1.6612043

1495751998747	-5.192113	-0.68491876	2.4291234

1495751998758	-5.253264	-1.6023182	2.5698109

1495751998767	-3.5984545	-2.8675725	1.6525446

1495751998777	-1.2172928	-4.1602716	0.0075939246

1495751998790	-0.1787903	-6.333067	-1.398348

1495751998797	-0.33160138	-7.792566	-1.4551026

1495751998807	-0.6926459	-7.3169465	-0.44604316

1495751998817	-0.9227285	-5.6076474	0.66853184

1495751998827	-1.0907274	-3.907141	1.2751132

1495751998836	-1.1452172	-2.753131	1.2095656

1495751998846	-1.1201705	-1.8499867	0.7263523

1495751998856	-1.0602185	-1.0023981	0.2126299

1495751998866	-0.9521716	-0.40794033	-0.2126299

