1495398980172	1.015	3.457	2.557

1495398980181	1.704	5.123	3.179

1495398980193	4.597	11.032	3.189

1495398980212	6.809	13.283	4.003

1495398980221	8.102	17.535	5.382

1495398980233	6.847	19.614	8.073

1495398980245	4.74	18.675	8.025

1495398980251	4.52	10.458	8.427

1495398980261	4.932	5.315	8.245

1495398980277	5.717	4.893	6.895

1495398980280	5.497	5.707	4.587

1495398980295	4.271	7.422	3.706

1495398980301	3.486	9.347	3.687

1495398980311	2.624	12.009	4.529

1495398980321	2.547	15.409	4.846

1495398980331	3.198	18.426	2.662

1495398980350	4.242	18.809	0.526

1495398980351	3.447	14.356	-1.474

1495398980361	1.551	7.479	-1.149

1495398980370	-0.086	6.177	0.057

1495398980380	-0.258	7.958	0.852

1495398980390	1.024	9.318	2.03

1495398980400	2.106	8.906	1.072

1495398980412	2.413	7.968	-0.478

1495398980421	2.164	8.092	-2.269

1495398980432	1.676	10.094	-3.074

1495398980441	0.067	11.013	-2.672

1495398980450	-1.216	9.194	-0.909

1495398980460	-1.331	9.289	0.114

1495398980470	-0.986	10.755	0.201

1495398980483	0.43	11.885	0.239

1495398980492	3.62	12.182	-0.344

1495398980500	4.625	10.64	0.689

1495398980511	4.999	8.169	1.168

1495398980520	4.118	6.646	1.034

1495398980531	4.07	5.976	1.714

1495398980543	5.458	6.656	1.417

1495398980551	5.612	7.249	0.909

1495398980561	4.597	7.575	0.287

1495398980571	3.438	7.623	0.373

1495398980581	2.537	8.341	0.612

1495398980591	1.312	8.533	0.775

1495398980601	0.861	8.734	0.967

1495398980612	0.708	8.705	0.775

1495398980621	0.928	8.274	0.373

1495398980632	0.861	7.719	-0.019

1495398980652	0.45	7.546	-0.019

1495398980653	0.287	7.364	0.383

1495398980661	0.153	7.23	0.785

1495398980671	0.258	7.106	1.235

1495398980681	0.785	7.336	1.532

1495398980691	1.398	7.747	1.149

1495398980700	2.106	8.293	0.574

1495398980710	2.384	8.504	0.411

1495398980723	2.633	8.734	0.584

1495398980835	2.758	9.519	0.249

1495398980837	2.758	10.381	-0.114

1495398980838	2.71	10.496	-0.249

1495398980839	2.786	10.017	-0.325

1495398980840	2.375	9.883	0.067

1495398980841	1.963	10.065	0.45

1495398980842	1.541	9.95	1.015

1495398980843	1.522	9.893	1.484

1495398980852	1.925	9.893	1.81

1495398980865	2.365	10.017	2.106

1495398980866	3.026	9.692	2.126

1495398980868	3.735	9.203	1.81

1495398980870	3.936	8.964	1.35

1495398980872	3.514	9.538	1.225

1495398980873	2.777	10.994	2.241

1495398980881	1.972	12.028	0.823

1495398980891	1.13	12.258	-1.522

1495398980900	0.201	11.664	-3.284

1495398980917	-0.258	10.429	-2.585

1495398980921	-1.254	10.984	-1.676

1495398980932	-0.785	12.728	-0.794

1495398980941	-0.89	16.08	0.478

1495398981025	-1.072	18.838	1.561

1495398981027	-1.944	19.614	0.679

1495398981028	-2.25	19.451	0.057

1495398981029	-2.375	17.918	1.953

1495398981030	-1.225	17.037	2.384

1495398981031	0.507	16.032	2.308

1495398981033	3.438	14.758	3.17

1495398981034	4.501	13.245	3.122

1495398981035	3.093	11.837	2.375

1495398981041	2.394	11.042	2.346

1495398981052	2.49	9.749	2.174

1495398981061	2.844	7.853	1.867

1495398981071	2.298	5.813	1.637

1495398981080	2.355	5.267	0.584

1495398981090	1.752	4.731	0.229

1495398981100	1.053	4.127	0.574

1495398981112	0.555	4.012	0.909

1495398981122	-0.124	3.85	1.379

1495398981133	-0.66	3.735	2.116

1495398981157	-1.072	3.486	2.078

1495398981160	-1.321	3.17	1.925

1495398981166	-1.321	2.202	2.106

1495398981181	-1.245	1.637	2.202

1495398981190	-1.197	1.12	2.279

1495398981200	-0.9	1.369	2.116

1495398981222	-0.919	1.57	1.963

1495398981223	-0.612	1.647	1.972

1495398981232	-0.028	1.771	2.336

1495398981241	0.689	2.288	2.815

1495398981250	1.79	3.601	2.758

1495398981260	4.328	6.205	2.748

1495398981273	6.263	11.674	3.687

1495398981281	7.719	14.815	4.874

1495398981290	9.577	19.374	4.951

1495398981300	8.035	19.614	6.301

1495398981310	6.713	19.307	7.336

1495398981320	5.277	13.369	8.427

1495398981331	3.897	7.661	8.638

1495398981341	3.821	6.167	7.47

1495398981352	4.022	5.439	5.516

1495398981367	3.447	4.999	3.936

1495398981372	2.135	4.932	4.482

1495398981401	1.206	5.976	5.324

1495398981404	1.79	7.843	4.644

1495398981412	2.25	10.793	4.376

1495398981415	1.426	18.962	0.306

1495398981432	1.8	19.614	-1.34

1495398981441	2.03	19.614	-1.015

1495398981450	-0.833	14.174	-1.034

1495398981460	0.028	5.602	-2.154

1495398981474	0.612	4.788	-1.436

1495398981481	1.235	6.158	-0.076

1495398981491	2.183	6.732	-0.181

1495398981501	3.572	5.861	-2.241

1495398981516	2.279	6.34	-2.365

1495398981521	2.174	7.69	-0.593

1495398981533	1.762	8.6	0.747

1495398981554	1.177	10.036	1.101

1495398981561	1.359	12.076	1.369

1495398981563	2.039	13.494	1.398

1495398981571	2.882	13.666	0.325

1495398981580	3.275	12.469	-0.067

1495398981590	3.198	10.649	0.89

1495398981600	3.102	8.81	1.254

1495398981620	3.486	7.91	0.354

1495398981622	3.735	6.847	0.814

1495398981632	3.17	5.535	0.565

1495398981641	2.585	5.976	-0.114

1495398981651	2.116	6.464	-0.363

1495398981663	2.039	7.269	-0.172

1495398981670	1.474	7.441	0.114

1495398981681	1.101	7.613	0.325

1495398981691	1.034	7.7	0.478

1495398981702	1.216	7.728	0.756

1495398981713	1.312	7.767	0.756

1495398981721	1.312	7.661	0.756

1495398981731	0.038	7.632	0.574

1495398981741	0.45	7.786	0.986

1495398981750	0.517	7.968	1.101

1495398981760	0.555	8.676	1.005

1495398981772	1.35	8.983	0.526

1495398981783	1.8	8.906	0.201

1495398981791	2.145	9.328	-0.124

1495398981801	2.097	10.439	0.009

1495398981812	2.03	11.664	0.067

1495398981820	2.212	12.076	0.191

1495398981831	3.17	11.186	-0.201

1495398981841	3.629	10.611	-0.325

1495398981852	3.399	10.697	0.229

1495398981862	3.17	10.783	0.67

1495398981880	2.997	10.649	1.13

1495398981882	3.083	10.429	1.455

1495398981891	3.313	10.362	1.235

1495398981901	3.342	10.372	0.747

1495398981911	3.083	10.937	1.101

1495398981921	2.461	11.406	1.762

1495398981932	1.714	11.109	1.063

1495398981941	1.532	9.941	-0.383

1495398981952	1.417	9.069	-1.743

1495398981983	-1.245	11.933	-0.019

1495398981987	-1.982	14.269	2.145

1495398981992	-2.193	17.459	0.22

1495398982002	-2.786	19.345	-1.848

1495398982015	-4.127	17.574	-1.494

1495398982020	-4.127	17.574	1.283

1495398982031	-2.336	17.679	3.524

1495398982046	0.258	18.244	3.342

1495398982052	1.685	17.181	2.719

1495398982062	2.614	14.432	3.208

1495398982070	4.185	11.444	1.867

1495398982081	5.104	8.763	1.35

1495398982090	4.951	8.466	1.446

1495398982101	4.453	8.906	2.308

1495398982115	3.352	7.862	2.241

1495398982122	2.221	6.857	2.174

1495398982132	1.819	6.426	1.685

1495398982141	1.608	5.842	1.312

1495398982150	1.551	4.98	0.9

1495398982161	1.101	4.462	0.967

1495398982170	0.402	3.984	1.321

1495398982180	-0.249	3.85	1.484

1495398982191	-0.622	3.773	1.369

1495398982201	-0.526	3.265	1.139

1495398982216	-0.957	2.47	1.082

1495398982221	-1.292	2.174	1.245

1495398982232	-1.695	1.436	1.465

1495398982241	-1.867	0.976	1.752

1495398982250	-1.589	1.206	1.695

1495398982260	-1.254	1.551	1.714

1495398982270	-0.545	1.829	2.059

1495398982282	0.153	3.016	2.336

1495398982290	0.612	4.549	2.451

1495398982300	1.541	7.585	2.384

1495398982311	3.342	10.429	2.767

1495398982320	6.675	14.777	3.974

1495398982330	10.027	19.47	4.922

1495398982343	9.021	19.614	6.876

1495398982351	7.202	19.614	8.887

1495398982365	6.665	15.677	9.605

1495398982372	5.755	7.632	9.127

1495398982387	5.602	4.3	7.316

1495398982391	5.88	3.332	5.458

1495398982401	4.913	2.499	3.974

1495398982410	3.122	2.576	4.501

1495398982420	2.384	4.099	4.855

1495398982432	2.317	5.937	4.443

1495398982441	2.384	8.054	3.907

1495398982450	1.762	11.617	2.193

1495398982479	1.561	17.545	-0.459

1495398982482	2.873	19.614	-1.091

1495398982485	4.309	19.614	0.67

1495398982491	-0.833	18.905	-0.095

1495398982500	-0.909	9.012	-1.407

1495398982510	-0.392	5.229	-1.915

1495398982520	0.44	6.407	1.197

1495398982532	1.599	4.731	0.775

1495398982544	2.758	5.344	-0.823

1495398982551	3.486	7.192	-1.072

1495398982562	1.829	8.303	0.258

1495398982571	1.446	9.27	1.915

1495398982581	1.455	10.448	1.599

1495398982590	2.461	12.095	1.053

1495398982600	3.505	13.149	1.053

1495398982610	4.28	13.503	0.699

1495398982621	4.415	12.977	1.426

1495398982632	3.917	10.343	2.059

1495398982642	2.509	7.795	1.168

1495398982650	3.045	6.972	0.373

1495398982663	3.045	5.803	0.268

1495398982671	2.882	4.759	-0.555

1495398982681	2.652	4.865	-1.034

1495398982702	2.662	5.123	-0.833

1495398982703	2.451	5.851	-0.66

1495398982711	2.126	6.416	-0.105

1495398982720	1.57	7.393	0.229

1495398982732	0.9	8.035	0.66

1495398982741	0.699	8.619	1.158

1495398982750	0.421	8.763	1.063

1495398982762	0.785	8.657	1.407

1495398982775	0.794	8.657	1.398

1495398982794	0.842	7.891	1.474

1495398982795	0.229	7.834	0.996

1495398982800	0.603	7.872	0.775

1495398982810	1.532	7.872	0.114

1495398982821	2.365	8.494	-0.507

1495398982832	3.055	9.5	-0.957

1495398982841	2.815	10.554	-0.478

1495398982852	2.585	11.224	-0.067

1495398982864	3.275	10.544	-0.296

1495398982885	2.997	10.247	0.239

1495398982887	2.834	10.764	0.852

1495398982891	2.777	10.917	1.312

1495398982900	2.853	10.812	1.81

1495398982910	3.313	10.63	1.513

1495398982920	3.438	10.611	1.139

1495398982931	2.94	10.965	1.647

1495398982944	2.691	11.559	1.551

1495398982952	2.298	11.913	0.861

1495398982972	1.743	11.425	-0.804

1495398982982	1.264	11.042	-1.829

1495398983000	0.699	10.64	-2.269

1495398983002	-0.201	11.128	-1.283

1495398983011	-0.028	12.287	-1.283

1495398983021	-2.087	14.7	0.756

1495398983032	-2.949	18.378	0.181

1495398983041	-3.84	18.55	-0.21

1495398983053	-3.313	17.899	0.603

1495398983062	-1.972	16.874	2.068

1495398983071	-0.517	16.032	0.775

1495398983080	0.641	14.308	1.465

1495398983091	1.484	12.699	2.231

1495398983101	2.241	11.799	2.576

1495398983111	3.409	11.109	2.135

1495398983121	4.146	9.797	2.288

1495398983133	4.271	9.28	2.633

1495398983146	3.15	9.49	3.371

1495398983151	2.442	8.887	3.237

1495398983161	2.126	7.364	2.614

1495398983171	1.896	6.665	2.183

1495398983181	1.292	6.043	1.781

1495398983190	1.197	5.372	1.245

1495398983200	1.024	4.616	1.302

1495398983212	0.622	4.338	1.474

1495398983222	0.181	4.223	1.58

1495398983244	-0.392	4.022	1.35

1495398983246	-0.938	3.706	1.302

1495398983251	-1.254	3.476	1.235

1495398983262	-1.254	2.691	1.896

1495398983270	-1.043	2.346	2.087

1495398983280	-0.976	2.174	2.327

1495398983291	-0.392	2.212	2.202

1495398983300	0.239	2.308	2.174

1495398983310	0.622	2.202	2.451

1495398983320	0.938	2.039	2.882

1495398983332	1.465	2.183	3.237

1495398983341	2.633	3.256	3.352

1495398983350	4.012	5.535	2.375

1495398983363	5.267	8.351	2.336

1495398983372	6.761	11.655	2.49

1495398983382	8.169	14.298	3.093

1495398983395	7.642	16.53	5.535

1495398983401	6.225	18.886	7.355

1495398983410	5.612	19.614	7.881

1495398983420	4.644	17.238	7.594

1495398983431	5.056	10.908	8.447

1495398983441	4.28	6.656	7.738

1495398983452	3.936	5.612	6.387

1495398983465	0.785	6.148	3.419

1495398983482	0.967	6.924	3.533

1495398983492	1.618	9.146	3.936

1495398983507	1.168	13.427	3.917

1495398983532	0.287	19.029	3.083

1495398983535	2.978	19.614	-0.938

1495398983538	4.386	12.871	-4.137

1495398983541	2.566	4.367	-3.677

1495398983550	1.12	4.3	-1.254

1495398983562	1.446	6.684	0.833

1495398983571	2.499	6.378	-0.881

1495398983581	1.963	5.583	-2.528

1495398983590	1.177	5.775	-2.049

1495398983600	1.264	7.355	-0.679

1495398983610	1.312	9.059	0.66

1495398983620	0.909	10.611	1.254

1495398983632	1.302	11.99	2.183

1495398983641	2.729	13.111	1.57

1495398983650	3.189	12.852	0.335

1495398983663	2.796	11.348	0.325

1495398983671	2.327	9.289	0.948

1495398983681	1.292	7.795	1.005

1495398983691	2.643	7.604	0.737

1495398983701	2.748	7.01	1.321

1495398983711	2.212	5.947	0.957

1495398983721	2.25	5.851	-0.229

1495398983733	2.518	6.78	-1.034

1495398983741	2.758	7.029	-0.737

1495398983750	2.528	7.01	0.067

1495398983760	2.566	7.336	0.21

1495398983770	2.94	7.671	0.057

1495398983781	2.154	8.935	0.172

1495398983791	1.35	9.328	0.622

1495398983801	1.11	9.385	1.446

1495398983818	0.804	9.414	1.838

1495398983822	0.536	9.337	2.039

1495398983834	0.249	9.222	1.771

1495398983850	0.459	9.127	1.254

1495398983853	0.881	8.858	0.421

1495398983861	1.225	8.494	-0.201

1495398983872	1.886	8.542	-0.526

1495398983881	2.394	9.174	-0.555

1495398983890	2.892	10.151	-0.526

1495398983910	2.604	11.789	-0.766

1495398983911	2.786	12.182	-0.469

1495398983921	3.198	11.99	-0.191

1495398983932	3.237	11.387	0.143

1495398983941	3.246	11.013	0.22

1495398983950	2.911	11.147	0.45

1495398983960	2.595	11.387	0.766

1495398983970	2.7	11.856	0.622

1495398983980	2.7	12.622	0.287

1495398983992	2.25	13.963	0.478

1495398984002	1.886	14.806	0.22

1495398984021	2.193	13.973	-0.747

1495398984042	2.308	12.584	-1.762

1495398984046	2.231	10.927	-1.8

1495398984049	1.733	9.979	-2.078

1495398984051	2.298	9.079	-1.781

1495398984061	1.57	9.05	-0.699

1495398984070	0.498	10.305	1.091

1495398984080	-0.718	12.488	2.106

1495398984090	-2.145	16.329	2.078

1495398984100	-2.566	18.263	1.187

1495398984137	-3.763	18.598	0.067

1495398984139	-3.313	18.388	-0.727

1495398984140	-3.093	16.855	-1.34

1495398984142	-2.279	13.953	-0.651

1495398984151	-0.277	12.383	-1.216

1495398984161	1.331	11.214	-0.507

1495398984171	1.589	11.186	0.402

1495398984181	1.628	10.266	2.509

1495398984190	1.982	9.002	2.547

1495398984201	2.94	8.667	1.34

1495398984210	4.453	8.734	0.651

1495398984220	4.951	8.092	1.331

1495398984232	4.539	7.518	1.465

1495398984241	2.978	7.182	2.039

1495398984251	1.417	6.464	2.174

1495398984267	0.612	5.755	1.704

1495398984290	-0.009	5.123	1.704

1495398984291	-0.737	4.75	1.857

1495398984292	-1.561	4.242	2.097

1495398984300	-1.561	4.213	1.676

1495398984310	-1.369	4.127	1.369

1495398984321	-1.072	3.897	1.235

1495398984332	-0.651	3.438	1.101

1495398984342	-0.287	3.227	1.101

1495398984354	-0.229	3.179	1.465

1495398984364	-0.076	2.94	1.915

1495398984371	0.21	2.624	2.135

1495398984381	0.747	2.537	2.336

1495398984390	1.599	2.758	2.298

1495398984400	2.241	3.505	2.413

1495398984412	2.834	4.568	2.394

1495398984430	3.361	6.579	2.863

1495398984432	4.654	8.638	3.907

1495398984440	5.085	10.305	5.123

1495398984450	5.966	13.235	6.522

1495398984460	6.656	17.114	7.46

1495398984472	7.297	19.374	7.929

1495398984482	7.403	17.612	8.293

1495398984492	6.636	13.465	8.408

1495398984502	5.813	9.653	8.198

1495398984516	4.146	6.387	5.928

1495398984533	2.509	6.119	5.085

1495398984564	2.509	6.723	4.367

1495398984565	1.704	10.046	4.204

1495398984566	1.57	13.695	3.802

1495398984570	1.695	18.713	2.059

1495398984580	2.997	19.614	-1.245

1495398984590	2.911	19.614	-2.604

1495398984600	0.047	16.779	-1.245

1495398984610	-0.641	7.489	-0.679

1495398984622	-1.177	2.537	0.057

1495398984633	-1.685	2.413	1.158

1495398984641	0.028	4.778	1.81

1495398984651	1.302	5.2	1.522

1495398984663	2.279	4.462	0.641

1495398984671	2.853	4.204	-2.02

1495398984681	3.352	6.531	-4.328

1495398984690	2.806	7.422	-3.227

1495398984700	2.068	8.044	-1.101

1495398984712	1.886	10.467	0.526

1495398984722	1.388	11.856	1.302

1495398984732	1.417	12.622	1.302

1495398984741	2.336	14.308	1.235

1495398984750	3.361	14.02	1.81

1495398984760	3.284	11.712	1.704

1495398984771	3.514	8.581	1.589

1495398984781	3.505	6.014	0.928

1495398984790	3.419	4.597	-0.306

1495398984801	4.309	4.826	-1.168

1495398984813	3.754	5.277	-1.024

1495398984821	2.921	6.732	-0.67

1495398984833	2.087	7.958	-0.143

1495398984841	1.446	9.241	0.411

1495398984853	0.727	9.854	1.034

1495398984863	0.421	10.266	0.938

1495398984881	0.517	9.998	0.708

1495398984882	0.239	9.548	0.584

1495398984891	-0.325	9.098	0.43

1495398984900	-0.517	8.657	0.526

1495398984919	-0.842	7.891	0.718

1495398984921	-0.996	7.757	0.814

1495398984932	-0.957	7.805	0.392

1495398984941	-0.498	8.121	-0.009

1495398984962	0.574	8.887	-0.363

1495398984966	2.145	10.41	-1.197

1495398984981	2.394	11.09	-0.718

1495398984991	2.691	11.684	-0.383

1495398985000	3.131	11.607	-0.306

1495398985012	3.246	11.061	-0.172

1495398985021	3.026	10.793	0.009

1495398985032	2.777	10.668	0.316

1495398985042	2.585	10.735	0.756

1495398985052	2.518	11.099	0.957

1495398985062	2.528	12.68	0.938

1495398985071	2.978	13.36	0.383

1495398985081	3.294	13.685	-0.287

1495398985091	3.102	13.973	-0.9

1495398985102	2.892	13.657	-1.905

1495398985117	2.461	13.072	-1.81

1495398985122	2.135	12.431	-1.206

1495398985133	1.388	11.942	-1.024

1495398985147	0.545	11.071	-1.063

1495398985152	0.009	10.563	-0.957

1495398985166	-0.287	10.908	0.277

