1496043549133	0.076	0.134	10.534

1496043549147	-0.134	0.766	9.165

1496043549159	2.02	0.249	9.069

1496043549168	0.986	0.047	8.973

1496043549178	0.268	-0.268	8.466

1496043549187	0.976	-0.047	10.439

1496043549197	1.426	0.134	10.534

1496043549207	1.522	0.019	11.492

1496043549226	-0.277	0.756	9.577

1496043549228	1.34	0.545	10.975

1496043549240	-0.181	-0.028	8.849

1496043549248	-1.608	1.063	9.289

1496043549257	1.656	0.181	10.898

1496043549268	3.83	-0.545	11.368

1496043549286	2.825	-0.651	9.921

1496043549288	-1.934	0.095	8.763

1496043549298	4.108	-0.603	10.017

1496043549307	0.459	0.584	10.113

1496043549317	1.292	1.082	10.735

1496043549327	2.346	-0.747	11.023

1496043549340	1.426	-0.842	11.128

1496043549348	0.498	-0.651	8.763

1496043549357	2.47	0.191	9.318

1496043549368	1.177	0.584	10.448

1496043549377	1.494	-0.507	10.448

1496043549388	1.034	-0.095	10.601

1496043549397	1.541	-1.819	10.745

1496043549408	1.561	-1.053	10.831

1496043549418	0.814	-1.072	10.046

1496043549427	0.708	-0.258	9.577

1496043549440	2.001	-0.057	8.83

1496043549448	1.321	0.287	9.395

1496043549457	-0.038	-0.162	10.544

1496043549467	1.877	-0.373	9.931

1496043549477	2.432	-0.861	9.423

1496043549489	1.695	0.153	10.419

1496043549497	0.89	0.584	9.529

1496043549508	0.842	-0.076	9.826

1496043549519	1.34	0.086	10.994

1496043549529	2.308	-0.928	10.994

1496043549548	2.767	-0.67	10.4

1496043549551	1.225	-0.66	9.577

1496043549577	1.522	-0.095	10.534

1496043549578	0.938	0.172	9.644

1496043549579	1.915	-0.143	9.452

1496043549589	0.919	-0.124	10.352

1496043549598	1.216	-0.181	9.72

1496043549607	1.264	-0.277	9.979

1496043549618	0.459	0.124	9.404

1496043549628	1.695	0.21	10.027

1496043549639	0.909	0.0	10.372

1496043549648	2.288	-0.095	10.056

1496043549657	0.507	0.536	9.194

1496043549667	2.03	-0.287	10.515

1496043549677	1.589	0.038	10.458

1496043549688	1.388	-0.162	10.735

1496043549698	0.747	0.153	10.994

1496043549708	1.522	-0.718	9.864

1496043549717	1.905	-0.316	10.381

1496043549727	1.484	0.421	8.025

1496043549740	2.806	0.143	10.477

1496043549757	1.187	-0.258	9.5

1496043549767	2.662	0.153	9.921

1496043549777	1.867	0.268	10.228

1496043549789	1.11	0.229	9.49

1496043549798	0.191	0.421	9.031

1496043549808	2.595	-0.842	9.462

1496043549818	0.708	0.268	10.036

1496043549827	2.078	-0.383	10.113

1496043549842	1.158	-0.632	9.979

1496043549849	3.524	-0.498	9.96

1496043549858	0.938	0.105	9.768

1496043549868	0.794	0.354	9.452

1496043549890	1.522	-0.335	10.285

1496043549891	1.848	-0.258	10.352

1496043549898	1.532	0.028	9.538

1496043549908	0.565	0.047	9.251

1496043549921	2.02	-0.526	9.902

1496043549928	1.474	-0.019	9.529

1496043549940	1.388	-0.373	10.822

1496043549949	0.9	-0.249	9.634

1496043549958	2.518	-0.708	10.831

1496043549968	1.474	0.009	9.998

1496043549978	2.106	-0.086	11.09

1496043549988	1.321	-0.363	8.217

1496043549998	1.015	0.086	11.186

1496043550010	1.359	-0.21	9.261

1496043550019	1.953	-0.124	10.678

1496043550028	1.398	0.162	9.49

1496043550040	1.905	-0.632	10.314

1496043550048	1.762	0.143	10.41

1496043550059	2.087	-0.057	9.797

1496043550067	1.149	0.325	10.391

1496043550078	1.656	-0.574	9.893

1496043550089	1.972	0.067	10.506

1496043550098	1.331	-0.105	8.743

1496043550107	1.599	0.0	10.956

1496043550117	1.723	-0.249	9.778

1496043550127	1.312	-0.067	10.803

1496043550142	2.097	0.019	9.51

1496043550164	1.407	0.699	9.912

1496043550168	2.308	0.22	10.419

1496043550177	1.063	0.861	8.724

1496043550187	2.078	0.737	10.927

1496043550197	1.331	0.9	9.701

1496043550207	1.225	1.177	10.458

1496043550217	2.221	0.66	9.749

1496043550227	1.35	1.474	10.63

1496043550242	1.877	0.996	10.017

1496043550266	0.766	1.283	9.529

1496043550268	2.71	1.292	10.343

1496043550269	1.8	1.206	10.563

1496043550277	1.063	1.388	9.308

1496043550287	1.915	1.379	11.061

1496043550297	1.388	1.331	9.146

1496043550307	1.57	1.474	10.123

1496043550317	1.082	1.58	9.854

1496043550327	1.79	1.426	9.998

1496043550339	1.551	2.25	10.314

1496043550348	2.001	1.436	10.295

1496043550358	1.139	2.039	9.826

1496043550367	2.164	1.886	10.036

1496043550377	1.57	1.905	10.496

1496043550390	1.532	1.436	9.768

1496043550398	1.877	2.174	10.381

1496043550408	1.417	1.513	9.921

1496043550418	1.992	1.81	11.004

1496043550428	1.417	1.216	10.276

1496043550440	1.877	1.455	10.199

1496043550448	1.925	1.35	10.324

1496043550457	1.197	1.829	9.366

1496043550467	2.126	1.302	10.965

1496043550477	1.206	1.637	10.87

1496043550487	2.202	1.484	10.362

1496043550499	0.986	1.589	10.123

1496043550511	2.547	1.283	9.347

1496043550518	0.785	0.89	10.917

1496043550528	1.915	0.737	9.739

1496043550541	1.733	1.197	10.898

1496043550550	2.001	1.158	9.021

1496043550559	1.618	1.101	10.621

1496043550568	2.461	1.12	9.567

1496043550577	1.676	0.737	11.32

1496043550587	1.034	1.292	9.854

1496043550602	2.011	0.871	10.295

1496043550607	2.049	1.139	9.203

1496043550617	2.279	0.574	8.15

1496043550628	2.921	1.206	9.567

1496043550642	0.967	1.158	11.147

1496043550649	1.905	0.833	10.793

1496043550658	1.235	0.928	10.707

1496043550668	2.921	0.9	9.452

1496043550678	0.565	0.948	10.18

1496043550691	1.8	1.101	8.724

1496043550699	1.484	1.053	10.85

1496043550719	2.068	0.526	9.567

1496043550720	1.168	0.526	11.655

1496043550727	2.097	0.976	10.41

1496043550739	1.743	0.047	11.224

1496043550748	1.417	0.507	9.931

1496043550760	1.11	0.948	10.419

1496043550768	1.886	1.158	9.443

1496043550777	2.097	0.45	9.998

1496043550787	1.206	0.775	10.199

1496043550797	2.164	0.478	10.937

1496043550807	1.551	0.603	11.061

1496043550817	2.537	0.708	10.764

1496043550827	0.421	1.158	10.525

1496043550840	2.7	0.679	9.174

1496043550850	1.58	0.785	9.174

1496043550860	0.766	0.871	10.18

1496043550874	2.93	0.584	10.419

1496043550877	1.541	0.43	11.885

1496043550888	1.494	0.574	10.094

1496043550898	1.752	0.814	11.138

1496043550909	1.953	0.45	9.567

1496043550918	1.388	0.689	9.261

1496043550927	1.838	1.273	10.123

1496043550939	2.499	0.363	10.065

1496043550948	1.312	0.861	10.64

1496043550957	1.637	0.938	9.864

1496043550967	2.135	1.139	10.889

1496043550977	2.231	0.823	9.663

1496043550988	0.737	1.053	10.898

1496043550997	2.413	0.976	9.232

1496043551007	1.206	0.833	10.199

1496043551018	1.867	0.699	9.155

1496043551027	1.57	0.919	10.41

1496043551048	1.273	0.699	10.956

1496043551064	1.963	0.708	9.337

1496043551068	1.79	0.948	10.554

1496043551078	1.091	1.053	10.065

1496043551091	1.819	1.982	8.82

1496043551098	2.059	1.503	9.031

1496043551108	1.695	0.871	9.529

1496043551118	2.212	1.063	9.443

1496043551128	1.331	1.024	10.19

1496043551143	2.212	0.842	9.117

1496043551150	1.656	1.158	10.678

1496043551169	2.049	1.043	8.667

1496043551170	1.331	1.082	10.86

1496043551177	2.154	0.354	9.059

1496043551188	1.426	1.005	10.448

1496043551197	1.944	0.727	9.28

1496043551207	0.641	0.43	10.419

1496043551217	2.624	1.379	9.146

1496043551227	0.957	1.13	10.755

1496043551249	2.221	1.11	9.481

1496043551250	1.436	1.015	11.473

1496043551257	1.139	0.842	8.686

1496043551271	1.819	0.996	9.787

1496043551291	1.618	1.388	10.056

1496043551297	2.03	1.388	10.448

1496043551309	1.465	1.206	10.439

1496043551319	1.704	0.632	9.96

1496043551327	1.388	0.948	10.917

1496043551339	2.844	0.804	10.151

1496043551348	1.168	1.091	10.372

1496043551357	2.26	0.679	9.51

1496043551367	1.848	1.235	10.735

1496043551377	1.245	0.67	10.745

1496043551388	1.838	1.474	11.052

1496043551397	1.972	1.455	8.906

1496043551407	0.996	1.312	10.199

1496043551417	2.815	1.206	9.241

1496043551427	1.781	0.928	10.621

1496043551439	2.135	0.66	9.155

1496043551448	0.727	1.043	9.663

1496043551457	3.016	1.589	9.605

1496043551468	1.101	1.656	9.749

1496043551477	1.618	1.321	10.295

1496043551489	1.369	1.446	9.577

1496043551516	1.446	2.126	10.257

1496043551518	1.446	2.126	9.682

1496043551528	0.699	1.388	10.4

1496043551542	1.273	1.302	9.414

1496043551548	1.225	1.503	9.941

1496043551558	1.647	1.168	9.874

1496043551568	1.024	1.781	10.621

1496043551578	1.168	1.685	9.615

1496043551594	1.81	1.503	10.036

1496043551608	0.325	1.637	10.027

1496043551617	1.158	1.398	10.027

1496043551627	1.283	1.762	10.85

1496043551639	1.905	1.532	10.688

1496043551648	0.21	1.264	10.065

1496043551657	1.963	1.81	10.965

1496043551667	0.727	1.216	10.956

1496043551679	1.618	1.618	10.573

1496043551699	1.312	1.321	10.439

1496043551724	1.848	1.599	10.879

1496043551727	0.153	1.608	10.305

1496043551730	1.139	1.177	11.128

1496043551743	1.561	1.149	10.812

1496043551747	1.369	1.637	11.052

1496043551757	1.149	1.101	10.659

1496043551767	1.082	1.494	11.272

1496043551777	1.79	1.436	11.281

1496043551788	0.354	1.589	10.381

1496043551803	1.771	1.11	10.927

1496043551808	0.766	1.398	10.008

1496043551817	1.829	1.053	11.559

1496043551828	0.699	1.206	10.86

1496043551842	1.647	1.015	11.214

1496043551848	0.871	1.235	11.617

1496043551858	1.11	0.852	10.898

1496043551868	1.685	1.417	10.956

1496043551878	1.963	1.436	11.023

1496043551896	1.79	1.551	10.525

1496043551908	1.695	1.685	10.295

1496043551918	1.13	1.541	10.419

1496043551928	1.426	1.005	11.444

1496043551939	1.245	0.756	10.688

1496043551958	2.03	1.541	10.123

1496043551967	1.58	1.877	9.797

1496043551977	1.455	1.11	10.448

1496043551988	2.039	1.589	10.132

1496043551997	1.637	1.608	10.056

1496043552007	0.756	1.714	10.621

1496043552017	2.26	1.063	9.816

1496043552027	1.312	1.599	10.228

1496043552040	1.359	1.465	10.333

1496043552050	0.555	1.637	10.056

1496043552061	2.49	1.264	10.257

1496043552091	1.532	1.206	8.858

1496043552095	1.819	1.541	8.657

1496043552096	1.896	1.781	10.793

1496043552107	1.072	1.8	10.707

1496043552117	1.561	1.877	10.065

1496043552127	1.302	1.264	9.988

1496043552138	1.254	1.752	10.496

1496043552149	2.346	1.925	9.95

1496043552159	0.727	1.733	8.772

1496043552170	1.953	1.426	10.889

1496043552178	2.145	1.608	10.774

1496043552193	1.302	1.925	10.668

1496043552196	2.298	1.216	9.883

1496043552207	-0.086	1.752	10.343

1496043552217	1.197	1.561	10.697

1496043552227	1.676	1.34	11.119

1496043552238	2.672	1.388	10.218

1496043552250	0.335	1.733	10.123

1496043552258	2.068	1.589	9.356

1496043552268	2.106	1.589	10.592

1496043552277	2.212	1.043	10.831

1496043552288	0.392	1.216	10.822

1496043552297	2.059	1.417	10.324

1496043552308	1.426	1.177	10.908

1496043552317	2.097	1.149	9.768

1496043552327	1.292	1.417	9.414

1496043552341	1.321	1.197	9.404

1496043552350	1.666	1.168	10.534

1496043552371	2.461	1.455	10.084

1496043552374	1.513	1.321	10.084

1496043552379	2.509	1.628	10.601

1496043552394	1.206	2.059	10.161

1496043552398	1.905	1.35	10.831

1496043552407	0.948	1.11	9.548

1496043552417	2.049	1.398	10.621

1496043552427	1.666	1.388	10.381

1496043552438	2.892	1.283	9.663

1496043552448	1.235	1.637	10.228

1496043552458	1.474	0.718	10.094

1496043552467	1.407	1.474	9.998

1496043552477	2.518	1.446	10.515

1496043552492	0.794	1.503	9.682

1496043552498	2.241	1.771	9.021

1496043552512	1.197	1.187	9.893

1496043552518	1.886	1.206	8.839

1496043552528	1.637	1.379	10.305

1496043552538	2.815	1.551	9.912

1496043552549	0.756	1.532	10.793

1496043552558	2.853	2.068	10.199

1496043552567	2.059	1.723	10.199

1496043552577	1.628	1.426	8.983

1496043552588	1.426	1.608	9.778

1496043552597	2.193	1.723	9.778

1496043552609	2.145	1.465	11.205

1496043552619	1.273	1.752	9.615

1496043552630	2.03	1.388	10.496

1496043552642	1.551	1.417	9.979

1496043552649	1.494	1.666	9.49

1496043552660	2.059	1.379	9.883

1496043552668	1.302	1.561	10.18

1496043552679	2.164	1.934	10.075

1496043552698	1.81	0.996	10.008

1496043552711	1.637	1.283	10.927

1496043552723	1.953	1.589	8.715

1496043552729	0.871	1.34	11.032

1496043552739	3.553	1.551	9.088

1496043552749	1.273	1.331	10.352

1496043552758	2.566	1.379	9.826

1496043552767	1.608	1.302	10.094

1496043552777	2.174	1.896	8.724

1496043552790	3.141	2.087	8.351

1496043552808	0.842	1.762	10.975

1496043552817	2.078	1.81	9.107

1496043552828	2.423	1.465	8.858

1496043552838	1.034	1.398	10.984

1496043552848	2.997	1.8	8.753

1496043552859	1.139	1.321	10.908

1496043552868	1.934	1.503	10.094

1496043552879	0.861	0.919	9.998

1496043552905	2.557	1.637	10.352

1496043552915	1.379	0.708	10.247

1496043552917	1.723	1.264	8.629

1496043552918	2.327	1.695	10.917

1496043552930	0.996	0.996	9.098

1496043552938	1.599	1.158	11.004

1496043552948	3.055	1.436	9.941

1496043552958	0.814	0.727	9.625

1496043552967	2.26	1.743	10.506

1496043552979	2.327	1.771	9.28

1496043552989	1.331	1.398	10.381

1496043552997	1.982	0.718	10.266

1496043553007	1.992	0.67	9.768

1496043553017	2.202	0.459	10.611

1496043553027	1.81	0.708	10.017

1496043553040	1.398	0.833	10.151

1496043553049	1.474	0.996	9.692

1496043553059	1.867	1.388	10.343

1496043553067	2.241	1.168	9.663

1496043553077	1.666	0.555	11.147

1496043553088	2.26	1.197	8.916

1496043553097	0.938	0.526	11.674

1496043553107	2.308	1.024	9.653

1496043553118	2.049	0.622	10.946

1496043553130	1.992	1.072	9.51

1496043553140	2.011	0.44	10.688

1496043553148	2.384	0.603	9.605

1496043553158	1.264	0.66	10.898

1496043553167	1.177	0.948	9.701

1496043553177	2.26	0.852	11.435

1496043553188	2.672	1.024	8.581

1496043553197	0.344	0.172	11.31

1496043553208	3.907	1.139	8.868

1496043553217	1.312	0.239	10.917

1496043553228	1.551	0.9	8.063

1496043553241	2.442	0.641	9.251

1496043553279	1.216	0.584	8.629

1496043553282	1.992	0.277	11.032

1496043553291	1.857	0.651	8.111

1496043553295	1.541	0.153	10.477

1496043553298	2.949	0.919	8.925

1496043553307	1.292	0.296	11.214

1496043553317	2.595	1.177	9.05

1496043553328	1.656	0.727	10.965

1496043553339	1.905	0.699	8.849

1496043553351	1.886	0.383	11.368

1496043553358	1.656	1.139	8.581

1496043553367	1.043	0.0	11.052

1496043553377	3.227	1.158	9.136

1496043553388	1.455	0.785	11.741

1496043553399	1.283	0.373	9.222

1496043553408	1.982	0.325	11.023

1496043553417	3.399	0.881	8.992

1496043553427	0.153	0.124	9.96

1496043553438	2.71	0.756	10.592

1496043553449	1.676	0.823	11.607

1496043553458	2.423	0.986	8.399

1496043553467	1.474	0.239	9.854

1496043553479	1.752	0.545	12.45

1496043553497	3.007	0.469	10.678

1496043553504	0.928	0.593	11.837

1496043553514	1.704	0.986	8.83

1496043553519	3.342	0.641	11.157

1496043553532	3.102	0.909	9.05

1496043553539	-0.162	0.498	9.299

1496043553549	1.723	0.593	10.103

1496043553558	3.802	0.076	11.942

1496043553567	1.704	0.287	8.59

1496043553577	1.206	-0.019	11.301

1496043553588	2.528	0.162	9.098

1496043553601	0.354	0.536	11.463

1496043553607	2.576	1.398	9.557

1496043553617	1.685	0.143	10.946

1496043553629	3.275	0.038	8.418

1496043553639	1.723	0.076	11.76

1496043553649	2.135	1.494	7.92

1496043553659	1.168	0.402	12.048

1496043553668	3.352	0.478	9.069

1496043553678	0.986	0.086	11.128

1496043553692	3.035	0.249	10.228

1496043553699	2.068	0.249	8.102

1496043553717	1.292	0.612	10.276

1496043553718	2.911	0.737	9.481

1496043553728	2.537	0.45	10.668

1496043553738	1.149	0.363	9.596

1496043553749	1.723	0.009	10.793

1496043553758	2.825	0.89	7.69

1496043553767	1.053	0.114	11.195

1496043553779	2.604	0.143	8.121

1496043553789	2.269	0.0	10.065

1496043553797	1.628	-0.114	9.433

1496043553808	2.221	0.057	11.147

1496043553817	2.212	0.766	9.95

1496043553828	1.177	-0.383	10.678

1496043553840	1.704	0.411	8.035

1496043553850	2.26	0.057	11.004

1496043553860	1.819	-0.871	8.619

1496043553870	1.944	-0.287	10.64

1496043553881	1.771	0.296	8.954

1496043553889	3.562	-0.201	10.036

1496043553907	1.704	-0.411	9.988

1496043553918	2.145	-0.402	10.008

1496043553927	2.892	-0.325	8.59

1496043553939	1.743	-0.603	10.094

1496043553948	3.304	-0.229	9.146

1496043553959	1.254	-0.651	10.898

1496043553967	2.049	-0.67	9.778

1496043553977	2.729	-0.44	9.816

1496043553988	2.346	-0.296	9.232

1496043553997	1.139	-0.43	9.778

1496043554007	3.198	-0.66	9.328

1496043554018	2.154	-0.488	8.82

1496043554027	1.245	-0.727	9.548

1496043554040	2.423	-0.45	8.571

1496043554050	2.968	-0.43	10.803

1496043554061	1.426	-0.699	9.672

1496043554068	2.662	-0.21	8.983

1496043554078	1.771	-0.469	8.849

1496043554091	2.078	0.038	8.657

1496043554108	2.087	-0.488	9.912

1496043554117	1.484	-0.536	8.59

