1498480438339	69.75	-60.0	-72.0

1498480438386	69.75	-60.0	-72.0

1498480438436	69.75	-60.0	-72.0

1498480438496	69.75	-60.0	-72.0

1498480438537	69.75	-60.0	-72.0

1498480438588	69.75	-60.0	-72.0

1498480438638	69.75	-60.0	-72.0

1498480438687	69.75	-60.0	-72.0

1498480438738	69.75	-60.0	-72.0

1498480438788	69.75	-60.0	-72.0

1498480438839	69.75	-60.0	-72.0

1498480438889	69.75	-60.0	-72.0

1498480438940	69.75	-60.0	-72.0

1498480438989	69.75	-60.0	-72.0

1498480439040	69.75	-60.0	-72.0

1498480439103	69.75	-60.0	-72.0

1498480439141	69.75	-60.0	-72.0

1498480439191	69.75	-60.0	-72.0

1498480439241	69.75	-60.0	-72.0

1498480439292	69.75	-60.0	-72.0

1498480439342	69.75	-60.0	-72.0

1498480439392	69.75	-60.0	-72.0

1498480439442	69.75	-60.0	-72.0

1498480439496	69.75	-60.0	-72.0

1498480439543	69.75	-60.0	-72.0

1498480439593	69.75	-60.0	-72.0

1498480439643	69.75	-60.0	-72.0

1498480439694	69.75	-60.0	-72.0

1498480439758	69.75	-60.0	-72.0

1498480439794	69.75	-60.0	-72.0

1498480439844	69.75	-60.0	-72.0

1498480439894	69.75	-60.0	-72.0

1498480439945	69.75	-60.0	-72.0

1498480439995	70.5	-59.75	-72.0

1498480440046	70.5	-59.75	-72.0

1498480440096	70.25	-59.25	-72.0

1498480440146	70.25	-59.25	-72.0

1498480440196	69.75	-59.25	-72.0

1498480440246	69.75	-59.25	-72.0

1498480440296	69.75	-59.5	-71.75

1498480440347	69.75	-59.5	-71.75

1498480440397	70.25	-59.75	-71.75

1498480440447	70.25	-59.75	-71.75

1498480440498	69.75	-59.75	-72.0

1498480440548	69.75	-59.75	-72.0

1498480440599	69.75	-59.5	-72.0

1498480440649	69.75	-59.5	-72.0

1498480440698	70.25	-60.0	-71.75

1498480440749	70.25	-60.0	-71.75

1498480440810	70.25	-60.0	-71.75

1498480440849	70.25	-60.0	-71.75

1498480440899	70.25	-60.0	-71.75

1498480440948	70.25	-60.0	-71.75

1498480440999	70.25	-60.0	-71.75

1498480441049	70.25	-60.0	-71.75

1498480441099	70.25	-60.0	-71.75

1498480441150	70.25	-60.0	-71.75

1498480441200	70.25	-60.0	-71.75

1498480441250	70.25	-60.0	-71.75

1498480441301	70.25	-60.0	-71.75

1498480441351	70.25	-60.0	-71.75

1498480441401	70.25	-60.0	-71.75

1498480441459	70.25	-60.0	-71.75

1498480441501	70.25	-60.0	-71.75

1498480441551	70.25	-60.0	-71.75

1498480441602	70.25	-60.0	-71.75

1498480441653	70.25	-60.0	-71.75

1498480441710	70.25	-60.0	-71.75

1498480441754	70.25	-60.0	-71.75

1498480441805	70.25	-60.0	-71.75

1498480441856	70.25	-60.0	-71.75

1498480441906	70.25	-60.0	-71.75

1498480441956	70.25	-60.0	-71.75

1498480442006	70.25	-60.0	-71.75

1498480442057	70.25	-60.0	-71.75

1498480442107	70.25	-60.0	-71.75

1498480442168	70.25	-60.0	-71.75

1498480442208	70.25	-60.0	-71.75

1498480442259	70.25	-60.0	-71.75

1498480442310	70.25	-60.0	-71.75

1498480442361	70.25	-60.0	-71.75

1498480442412	70.25	-60.0	-71.75

1498480442462	70.25	-60.0	-71.75

1498480442513	70.25	-60.0	-71.75

1498480442565	70.25	-60.0	-71.75

1498480442615	70.25	-60.0	-71.75

1498480442665	70.25	-60.0	-71.75

1498480442716	70.25	-60.0	-71.75

1498480442767	70.25	-60.0	-71.75

1498480442824	70.25	-60.0	-71.75

1498480442869	70.25	-60.0	-71.75

1498480442920	70.25	-60.0	-71.75

1498480442970	70.25	-60.0	-71.75

1498480443033	70.25	-60.0	-71.75

1498480443071	70.25	-60.0	-71.75

1498480443121	70.25	-60.0	-71.75

1498480443171	70.25	-60.0	-71.75

1498480443221	70.25	-60.0	-71.75

1498480443271	70.25	-60.0	-71.75

