1496007978755	0.095	-0.057	9.605

1496007978771	0.067	-0.028	9.548

1496007978779	0.095	-0.019	9.577

1496007978789	0.114	-0.019	9.605

1496007978799	0.067	-0.019	9.567

1496007978809	0.095	-0.038	9.625

1496007978822	0.067	-0.028	9.586

1496007978832	0.086	-0.028	9.596

1496007978839	0.047	-0.047	9.596

1496007978849	0.047	-0.047	9.548

1496007978861	0.067	-0.038	9.567

1496007978869	0.038	-0.047	9.529

1496007978879	0.076	-0.047	9.577

1496007978900	0.067	-0.047	9.548

1496007978901	0.076	-0.067	9.557

1496007978909	0.067	-0.057	9.557

1496007978920	0.095	-0.047	9.586

1496007978929	0.067	-0.057	9.586

1496007978943	0.086	-0.028	9.596

1496007978949	0.076	-0.038	9.586

1496007978959	0.114	-0.047	9.625

1496007978969	0.086	-0.019	9.577

1496007978979	0.086	-0.019	9.625

1496007978996	0.028	-0.009	9.548

1496007979000	0.057	-0.019	9.577

1496007979009	0.067	-0.038	9.625

1496007979020	0.047	-0.047	9.529

1496007979030	0.086	-0.047	9.567

1496007979043	0.028	-0.028	9.557

1496007979049	0.047	-0.028	9.557

1496007979059	0.067	-0.047	9.586

1496007979069	0.067	-0.028	9.557

1496007979079	0.076	-0.038	9.605

1496007979091	0.038	-0.038	9.538

1496007979099	0.086	-0.057	9.605

1496007979109	0.076	-0.019	9.567

1496007979120	0.086	-0.038	9.586

1496007979129	0.086	-0.028	9.596

1496007979141	0.047	-0.038	9.577

1496007979149	0.105	-0.067	9.596

1496007979160	0.095	-0.057	9.586

1496007979169	0.105	-0.067	9.605

1496007979179	0.086	-0.067	9.634

1496007979192	0.057	-0.057	9.567

1496007979200	0.076	-0.038	9.557

1496007979209	0.057	-0.028	9.586

1496007979221	0.028	-0.009	9.596

1496007979230	0.028	0.0	9.548

1496007979246	0.067	-0.028	9.557

1496007979248	0.047	-0.028	9.577

1496007979260	0.076	-0.047	9.557

1496007979271	0.086	-0.057	9.586

1496007979279	0.076	-0.057	9.557

1496007979291	0.124	-0.076	9.634

1496007979299	0.076	-0.067	9.577

1496007979309	0.095	-0.076	9.605

1496007979325	0.086	-0.067	9.567

1496007979330	0.067	-0.047	9.596

1496007979341	0.057	-0.038	9.596

1496007979349	0.038	-0.038	9.567

1496007979359	0.028	-0.009	9.557

1496007979369	0.076	-0.028	9.605

1496007979379	0.057	-0.019	9.548

1496007979391	0.057	-0.047	9.567

1496007979399	0.038	-0.019	9.577

1496007979410	0.057	-0.019	9.586

1496007979421	0.019	-0.038	9.557

1496007979430	0.067	-0.038	9.596

1496007979451	0.076	-0.028	9.605

1496007979452	0.067	-0.038	9.586

1496007979461	0.057	-0.047	9.557

1496007979476	0.105	-0.047	9.605

1496007979479	0.124	-0.067	9.605

1496007979492	0.095	-0.047	9.577

1496007979501	0.047	-0.047	9.557

1496007979509	0.086	-0.047	9.644

1496007979521	0.076	-0.047	9.605

1496007979529	0.057	-0.019	9.538

1496007979543	0.057	-0.038	9.577

1496007979550	0.028	0.0	9.519

1496007979559	0.047	-0.028	9.529

1496007979569	0.047	-0.028	9.567

1496007979579	0.086	-0.038	9.557

1496007979591	0.0	-0.028	9.5

1496007979599	0.086	-0.038	9.567

1496007979611	0.028	-0.019	9.529

1496007979624	0.057	-0.047	9.548

1496007979630	0.076	-0.028	9.586

1496007979643	0.076	-0.028	9.538

1496007979649	0.067	0.0	9.596

1496007979659	0.067	-0.009	9.548

1496007979669	0.076	-0.028	9.615

1496007979679	0.067	-0.038	9.567

1496007979691	0.086	-0.038	9.596

1496007979699	0.105	-0.057	9.586

1496007979709	0.095	-0.057	9.567

1496007979721	0.086	-0.086	9.634

1496007979729	0.095	-0.067	9.586

1496007979741	0.076	-0.067	9.586

1496007979749	0.047	-0.038	9.596

1496007979759	0.047	-0.038	9.548

1496007979769	0.057	-0.028	9.586

1496007979779	0.057	0.009	9.567

1496007979795	0.067	-0.019	9.586

1496007979801	0.047	-0.028	9.538

1496007979809	0.057	-0.019	9.557

1496007979822	0.076	-0.086	9.586

1496007979835	0.095	-0.086	9.586

1496007979841	0.095	-0.105	9.605

1496007979849	0.105	-0.086	9.557

1496007979859	0.105	-0.076	9.577

1496007979869	0.095	-0.086	9.596

1496007979884	0.086	-0.086	9.567

1496007979891	0.086	-0.047	9.577

1496007979899	0.047	-0.028	9.586

1496007979909	0.076	-0.028	9.615

1496007979919	0.009	0.019	9.548

1496007979929	0.076	0.0	9.529

1496007979941	0.019	0.009	9.577

1496007979949	0.019	0.009	9.529

1496007979959	0.057	0.009	9.605

1496007979969	0.028	-0.009	9.557

1496007979981	0.076	-0.067	9.615

1496007980017	0.076	-0.067	9.596

1496007980018	0.076	-0.067	9.596

1496007980024	0.095	-0.076	9.567

1496007980025	0.095	-0.067	9.596

1496007980037	0.086	-0.076	9.586

1496007980042	0.095	-0.067	9.586

1496007980049	0.057	-0.057	9.548

1496007980059	0.057	-0.047	9.557

1496007980069	0.086	-0.028	9.557

1496007980079	0.057	-0.047	9.51

1496007980090	0.067	-0.019	9.644

1496007980102	0.095	0.0	9.605

1496007980109	0.038	0.0	9.596

1496007980121	0.038	-0.009	9.538

1496007980136	0.038	-0.009	9.557

1496007980149	0.047	-0.038	9.567

1496007980159	0.057	-0.057	9.567

1496007980169	0.076	-0.057	9.548

1496007980179	0.067	-0.057	9.548

1496007980190	0.067	-0.067	9.538

1496007980199	0.047	-0.028	9.548

1496007980210	0.057	-0.028	9.596

1496007980220	0.067	0.0	9.577

1496007980230	0.057	-0.019	9.577

1496007980243	0.067	-0.028	9.625

1496007980250	0.086	-0.038	9.615

1496007980260	0.057	-0.047	9.538

1496007980271	0.047	-0.067	9.567

1496007980281	0.105	-0.124	9.548

1496007980289	0.086	-0.086	9.548

1496007980302	0.028	-0.067	9.519

1496007980321	0.047	-0.047	9.596

1496007980329	0.047	-0.019	9.577

1496007980341	0.067	0.028	9.586

1496007980349	0.057	0.009	9.605

1496007980359	0.057	0.0	9.586

1496007980369	0.086	0.0	9.596

1496007980379	0.076	0.0	9.596

1496007980393	0.076	0.0	9.586

1496007980399	0.086	-0.038	9.615

1496007980409	0.076	-0.047	9.644

1496007980421	0.076	-0.047	9.548

1496007980436	0.076	-0.067	9.615

1496007980441	0.057	-0.047	9.548

1496007980449	0.067	-0.067	9.557

1496007980459	0.095	-0.057	9.605

1496007980468	0.047	-0.086	9.586

1496007980478	0.086	-0.095	9.634

1496007980491	0.076	-0.076	9.567

1496007980500	0.076	-0.067	9.596

1496007980510	0.086	-0.095	9.605

1496007980521	0.067	-0.047	9.567

1496007980535	0.057	-0.009	9.557

1496007980548	0.076	-0.009	9.567

1496007980562	0.067	0.028	9.605

1496007980570	0.086	0.0	9.557

1496007980578	0.057	0.0	9.567

1496007980579	0.038	0.0	9.529

1496007980590	0.057	-0.019	9.596

1496007980599	0.047	-0.047	9.586

1496007980609	0.038	-0.038	9.577

1496007980620	0.047	-0.057	9.557

1496007980632	0.047	-0.067	9.548

1496007980641	0.067	-0.057	9.586

1496007980649	0.067	-0.067	9.567

1496007980659	0.067	-0.038	9.567

1496007980669	0.086	-0.057	9.615

1496007980679	0.076	-0.047	9.586

1496007980689	0.076	-0.028	9.567

1496007980700	0.095	-0.067	9.615

1496007980717	0.076	-0.028	9.567

1496007980732	0.057	-0.057	9.586

1496007980736	0.067	-0.038	9.577

1496007980745	0.038	-0.028	9.577

1496007980750	0.028	-0.019	9.51

1496007980759	0.067	-0.038	9.615

1496007980769	0.038	-0.019	9.538

1496007980778	0.067	-0.019	9.557

1496007980789	0.057	-0.047	9.567

1496007980802	0.067	-0.038	9.586

1496007980809	0.057	-0.067	9.577

1496007980820	0.095	-0.076	9.596

1496007980829	0.105	-0.067	9.596

1496007980839	0.114	-0.076	9.615

1496007980850	0.086	-0.067	9.596

1496007980859	0.076	-0.047	9.577

1496007980869	0.086	-0.038	9.615

1496007980879	0.067	-0.028	9.586

1496007980889	0.038	-0.028	9.538

1496007980900	0.057	-0.009	9.548

1496007980909	0.028	-0.019	9.538

1496007980920	0.047	-0.038	9.567

1496007980928	0.067	-0.038	9.577

1496007980939	0.076	-0.038	9.586

1496007980949	0.047	-0.028	9.586

1496007980959	0.057	-0.019	9.625

1496007980969	0.067	-0.047	9.557

1496007980979	0.067	-0.019	9.605

1496007981004	0.086	-0.009	9.634

1496007981021	0.086	-0.038	9.577

1496007981023	0.067	-0.009	9.596

1496007981027	0.076	-0.038	9.586

1496007981030	0.105	-0.067	9.615

1496007981039	0.105	-0.067	9.605

1496007981050	0.086	-0.086	9.567

1496007981059	0.076	-0.076	9.615

1496007981068	0.076	-0.086	9.567

1496007981078	0.057	-0.076	9.586

1496007981092	0.038	-0.057	9.557

1496007981099	0.067	-0.038	9.567

1496007981109	0.067	-0.057	9.586

1496007981120	0.067	-0.028	9.577

1496007981129	0.067	-0.019	9.625

1496007981139	0.086	-0.038	9.605

1496007981150	0.067	-0.009	9.586

1496007981160	0.076	-0.019	9.596

1496007981170	0.076	-0.028	9.596

1496007981180	0.105	-0.009	9.605

1496007981190	0.086	0.009	9.586

1496007981199	0.057	-0.009	9.567

1496007981209	0.076	0.0	9.605

1496007981221	0.076	-0.019	9.567

1496007981230	0.086	-0.047	9.577

1496007981241	0.076	-0.086	9.567

1496007981250	0.076	-0.095	9.557

1496007981260	0.134	-0.124	9.605

1496007981271	0.105	-0.105	9.567

1496007981299	0.095	-0.105	9.548

1496007981300	0.095	-0.067	9.596

1496007981301	0.095	-0.067	9.596

1496007981309	0.076	-0.019	9.586

1496007981319	0.038	-0.009	9.538

1496007981329	0.009	0.009	9.567

1496007981341	0.067	-0.019	9.596

1496007981349	0.057	0.009	9.596

1496007981359	0.047	0.0	9.567

1496007981368	0.076	-0.009	9.596

1496007981378	0.095	-0.038	9.605

1496007981392	0.105	-0.047	9.605

1496007981400	0.076	-0.038	9.567

1496007981410	0.114	-0.057	9.567

1496007981422	0.076	-0.038	9.605

1496007981432	0.057	-0.028	9.596

1496007981439	0.067	-0.028	9.567

1496007981449	0.057	0.0	9.577

1496007981459	0.076	-0.028	9.596

1496007981468	0.076	-0.067	9.653

1496007981478	0.086	-0.067	9.634

1496007981489	0.038	-0.047	9.519

1496007981499	0.067	-0.076	9.577

1496007981510	0.076	-0.076	9.577

1496007981520	0.038	-0.057	9.529

1496007981533	0.047	-0.047	9.615

1496007981540	0.057	-0.038	9.548

1496007981549	0.057	-0.028	9.586

1496007981559	0.057	-0.028	9.596

1496007981574	0.086	-0.028	9.605

1496007981592	0.105	-0.038	9.615

1496007981599	0.095	-0.009	9.625

1496007981609	0.086	-0.009	9.605

1496007981621	0.086	0.0	9.567

1496007981629	0.095	-0.038	9.596

1496007981639	0.076	-0.019	9.586

1496007981649	0.057	-0.076	9.577

1496007981659	0.047	-0.047	9.586

1496007981668	0.076	-0.067	9.596

1496007981678	0.038	-0.057	9.538

1496007981689	0.047	-0.076	9.577

1496007981700	0.067	-0.086	9.557

1496007981711	0.057	-0.086	9.557

1496007981726	0.086	-0.076	9.586

1496007981728	0.067	-0.076	9.577

1496007981739	0.076	-0.047	9.596

1496007981749	0.086	-0.038	9.577

1496007981759	0.095	-0.038	9.577

1496007981769	0.095	-0.047	9.557

1496007981778	0.095	-0.047	9.538

1496007981789	0.086	-0.038	9.567

1496007981799	0.057	-0.047	9.519

1496007981809	0.095	-0.038	9.625

1496007981821	0.086	-0.047	9.567

1496007981839	0.086	-0.038	9.596

1496007981849	0.028	-0.009	9.529

1496007981859	0.028	-0.019	9.567

1496007981869	0.019	-0.019	9.557

1496007981881	0.028	-0.028	9.538

1496007981889	0.019	-0.009	9.51

1496007981899	0.057	-0.067	9.529

1496007981909	0.105	-0.057	9.577

1496007981920	0.095	-0.047	9.586

1496007981929	0.105	-0.067	9.577

1496007981939	0.086	-0.057	9.567

1496007981949	0.124	-0.047	9.586

1496007981961	0.076	-0.057	9.529

1496007981969	0.086	-0.047	9.567

1496007981978	0.067	-0.028	9.557

1496007981992	0.028	-0.009	9.567

1496007981999	0.028	-0.028	9.538

1496007982009	-0.019	0.009	9.538

1496007982020	0.028	-0.009	9.577

1496007982030	0.019	-0.028	9.548

1496007982042	0.019	-0.019	9.538

1496007982049	0.019	-0.019	9.548

1496007982059	0.067	-0.028	9.586

1496007982069	0.057	-0.038	9.538

1496007982081	0.057	-0.038	9.519

1496007982091	0.076	-0.028	9.538

1496007982099	0.076	-0.028	9.577

1496007982109	0.076	-0.038	9.557

1496007982120	0.057	0.0	9.557

1496007982129	0.067	-0.028	9.548

1496007982154	0.067	-0.028	9.625

1496007982160	0.067	-0.047	9.567

1496007982171	0.038	-0.067	9.557

1496007982181	0.047	-0.067	9.538

1496007982191	0.019	-0.047	9.5

1496007982199	0.067	-0.076	9.548

1496007982209	0.019	-0.047	9.548

1496007982219	0.057	-0.038	9.577

1496007982229	0.057	-0.019	9.586

1496007982241	0.028	0.0	9.567

1496007982256	0.067	0.0	9.548

1496007982259	0.028	-0.009	9.548

1496007982269	0.086	-0.019	9.596

1496007982279	0.105	-0.028	9.596

1496007982291	0.067	-0.019	9.548

1496007982299	0.086	-0.057	9.567

1496007982309	0.067	-0.028	9.586

1496007982320	0.076	-0.057	9.596

1496007982330	0.086	-0.067	9.548

1496007982348	0.057	-0.038	9.557

1496007982351	0.047	-0.067	9.596

1496007982364	0.095	-0.086	9.605

1496007982369	0.067	-0.076	9.548

1496007982379	0.047	-0.057	9.577

1496007982395	0.028	-0.047	9.51

1496007982399	0.047	-0.019	9.548

1496007982409	0.057	-0.009	9.548

1496007982420	0.057	-0.009	9.567

1496007982429	0.047	-0.009	9.557

1496007982443	0.076	-0.028	9.577

1496007982453	0.095	-0.038	9.577

1496007982459	0.067	-0.019	9.557

1496007982469	0.076	-0.038	9.567

1496007982479	0.057	-0.038	9.567

1496007982491	0.038	-0.047	9.529

1496007982502	0.076	-0.057	9.577

1496007982510	0.028	-0.038	9.548

1496007982519	0.028	-0.028	9.548

1496007982530	0.057	-0.038	9.577

1496007982542	0.038	-0.019	9.548

1496007982549	0.047	-0.009	9.548

1496007982560	0.057	-0.038	9.577

1496007982570	0.076	-0.057	9.596

1496007982580	0.086	-0.047	9.596

1496007982596	0.105	-0.047	9.577

1496007982600	0.067	-0.047	9.557

1496007982610	0.076	-0.038	9.538

1496007982620	0.076	-0.047	9.586

1496007982632	0.067	-0.057	9.596

1496007982641	0.067	-0.038	9.567

1496007982649	0.086	-0.057	9.586

1496007982659	0.028	-0.038	9.557

1496007982668	0.038	-0.019	9.538

1496007982678	0.047	-0.038	9.529

1496007982691	0.038	-0.038	9.596

1496007982699	0.028	-0.009	9.577

1496007982709	0.028	-0.038	9.519

1496007982720	0.047	0.0	9.615

1496007982730	0.028	-0.028	9.557

1496007982748	0.057	-0.028	9.548

1496007982759	0.067	-0.047	9.538

1496007982769	0.047	-0.047	9.567

1496007982779	0.057	-0.019	9.548

1496007982793	0.076	-0.047	9.615

1496007982803	0.086	-0.028	9.548

1496007982809	0.047	-0.028	9.567

1496007982821	0.067	-0.047	9.567

1496007982829	0.057	-0.028	9.538

1496007982842	0.047	-0.038	9.596

1496007982849	0.047	-0.019	9.586

1496007982859	0.0	-0.009	9.481

1496007982869	0.028	-0.009	9.596

1496007982879	0.038	-0.028	9.538

1496007982900	0.019	-0.009	9.519

1496007982909	0.028	-0.028	9.529

1496007982922	0.047	-0.028	9.538

1496007982924	0.067	-0.047	9.567

1496007982929	0.067	-0.028	9.538

1496007982941	0.057	-0.047	9.538

1496007982949	0.067	-0.047	9.529

1496007982959	0.038	-0.057	9.529

1496007982969	0.076	-0.057	9.577

1496007982978	0.047	-0.038	9.51

1496007982999	0.076	-0.047	9.567

1496007983000	0.047	-0.019	9.557

1496007983012	0.047	0.0	9.529

1496007983021	0.047	-0.019	9.548

1496007983029	0.067	-0.028	9.577

1496007983040	0.019	0.009	9.557

1496007983051	0.038	-0.038	9.548

1496007983060	0.076	-0.028	9.548

1496007983069	0.057	-0.038	9.586

1496007983078	0.019	-0.009	9.519

1496007983091	0.057	-0.047	9.519

1496007983100	0.057	-0.038	9.557

1496007983110	0.086	-0.067	9.557

1496007983121	0.038	-0.057	9.519

1496007983131	0.067	-0.057	9.557

1496007983146	0.038	-0.047	9.548

1496007983150	0.057	-0.057	9.519

1496007983160	0.047	-0.047	9.577

1496007983170	0.086	-0.047	9.625

1496007983181	0.057	-0.038	9.567

1496007983194	0.076	-0.047	9.567

1496007983199	0.067	-0.028	9.548

1496007983209	0.047	0.0	9.557

1496007983220	0.047	-0.009	9.567

1496007983229	0.067	-0.019	9.586

1496007983241	0.057	-0.009	9.567

1496007983249	0.067	-0.047	9.557

1496007983261	0.047	0.0	9.567

1496007983272	0.057	-0.019	9.567

1496007983279	0.047	-0.019	9.548

1496007983295	0.038	-0.038	9.548

1496007983299	0.047	-0.057	9.538

1496007983309	0.067	-0.047	9.586

1496007983321	0.038	-0.019	9.529

1496007983341	0.047	-0.057	9.529

1496007983349	0.057	-0.019	9.577

1496007983359	0.057	-0.009	9.577

1496007983369	0.057	-0.028	9.567

1496007983379	0.105	-0.047	9.567

1496007983391	0.057	-0.047	9.567

1496007983400	0.028	-0.009	9.529

1496007983409	0.076	-0.028	9.548

1496007983421	0.047	-0.028	9.51

1496007983430	0.076	-0.047	9.548

1496007983441	0.057	-0.019	9.557

1496007983449	0.038	-0.047	9.557

1496007983459	0.038	-0.047	9.519

1496007983468	0.038	-0.038	9.51

1496007983478	0.067	-0.047	9.567

1496007983494	0.067	-0.038	9.567

1496007983499	0.047	-0.038	9.557

1496007983510	0.047	-0.028	9.557

1496007983522	0.086	-0.047	9.557

1496007983547	0.067	-0.028	9.615

1496007983548	0.047	-0.038	9.567

1496007983549	0.076	-0.038	9.567

1496007983559	0.105	-0.057	9.577

1496007983569	0.076	-0.019	9.577

1496007983579	0.047	-0.028	9.5

1496007983593	0.086	-0.057	9.586

1496007983599	0.038	-0.047	9.538

1496007983610	0.038	-0.038	9.557

1496007983621	0.057	-0.057	9.538

1496007983630	0.067	-0.038	9.519

1496007983648	0.067	-0.038	9.586

1496007983651	-0.009	-0.009	9.548

1496007983660	0.038	-0.019	9.519

1496007983670	0.038	-0.028	9.548

1496007983680	0.086	-0.028	9.529

1496007983696	0.038	-0.009	9.567

1496007983700	0.057	-0.028	9.586

1496007983712	0.067	-0.057	9.596

