1496011277594	29.82	6.9	-27.12

1496011277680	29.94	7.08	-27.3

1496011277791	30.0	7.32	-27.48

1496011277892	30.12	7.2	-27.54

1496011277996	30.24	7.08	-27.6

1496011278090	30.18	7.08	-27.72

1496011278191	29.94	7.26	-27.96

1496011278294	30.0	7.14	-28.02

1496011278391	29.82	7.32	-28.14

1496011278491	29.7	7.26	-27.84

1496011278591	29.7	7.32	-27.96

1496011278691	29.64	7.56	-27.9

1496011278791	29.34	7.86	-28.02

1496011278892	29.46	7.86	-28.02

1496011278999	29.4	7.8	-28.08

1496011279091	29.46	8.04	-28.14

1496011279191	29.82	7.62	-27.84

1496011279293	30.06	7.68	-27.96

1496011279393	30.12	7.38	-27.84

1496011279492	30.3	7.32	-27.9

1496011279593	30.54	7.02	-27.78

1496011279691	30.6	6.9	-27.84

1496011279791	30.54	6.72	-27.78

1496011279892	30.42	6.48	-27.66

1496011279998	30.48	6.54	-27.72

1496011280091	30.3	6.72	-27.96

1496011280194	30.0	6.66	-27.66

1496011280293	30.06	6.54	-27.72

1496011280393	30.0	6.6	-27.72

1496011280493	30.12	6.6	-27.66

1496011280591	30.06	6.66	-27.9

1496011280691	29.94	6.84	-28.2

1496011280792	29.58	7.02	-28.32

1496011280893	29.64	6.78	-28.02

1496011280996	29.88	6.84	-28.2

1496011281092	29.88	7.08	-28.26

1496011281194	29.76	6.9	-28.26

1496011281291	29.7	6.9	-28.38

1496011281391	29.88	6.66	-28.02

1496011281492	30.12	6.54	-27.9

1496011281598	30.12	6.54	-27.66

1496011281692	29.94	6.48	-27.72

1496011281791	30.0	6.66	-27.66

1496011281891	29.94	6.6	-27.66

1496011281996	30.06	6.84	-27.78

1496011282092	29.82	7.08	-27.78

1496011282193	29.82	7.38	-27.96

1496011282291	29.76	7.5	-27.66

1496011282395	29.76	7.38	-27.6

1496011282493	30.18	7.5	-27.72

