1496870215327	1.12	-17.593	-4.28

1496870215331	4.577	-17.248	-0.124

1496870215342	7.23	-18.321	0.871

1496870215351	9.069	-19.604	0.766

1496870215361	11.655	-19.604	-0.076

1496870215375	13.886	-19.604	1.369

1496870215381	15.131	-19.604	2.02

1496870215393	13.024	-19.336	0.0

1496870215403	9.768	-17.957	-1.043

1496870215412	8.169	-17.746	-2.93

1496870215422	7.556	-17.641	-4.482

1496870215431	7.431	-17.688	-8.523

1496870215441	3.792	-19.585	-10.984

1496870215453	0.967	-19.604	-11.157

1496870215461	-0.545	-19.604	-10.276

1496870215471	-1.005	-19.604	-7.249

1496870215481	-2.231	-19.604	-1.743

1496870215491	-7.575	-19.604	9.864

1496870215503	-15.926	-18.761	19.115

1496870215512	-16.903	-13.484	6.665

1496870215531	-16.223	-8.724	-6.608

1496870215532	-14.432	-6.196	-9.883

1496870215541	-12.89	-3.725	-7.345

1496870215557	-13.024	-2.279	-7.01

1496870215561	-13.704	-0.794	-4.999

1496870215571	-16.329	0.919	-1.877

1496870215585	-18.167	1.695	-0.038

1496870215591	-17.009	1.925	-2.317

1496870215601	-12.737	2.988	-3.763

1496870215612	-2.911	3.524	-1.532

1496870215624	0.794	1.455	2.681

1496870215633	4.903	-0.402	8.13

1496870215641	7.671	-2.394	10.237

1496870216491	8.466	-4.405	8.312

1496870216503	8.016	-5.19	5.181

1496870216504	5.391	-5.008	0.708

1496870216505	1.608	-6.215	-3.601

1496870216506	-2.078	-9.385	-7.048

1496870216508	-3.725	-13.896	-7.546

1496870216509	-3.17	-18.589	-5.564

1496870216511	-1.982	-19.604	-5.65

1496870216515	-0.632	-19.604	-1.168

1496870216517	-0.354	-19.604	6.445

1496870216527	0.172	-19.604	3.677

1496870216529	3.15	-19.604	-3.648

1496870216530	5.746	-19.604	-3.648

1496870216531	2.001	-19.604	-13.992

1496870216533	0.881	-19.604	-9.136

1496870216534	0.057	-19.604	-1.628

1496870216536	-0.498	-17.679	3.428

1496870216540	0.957	-13.867	1.168

1496870216542	4.166	-10.774	-1.752

1496870216552	7.431	-8.169	-1.762

1496870216554	9.05	-6.617	-1.292

1496870216555	9.385	-4.213	-0.852

1496870216556	8.897	-1.714	-1.177

1496870216557	7.958	1.063	-0.842

1496870216559	7.652	3.486	-0.737

1496870216563	6.799	5.564	-0.181

1496870216569	4.673	6.962	0.402

1496870216581	2.758	7.824	0.909

1496870216582	0.967	8.772	3.897

1496870216583	-1.139	9.012	8.791

1496870216584	-3.897	8.236	4.817

1496870216586	-3.629	2.853	1.254

1496870216589	-3.055	0.526	-1.848

1496870216590	-3.486	-2.298	-5.64

1496870216591	-5.209	-6.771	-8.475

1496870216606	-4.51	-10.707	-9.95

1496870216607	-2.537	-10.917	-7.134

1496870216609	-2.279	-7.316	-6.397

1496870216610	-3.217	-3.821	-9.567

1496870216612	-4.118	-2.873	-13.13

1496870216613	-2.815	-0.986	-7.575

1496870216614	4.721	3.581	16.913

1496870216615	10.324	1.676	19.537

1496870216617	3.045	-5.909	-10.123

1496870216631	-7.345	-13.302	-18.828

1496870216633	-1.292	-19.575	-9.864

1496870216634	6.119	-19.604	-11.348

1496870216637	12.641	-19.604	-11.061

1496870216639	11.904	-19.604	-10.601

1496870216640	11.607	-19.604	5.717

1496870216641	10.601	-19.604	2.135

1496870216643	9.443	-19.604	14.289

1496870216647	5.698	-19.604	12.689

1496870216658	4.137	-19.604	0.67

1496870216660	3.696	-19.604	-1.972

1496870216661	2.355	-19.604	-8.102

1496870216662	1.781	-19.604	-15.38

1496870216664	0.469	-19.604	-19.422

1496870216666	-0.775	-19.604	-18.924

1496870216667	-1.695	-19.604	-11.502

1496870216672	-1.034	-18.732	-4.568

1496870216681	-1.407	-16.147	0.469

1496870216682	-5.822	-17.746	18.368

1496870216683	-11.32	-15.677	16.913

1496870216685	-12.076	-11.339	-3.457

1496870216686	-7.47	-6.905	-5.037

1496870216688	-7.383	-6.34	-6.311

1496870216690	-8.207	-6.004	-9.596

1496870216691	-11.492	-4.3	-11.195

1496870216695	-16.281	-1.992	-7.508

1496870216697	-19.614	-0.124	7.719

1496870216707	-19.614	1.896	8.217

1496870216708	-19.403	6.292	-0.804

1496870216709	-14.298	9.644	-4.031

1496870216710	-6.636	7.987	1.158

1496870216712	-0.833	3.38	6.33

1496870216713	3.102	-0.143	8.092

1496870216715	6.368	-3.361	7.738

1496870216719	8.552	-6.397	6.378

1496870216721	8.887	-7.92	4.711

1496870216731	8.973	-8.159	2.882

1496870216732	8.054	-6.569	-0.775

1496870216734	1.992	-5.229	-6.847

1496870216735	-0.545	-9.711	-4.415

1496870216736	-2.059	-14.48	-5.535

1496870216738	-1.992	-19.374	-12.526

1496870216739	-2.633	-19.604	-5.985

1496870216744	-5.42	-19.604	11.329

1496870216746	-5.008	-19.604	6.953

1496870216755	0.363	-19.604	-1.35

1496870216756	4.319	-19.604	-7.154

1496870216757	4.213	-19.604	-13.819

1496870216758	4.166	-19.604	-16.712

1496870216760	5.363	-18.512	-12.737

1496870216761	5.583	-14.681	-7.211

1496870216765	4.194	-11.961	-1.369

1496870216776	2.221	-11.186	5.458

1496870216778	1.091	-10.678	3.553

1496870216779	1.925	-9.481	1.12

1496870216781	7.297	-5.114	1.857

1496870216782	8.629	-2.145	0.747

1496870216788	8.341	-0.153	-0.833

1496870216798	7.642	1.359	-1.963

1496870216800	6.694	2.394	-1.13

1496870216801	4.932	3.466	-0.009

1496870216802	2.892	4.529	0.565

1496870216803	0.641	6.081	3.284

1496870216806	-2.193	7.211	10.554

1496870216810	-4.386	6.512	4.884

1496870216812	-4.568	4.577	-0.593

1496870216820	-4.798	3.313	-4.443

1496870216822	-4.951	1.474	-7.939

1496870216823	-5.928	-1.58	-11.186

1496870216824	-7.192	-6.043	-10.257

1496870216825	-6.847	-8.705	-5.334

1496870216827	-5.334	-7.556	-5.391

1496870216831	-2.518	-4.903	-10.889

1496870216842	0.363	-4.654	0.871

1496870216844	4.98	-3.332	19.604

1496870216845	0.392	-11.013	4.127

1496870216851	-4.769	-13.657	-19.441

1496870216868	-1.197	-16.884	-9.012

1496870216871	3.792	-19.163	-3.888

1496870216883	7.374	-19.604	-4.664

1496870216894	10.439	-19.604	-9.452

1496870216901	11.578	-19.604	-12.095

1496870216921	11.751	-19.604	-0.287

1496870216923	13.436	-19.604	-1.666

1496870216931	14.011	-19.604	0.785

1496870216948	11.827	-19.604	3.438

1496870216951	8.858	-19.068	0.392

1496870216961	7.498	-17.823	-1.139

1496870216975	7.288	-16.827	-4.855

1496870216981	6.636	-16.97	-9.222

1496870216992	1.915	-19.594	-12.909

1496870217007	0.009	-19.604	-10.458

1496870217012	-0.938	-19.604	-6.186

1496870217022	-2.25	-19.604	0.44

1496870217037	-10.601	-19.604	17.87

1496870217044	-15.821	-18.34	15.074

1496870217053	-14.662	-13.475	-0.488

1496870217064	-13.877	-10.391	-8.801

1496870217071	-12.766	-8.14	-9.663

1496870217081	-13.369	-5.698	-8.925

1496870217092	-14.557	-3.543	-9.5

1496870217101	-17.507	-1.972	-7.968

1496870217112	-19.614	-0.833	-1.752

1496870217121	-19.614	-0.421	3.696

1496870217131	-19.135	1.723	2.786

1496870217149	-13.34	4.52	-1.024

1496870217151	-5.803	6.071	-1.867

1496870217161	-0.498	3.428	-1.11

1496870217175	8.6	1.321	11.904

1496870217181	12.574	-1.283	14.892

1496870217191	11.243	-4.3	7.489

1496870217201	9.481	-5.87	2.308

1496870217211	8.322	-6.186	-0.201

1496870217222	5.822	-8.303	-3.61

1496870217240	1.637	-12.316	-6.809

1496870217241	-0.909	-17.104	-8.016

1496870217251	-1.656	-19.604	-6.55

1496870217265	-1.455	-19.604	1.896

1496870217271	-1.972	-19.604	7.297

1496870217281	-2.154	-19.604	3.466

1496870217297	0.66	-19.604	-6.1

1496870217313	0.335	-19.604	-9.356

1496870217324	1.513	-19.604	-9.826

1496870217332	-0.191	-19.604	-4.932

1496870217351	-1.561	-19.604	1.944

1496870217352	-1.599	-19.221	-0.948

1496870217361	-0.593	-16.894	-0.986

1496870217376	1.292	-13.944	0.105

1496870217381	3.821	-11.329	-0.105

1496870217391	6.234	-8.801	0.076

1496870217406	8.312	-6.292	-0.143

1496870217411	8.724	-3.026	-0.66

1496870217423	7.661	-0.402	-1.12

1496870217435	6.818	1.628	-2.767

1496870217441	6.167	3.189	-5.564

1496870217459	5.353	5.152	-8.284

1496870217461	3.371	7.192	-9.452

1496870217471	1.752	9.213	-6.474

1496870217481	-0.718	10.793	0.344

1496870217492	-2.068	10.707	5.602

1496870217501	-0.957	10.247	6.34

1496870217511	1.13	8.102	2.624

1496870217522	1.934	0.689	-1.398

1496870217532	0.296	-2.911	-0.833

1496870217551	-2.384	-6.158	0.258

1496870217552	-5.133	-7.565	-5.995

1496870217561	-6.56	-7.824	-10.822

1496870217578	-6.569	-8.389	-8.715

1496870217581	-7.182	-10.879	12.737

1496870217597	-9.893	-14.528	14.289

1496870217601	-3.926	-12.316	-9.481

1496870217611	1.992	-12.354	-5.64

1496870217624	5.411	-13.551	-2.518

1496870217637	7.719	-14.126	-1.465

1496870217642	10.075	-17.353	-1.857

1496870217660	11.645	-19.288	0.632

1496870217661	13.13	-19.604	0.986

1496870217671	12.938	-19.604	-0.469

1496870217681	9.261	-19.604	-1.704

1496870217691	5.918	-19.604	-3.074

1496870217704	2.212	-19.604	-3.639

1496870217715	2.049	-19.604	-4.376

1496870217722	2.106	-19.604	-6.33

1496870217731	1.225	-19.575	-9.845

1496870217745	-0.095	-19.594	-12.728

1496870217751	-1.829	-19.604	-13.513

1496870217762	-3.457	-19.604	-12.431

1496870217771	-4.846	-19.604	-6.78

1496870217781	-7.479	-19.604	1.283

1496870217792	-14.48	-19.594	19.278

1496870217806	-17.056	-16.175	9.979

1496870217811	-15.055	-10.381	-5.794

1496870217824	-11.147	-6.158	-6.378

1496870217835	-8.954	-3.84	-2.604

1496870217841	-7.949	-3.457	-4.185

1496870217851	-7.556	-3.39	-7.077

1496870217861	-8.13	-2.298	-7.489

1496870217871	-11.779	-0.009	4.654

1496870217893	-19.566	2.087	9.174

1496870217895	-15.907	3.735	0.316

1496870217902	-8.945	5.114	-3.189

1496870217919	-2.241	3.907	-0.478

1496870217922	2.47	1.676	5.736

1496870217934	6.943	-0.114	12.009

1496870217946	9.385	-2.518	11.722

1496870217951	8.619	-5.162	8.054

1496870217962	6.081	-7.383	3.553

1496870217973	1.896	-10.237	-2.346

1496870217981	-1.197	-13.379	-7.134

1496870217991	-2.959	-17.363	-8.284

1496870218002	-3.706	-19.604	-5.736

1496870218011	-3.399	-19.604	-0.708

1496870218023	-2.624	-19.604	2.652

1496870218031	-1.982	-19.604	2.394

1496870218043	-0.009	-19.604	-1.12

1496870218054	2.672	-19.604	-8.552

1496870218061	0.651	-19.604	-6.684

1496870218071	-1.781	-19.604	-2.288

1496870218083	-2.106	-19.604	-0.268

1496870218094	-0.277	-19.604	-1.963

1496870218101	1.723	-18.436	-4.031

1496870218113	3.84	-15.763	-5.535

1496870218124	5.755	-12.756	-5.257

1496870218135	7.949	-9.921	-3.715

1496870218141	8.59	-7.307	-3.074

1496870218151	8.083	-4.846	-3.198

1496870218163	8.207	-2.576	-2.691

1496870218174	8.523	-0.354	-1.676

1496870218181	8.217	1.771	-1.005

1496870218192	7.853	4.242	-0.727

1496870218202	6.589	7.087	0.603

1496870218214	3.016	8.514	2.49

1496870218222	-6.062	7.661	4.903

1496870218234	-5.832	7.259	1.158

1496870218245	-4.271	5.42	-0.861

1496870218251	-3.581	3.457	-2.221

1496870218261	-3.936	1.331	-2.03

1496870218271	-4.415	-1.235	-0.593

1496870218281	-4.922	-3.725	0.181

1496870218291	-3.495	-5.19	-3.486

1496870218301	-1.676	-5.095	-7.163

1496870218311	-0.43	-4.874	-1.398

1496870218323	1.398	-6.799	17.009

1496870218332	0.124	-9.567	4.118

1496870218341	2.442	-9.203	-1.877

1496870218353	4.118	-13.522	-3.629

1496870218364	5.698	-17.305	-5.842

1496870218371	7.929	-19.604	-9.672

1496870218381	8.523	-19.604	-3.045

1496870218392	11.961	-19.604	-0.909

1496870218410	12.201	-19.604	0.296

1496870218411	9.625	-19.604	0.172

1496870218422	7.039	-19.326	-0.66

1496870218431	5.765	-17.851	-2.384

1496870218441	5.123	-17.43	-4.778

1496870218452	4.711	-18.177	-7.757

1496870218461	4.051	-19.326	-11.588

1496870218471	2.557	-19.604	-13.8

1496870218481	0.488	-19.604	-12.124

1496870218492	-0.612	-19.604	-7.479

1496870218501	-2.365	-19.604	-0.871

1496870218511	-11.071	-19.604	15.553

1496870218522	-17.392	-19.345	14.777

1496870218531	-15.495	-15.036	-3.17

1496870218541	-13.101	-10.764	-8.274

1496870218558	-11.415	-7.192	-6.627

1496870218561	-11.358	-4.482	-6.225

1496870218571	-13.513	-2.566	-5.114

1496870218580	-15.744	1.608	-3.629

1496870218597	-17.803	3.275	-0.507

1496870218601	-19.508	3.562	0.565

1496870218611	-17.966	3.007	-0.22

1496870218623	-10.956	2.853	-1.407

1496870218631	-4.587	1.972	-2.595

1496870218641	-0.181	0.047	-1.302

1496870218651	3.744	-1.053	3.984

1496870218661	8.063	-2.26	11.463

1496870218671	9.462	-4.855	12.028

1496870218681	8.437	-7.671	7.355

1496870218691	5.966	-10.362	1.034

1496870218701	2.844	-12.881	-4.395

1496870218711	1.446	-16.376	-7.077

1496870218723	0.287	-19.374	-7.7

1496870218731	0.335	-19.604	-5.64

1496870218741	0.488	-19.604	-0.239

1496870218753	1.819	-19.604	-0.191

1496870218762	3.428	-19.604	-6.158

1496870218771	3.198	-19.604	-9.835

1496870218781	-0.344	-19.604	-9.308

1496870218793	-3.304	-19.604	-4.022

1496870218802	-4.108	-19.604	-0.067

1496870218811	-2.796	-19.594	-1.302

1496870218822	-1.101	-17.708	-2.806

1496870218835	1.388	-15.016	-3.457

1496870218841	3.773	-12.593	-4.012

1496870218851	6.55	-10.448	-2.921

1496870218861	7.958	-8.054	-2.221

1496870218871	8.772	-5.391	-1.647

1496870218881	8.925	-2.442	-0.996

1496870218891	8.906	0.134	-0.565

1496870218905	9.203	2.432	-1.446

1496870218911	8.82	4.941	-1.608

1496870218922	6.043	9.213	2.355

1496870218942	2.518	10.563	6.215

1496870218943	-1.503	9.739	6.32

1496870218951	-2.394	7.949	2.643

