1495904966109	3.4272583	0.196243	1.6622702

1495904966111	2.8393285	2.6135092	1.5455636

1495904966113	2.028777	3.0650146	1.2543299

1495904966119	1.6797229	2.2775114	1.0089262

1495904966129	1.8138822	1.2957634	0.8900879

1495904966143	2.242606	0.43631762	0.71329606

1495904966151	2.7192912	-0.061017852	0.35771382

1495904966160	2.9014122	-0.2475353	-0.11337597

1495904966169	2.645084	-0.30868638	-0.3097522

1495904966179	2.2022383	-0.264988	-0.070876636

1495904966189	1.8575807	-0.26605383	0.1438849

1495904966199	1.5630163	-0.3839595	0.3860911

1495904966209	1.2118305	-0.35225153	0.6893152

1495904966219	0.78310686	-0.14721556	1.0175859

1495904966229	0.40900612	0.115507595	1.1834532

1495904966239	0.12430056	0.23114842	1.2107648

1495904966249	-0.127498	0.016253663	1.1790568

1495904966259	-0.6434852	-0.88675725	0.7875033

1495904966269	-0.7973621	-1.3209432	0.41766587

1495904966279	-0.96642685	-1.4463096	0.0075939246

1495904966290	-1.1725286	-1.1496136	-0.37516654

1495904966299	-1.3535838	-0.61617374	-0.85731417

1495904966309	-1.4845457	-0.046895817	-1.3623768

1495904966319	-1.50413	0.3665068	-1.6568079

1495904966329	-1.4801493	0.54636294	-1.7659206

1495904966340	-1.4551026	0.5824674	-1.7997602

1495904966351	-1.3623768	0.6239009	-1.7244871

1495904966361	-1.2030376	0.63908875	-1.5325073

1495904966369	-1.0623502	0.63042897	-1.2499334

1495904966379	-0.8485212	0.48094857	-0.87370104

1495904966389	-0.5736744	0.23341326	-0.27378097

1495904966399	-0.22142287	-0.2933653	0.41553423

1495904966409	0.51811886	-0.8987477	1.0297096

1495904966419	1.4485744	-0.29669598	1.832534

1495904966429	2.2306156	1.7474021	2.5262456

1495904966439	1.8956834	4.1089797	2.279643

1495904966449	0.85398346	4.364242	1.0110579

1495904966459	0.7624567	1.1594725	-0.2977618

1495904966469	2.0985878	-1.1115108	-0.1787903

1495904966479	0.97948307	-2.5632827	0.93911535

1495904966489	0.17452705	-0.7176925	0.8485212

1495904966507	0.58899546	0.33040234	-0.04143352

1495904966527	0.56501466	-0.030508926	-0.47775114

1495904966528	0.27924326	-0.05009326	-0.79949373

1495904966529	-0.067545965	0.19197975	-1.5554223

1495904966539	-0.6500133	0.2410072	-2.2077005

1495904966549	-1.3361311	-0.43951505	-2.2470024

1495904966559	-1.9305888	-1.405942	-1.7593925

1495904966569	-2.4902744	-1.5478284	-1.3962164

1495904966579	-2.758593	-0.50932586	-1.1464162

1495904966589	-2.5600853	0.8943512	-0.7907008

1495904966599	-2.2960298	1.4626966	-0.699174

1495904966609	-2.1553423	1.4485744	-0.72861713

1495904966619	-2.1683986	1.2980282	-0.7176925

1495904966629	-2.304823	0.87370104	-0.74713564

1495904966639	-2.4596324	0.43192112	-0.78856915

1495904966650	-2.3811617	0.20610179	-0.8005596

1495904966660	-2.028777	0.10351719	-0.86384225

1495904966669	-1.5707434	-0.027178258	-0.972955

1495904966679	-1.1005862	-0.47988275	-1.0055956

1495904966689	-0.90207833	-0.7721822	-0.97188914

1495904966699	-0.96642685	-0.6522782	-0.8900879

1495904966709	-1.0841993	-0.27258193	-0.7765787

1495904966719	-1.0110579	-0.2017053	-0.653344

1495904966729	-0.7013056	-0.31188384	-0.5486278

1495904966740	-0.34359178	-0.33160138	-0.5856648

1495904966749	-0.07513989	-0.49080735	-0.68172127

1495904966759	0.09046096	-0.74167335	-0.74273914

1495904966769	0.1897149	-0.9685585	-0.71436185

1495904966779	0.24540368	-0.95656806	-0.57047695

1495904966789	0.29003465	-0.6544098	-0.31294963

1495904966799	0.40460965	-0.2136957	0.051159073

1495904966809	0.64028776	0.20397016	0.4886757

1495904966819	0.92499334	0.58899546	0.86823875

1495904966830	1.1638689	0.9075406	1.1048495

1495904966840	2.0167866	0.5638156	1.2030376

1495904966857	2.2960298	0.5638156	1.2696509

1495904966861	2.5054624	-0.40900612	1.5455636

1495904966879	2.4760191	-0.63589126	2.1029842

1495904966884	2.318945	-1.1321609	2.5600853

1495904966889	2.3822277	-0.68598455	2.7039702

1495904966899	2.4301891	1.9906741	2.2110312

1495904966909	1.8062884	3.72502	1.5401013

1495904966919	1.2107648	1.8815614	1.1081802

1495904966929	1.1660005	-0.026112443	0.83000267

1495904966940	1.5543565	-0.12216893	0.6424194

1495904966949	2.0779376	0.18531841	0.42965627

1495904966959	2.2741807	0.39261925	0.34678924

1495904966969	2.1302958	0.402478	0.40794033

1495904966979	1.9448441	-0.077404745	0.46243006

1495904966989	1.8270717	-0.6544098	0.54103386

1495904966999	1.6393552	-0.88236076	0.6510791

1495904967009	1.3678391	-1.0852652	0.7580602

1495904967019	0.9925393	-1.2881695	0.93365306

1495904967029	0.5812683	-1.0995203	1.078737

1495904967039	0.30202505	-0.8791633	1.0798029

1495904967049	0.080602184	-0.59992003	0.9816147

1495904967059	-0.07194245	-1.1779909	0.8322675

1495904967069	-0.15920597	-1.6906475	0.51478815

1495904967079	-0.31081802	-1.9852118	0.127498

1495904967089	-0.52358115	-1.8641087	-0.21809219

1495904967105	-0.8005596	-1.3394618	-0.55302423

1495904967112	-1.1037836	-0.68491876	-0.97508657

1495904967119	-1.3907541	-0.02504663	-1.3819611

1495904967129	-1.5598189	0.43192112	-1.6350919

1495904967139	-1.5750066	0.5802025	-1.8029577

1495904967149	-1.5303757	0.57593924	-1.9044764

1495904967160	-1.4713563	0.45803356	-1.9393818

1495904967169	-1.3907541	0.17772448	-1.9131361

1495904967179	-1.3186784	-0.13735679	-1.7419398

1495904967189	-1.1354916	-0.264988	-1.4168665

1495904967199	-0.78310686	-0.2868372	-0.9511058

1495904967209	-0.40460965	-0.42099655	-0.34785506

1495904967219	-0.0119904075	-0.5343725	0.34026113

1495904967229	0.86717296	-0.34678924	0.9532374

1495904967239	1.8433254	0.89661604	2.2982948

1495904967250	1.4332534	4.3533173	2.8381295

1495904967260	0.72422063	3.6476152	2.949507

1495904967271	-0.35771382	1.5827339	2.675593

1495904967279	-0.7176925	-0.35877964	2.2295496

1495904967289	-0.049027443	-0.41340262	1.1420197

1495904967299	1.0001333	-0.72861713	-0.070876636

1495904967309	0.78310686	-2.1248336	-0.99587

1495904967323	0.37729818	-2.3735678	-1.6284306

1495904967329	0.23887557	-1.840128	-2.0953903

1495904967339	0.043565147	-1.3819611	-2.522915

1495904967353	-0.71009856	-1.2227551	-2.4804156

1495904967359	-1.9360511	-1.922995	-1.5379696

1495904967369	-2.8545163	-2.317879	-0.66746604

1495904967379	-3.1686652	-1.0568879	-0.46789235

1495904967389	-2.8294697	0.70343727	-0.41340262

1495904967399	-2.3134825	1.2379429	-0.35664803

1495904967409	-2.0462296	0.9990674	-0.20397016

1495904967419	-2.051692	0.83986145	-0.15480949

1495904967429	-2.2230215	0.8474554	-0.3261391

1495904967439	-2.386624	0.69144684	-0.6783906

1495904967457	-2.5273116	0.37410071	-0.83439916

1495904967464	-2.3265388	0.4940048	-0.9826805

1495904967469	-1.840128	0.48747668	-1.0591527

1495904967479	-1.2740474	0.26711965	-1.0524913

1495904967489	-0.8234745	0.23341326	-1.0917932

1495904967499	-0.5398348	0.26179057	-1.0427657

1495904967509	-0.46789235	0.3261391	-0.8846256

1495904967519	-0.54103386	0.42752466	-0.7732481

1495904967529	-0.5486278	0.28030908	-0.6369571

1495904967539	-0.52784437	0.16027178	-0.4994671

1495904967550	-0.4940048	0.03810285	-0.4416467

1495904967565	-0.40900612	-0.17119637	-0.40900612

1495904967569	-0.30095923	-0.46349588	-0.40021315

1495904967579	-0.21915801	-0.7635225	-0.3665068

1495904967589	-0.16466826	-0.9467093	-0.27804422

1495904967599	-0.07300826	-0.964162	-0.15374367

1495904967609	0.07513989	-0.8518519	0.054489743

1495904967619	0.24966693	-0.62603253	0.3217426

1495904967629	0.41446844	-0.3784972	0.6041833

1495904967639	0.82560617	-0.20823342	1.0339729

1495904967649	1.1048495	-0.20823342	1.1223022

1495904967659	1.3852918	-0.24540368	1.0623502

1495904967669	1.9197975	-0.44830802	0.82680523

1495904967679	2.6625366	-0.69038105	0.5955236

1495904967689	3.2319477	-0.6718625	0.5965894

1495904967707	3.5570211	-0.92499334	0.79509723

1495904967726	3.2199574	-1.8216094	1.4027444

1495904967728	2.317879	-1.2521982	2.143352

1495904967729	1.6797229	1.7953637	1.9415134

1495904967739	1.2631228	3.739142	1.3623768

1495904967749	1.0754063	2.5807354	1.1735945

1495904967760	1.0438316	0.8148148	1.0198507

1495904967769	1.3165468	-0.17985612	0.6468159

1495904967779	1.8073541	-0.5584865	0.2704503

1495904967790	2.0506263	-0.42099655	-0.07847056

1495904967799	1.9175327	-0.14721556	-0.29229948

1495904967809	1.7015721	-0.2977618	-0.14721556

1495904967819	1.6252332	-0.5398348	0.043565147

1495904967829	1.4822809	-0.402478	0.16786571

1495904967839	1.2423395	-0.3839595	0.53770316

1495904967853	0.5518252	-0.4537703	0.7765787

1495904967860	0.22248867	-0.21049827	0.964162

1495904967869	0.043565147	-0.11990408	1.069944

1495904967880	-0.052358113	-0.32494006	1.1201705

1495904967889	-0.17119637	-0.7176925	1.0350386

1495904967899	-0.40567547	-1.0362377	0.7351452

1495904967909	-0.6282974	-1.306688	0.30748734

1495904967919	-0.80815345	-1.3426592	-0.16027178

1495904967929	-1.0242473	-0.9521716	-0.6314948

1495904967939	-1.2095656	-0.42752466	-1.0983213

1495904967949	-1.2641886	0.010791367	-1.4921396

1495904967960	-1.161604	0.27924326	-1.7255529

1495904967969	-1.0219824	0.40021315	-1.8161471

1495904967979	-0.8987477	0.52464694	-1.7899014

1495904967989	-0.88782305	0.67732483	-1.6525446

1495904968000	-0.9805489	0.63908875	-1.389555

1495904968009	-0.99587	0.37516654	-1.1103117

1495904968019	-0.8016254	0.08939515	-0.83546495

1495904968029	-0.4820144	-0.07513989	-0.45257127

1495904968039	-0.14068745	-0.1624034	0.12216893

1495904968049	1.8062884	-0.08286704	1.4496403

1495904968060	2.4716227	2.6549428	2.1564083

1495904968069	2.158673	4.0315747	2.5698109

1495904968079	1.3634425	3.2887025	2.3723688

1495904968089	0.3555822	1.7179589	1.7049028

1495904968100	-0.14828138	0.64575005	1.2042366

1495904968109	-0.018518519	0.5507594	0.46243006

1495904968119	0.48321342	0.54316545	-0.41113776

1495904968129	0.4416467	-0.63589126	-1.0656807

1495904968140	0.22568612	-1.1048495	-1.4822809

1495904968150	0.080602184	-0.90967226	-1.8674394

1495904968160	-0.37623236	-0.6009859	-2.2764456

1495904968170	-1.3470557	-0.6806555	-2.3168132

1495904968180	-2.456435	-1.4343193	-1.6262989

1495904968189	-2.9722888	-1.2707168	-0.7624567

1495904968199	-2.8086865	0.11337597	-0.5114575

1495904968209	-2.4192646	0.85398346	-0.6653344

1495904968219	-2.2709832	0.7809752	-0.6882494

1495904968229	-2.4072742	0.58899546	-0.4864109

1495904968239	-2.6625366	0.43405277	-0.39914736

1495904968249	-2.832667	0.68172127	-0.5301092

1495904968259	-2.6244338	0.9990674	-0.60751396

1495904968270	-2.293898	0.79949373	-0.72422063

1495904968279	-1.7833734	0.5082601	-0.8234745

1495904968289	-1.2793765	0.33373302	-0.9401812

1495904968320	-0.90421	0.2584599	-1.0230483

1495904968323	-0.6108447	0.20610179	-0.97508657

1495904968326	-0.45150545	0.2529976	-0.85837996

1495904968330	-0.40460965	0.21702638	-0.71982414

1495904968339	-0.5038636	0.10684785	-0.5736744

1495904968350	-0.7492673	-0.010791367	-0.5103917

1495904968361	-0.9063416	-0.19197975	-0.5257128

1495904968369	-0.7864375	-0.45803356	-0.5921929

1495904968379	-0.45803356	-0.76565415	-0.6522782

1495904968389	-0.115507595	-1.0078604	-0.6129763

1495904968399	0.1624034	-1.1452172	-0.492939

1495904968409	0.3730349	-1.1790568	-0.2748468

1495904968420	0.5071942	-1.1081802	0.010791367

1495904968429	0.5486278	-0.96522784	0.3282707

1495904968439	0.5452971	-0.77111644	0.89115375

1495904968455	0.93258727	-0.41340262	1.0514256

1495904968459	1.467093	-0.55622166	1.1910472

1495904968471	1.8902211	-0.9805489	1.2488676

1495904968479	2.2905676	-1.3034905	1.36664

1495904968489	2.6320276	-1.64162	1.6382893

1495904968499	2.7683187	-1.7037038	1.9404477

1495904968509	2.7934985	-0.21049827	2.2524648

1495904968519	2.4531043	2.4640288	2.2360778

1495904968529	1.777911	3.861311	1.6917133

1495904968539	1.4877431	3.0672796	1.1452172

1495904968549	1.777911	1.5062617	0.8551825

1495904968561	2.248068	0.4994671	0.6205702

1495904968569	2.630962	-0.016253663	0.23554489

1495904968579	2.750866	-0.31734613	-0.20823342

1495904968589	2.516387	-0.6598721	-0.5071942

1495904968600	2.1183054	-0.81148416	-0.33586463

1495904968609	1.8411937	-0.40567547	0.19197975

1495904968619	1.7669864	0.20063949	0.5584865

1495904968629	1.6710632	0.49080735	1.0209166

1495904968639	1.3306688	0.41660005	1.3241407

1495904968656	0.50492936	0.02824407	1.4092726

1495904968660	0.29003465	0.04023448	1.315481

1495904968669	0.16027178	-0.287903	1.1769252

1495904968679	0.08499867	-0.95989877	0.96522784

1495904968689	0.00532907	-1.6231015	0.6642686

1495904968699	-0.087263525	-1.9949374	0.2748468

1495904968709	-0.22248867	-1.9372503	-0.11337597

1495904968719	-0.41660005	-1.535838	-0.51372236

1495904968729	-0.6565414	-0.97948307	-0.9685585

1495904968739	-0.88782305	-0.47122303	-1.3405275

1495904968753	-1.0078604	-0.12536637	-1.5335732

1495904968760	-1.0263789	0.17119637	-1.6219025

1495904968785	-1.0688782	0.45150545	-1.6448175

1495904968790	-1.1572076	0.58899546	-1.6273648

1495904968793	-1.2696509	0.54756194	-1.5062617

1495904968803	-1.0917932	0.1842526	-0.9303224

1495904968819	-0.7231548	0.12869704	-0.4373834

1495904968829	-0.2759126	0.061017852	0.1897149

1495904968839	0.3839595	-0.051159073	1.4027444

1495904968849	2.0899282	2.2142286	2.1073809

1495904968859	1.4189981	4.114442	2.6179056

1495904968869	0.6598721	3.6289635	2.6396217

1495904968879	-0.10684785	1.929523	2.0560884

1495904968889	0.06434852	0.083932854	1.7037038

1495904968900	0.5955236	-0.81254995	1.0623502

1495904968909	1.1180389	-0.6140421	0.044630963

1495904968919	0.76671994	-1.3655742	-0.88129497

1495904968929	0.3839595	-1.832534	-1.4822809

1495904968939	0.28896883	-1.7026379	-1.840128

1495904968949	0.21915801	-1.5215827	-2.2043698

1495904968959	-0.30095923	-1.3994138	-2.3898215

1495904968969	-1.4387157	-1.9448441	-1.8946177

1495904968979	-2.5393019	-2.5502264	-1.0263789

1495904968990	-3.0071943	-1.4877431	-0.56501466

1495904969000	-2.7695177	0.53330666	-0.39368504

1495904969009	-2.4051425	1.3535838	-0.30868638

1495904969019	-2.339728	1.2227551	-0.30535573

1495904969046	-2.3832934	0.82240874	-0.38169464

1495904969048	-2.7487342	0.47988275	-0.40021315

1495904969051	-2.6091127	0.083932854	-0.44284573

1495904969060	-2.5371702	0.2071676	-0.5301092

1495904969069	-2.3735678	0.3511857	-0.6664002

1495904969080	-2.0550227	0.3032241	-0.8234745

1495904969089	-1.5892619	0.22248867	-1.0089262

1495904969099	-1.1191047	0.115507595	-1.115774

1495904969109	-0.83000267	0.032640554	-1.138689

1495904969119	-0.68598455	0.026112443	-1.0907274

1495904969129	-0.59445775	-0.004263256	-1.0362377

1495904969139	-0.5572875	-0.015187849	-1.0133227

1495904969149	-0.538769	-0.20063949	-0.92059684

1495904969161	-0.58792967	-0.29229948	-0.8333333

1495904969169	-0.6468159	-0.3032241	-0.8202771

1495904969179	-0.61617374	-0.40900612	-0.8104183

1495904969189	-0.4864109	-0.59992003	-0.767919

1495904969200	-0.34572342	-0.78856915	-0.66320276

1495904969209	-0.23887557	-0.8779643	-0.50932586

1495904969219	-0.118838266	-0.8791633	-0.33160138

1495904969229	0.033706367	-0.8038902	0.15161204

1495904969239	0.4351186	-0.68598455	0.42859045

1495904969255	0.59445775	-0.35771382	0.74820143

1495904969260	0.85944575	-0.47122303	1.1485479

1495904969269	0.9576339	-1.1660005	1.4179323

1495904969279	0.9303224	-2.1990407	1.6775912

1495904969289	1.0133227	-2.1618705	1.9774847

1495904969301	1.6699973	-1.36664	2.0800693

1495904969309	2.1171062	-0.42099655	2.0506263

1495904969319	2.0146549	0.89661604	2.0037303

1495904969330	1.6568079	1.7452705	1.5947242

1495904969339	1.4660271	1.5750066	0.92499334

1495904969349	1.6536105	0.9630962	0.6478817

1495904969360	2.074607	0.5921929	0.70343727

1495904969369	2.394218	0.45043966	0.68598455

1495904969379	2.522915	0.14068745	0.4994671

1495904969389	2.4596324	-0.53663737	0.2704503

1495904969399	2.2501998	-0.88129497	0.264988

1495904969409	2.1520116	-0.77551293	0.48534507

1495904969419	2.180389	-0.34678924	0.7046363

1495904969429	2.0899282	0.35438317	0.9008793

1495904969439	1.2805755	0.98814285	1.3655742

1495904969449	0.89115375	0.81801224	1.4910738

1495904969460	0.6577405	0.4765521	1.4583

1495904969470	0.38276047	0.21809219	1.3264055

1495904969479	0.11231015	0.08939515	1.1735945

1495904969489	0.0075939246	-0.10578204	1.0373034

1495904969500	0.009725553	-0.47442046	0.8474554

1495904969509	0.008659739	-0.7624567	0.5452971

1495904969519	-0.04143352	-0.8148148	0.2017053

1495904969541	-0.13415934	-0.70343727	-0.09698907

1495904969551	-0.27258193	-0.538769	-0.3347988

1495904969554	-0.46576074	-0.31188384	-0.5540901

1495904969560	-0.6478817	-0.09485745	-0.7765787

1495904969569	-0.7918998	-0.015187849	-1.0078604

1495904969579	-0.895417	-0.09698907	-1.2194245

1495904969589	-0.93698376	-0.23554489	-1.3710365

1495904969600	-0.9347189	-0.3206768	-1.435385

1495904969609	-0.9357847	-0.38502532	-1.4136691

1495904969619	-0.90207833	-0.48321342	-1.3264055

1495904969629	-0.7853717	-0.6598721	-1.161604

1495904969639	-0.2300826	-0.8834266	-0.31188384

1495904969649	0.60751396	-1.2282175	0.21596056

1495904969659	1.2751132	-0.6838529	0.83000267

1495904969669	1.5259792	0.93698376	1.488809

1495904969679	1.2227551	2.7356782	2.0135891

1495904969689	0.89115375	3.8503864	2.3145483

1495904969699	0.7635225	2.8250732	2.0899282

1495904969709	0.987077	-0.057687182	1.2128963

1495904969719	1.7463362	-1.9492406	1.1397549

1495904969729	1.3764988	-1.6961098	0.90421

1495904969739	0.96642685	-0.44830802	0.173328

1495904969750	0.1787903	0.84638953	-0.50492936

1495904969777	-0.3959499	1.6754596	-0.94897413

1495904969780	-0.6249667	2.0462296	-1.338396

1495904969784	-0.8791633	1.8979483	-1.982947

1495904969789	-1.2892352	1.3503864	-2.6581402

1495904969799	-1.8138822	0.1558753	-2.8021584

1495904969809	-2.3113508	-1.2685851	-2.1117773

1495904969819	-2.4379163	-1.315481	-1.3285372

1495904969829	-2.172795	0.1951772	-0.7492673

1495904969839	-2.2077005	1.1518785	-0.8474554

1495904969849	-2.1978416	1.1092459	-0.8322675

1495904969860	-2.1694643	0.94897413	-0.7252864

1495904969869	-2.2110312	0.69038105	-0.6369571

1495904969879	-2.2741807	0.43631762	-0.6794564

1495904969890	-2.2916334	0.09698907	-0.76671994

1495904969899	-2.233946	0.026112443	-0.84092724

1495904969909	-2.0047963	0.26711965	-0.93365306

1495904969919	-1.5979216	0.2998934	-0.98494536

1495904969929	-1.147482	0.21476153	-1.0471623

1495904969949	-0.69038105	0.033706367	-1.018785

1495904969951	-0.45696777	-0.06648015	-0.9576339

1495904969960	-0.4765521	-0.0119904075	-0.8605116

1495904969969	-0.6314948	0.12976286	-0.8005596

1495904969979	-0.7275513	0.14614974	-0.8093525

1495904969989	-0.59765524	-0.04796163	-0.7853717

1495904969999	-0.40460965	-0.13189448	-0.8190781

1495904970012	-0.2769784	-0.2136957	-0.8333333

1495904970019	-0.24966693	-0.3675726	-0.7580602

1495904970029	-0.30748734	-0.5507594	-0.61737275

1495904970039	-0.29229948	-0.74820143	-0.31734613

1495904970049	-0.20397016	-0.6598721	-0.08180123

1495904970060	-0.06648015	-0.47442046	0.2410072

1495904970069	0.115507595	-0.29549694	0.5824674

1495904970079	0.4308553	0.001065814	0.8518519

1495904970089	1.1681322	0.07194245	1.0023981

1495904970100	1.8335998	-0.56501466	1.1256329

1495904970126	1.8717027	-1.1529443	1.2553957

1495904970128	1.8411937	-1.4561684	1.5226486

1495904970130	2.2043698	-1.7735145	1.7921662

1495904970139	2.8152144	-1.6252332	1.915401

1495904970149	3.1654677	0.35011992	1.7932321

1495904970159	2.5349054	2.4661603	1.5369039

1495904970169	1.7005062	2.7411404	1.3394618

1495904970179	1.4431121	1.7768452	1.1235012

1495904970189	1.6241673	0.67292833	0.9685585

1495904970199	2.0233147	-0.13735679	0.6664002

1495904970209	2.4215295	-0.57593924	0.2868372

1495904970220	2.4291234	-1.2990941	-0.1438849

1495904970239	2.150946	-1.0253131	0.44391152

1495904970250	2.0550227	-0.76019186	0.6380229

1495904970260	1.8367972	-0.48534507	0.82560617

1495904970277	1.5423661	-0.20277111	0.92379427

1495904970279	1.0972556	-0.19197975	1.0373034

1495904970289	0.5627498	-0.15374367	1.1769252

1495904970299	0.20823342	-0.10245137	1.2587264

1495904970309	0.062083665	-0.20503597	1.2423395

1495904970319	-0.030508926	-0.5355715	1.0656807

1495904970329	-0.13522515	-0.99587	0.7765787

1495904970340	-0.26711965	-1.4616307	0.45696777

1495904970351	-0.41553423	-1.6721289	0.18318678

1495904970374	-0.6009859	-1.4910738	-0.070876636

1495904970377	-0.8190781	-1.0165201	-0.40900612

1495904970382	-0.9784173	-0.46576074	-0.77005064

1495904970389	-1.0242473	-0.035971224	-1.0209166

1495904970399	-1.0122569	0.2410072	-1.1212363

1495904970409	-1.0383693	0.4940048	-1.1561418

1495904970419	-1.1092459	0.6653344	-1.1725286

1495904970429	-1.1790568	0.64575005	-0.95004

1495904970439	-1.0417	0.19730882	-0.7624567

1495904970449	-0.7330136	-0.05662137	-0.5169198

1495904970459	-0.16786571	-0.31841195	-0.173328

1495904970469	0.90207833	-0.49626964	0.28030908

1495904970479	2.005862	0.33373302	0.8779643

1495904970490	2.112843	1.8804955	1.4921396

1495904970499	1.3394618	3.2941647	1.90008

1495904970509	0.45483613	3.0618172	1.922995

1495904970522	-0.04023448	1.3852918	1.5095923

1495904970529	-0.10471623	0.35438317	0.7875033

1495904970550	-0.13415934	0.03157474	0.3032241

1495904970551	0.09925393	0.41340262	-0.1613376

1495904970560	0.19078071	-0.21156408	-0.7296829

1495904970569	0.17226219	-1.1256329	-1.3089528

1495904970579	0.14828138	-1.3230748	-1.580469

1495904970589	0.08832934	-1.138689	-1.777911

1495904970599	-0.3162803	-0.6718625	-1.984146

1495904970612	-1.1071143	-0.6380229	-1.8477218

1495904970619	-1.9709566	-1.2336798	-1.2292832

1495904970629	-2.6189716	-1.1289635	-0.68718356

1495904970639	-2.904743	1.0253131	-0.5736744

1495904970649	-2.8828938	1.2019718	-0.35664803

1495904970659	-2.873035	1.2772449	-0.25406343

1495904970669	-2.826139	1.314282	-0.29443112

1495904970679	-2.7651212	1.1823875	-0.3282707

1495904970689	-2.7104983	0.88675725	-0.38276047

1495904970700	-2.568745	0.7395417	-0.58459896

1495904970709	-2.1520116	0.60751396	-0.8093525

1495904970719	-1.4976019	0.20943245	-0.90527576

1495904970729	-0.92499334	-0.069810815	-0.9773514

1495904970739	-0.54103386	-0.11231015	-0.99480414

1495904970749	-0.3141487	-0.07300826	-0.92819077

1495904970760	-0.24433786	-0.08939515	-0.84425795

1495904970769	-0.3206768	-0.12643218	-0.7744471

1495904970779	-0.52025044	-0.18651745	-0.7023714

1495904970790	-0.76565415	-0.26059154	-0.6413536

1495904970802	-0.88675725	-0.3162803	-0.6718625

1495904970809	-0.74820143	-0.41340262	-0.736211

1495904970819	-0.47335464	-0.5867306	-0.7208899

1495904970829	-0.22568612	-0.77551293	-0.4886757

1495904970839	0.083932854	-0.9740208	-0.2912337

1495904970849	0.2475353	-0.9031442	-0.058886223

1495904970859	0.38062882	-0.79509723	0.18758327

1495904970869	0.43631762	-0.7176925	0.42312816

1495904970879	0.48534507	-0.66746604	0.64575005

1495904970889	0.6085798	-0.5452971	0.8791633

1495904970899	1.0274447	-0.52464694	0.97188914

1495904970909	1.8433254	-0.7765787	0.8932854

1495904970919	2.5022647	-0.8377298	0.9586997

1495904970929	2.8904877	-0.6838529	1.0514256

1495904970940	3.322542	-1.2478018	1.3121502

1495904970968	2.8076205	-1.603384	2.7094324

1495904970973	2.1444178	1.5892619	2.5436983

1495904970979	1.428857	4.2082334	1.8914202

1495904970989	1.1289635	3.877698	1.5554223

1495904970999	1.3056222	1.8607781	1.4626966

1495904971009	1.7669864	0.17013057	1.2292832

1495904971019	2.304823	-0.71329606	0.7460698

1495904971029	2.7716494	-1.1464162	-0.6041833

1495904971039	2.6570745	-1.6273648	-0.71982414

1495904971049	2.1225686	-1.6601386	-0.25406343

1495904971060	1.8914202	-1.5095923	0.19078071

1495904971069	1.8390621	-1.1855849	0.40354383

1495904971079	1.6917133	-0.9456435	0.6031175

