1496064701153	0.71999997	12.84	5.7

1496064701161	0.48	12.84	5.64

1496064701171	0.48	12.84	5.52

1496064701181	0.35999998	12.84	5.04

1496064701191	0.06	12.84	5.04

1496064701201	0.06	12.96	5.1

1496064701211	-0.06	13.0199995	5.22

1496064701221	-0.17999999	13.08	5.22

1496064701231	-0.06	13.08	5.2799997

1496064701241	0.12	13.08	5.22

1496064701251	0.17999999	13.139999	5.3399997

1496064701261	0.17999999	13.08	5.4

1496064701272	0.42	13.259999	5.58

1496064701283	0.42	13.08	5.52

1496064701291	0.35999998	13.08	5.58

1496064701301	0.17999999	13.0199995	5.58

1496064701311	0.06	12.66	5.8199997

1496064701320	-0.12	12.66	5.94

1496064701332	-0.17999999	12.54	5.8199997

1496064701342	-0.17999999	12.78	5.7

1496064701351	-0.17999999	12.66	5.64

1496064701361	-0.24	12.66	5.64

1496064701371	-0.42	12.719999	5.52

1496064701381	-0.17999999	12.66	5.3399997

1496064701391	-0.24	12.96	5.22

1496064701401	-0.17999999	12.78	4.92

1496064701413	-0.17999999	12.66	4.74

1496064701423	-0.12	12.24	4.68

1496064701431	-0.06	12.059999	4.5

1496064701441	-0.06	11.88	4.44

1496064701451	0.12	11.82	4.5

1496064701461	0.06	11.94	4.62

1496064701471	0.06	12.179999	4.5

1496064701481	-0.06	12.48	4.74

1496064701491	-0.12	12.719999	5.1

1496064701501	-0.17999999	12.84	5.2799997

1496064701510	-0.24	13.0199995	5.4

1496064701520	-0.17999999	13.0199995	5.52

1496064701532	-0.35999998	13.0199995	5.4

1496064701542	-0.24	12.96	5.58

1496064701551	-0.24	12.54	5.64

1496064701560	-0.06	12.54	5.8199997

1496064701571	0.12	12.54	5.58

1496064701581	-0.06	12.66	5.7

1496064701591	-0.17999999	12.84	5.7

1496064701600	-0.48	13.08	5.58

1496064701611	-0.24	13.0199995	5.64

1496064701621	-0.53999996	13.0199995	5.64

1496064701631	-0.48	13.139999	5.64

1496064701641	-0.71999997	13.08	5.64

1496064701653	-0.84	13.0199995	5.64

1496064701662	-0.65999997	12.96	5.64

1496064701671	-0.65999997	12.719999	5.58

1496064701681	-0.35999998	12.66	5.8799996

1496064701691	-0.53999996	12.78	5.94

1496064701702	-0.35999998	12.719999	5.8799996

1496064701711	-0.42	12.66	6.0

1496064701721	-0.53999996	12.54	5.7

1496064701731	-0.48	12.42	5.8199997

1496064701741	-0.71999997	12.54	5.8199997

1496064701751	-0.53999996	12.66	5.94

1496064701761	-0.65999997	12.84	5.8199997

1496064701771	-0.65999997	12.54	5.58

1496064701781	-0.48	12.719999	5.4

1496064701792	-0.48	12.66	5.22

1496064701802	-0.35999998	12.66	5.22

1496064701811	-0.42	12.84	5.22

1496064701820	-0.24	12.78	5.22

1496064701831	-0.12	12.84	5.1

1496064701841	-0.24	12.719999	5.1

1496064701850	0.12	12.96	5.22

1496064701861	-0.17999999	12.78	5.2799997

1496064701871	-0.17999999	12.84	5.3399997

1496064701880	-0.06	13.08	5.58

1496064701890	0.06	13.139999	5.64

1496064701900	-0.12	13.139999	5.58

1496064701910	-0.24	13.139999	5.64

1496064701920	-0.12	13.139999	5.7

1496064701932	-0.53999996	13.08	5.8199997

1496064701942	-0.65999997	13.08	5.8799996

1496064701951	-0.48	13.08	5.94

1496064701961	-0.65999997	13.0199995	5.8799996

1496064701971	-0.65999997	12.719999	5.94

1496064701981	-0.48	12.48	6.0

1496064701992	-0.65999997	12.36	5.94

1496064702002	-0.48	12.42	5.8799996

1496064702011	-0.24	12.48	5.8199997

1496064702021	-0.06	12.66	5.8799996

1496064702031	-0.17999999	12.54	5.94

1496064702041	-0.12	12.42	6.0

1496064702051	-0.12	12.66	5.8799996

1496064702061	-0.12	12.84	5.8199997

1496064702071	-0.17999999	12.96	5.8199997

1496064702081	-0.53999996	12.96	5.7

1496064702092	-0.53999996	12.719999	5.7

1496064702102	-0.53999996	12.66	5.64

1496064702111	-0.71999997	12.66	5.3399997

1496064702120	-0.78	12.719999	5.2799997

1496064702131	-0.84	12.719999	5.2799997

1496064702141	-0.84	12.719999	5.2799997

1496064702153	-0.65999997	12.719999	5.3399997

1496064702161	-0.42	12.66	5.4

1496064702171	-0.53999996	13.0199995	5.2799997

1496064702181	-0.48	13.0199995	5.2799997

1496064702191	-0.48	13.08	5.52

1496064702201	-0.42	13.08	5.8199997

1496064702211	-0.53999996	13.08	5.8199997

1496064702221	-0.71999997	13.139999	5.8799996

1496064702232	-0.84	13.139999	5.94

1496064702242	-0.84	13.259999	6.0

1496064702251	-0.84	13.139999	6.18

1496064702261	-0.78	13.259999	6.12

1496064702271	-0.78	13.32	6.18

1496064702281	-0.78	13.32	5.8799996

1496064702291	-0.65999997	13.38	5.8799996

1496064702301	-0.71999997	13.08	5.8199997

1496064702311	-0.53999996	13.139999	5.7

1496064702321	-0.78	13.139999	5.58

1496064702331	-0.84	13.0199995	5.52

1496064702340	-1.14	13.0199995	5.4

1496064702351	-1.02	12.84	5.58

1496064702361	-1.26	12.78	5.58

1496064702373	-1.26	12.719999	5.64

1496064702383	-0.84	12.84	5.58

1496064702391	-0.84	12.78	5.58

1496064702401	-0.84	12.719999	5.7

1496064702411	-0.65999997	12.719999	5.8199997

1496064702421	-0.48	12.719999	5.8199997

1496064702434	-0.65999997	12.719999	5.52

1496064702442	-0.42	12.78	5.52

1496064702452	-0.53999996	12.78	5.52

1496064702462	-0.84	12.84	5.64

1496064702472	-0.65999997	12.78	5.94

1496064702482	-0.65999997	12.84	5.8799996

1496064702492	-0.78	13.0199995	5.8799996

1496064702502	-0.78	12.719999	5.8799996

1496064702511	-0.53999996	12.78	5.8199997

1496064702522	-0.65999997	12.719999	5.94

1496064702534	-0.48	12.78	5.94

1496064702542	-0.17999999	12.719999	5.8799996

1496064702551	-0.24	12.96	5.58

1496064702562	-0.06	12.66	5.64

1496064702571	0.42	12.66	5.64

1496064702581	0.65999997	12.96	5.8799996

1496064702591	0.65999997	13.0199995	6.12

1496064702601	0.71999997	13.0199995	5.94

1496064702611	0.78	12.719999	6.0

1496064702621	0.78	12.84	6.18

1496064702631	0.65999997	12.719999	6.18

1496064702641	0.71999997	13.0199995	6.0

1496064702652	0.42	12.66	5.94

1496064702662	0.06	12.36	5.64

1496064702671	-0.06	12.24	5.52

1496064702681	-0.12	12.36	5.52

1496064702691	-0.17999999	12.54	5.3399997

1496064702701	-0.24	12.48	5.3399997

1496064702711	-0.48	12.42	5.22

1496064702721	-0.42	12.36	5.22

1496064702731	-0.35999998	12.54	5.22

1496064702741	-0.17999999	12.84	5.2799997

1496064702752	-0.42	12.78	5.3399997

1496064702762	-0.42	12.719999	5.1

1496064702771	-0.35999998	12.78	5.04

1496064702781	-0.42	12.84	4.7999997

1496064702791	-0.35999998	12.84	5.04

1496064702800	-0.42	12.96	4.98

1496064702812	-0.65999997	13.139999	4.98

1496064702822	-0.78	13.139999	4.98

1496064702831	-0.53999996	13.259999	4.92

1496064702841	-0.48	13.259999	5.1

1496064702851	-0.71999997	12.96	5.2799997

1496064702861	-0.84	12.66	5.4

1496064702871	-0.84	12.48	5.4

1496064702881	-1.0799999	12.179999	5.64

1496064702953	-0.96	11.82	5.8199997

1496064702961	-0.96	11.639999	5.8799996

1496064702965	-1.0799999	11.58	5.94

1496064702965	-1.3199999	11.58	5.94

1496064702966	-1.0799999	11.759999	5.8799996

1496064702966	-0.96	11.88	5.8199997

1496064702967	-0.96	12.12	5.8799996

1496064702967	-0.71999997	12.36	5.8199997

1496064702971	-0.84	12.54	5.8199997

1496064702981	-0.84	12.54	5.8199997

1496064702990	-0.65999997	12.78	5.64

1496064703001	-0.65999997	12.66	5.64

1496064703011	-0.71999997	12.78	5.64

1496064703021	-0.65999997	12.66	5.58

1496064703032	-0.42	12.66	5.4

1496064703042	-0.42	12.54	5.4

1496064703051	-0.17999999	12.66	5.3399997

1496064703060	0.06	12.719999	5.3399997

1496064703071	-0.17999999	12.48	5.3399997

1496064703081	0.06	12.719999	5.4

1496064703093	0.12	12.54	5.3399997

1496064703103	-0.17999999	12.719999	5.58

1496064703112	-0.24	12.48	5.4

1496064703123	-0.35999998	12.54	5.4

1496064703131	-0.35999998	12.42	5.52

1496064703142	-0.42	12.42	5.52

1496064703151	-0.24	12.48	5.58

1496064703161	-0.35999998	12.48	5.52

1496064703171	-0.42	12.66	5.58

1496064703181	-0.12	12.48	5.4

1496064703191	-0.06	12.66	5.58

1496064703202	-0.06	12.719999	5.52

1496064703212	-0.12	12.54	5.4

1496064703223	-0.24	12.54	5.52

1496064703231	-0.42	12.48	5.52

1496064703241	-0.35999998	12.24	5.58

1496064703251	-0.17999999	12.179999	5.64

1496064703261	-0.17999999	12.36	5.7

1496064703273	-0.24	12.36	5.7

1496064703283	-0.06	12.36	5.8799996

1496064703291	-0.17999999	12.36	5.7

1496064703301	0.12	12.42	5.52

1496064703311	0.35999998	12.42	5.58

1496064703321	0.24	12.66	5.3399997

1496064703331	0.24	12.719999	5.3399997

1496064703341	0.17999999	12.96	5.2799997

1496064703351	0.24	12.96	5.22

1496064703361	0.17999999	12.96	4.98

1496064703373	0.53999996	13.259999	5.22

1496064703383	0.42	13.259999	5.4

1496064703391	0.12	13.38	5.4

1496064703401	0.17999999	13.32	5.7

1496064703411	0.17999999	13.32	5.8199997

1496064703421	0.24	12.96	5.94

1496064703433	0.06	13.0199995	6.12

1496064703442	-0.24	12.84	6.2999997

1496064703451	-0.65999997	12.719999	6.18

1496064703461	-0.53999996	12.719999	5.8799996

1496064703471	-0.48	12.719999	5.8799996

1496064703481	-0.53999996	12.78	5.58

1496064703491	-0.71999997	12.66	5.4

1496064703501	-0.96	12.96	5.04

1496064703511	-0.78	13.0199995	4.92

1496064703521	-0.53999996	13.0199995	4.98

1496064703532	-0.65999997	13.0199995	5.04

1496064703541	-0.71999997	12.84	5.2799997

1496064703551	-0.48	12.719999	5.3399997

1496064703561	-0.65999997	12.48	5.52

1496064703584	-0.65999997	12.54	5.64

1496064703585	-0.42	12.48	5.8799996

1496064703591	-0.35999998	12.42	5.94

1496064703601	-0.35999998	12.48	5.8199997

1496064703611	-0.06	12.54	5.8199997

1496064703621	-0.17999999	12.719999	5.8799996

1496064703631	-0.42	12.719999	5.8199997

1496064703641	-0.24	12.96	5.8199997

1496064703652	-0.17999999	12.84	5.7

1496064703661	-0.17999999	12.66	5.7

1496064703671	-0.24	12.66	5.64

1496064703681	-0.53999996	12.66	5.8199997

1496064703691	-0.53999996	12.42	5.7

1496064703701	-0.65999997	12.36	5.8199997

1496064703711	-0.48	12.36	5.7

1496064703721	-0.42	12.36	5.64

1496064703732	-0.48	12.42	5.64

1496064703741	-0.48	12.66	5.58

1496064703751	-0.48	12.42	5.58

1496064703761	-0.12	12.42	5.52

1496064703771	-0.17999999	12.719999	5.58

1496064703781	0.06	12.719999	5.22

1496064703791	-0.12	12.78	5.22

1496064703801	-0.12	12.78	5.2799997

1496064703811	-0.12	12.84	5.3399997

1496064703821	-0.42	12.78	5.2799997

1496064703831	-0.53999996	13.0199995	5.4

1496064703841	-0.48	13.0199995	5.4

1496064703852	-0.42	12.84	5.52

1496064703862	-0.42	12.96	5.8199997

1496064703871	-0.12	12.84	5.64

1496064703881	-0.17999999	13.0199995	5.64

1496064703891	-0.06	12.84	5.2799997

1496064703900	0.17999999	12.84	5.3399997

1496064703912	0.53999996	12.84	5.2799997

1496064703922	0.42	13.139999	5.22

1496064703931	0.42	13.0199995	4.98

1496064703941	0.48	12.719999	4.7999997

1496064703951	0.17999999	12.96	5.1

1496064703960	0.17999999	12.54	5.1

1496064703972	0.06	12.66	5.3399997

1496064703982	-0.12	12.66	5.52

1496064703991	-0.24	12.42	5.3399997

1496064704000	-0.17999999	12.12	5.3399997

1496064704011	-0.17999999	12.24	5.64

1496064704021	-0.17999999	12.24	5.8199997

1496064704032	0.12	12.24	5.64

1496064704042	-0.06	12.48	5.58

1496064704051	0.12	12.42	5.4

1496064704061	0.24	12.54	5.2799997

1496064704071	0.24	12.719999	5.2799997

1496064704080	0.17999999	12.48	5.3399997

1496064704092	-0.06	12.96	5.22

1496064704102	-0.12	13.139999	5.1

1496064704111	-0.17999999	12.96	5.1

1496064704121	0.12	12.96	5.2799997

1496064704131	0.06	13.0199995	5.52

1496064704140	0.06	12.84	5.7

1496064704152	-0.06	12.84	5.94

1496064704162	0.12	13.08	5.64

1496064704171	0.24	12.719999	5.7

1496064704181	0.12	12.719999	5.7

1496064704191	0.12	12.78	5.8799996

1496064704200	0.06	12.84	5.94

1496064704212	-0.06	12.66	5.8199997

1496064704222	0.06	12.719999	5.7

1496064704231	0.06	12.719999	5.7

1496064704240	-0.17999999	12.66	6.12

1496064704251	-0.06	12.54	6.0

1496064704261	0.24	12.36	6.0

1496064704272	0.17999999	12.12	5.8799996

1496064704281	0.12	12.059999	5.8199997

1496064704290	-0.06	12.24	5.94

1496064704300	-0.24	12.36	5.64

1496064704310	-0.42	12.48	5.3399997

1496064704321	-0.53999996	12.66	4.98

1496064704332	-0.65999997	12.719999	4.98

1496064704341	-0.71999997	12.96	4.98

1496064704351	-0.71999997	13.08	4.98

1496064704361	-0.71999997	13.0199995	4.92

1496064704371	-0.71999997	13.0199995	4.7999997

1496064704381	-0.53999996	12.96	5.1

1496064704391	-0.42	12.84	5.3399997

1496064704401	-0.24	12.719999	5.52

1496064704412	-0.35999998	12.66	5.64

1496064704422	-0.42	12.66	5.58

1496064704431	-0.42	12.66	5.58

1496064704441	-0.42	12.66	5.8799996

1496064704451	-0.48	12.42	6.0

1496064704460	-0.42	12.42	5.94

1496064704472	-0.42	12.42	5.94

1496064704482	-0.42	12.54	6.0

1496064704491	-0.42	12.66	5.8199997

1496064704501	-0.35999998	12.54	5.8799996

1496064704511	-0.35999998	12.66	5.8199997

1496064704521	-0.35999998	12.66	5.52

1496064704531	-0.12	12.66	5.3399997

1496064704541	-0.17999999	12.66	5.64

1496064704551	-0.12	12.66	5.58

1496064704561	-0.35999998	12.54	5.64

1496064704584	-0.48	12.54	5.7

1496064704585	-0.71999997	12.42	5.8799996

1496064704591	-0.84	12.42	6.24

1496064704601	-0.78	12.42	6.18

1496064704611	-0.78	12.66	6.2999997

1496064704621	-0.78	12.66	5.94

1496064704631	-0.78	12.66	5.94

1496064704641	-0.48	12.719999	6.18

1496064704651	-0.35999998	12.719999	6.18

1496064704661	-0.17999999	13.0199995	6.18

1496064704672	-0.06	13.0199995	6.0

1496064704682	-0.12	12.84	6.18

1496064704691	-0.12	12.84	6.12

1496064704701	-0.06	12.96	6.2999997

1496064704711	-0.06	13.0199995	6.42

1496064704721	-0.06	13.0199995	6.18

1496064704731	0.12	12.96	6.18

1496064704741	0.17999999	12.66	6.12

1496064704751	0.24	12.66	5.8799996

1496064704761	0.24	12.66	5.7

1496064704771	0.24	12.719999	5.8199997

1496064704780	0.17999999	12.719999	5.64

1496064704791	-0.06	12.719999	5.64

1496064704800	-0.12	12.719999	5.52

1496064704812	-0.24	12.78	5.4

1496064704821	-0.48	13.08	5.4

1496064704831	-0.48	12.84	5.58

1496064704841	-0.42	13.0199995	5.58

1496064704851	-0.42	12.719999	5.3399997

1496064704861	-0.53999996	12.54	5.4

1496064704871	-0.65999997	12.42	5.52

1496064704881	-0.42	12.24	5.58

1496064704892	-0.53999996	12.36	5.94

1496064704901	-0.53999996	12.54	5.94

1496064704911	-0.53999996	12.54	5.8199997

1496064704921	-0.53999996	12.54	5.8199997

1496064704931	-0.71999997	12.78	5.8799996

1496064704941	-0.48	12.96	5.8199997

1496064704951	-0.42	13.08	5.7

1496064704961	-0.65999997	13.08	5.8199997

1496064704971	-0.42	12.78	5.52

1496064704981	-0.12	12.54	5.52

1496064704992	-0.06	12.84	5.2799997

1496064705002	-0.35999998	13.0199995	5.3399997

1496064705011	0.06	13.0199995	5.52

1496064705020	-0.17999999	13.0199995	5.52

1496064705031	-0.17999999	13.0199995	5.52

1496064705041	-0.35999998	13.139999	5.4

1496064705052	-0.42	13.32	5.58

1496064705062	-0.53999996	13.139999	5.64

1496064705071	-0.71999997	13.0199995	6.12

1496064705081	-0.35999998	13.0199995	5.94

1496064705091	-0.48	12.78	5.8799996

1496064705100	-0.24	12.66	5.94

1496064705112	-0.35999998	12.48	5.8799996

1496064705123	-0.17999999	12.36	5.94

1496064705131	-0.06	12.42	5.8199997

1496064705141	0.06	12.42	5.64

1496064705151	-0.12	12.54	5.52

1496064705161	-0.17999999	12.48	5.64

1496064705171	-0.17999999	12.48	5.58

1496064705181	-0.24	12.54	5.4

1496064705191	-0.17999999	12.719999	5.52

1496064705201	-0.12	12.78	5.4

1496064705212	-0.42	12.54	5.52

1496064705222	-0.65999997	12.719999	5.58

1496064705231	-0.42	12.78	5.58

1496064705241	-0.48	12.54	5.58

1496064705251	-0.48	12.96	5.64

1496064705261	-0.48	13.0199995	5.8199997

1496064705271	-0.48	12.84	5.58

1496064705281	-0.53999996	12.78	5.7

1496064705292	-0.53999996	12.96	5.7

1496064705303	-0.42	12.84	5.64

1496064705311	-0.65999997	12.719999	5.64

1496064705321	-0.65999997	12.96	5.7

1496064705331	-0.65999997	12.54	5.8199997

1496064705341	-0.78	12.42	5.8199997

1496064705353	-0.78	12.48	6.12

1496064705364	-0.78	12.66	5.94

1496064705371	-0.78	12.66	5.94

1496064705381	-1.02	12.66	5.8199997

1496064705391	-0.78	12.54	5.8199997

1496064705401	-0.78	12.84	5.58

1496064705413	-0.65999997	13.0199995	5.4

1496064705423	-0.65999997	13.139999	5.64

1496064705431	-0.48	13.139999	5.52

1496064705441	-0.42	13.0199995	5.52

1496064705451	-0.12	12.84	5.3399997

1496064705461	0.12	12.96	5.4

1496064705474	0.17999999	12.96	5.58

1496064705483	0.24	12.54	5.8799996

1496064705492	-0.12	12.719999	5.8799996

1496064705501	-0.17999999	12.54	5.64

1496064705512	-0.17999999	12.48	5.8199997

1496064705522	-0.42	12.54	5.94

1496064705532	-0.71999997	12.54	6.12

1496064705541	-0.84	12.42	6.18

1496064705551	-0.84	12.24	6.12

1496064705561	-0.84	12.12	6.12

1496064705571	-0.48	12.12	5.94

1496064705581	-0.12	12.179999	5.94

1496064705591	0.06	12.059999	5.8799996

1496064705601	0.06	12.059999	5.8199997

1496064705611	0.17999999	12.179999	5.8799996

1496064705621	0.17999999	12.179999	5.94

1496064705631	-0.17999999	12.36	6.0

1496064705641	-0.42	12.66	5.8199997

1496064705651	-0.84	12.54	6.0

1496064705661	-1.14	12.36	6.0

1496064705670	-1.3199999	12.54	6.12

1496064705681	-1.3199999	12.48	6.0

1496064705691	-1.56	12.36	6.0

1496064705700	-1.38	12.42	5.94

1496064705711	-1.14	12.78	6.12

1496064705721	-1.14	12.66	6.24

1496064705732	-1.0799999	12.42	6.2999997

1496064705741	-1.0799999	12.66	6.42

1496064705751	-1.02	12.42	6.48

1496064705761	-1.0799999	12.42	6.42

1496064705770	-1.0799999	12.54	6.18

1496064705781	-1.3199999	12.36	6.2999997

1496064705791	-1.3199999	12.059999	6.12

1496064705801	-1.14	12.12	6.12

1496064705812	-1.02	12.12	6.0

1496064705824	-0.84	12.179999	5.8799996

1496064705831	-0.96	12.48	5.7

1496064705841	-0.84	12.48	5.8199997

1496064705851	-0.78	12.54	5.7

1496064705861	-0.48	12.78	5.64

1496064705873	-0.65999997	12.96	5.52

1496064705883	-0.65999997	12.96	5.7

1496064705892	-0.65999997	13.08	5.58

1496064705902	-0.65999997	12.96	5.4

1496064705912	-0.53999996	13.139999	5.2799997

1496064705921	-0.35999998	13.259999	5.3399997

1496064705932	-0.12	13.139999	5.58

1496064705941	-0.12	12.96	5.58

1496064705952	-0.17999999	12.719999	5.7

1496064705961	-0.06	12.719999	5.4

1496064705974	-0.06	12.78	5.58

1496064705982	0.17999999	12.66	6.0

1496064705991	0.12	12.36	6.18

1496064706001	0.12	12.24	6.24

1496064706011	0.12	12.42	6.18

1496064706021	0.06	12.54	6.18

1496064706033	0.24	12.78	6.0

1496064706043	0.24	12.84	6.18

1496064706052	0.42	12.78	6.12

1496064706062	0.17999999	12.96	5.94

1496064706072	0.17999999	12.84	6.12

1496064706081	0.24	12.84	6.0

1496064706091	0.35999998	12.96	6.18

1496064706101	0.42	12.78	6.0

1496064706112	0.48	12.54	6.12

1496064706121	0.53999996	12.54	5.8799996

1496064706134	0.53999996	12.719999	5.7

1496064706142	0.71999997	12.84	5.64

