1495418421537	0.010791367	-0.003197442	0.017452704

1495418421549	0.010791367	0.004263256	0.021715961

1495418421560	0.004263256	-0.00532907	0.021715961

1495418421568	0.008659739	-0.0075939246	0.015187849

1495418421580	0.008659739	0.0	0.020650147

1495418421588	0.010791367	0.0	0.019584332

1495418421598	0.010791367	-0.001065814	0.018518519

1495418421611	0.009725553	-0.00532907	0.016253663

1495418421618	0.0065281107	-0.00532907	0.020650147

1495418421648	0.0119904075	-0.002131628	0.021715961

1495418421651	0.009725553	-0.00532907	0.016253663

1495418421658	0.0065281107	-0.002131628	0.018518519

1495418421668	0.0075939246	-0.001065814	0.014122035

1495418421678	0.00532907	-0.003197442	0.016253663

1495418421690	0.013056221	-0.00532907	0.010791367

1495418421699	0.0065281107	-0.004263256	0.015187849

1495418421710	0.004263256	0.002131628	0.017452704

1495418421719	0.0065281107	-0.00532907	0.009725553

1495418421729	0.010791367	-0.0075939246	0.013056221

1495418421741	0.008659739	-0.002131628	0.015187849

1495418421748	0.008659739	-0.003197442	0.015187849

1495418421758	0.008659739	-0.001065814	0.013056221

1495418421768	0.0075939246	-0.002131628	0.015187849

1495418421779	0.010791367	-0.001065814	0.013056221

1495418421788	0.009725553	-0.003197442	0.016253663

1495418421798	0.0119904075	-0.003197442	0.016253663

1495418421808	0.010791367	-0.00532907	0.019584332

1495418421822	0.013056221	-0.002131628	0.010791367

1495418421830	0.008659739	-0.004263256	0.019584332

1495418421838	0.014122035	0.0	0.019584332

1495418421848	0.0065281107	-0.00532907	0.014122035

1495418421860	0.00532907	-0.0075939246	0.022781774

1495418421868	0.0065281107	0.0	0.021715961

1495418421879	0.013056221	-0.001065814	0.0119904075

1495418421888	0.009725553	-0.004263256	0.015187849

1495418421898	0.0075939246	-0.004263256	0.017452704

1495418421909	0.0075939246	-0.003197442	0.016253663

1495418421918	0.009725553	0.0	0.008659739

1495418421933	0.008659739	-0.0065281107	0.010791367

1495418421938	0.0119904075	-0.003197442	0.017452704

1495418421949	0.0075939246	-0.00532907	0.019584332

1495418421958	0.008659739	-0.002131628	0.015187849

1495418421968	0.0065281107	-0.004263256	0.013056221

1495418421978	0.0065281107	-0.008659739	0.017452704

1495418421988	0.008659739	-0.00532907	0.017452704

1495418421998	0.0075939246	-0.004263256	0.013056221

1495418422008	0.0075939246	-0.004263256	0.016253663

1495418422018	0.0075939246	-0.002131628	0.016253663

1495418422032	0.009725553	0.002131628	0.021715961

1495418422058	0.008659739	0.001065814	0.016253663

1495418422059	0.0119904075	-0.001065814	0.021715961

1495418422068	0.009725553	-0.003197442	0.019584332

1495418422078	0.009725553	-0.004263256	0.017452704

1495418422088	0.0119904075	-0.002131628	0.023980815

1495418422098	0.008659739	-0.0065281107	0.018518519

1495418422108	0.009725553	0.0	0.017452704

1495418422118	0.0075939246	-0.001065814	0.018518519

1495418422128	0.0075939246	-0.004263256	0.019584332

1495418422140	0.010791367	-0.001065814	0.020650147

1495418422148	0.0065281107	0.002131628	0.020650147

1495418422158	0.0065281107	-0.0065281107	0.023980815

1495418422168	0.009725553	-0.004263256	0.023980815

1495418422178	0.008659739	0.001065814	0.019584332

1495418422188	0.010791367	0.001065814	0.013056221

1495418422198	0.0119904075	0.002131628	0.014122035

1495418422209	0.009725553	0.003197442	0.019584332

1495418422218	0.0075939246	-0.003197442	0.018518519

1495418422238	0.009725553	-0.00532907	0.0119904075

1495418422248	0.010791367	0.0	0.014122035

1495418422258	0.009725553	0.0	0.014122035

1495418422268	0.010791367	-0.003197442	0.013056221

1495418422278	0.0119904075	-0.001065814	0.0065281107

1495418422288	0.008659739	-0.002131628	0.013056221

1495418422298	0.009725553	-0.004263256	0.014122035

1495418422308	0.0065281107	-0.0065281107	0.019584332

1495418422318	0.008659739	-0.003197442	0.0119904075

1495418422329	0.009725553	0.004263256	0.018518519

1495418422338	0.008659739	0.001065814	0.017452704

1495418422348	0.0075939246	-0.004263256	0.014122035

1495418422359	0.009725553	-0.002131628	0.017452704

1495418422368	0.0065281107	-0.001065814	0.016253663

1495418422383	0.010791367	-0.004263256	0.016253663

1495418422389	0.0119904075	-0.002131628	0.015187849

1495418422399	0.009725553	0.004263256	0.009725553

1495418422409	0.0075939246	0.001065814	0.014122035

1495418422420	0.00532907	0.0	0.017452704

1495418422430	0.008659739	0.001065814	0.018518519

1495418422438	0.0065281107	-0.003197442	0.023980815

1495418422448	0.00532907	-0.001065814	0.020650147

1495418422458	0.0065281107	-0.001065814	0.015187849

1495418422468	0.010791367	0.0	0.009725553

1495418422479	0.010791367	-0.001065814	0.0119904075

1495418422489	0.008659739	-0.001065814	0.016253663

1495418422498	0.010791367	-0.001065814	0.020650147

1495418422509	0.010791367	-0.002131628	0.017452704

1495418422518	0.010791367	-0.0075939246	0.017452704

1495418422532	0.009725553	-0.0075939246	0.019584332

1495418422538	0.010791367	-0.00532907	0.013056221

1495418422548	0.010791367	-0.00532907	0.015187849

1495418422558	0.00532907	-0.004263256	0.016253663

1495418422568	0.0065281107	-0.00532907	0.017452704

1495418422578	0.014122035	0.0	0.013056221

1495418422588	0.0119904075	-0.003197442	0.013056221

1495418422598	0.008659739	-0.0065281107	0.016253663

1495418422608	0.008659739	-0.001065814	0.0119904075

1495418422618	0.009725553	0.0	0.016253663

1495418422632	0.008659739	0.002131628	0.023980815

1495418422649	0.010791367	0.001065814	0.015187849

1495418422659	0.008659739	-0.003197442	0.014122035

1495418422668	0.010791367	-0.002131628	0.017452704

1495418422679	0.0119904075	-0.00532907	0.018518519

1495418422688	0.008659739	-0.00532907	0.023980815

1495418422698	0.004263256	0.0	0.015187849

1495418422708	0.0075939246	-0.00532907	0.015187849

1495418422719	0.00532907	-0.0065281107	0.016253663

1495418422731	0.009725553	-0.004263256	0.018518519

1495418422738	0.008659739	-0.003197442	0.016253663

1495418422748	0.00532907	-0.0065281107	0.023980815

1495418422758	0.0075939246	-0.00532907	0.017452704

1495418422768	0.008659739	-0.002131628	0.014122035

1495418422779	0.0065281107	-0.003197442	0.015187849

1495418422788	0.004263256	-0.003197442	0.018518519

1495418422798	0.009725553	-0.001065814	0.016253663

1495418422809	0.00532907	-0.002131628	0.016253663

1495418422818	0.004263256	-0.001065814	0.017452704

1495418422832	0.009725553	0.00532907	0.017452704

1495418422848	0.010791367	-0.004263256	0.014122035

1495418422859	0.013056221	-0.00532907	0.014122035

1495418422875	0.009725553	0.002131628	0.019584332

1495418422881	0.009725553	-0.004263256	0.016253663

1495418422888	0.00532907	0.2748468	0.019584332

1495418422898	0.0075939246	0.002131628	0.016253663

1495418422908	0.008659739	-0.00532907	0.015187849

1495418422918	0.0075939246	-0.001065814	0.016253663

1495418422929	0.00532907	-0.0065281107	0.014122035

1495418422938	0.010791367	-0.0075939246	0.021715961

1495418422948	0.0075939246	-0.00532907	0.014122035

1495418422959	0.0065281107	-0.001065814	0.013056221

1495418422968	0.010791367	0.0	0.018518519

1495418422987	0.010791367	0.0	0.013056221

1495418422989	0.00532907	-0.002131628	0.010791367

1495418422998	0.008659739	0.0065281107	0.015187849

1495418423008	0.009725553	-0.003197442	0.017452704

1495418423018	0.0075939246	-0.00532907	0.0119904075

1495418423029	0.004263256	-0.0065281107	0.010791367

1495418423038	0.0119904075	-0.001065814	0.015187849

1495418423049	0.0065281107	-0.003197442	0.0119904075

1495418423058	0.009725553	-0.002131628	0.015187849

1495418423069	0.008659739	-0.009725553	0.015187849

1495418423080	0.004263256	-0.002131628	0.016253663

1495418423088	0.008659739	-0.002131628	0.016253663

1495418423098	0.0065281107	-0.00532907	0.015187849

1495418423108	0.0075939246	-0.004263256	0.015187849

1495418423118	0.0065281107	-0.00532907	0.016253663

1495418423131	0.010791367	-0.004263256	0.008659739

1495418423139	0.0075939246	0.002131628	0.015187849

1495418423149	0.010791367	0.0	0.020650147

1495418423158	0.010791367	0.0	0.014122035

1495418423168	0.008659739	-0.00532907	0.016253663

1495418423180	0.008659739	-0.002131628	0.017452704

1495418423188	0.009725553	0.001065814	0.017452704

1495418423198	0.013056221	0.002131628	0.015187849

1495418423208	0.0075939246	-0.0065281107	0.016253663

1495418423218	0.0065281107	-0.008659739	0.018518519

1495418423231	0.010791367	-0.008659739	0.020650147

1495418423240	0.010791367	-0.004263256	0.018518519

1495418423249	0.0075939246	0.002131628	0.021715961

1495418423260	0.014122035	-0.003197442	0.013056221

1495418423268	0.013056221	0.0	0.014122035

1495418423279	0.010791367	-0.003197442	0.019584332

1495418423288	0.009725553	-0.0075939246	0.016253663

1495418423298	0.008659739	-0.0065281107	0.015187849

1495418423308	0.009725553	-0.0075939246	0.015187849

1495418423318	0.001065814	-0.00532907	0.017452704

1495418423331	0.0075939246	-0.0075939246	0.017452704

1495418423339	0.008659739	-0.008659739	0.020650147

1495418423348	0.009725553	-0.003197442	0.017452704

1495418423358	0.0119904075	-0.004263256	0.017452704

1495418423368	0.0075939246	-0.004263256	0.020650147

1495418423378	0.010791367	-0.003197442	0.019584332

1495418423388	0.015187849	0.003197442	0.016253663

1495418423398	0.009725553	-0.004263256	0.013056221

1495418423409	0.010791367	-0.004263256	0.015187849

1495418423418	0.010791367	-0.001065814	0.0119904075

1495418423433	0.008659739	-0.00532907	0.013056221

1495418423448	0.0075939246	-0.003197442	0.010791367

1495418423458	0.00532907	0.001065814	0.015187849

1495418423468	0.009725553	-0.003197442	0.019584332

1495418423479	0.013056221	-0.003197442	0.017452704

1495418423488	0.009725553	-0.27924326	0.015187849

1495418423499	0.0075939246	-0.004263256	0.019584332

1495418423508	0.00532907	-0.00532907	0.019584332

1495418423518	0.00532907	0.0	0.016253663

1495418423536	0.00532907	-0.002131628	0.004263256

1495418423557	0.009725553	-0.001065814	0.013056221

1495418423559	0.010791367	-0.001065814	0.020650147

1495418423560	0.0075939246	-0.001065814	0.017452704

1495418423568	0.0075939246	-0.002131628	0.018518519

1495418423579	0.004263256	-0.0065281107	0.018518519

1495418423588	0.0075939246	-0.0065281107	0.015187849

1495418423598	0.0075939246	-0.003197442	0.015187849

1495418423608	0.008659739	0.0	0.016253663

1495418423618	0.009725553	-0.001065814	0.013056221

1495418423632	0.0075939246	0.0	0.02504663

1495418423648	0.0075939246	0.0	0.020650147

1495418423658	0.008659739	-0.0065281107	0.018518519

1495418423668	0.008659739	0.001065814	0.015187849

1495418423681	0.008659739	-0.00532907	0.014122035

1495418423688	0.010791367	0.001065814	0.016253663

1495418423698	0.008659739	-0.001065814	0.0119904075

1495418423709	0.010791367	-0.004263256	0.010791367

1495418423718	0.0119904075	-0.00532907	0.015187849

1495418423731	0.008659739	-0.002131628	0.010791367

1495418423738	0.0075939246	-0.004263256	0.0119904075

1495418423748	0.0075939246	-0.0075939246	0.017452704

1495418423758	0.0065281107	-0.008659739	0.017452704

1495418423769	0.004263256	-0.0065281107	0.017452704

1495418423783	0.009725553	-0.0075939246	0.020650147

1495418423789	0.0075939246	-0.0075939246	0.015187849

1495418423799	0.0065281107	-0.008659739	0.016253663

1495418423831	0.0075939246	-0.001065814	0.016253663

1495418423835	0.0065281107	-0.004263256	0.020650147

1495418423838	0.009725553	-0.003197442	0.016253663

1495418423849	0.008659739	-0.008659739	0.021715961

1495418423859	0.014122035	-0.0075939246	0.018518519

1495418423868	0.0065281107	-0.004263256	0.015187849

1495418423878	0.009725553	-0.004263256	0.016253663

1495418423888	0.008659739	-0.0075939246	0.017452704

1495418423898	0.0065281107	-0.0065281107	0.017452704

1495418423908	0.008659739	-0.004263256	0.016253663

1495418423919	0.0075939246	-0.002131628	0.018518519

1495418423930	0.008659739	-0.00532907	0.021715961

1495418423938	0.003197442	-0.002131628	0.016253663

1495418423949	0.004263256	-0.0075939246	0.017452704

1495418423958	0.00532907	0.001065814	0.020650147

1495418423968	0.010791367	0.0	0.018518519

1495418423991	0.0075939246	-0.004263256	0.015187849

1495418423999	0.003197442	-0.001065814	0.017452704

1495418424016	0.001065814	-0.004263256	0.016253663

1495418424020	0.0075939246	-0.002131628	0.008659739

1495418424030	0.010791367	-0.002131628	0.010791367

1495418424038	0.0075939246	-0.002131628	0.0119904075

1495418424048	0.016253663	0.0	0.014122035

1495418424058	0.009725553	-0.004263256	0.019584332

1495418424068	0.00532907	-0.003197442	0.020650147

1495418424078	0.0075939246	0.002131628	0.017452704

1495418424088	0.0065281107	-0.001065814	0.015187849

1495418424099	0.0075939246	-0.004263256	0.021715961

1495418424108	0.0119904075	0.0	0.022781774

1495418424118	0.008659739	-0.0065281107	0.014122035

1495418424132	0.008659739	-0.003197442	0.013056221

1495418424139	0.009725553	-0.002131628	0.018518519

1495418424149	0.0065281107	-0.00532907	0.019584332

1495418424159	0.010791367	-0.00532907	0.020650147

1495418424168	0.004263256	-0.002131628	0.020650147

1495418424178	0.0075939246	-0.00532907	0.015187849

1495418424190	0.010791367	-0.003197442	0.010791367

1495418424198	0.00532907	-0.009725553	0.022781774

1495418424208	0.013056221	-0.0065281107	0.019584332

1495418424219	0.009725553	-0.00532907	0.021715961

1495418424231	0.009725553	-0.003197442	0.014122035

1495418424248	0.0065281107	-0.0075939246	0.0119904075

1495418424258	0.015187849	-0.009725553	0.010791367

1495418424268	0.008659739	-0.003197442	0.017452704

1495418424281	0.008659739	-0.003197442	0.016253663

1495418424298	0.004263256	0.0	0.020650147

1495418424308	0.004263256	-0.0065281107	0.019584332

1495418424318	0.00532907	-0.004263256	0.015187849

1495418424329	0.009725553	-0.003197442	0.016253663

1495418424339	0.010791367	0.004263256	0.017452704

1495418424349	0.009725553	-0.002131628	0.016253663

1495418424358	0.008659739	-0.003197442	0.017452704

1495418424368	0.00532907	-0.004263256	0.019584332

1495418424378	0.008659739	-0.004263256	0.020650147

1495418424388	0.00532907	-0.002131628	0.021715961

1495418424398	0.0075939246	-0.002131628	0.021715961

1495418424408	0.008659739	0.0	0.013056221

1495418424418	0.009725553	-0.004263256	0.013056221

1495418424430	0.009725553	-0.0075939246	0.016253663

1495418424439	0.0075939246	-0.002131628	0.0119904075

1495418424449	0.009725553	-0.001065814	0.016253663

1495418424464	0.0119904075	0.001065814	0.0119904075

1495418424478	0.0065281107	-0.0065281107	0.018518519

1495418424488	0.008659739	0.0	0.019584332

1495418424498	0.008659739	-0.002131628	0.018518519

1495418424508	0.008659739	-0.0065281107	0.013056221

1495418424519	0.008659739	-0.004263256	0.017452704

1495418424534	0.010791367	-0.004263256	0.016253663

1495418424538	0.008659739	-0.008659739	0.016253663

1495418424549	0.010791367	-0.0065281107	0.014122035

1495418424559	0.0065281107	-0.001065814	0.013056221

1495418424569	0.008659739	-0.004263256	0.017452704

1495418424590	0.008659739	-0.0075939246	0.014122035

1495418424604	0.00532907	-0.0075939246	0.015187849

1495418424609	0.009725553	-0.004263256	0.017452704

1495418424618	0.009725553	-0.004263256	0.018518519

1495418424632	0.010791367	-0.003197442	0.015187849

1495418424644	0.010791367	-0.003197442	0.018518519

1495418424649	0.010791367	0.0	0.015187849

1495418424658	0.008659739	-0.002131628	0.010791367

1495418424668	0.009725553	0.002131628	0.018518519

1495418424678	0.009725553	0.0	0.018518519

1495418424688	0.010791367	-0.002131628	0.015187849

1495418424698	0.0075939246	-0.001065814	0.019584332

1495418424709	0.010791367	-0.001065814	0.017452704

1495418424718	0.009725553	0.001065814	0.017452704

1495418424729	0.008659739	-0.0065281107	0.019584332

1495418424738	0.0075939246	-0.004263256	0.017452704

1495418424750	0.009725553	-0.00532907	0.021715961

1495418424758	0.013056221	-0.003197442	0.019584332

1495418424768	0.009725553	-0.002131628	0.019584332

1495418424779	0.009725553	-0.004263256	0.019584332

1495418424789	0.0075939246	-0.00532907	0.017452704

1495418424798	0.00532907	-0.002131628	0.014122035

1495418424808	0.009725553	-0.001065814	0.018518519

1495418424819	0.010791367	-0.00532907	0.019584332

1495418424830	0.009725553	-0.003197442	0.019584332

1495418424839	0.013056221	0.001065814	0.017452704

1495418424849	0.015187849	-0.00532907	0.017452704

1495418424868	0.009725553	-0.004263256	0.013056221

1495418424871	0.009725553	-0.001065814	0.013056221

1495418424889	0.0119904075	-0.001065814	0.0119904075

1495418424898	0.010791367	-0.0065281107	0.017452704

1495418424908	0.009725553	-0.0065281107	0.015187849

1495418424919	0.010791367	-0.003197442	0.009725553

1495418424930	0.008659739	0.001065814	0.018518519

1495418424938	0.010791367	-0.001065814	0.0119904075

1495418424948	0.010791367	-0.001065814	0.019584332

1495418424958	0.009725553	-0.0065281107	0.015187849

1495418424968	0.008659739	-0.003197442	0.022781774

1495418424978	0.0065281107	-0.00532907	0.020650147

1495418424988	0.009725553	0.0	0.014122035

1495418424999	0.0075939246	0.001065814	0.016253663

1495418425009	0.003197442	0.0	0.013056221

1495418425018	0.009725553	-0.0065281107	0.014122035

1495418425039	0.0075939246	0.004263256	0.017452704

1495418425060	0.008659739	-0.002131628	0.016253663

1495418425060	0.00532907	0.003197442	0.018518519

1495418425068	0.008659739	-0.002131628	0.027178258

1495418425079	0.008659739	0.001065814	0.020650147

1495418425088	0.009725553	0.001065814	0.022781774

1495418425098	0.010791367	-0.001065814	0.015187849

1495418425108	0.009725553	-0.003197442	0.016253663

1495418425119	0.00532907	-0.0065281107	0.021715961

1495418425140	0.0119904075	-0.0065281107	0.016253663

1495418425145	0.008659739	-0.001065814	0.013056221

1495418425171	0.00532907	-0.0075939246	0.015187849

1495418425174	0.008659739	-0.001065814	0.014122035

1495418425179	0.0075939246	0.001065814	0.014122035

1495418425180	0.0075939246	-0.001065814	0.018518519

1495418425189	0.0075939246	-0.003197442	0.021715961

1495418425198	0.00532907	-0.0065281107	0.020650147

1495418425208	0.009725553	-0.0075939246	0.023980815

1495418425218	0.0075939246	-0.004263256	0.018518519

1495418425229	0.00532907	-0.0065281107	0.017452704

1495418425239	0.009725553	-0.0075939246	0.015187849

1495418425248	0.008659739	-0.002131628	0.013056221

1495418425258	0.009725553	0.0	0.014122035

1495418425268	0.0119904075	0.004263256	0.010791367

1495418425278	0.010791367	-0.00532907	0.017452704

1495418425288	0.010791367	-0.010791367	0.017452704

1495418425299	0.013056221	-0.001065814	0.017452704

1495418425308	0.0119904075	-0.00532907	0.015187849

1495418425318	0.009725553	-0.004263256	0.015187849

1495418425330	0.010791367	-0.003197442	0.017452704

1495418425339	0.003197442	-0.004263256	0.022781774

1495418425348	0.008659739	-0.002131628	0.02824407

1495418425359	0.0075939246	-0.002131628	0.019584332

1495418425370	0.008659739	0.002131628	0.018518519

1495418425379	0.00532907	0.003197442	0.013056221

1495418425388	0.009725553	-0.004263256	0.009725553

1495418425398	0.009725553	-0.001065814	0.013056221

1495418425408	0.014122035	-0.002131628	0.014122035

1495418425418	0.009725553	-0.00532907	0.016253663

1495418425429	0.0119904075	-0.0065281107	0.018518519

1495418425438	0.010791367	-0.002131628	0.020650147

1495418425448	0.0075939246	-0.00532907	0.015187849

1495418425459	0.014122035	-0.002131628	0.017452704

1495418425468	0.017452704	0.002131628	0.017452704

1495418425479	0.0065281107	-0.00532907	0.017452704

1495418425488	0.008659739	-0.003197442	0.016253663

1495418425498	0.009725553	-0.0065281107	0.014122035

1495418425508	0.0119904075	-0.003197442	0.014122035

1495418425518	0.0075939246	-0.002131628	0.015187849

1495418425529	0.0065281107	-0.003197442	0.018518519

1495418425539	0.013056221	-0.004263256	0.015187849

1495418425548	0.016253663	-0.002131628	0.015187849

1495418425558	0.0119904075	-0.008659739	0.017452704

1495418425569	0.010791367	-0.00532907	0.017452704

1495418425589	0.0119904075	-0.001065814	0.015187849

1495418425592	0.0119904075	0.0	0.015187849

1495418425599	0.010791367	-0.00532907	0.020650147

1495418425613	0.0065281107	0.002131628	0.023980815

1495418425619	0.013056221	0.002131628	0.016253663

1495418425631	0.00532907	-0.003197442	0.022781774

1495418425638	0.008659739	-0.00532907	0.019584332

1495418425649	0.0119904075	0.0	0.017452704

1495418425659	0.008659739	-0.001065814	0.016253663

1495418425668	0.0075939246	0.001065814	0.019584332

1495418425679	0.0065281107	-0.00532907	0.015187849

1495418425689	0.010791367	-0.003197442	0.015187849

1495418425698	0.008659739	-0.003197442	0.015187849

1495418425708	0.008659739	-0.001065814	0.019584332

1495418425719	0.008659739	-0.004263256	0.017452704

1495418425734	0.008659739	-0.003197442	0.015187849

1495418425738	0.009725553	-0.00532907	0.014122035

1495418425756	0.008659739	0.002131628	0.019584332

1495418425760	0.009725553	-0.00532907	0.015187849

1495418425768	0.008659739	-0.009725553	0.016253663

1495418425779	0.0119904075	-0.0065281107	0.017452704

1495418425788	0.0119904075	-0.001065814	0.013056221

1495418425798	0.00532907	-0.002131628	0.018518519

1495418425809	0.010791367	-0.002131628	0.017452704

1495418425818	0.0075939246	-0.004263256	0.019584332

1495418425830	0.009725553	-0.003197442	0.021715961

1495418425839	0.00532907	-0.008659739	0.018518519

1495418425849	0.0075939246	-0.008659739	0.014122035

1495418425859	0.009725553	-0.00532907	0.0119904075

1495418425868	0.0075939246	-0.00532907	0.018518519

1495418425882	0.0119904075	-0.003197442	0.015187849

1495418425888	0.010791367	-0.00532907	0.017452704

1495418425898	0.009725553	-0.0065281107	0.020650147

1495418425908	0.0075939246	-0.003197442	0.018518519

1495418425918	0.0065281107	-0.002131628	0.015187849

1495418425930	0.010791367	-0.003197442	0.016253663

1495418425938	0.0075939246	-0.002131628	0.017452704

1495418425948	0.008659739	0.001065814	0.021715961

1495418425959	0.008659739	0.0065281107	0.017452704

1495418425968	0.009725553	-0.001065814	0.017452704

1495418425979	0.0075939246	-0.008659739	0.013056221

1495418425989	0.004263256	-0.003197442	0.014122035

1495418425998	0.0075939246	0.002131628	0.020650147

1495418426008	0.0119904075	0.0	0.015187849

1495418426019	0.013056221	-0.004263256	0.020650147

1495418426039	0.0075939246	-0.00532907	0.013056221

1495418426050	0.008659739	-0.003197442	0.017452704

1495418426082	0.008659739	-0.00532907	0.020650147

1495418426083	0.002131628	-0.0065281107	0.021715961

1495418426084	0.010791367	-0.003197442	0.016253663

1495418426088	0.008659739	-0.002131628	0.014122035

1495418426098	0.010791367	0.003197442	0.020650147

1495418426108	0.009725553	0.0	0.021715961

1495418426118	0.0075939246	0.0	0.018518519

1495418426129	0.0065281107	-0.003197442	0.019584332

1495418426139	0.009725553	-0.008659739	0.021715961

1495418426148	0.0075939246	-0.00532907	0.022781774

1495418426158	0.0065281107	-0.00532907	0.014122035

1495418426169	0.0065281107	-0.003197442	0.015187849

1495418426182	0.008659739	-0.010791367	0.018518519

1495418426188	0.010791367	-0.004263256	0.020650147

1495418426199	0.013056221	-0.008659739	0.013056221

1495418426208	0.0119904075	-0.001065814	0.013056221

1495418426218	0.00532907	-0.004263256	0.014122035

1495418426233	0.010791367	-0.001065814	0.016253663

1495418426243	0.010791367	-0.001065814	0.018518519

1495418426262	0.003197442	-0.0065281107	0.018518519

1495418426263	0.0075939246	-0.004263256	0.017452704

1495418426268	0.00532907	0.0	0.017452704

1495418426278	0.0075939246	-0.003197442	0.015187849

1495418426288	0.0065281107	-0.001065814	0.014122035

1495418426298	0.008659739	-0.001065814	0.017452704

1495418426308	0.0119904075	0.0	0.015187849

1495418426319	0.0119904075	-0.002131628	0.013056221

1495418426339	0.010791367	-0.0065281107	0.015187849

1495418426349	0.0065281107	-0.003197442	0.023980815

1495418426370	0.0075939246	-0.004263256	0.017452704

1495418426373	0.0075939246	0.0	0.023980815

1495418426382	0.014122035	-0.003197442	0.016253663

1495418426389	0.0075939246	-0.004263256	0.017452704

1495418426398	0.008659739	-0.00532907	0.018518519

1495418426408	0.0065281107	-0.0065281107	0.020650147

1495418426419	0.003197442	0.002131628	0.018518519

1495418426430	0.0075939246	0.002131628	0.018518519

1495418426438	0.0075939246	-0.004263256	0.016253663

1495418426448	0.008659739	-0.0065281107	0.014122035

1495418426458	0.0075939246	-0.010791367	0.015187849

1495418426468	0.0065281107	-0.004263256	0.016253663

1495418426478	0.00532907	0.0	0.018518519

1495418426488	0.010791367	0.004263256	0.017452704

1495418426499	0.010791367	0.002131628	0.015187849

1495418426508	0.010791367	-0.00532907	0.017452704

