1496211982387	0.019584332	-0.00532907	0.0065281107

1496211982392	0.022781774	-0.010791367	0.001065814

1496211982399	0.022781774	-0.010791367	-0.002131628

1496211982409	0.027178258	-0.009725553	0.004263256

1496211982417	0.021715961	-0.017452704	-0.002131628

1496211982427	0.020650147	-0.003197442	-0.001065814

1496211982439	0.023980815	-0.008659739	0.003197442

1496211982447	0.03157474	-0.0065281107	-0.003197442

1496211982457	0.03157474	-0.016253663	0.008659739

1496211982469	0.013056221	-0.004263256	-0.002131628

1496211982477	0.016253663	0.0065281107	0.002131628

1496211982490	0.013056221	0.001065814	-0.004263256

1496211982514	0.019584332	0.0075939246	0.004263256

1496211982517	0.010791367	0.00532907	-0.001065814

1496211982529	0.002131628	0.009725553	-0.001065814

1496211982537	0.009725553	-0.2693845	-0.0075939246

1496211982547	-0.004263256	0.010791367	-0.001065814

1496211982557	-0.0119904075	-0.001065814	-0.0065281107

1496211982567	-0.004263256	0.001065814	-0.00532907

1496211982579	-0.019584332	0.0119904075	-0.002131628

1496211982587	-0.002131628	-0.00532907	-0.002131628

1496211982597	-0.023980815	0.0119904075	0.0

1496211982610	-0.019584332	0.004263256	-0.008659739

1496211982618	-0.014122035	0.0075939246	-0.008659739

1496211982627	-0.027178258	0.0075939246	-0.003197442

1496211982637	-0.014122035	-0.008659739	-0.00532907

1496211982647	-0.03157474	0.004263256	-0.002131628

1496211982658	-0.029443111	-0.00532907	-0.00532907

1496211982667	-0.014122035	0.001065814	-0.003197442

1496211982677	-0.029443111	0.00532907	-0.002131628

1496211982687	-0.0119904075	-0.009725553	-0.003197442

1496211982701	-0.019584332	-0.003197442	0.0065281107

1496211982710	-0.003197442	-0.004263256	0.0

1496211982727	-0.017452704	0.00532907	-0.27258193

1496211982737	-0.002131628	-0.003197442	-0.002131628

1496211982747	-0.013056221	-0.004263256	0.001065814

1496211982759	0.0075939246	-0.004263256	-0.001065814

1496211982767	-0.004263256	0.001065814	0.0

1496211982777	0.021715961	-0.016253663	0.003197442

1496211982789	0.013056221	0.002131628	0.004263256

1496211982797	0.002131628	0.008659739	0.003197442

1496211982810	0.027178258	-0.003197442	-0.002131628

1496211982817	0.008659739	0.014122035	0.0075939246

1496211982827	0.022781774	-0.00532907	0.001065814

1496211982837	0.021715961	0.0065281107	0.010791367

1496211982847	0.0119904075	0.004263256	0.0075939246

1496211982858	0.020650147	0.0065281107	0.0065281107

1496211982867	0.018518519	0.004263256	0.004263256

1496211982877	0.030508926	0.010791367	0.001065814

1496211982888	0.037037037	0.00532907	0.004263256

1496211982897	0.023980815	0.016253663	0.00532907

1496211982910	0.021715961	0.019584332	0.008659739

1496211982927	0.02824407	0.017452704	0.014122035

1496211982937	0.029443111	0.014122035	0.001065814

1496211982947	0.030508926	0.016253663	0.004263256

1496211982958	0.03157474	0.0065281107	0.001065814

1496211982967	0.029443111	0.017452704	0.0065281107

1496211982977	0.044630963	-0.003197442	0.0065281107

1496211982988	0.015187849	0.019584332	0.002131628

1496211982997	0.027178258	0.0065281107	0.001065814

1496211983009	0.032640554	0.001065814	0.002131628

1496211983017	0.015187849	0.013056221	-0.001065814

1496211983027	0.033706367	-0.010791367	-0.00532907

1496211983037	0.0119904075	0.001065814	0.0

1496211983047	0.010791367	0.0065281107	-0.002131628

1496211983058	0.029443111	-0.009725553	0.008659739

1496211983068	0.0065281107	-0.003197442	0.001065814

1496211983077	0.020650147	-0.008659739	0.008659739

1496211983087	0.004263256	0.0075939246	0.002131628

1496211983097	0.017452704	-0.009725553	0.0

1496211983112	-0.002131628	-0.00532907	-0.001065814

1496211983128	0.015187849	-0.018518519	-0.001065814

1496211983137	0.00532907	-0.014122035	-0.001065814

1496211983147	0.0075939246	-0.014122035	0.00532907

1496211983158	-0.002131628	-0.008659739	0.00532907

1496211983167	0.001065814	-0.0119904075	0.0

1496211983177	-0.009725553	-0.013056221	0.009725553

1496211983187	-0.019584332	-0.00532907	0.001065814

1496211983197	-0.003197442	-0.021715961	0.00532907

1496211983209	-0.02824407	0.004263256	0.0119904075

1496211983217	-0.013056221	-0.018518519	0.014122035

1496211983227	-0.021715961	0.001065814	0.014122035

1496211983237	-0.02824407	0.004263256	0.0119904075

1496211983247	-0.02504663	-0.0065281107	0.008659739

1496211983259	-0.023980815	0.001065814	0.0075939246

1496211983267	-0.014122035	-0.016253663	0.010791367

1496211983277	-0.03157474	0.003197442	-0.001065814

1496211983287	-0.035971224	0.0075939246	0.003197442

1496211983297	-0.019584332	0.0	0.010791367

1496211983309	-0.03157474	-0.008659739	0.0119904075

1496211983327	-0.020650147	-0.0075939246	0.003197442

1496211983337	0.004263256	-0.016253663	0.0119904075

1496211983347	-0.0075939246	-0.001065814	0.002131628

1496211983358	0.00532907	-0.015187849	0.0065281107

1496211983367	0.001065814	0.0065281107	0.008659739

1496211983377	0.0065281107	0.00532907	0.001065814

1496211983387	0.02504663	-0.017452704	0.001065814

1496211983397	0.0075939246	0.0	-0.003197442

1496211983410	0.013056221	-0.0119904075	0.0075939246

1496211983417	0.015187849	-0.014122035	0.008659739

1496211983428	0.004263256	0.001065814	0.0075939246

1496211983437	0.020650147	-0.002131628	0.0065281107

1496211983447	0.010791367	-0.004263256	0.003197442

1496211983458	0.010791367	-0.0119904075	0.0075939246

1496211983467	0.020650147	-0.008659739	0.009725553

1496211983477	0.0075939246	0.001065814	-0.002131628

1496211983487	0.02504663	-0.0075939246	0.015187849

1496211983501	0.0	0.0075939246	0.013056221

1496211983509	0.02504663	-0.008659739	0.014122035

1496211983518	0.009725553	0.018518519	0.00532907

1496211983527	0.009725553	0.018518519	0.015187849

1496211983541	0.026112443	-0.003197442	0.014122035

1496211983547	0.0119904075	0.00532907	0.008659739

1496211983570	0.019584332	0.00532907	0.008659739

1496211983578	0.018518519	0.00532907	0.014122035

1496211983587	0.021715961	-0.002131628	0.010791367

1496211983597	0.016253663	0.004263256	0.015187849

1496211983609	0.020650147	-0.002131628	0.0075939246

1496211983617	0.02504663	0.002131628	0.009725553

1496211983627	0.02504663	-0.003197442	0.0075939246

1496211983637	0.02504663	-0.0065281107	0.0

1496211983647	0.019584332	0.0	0.00532907

1496211983661	0.02504663	-0.003197442	0.008659739

1496211983677	0.017452704	0.00532907	0.0119904075

1496211983688	0.020650147	0.003197442	0.013056221

1496211983698	0.013056221	0.013056221	0.008659739

1496211983709	0.018518519	0.0065281107	0.004263256

1496211983727	0.003197442	0.0075939246	0.008659739

1496211983737	-0.003197442	0.015187849	0.013056221

1496211983747	0.0	0.0075939246	0.014122035

1496211983759	-0.002131628	0.008659739	0.0075939246

1496211983767	-0.015187849	0.010791367	0.008659739

1496211983785	-0.00532907	-0.002131628	0.003197442

1496211983787	-0.008659739	0.008659739	0.0065281107

1496211983797	-0.010791367	0.013056221	0.009725553

1496211983809	0.004263256	-0.008659739	0.009725553

1496211983817	-0.02504663	0.015187849	0.0119904075

1496211983827	-0.013056221	-0.0075939246	0.008659739

1496211983837	-0.014122035	0.004263256	0.008659739

1496211983847	-0.010791367	0.00532907	0.013056221

1496211983858	0.001065814	-0.0065281107	0.008659739

1496211983867	-0.018518519	0.009725553	0.010791367

1496211983877	-0.009725553	-0.0075939246	0.009725553

1496211983887	-0.0065281107	-0.009725553	0.004263256

1496211983897	-0.019584332	-0.00532907	0.0065281107

1496211983910	-0.013056221	0.003197442	0.00532907

1496211983917	0.26605383	0.003197442	0.003197442

1496211983927	0.0	-0.009725553	0.016253663

1496211983937	-0.0075939246	-0.002131628	0.010791367

1496211983947	0.010791367	-0.008659739	0.0119904075

1496211983960	0.002131628	-0.004263256	0.015187849

1496211983967	-0.0075939246	-0.002131628	0.0119904075

1496211983977	0.009725553	-0.015187849	0.00532907

1496211983987	0.0	0.0075939246	0.010791367

1496211983997	0.017452704	0.0	0.013056221

1496211984008	0.018518519	0.0119904075	0.013056221

1496211984017	0.009725553	0.015187849	0.010791367

1496211984027	0.029443111	0.004263256	0.016253663

1496211984037	0.015187849	0.013056221	0.015187849

1496211984047	0.02504663	0.00532907	0.009725553

1496211984058	0.022781774	0.008659739	0.016253663

1496211984067	0.022781774	0.00532907	0.0119904075

1496211984077	0.04143352	0.008659739	0.016253663

1496211984088	0.04143352	0.008659739	0.018518519

1496211984097	0.044630963	0.0065281107	0.013056221

1496211984112	0.03157474	0.0075939246	0.020650147

1496211984117	0.03157474	0.0075939246	0.010791367

1496211984136	0.04143352	0.009725553	0.015187849

1496211984138	0.05009326	0.001065814	0.014122035

1496211984147	0.05662137	0.002131628	0.016253663

1496211984158	0.034905408	0.00532907	0.0119904075

1496211984167	0.055555556	-0.003197442	0.019584332

1496211984177	0.04796163	-0.0065281107	0.020650147

1496211984187	0.030508926	0.0065281107	0.010791367

1496211984197	0.033706367	-0.003197442	0.018518519

1496211984210	0.023980815	-0.004263256	0.013056221

1496211984217	0.03157474	-0.002131628	0.018518519

1496211984227	0.043565147	-0.015187849	0.009725553

1496211984237	0.029443111	-0.003197442	0.004263256

1496211984247	0.039168663	-0.013056221	0.016253663

1496211984264	0.016253663	-0.00532907	0.013056221

1496211984277	0.018518519	-0.010791367	0.014122035

1496211984287	0.00532907	-0.004263256	0.016253663

1496211984297	0.0075939246	-0.00532907	0.0075939246

1496211984311	0.013056221	-0.004263256	0.0075939246

1496211984318	0.013056221	-0.004263256	0.009725553

1496211984327	-0.004263256	0.001065814	0.0065281107

1496211984337	-0.003197442	0.001065814	0.004263256

1496211984347	0.0065281107	-0.00532907	0.0065281107

1496211984358	-0.00532907	0.0	0.010791367

1496211984367	0.013056221	-0.016253663	0.010791367

1496211984377	-0.008659739	0.009725553	0.008659739

1496211984387	0.002131628	-0.003197442	0.0075939246

1496211984397	0.002131628	-0.002131628	0.010791367

1496211984409	-0.002131628	-0.008659739	0.002131628

1496211984417	0.002131628	-0.0119904075	0.003197442

1496211984427	-0.015187849	0.0119904075	0.016253663

1496211984437	-0.002131628	0.004263256	0.014122035

1496211984447	0.014122035	-0.014122035	0.010791367

1496211984457	-0.016253663	0.013056221	0.0075939246

1496211984467	0.0075939246	-0.008659739	0.023980815

1496211984477	-0.015187849	-0.002131628	0.009725553

1496211984487	-0.016253663	0.010791367	0.016253663

1496211984497	0.00532907	-0.004263256	0.020650147

1496211984509	0.0119904075	-0.019584332	0.019584332

1496211984517	-0.003197442	0.003197442	0.019584332

1496211984527	-0.014122035	0.010791367	0.020650147

1496211984537	0.0119904075	-0.004263256	0.018518519

1496211984547	-0.0119904075	0.008659739	0.008659739

1496211984567	0.027178258	-0.014122035	0.018518519

1496211984570	0.002131628	0.013056221	0.016253663

1496211984577	-0.001065814	0.014122035	0.017452704

1496211984596	0.023980815	-0.0065281107	0.015187849

1496211984599	-0.001065814	0.010791367	0.014122035

1496211984610	0.022781774	-0.0065281107	0.018518519

1496211984617	0.009725553	-0.00532907	0.010791367

1496211984627	-0.002131628	-0.003197442	0.015187849

1496211984638	0.017452704	-0.0065281107	0.016253663

1496211984647	0.0	0.002131628	0.013056221

1496211984658	0.021715961	-0.019584332	0.017452704

1496211984667	0.014122035	-0.004263256	0.009725553

1496211984677	0.00532907	0.001065814	0.026112443

1496211984687	0.02824407	-0.023980815	0.014122035

1496211984700	0.035971224	-0.017452704	0.023980815

1496211984709	0.013056221	0.003197442	0.014122035

1496211984727	0.027178258	-0.0119904075	0.018518519

1496211984737	0.013056221	-0.009725553	0.014122035

1496211984748	0.027178258	-0.016253663	0.021715961

1496211984758	0.0119904075	-0.0065281107	0.014122035

1496211984767	-0.0065281107	0.010791367	0.02504663

1496211984777	0.009725553	-0.013056221	0.019584332

1496211984787	-0.0065281107	0.001065814	0.018518519

1496211984797	0.0075939246	-0.001065814	0.02824407

1496211984810	0.0	0.004263256	0.019584332

1496211984817	-0.009725553	0.00532907	0.027178258

1496211984827	0.001065814	-0.002131628	0.014122035

1496211984837	-0.004263256	0.0119904075	0.017452704

1496211984847	0.00532907	0.00532907	0.030508926

1496211984860	-0.008659739	0.015187849	0.027178258

1496211984877	0.001065814	-0.003197442	0.020650147

1496211984887	0.003197442	0.0065281107	0.015187849

1496211984897	0.020650147	0.0	0.021715961

1496211984908	0.004263256	0.004263256	0.015187849

1496211984927	0.013056221	0.00532907	0.010791367

1496211984937	0.029443111	0.0	0.020650147

1496211984947	0.015187849	0.015187849	0.015187849

1496211984958	0.021715961	0.008659739	0.016253663

1496211984967	0.02504663	-0.001065814	0.015187849

1496211984977	0.021715961	0.003197442	0.016253663

1496211984987	0.035971224	0.003197442	0.026112443

1496211984997	0.017452704	0.014122035	0.015187849

1496211985012	0.026112443	0.016253663	0.017452704

1496211985017	0.034905408	0.008659739	0.013056221

1496211985040	0.039168663	0.004263256	0.008659739

1496211985041	0.029443111	0.009725553	0.017452704

1496211985047	0.030508926	0.009725553	0.013056221

1496211985060	0.030508926	0.001065814	0.0119904075

1496211985077	0.030508926	-0.002131628	0.013056221

1496211985087	0.027178258	0.003197442	0.023980815

1496211985097	0.019584332	0.003197442	0.019584332

1496211985111	0.008659739	0.0075939246	0.015187849

1496211985117	0.015187849	0.0075939246	0.018518519

1496211985127	0.003197442	-0.004263256	0.018518519

1496211985137	0.0	0.004263256	0.019584332

1496211985147	-0.001065814	0.0075939246	0.022781774

1496211985158	-0.008659739	0.009725553	0.020650147

1496211985167	0.010791367	-0.004263256	0.015187849

1496211985177	-0.0065281107	0.001065814	0.020650147

1496211985187	-0.016253663	0.010791367	0.010791367

1496211985197	-0.0075939246	0.003197442	0.017452704

1496211985208	-0.015187849	0.013056221	0.014122035

1496211985217	0.0075939246	-0.010791367	0.017452704

1496211985227	0.0	0.002131628	0.019584332

1496211985237	-0.004263256	-0.001065814	0.016253663

1496211985247	0.004263256	0.0	0.018518519

1496211985258	-0.009725553	0.001065814	0.017452704

1496211985267	0.016253663	-0.021715961	0.013056221

1496211985277	0.001065814	-0.016253663	0.017452704

1496211985287	-0.008659739	0.0	0.015187849

1496211985297	0.014122035	-0.0065281107	0.017452704

1496211985309	0.016253663	-0.014122035	0.017452704

1496211985317	0.009725553	-0.014122035	0.019584332

1496211985327	-0.00532907	0.0	0.0119904075

1496211985337	0.020650147	-0.010791367	0.020650147

1496211985347	0.010791367	-0.002131628	0.019584332

1496211985358	0.021715961	-0.004263256	0.0119904075

1496211985367	0.022781774	-0.009725553	0.02504663

1496211985377	0.0065281107	0.004263256	0.009725553

1496211985387	0.029443111	-0.0075939246	0.018518519

1496211985398	0.018518519	-0.004263256	0.014122035

1496211985411	0.018518519	-0.00532907	0.015187849

1496211985417	0.029443111	-0.015187849	0.018518519

1496211985427	0.016253663	-0.009725553	0.014122035

1496211985437	0.02824407	-0.0065281107	0.014122035

1496211985447	0.014122035	-0.0075939246	0.013056221

1496211985458	0.015187849	-0.010791367	0.016253663

1496211985467	0.020650147	-0.015187849	0.016253663

1496211985477	0.002131628	-0.009725553	0.015187849

1496211985487	0.015187849	-0.009725553	0.020650147

1496211985497	0.0075939246	-0.014122035	0.013056221

1496211985509	0.004263256	-0.013056221	0.013056221

1496211985518	-0.0075939246	0.001065814	0.009725553

1496211985527	0.015187849	-0.021715961	0.014122035

1496211985537	-0.0065281107	-0.020650147	0.010791367

1496211985547	-0.016253663	-0.00532907	0.010791367

1496211985558	-0.002131628	-0.0065281107	0.018518519

1496211985567	-0.018518519	0.0	0.015187849

1496211985577	-0.001065814	-0.0119904075	0.016253663

1496211985587	0.001065814	-0.0075939246	0.010791367

1496211985597	-0.014122035	0.009725553	0.010791367

1496211985609	0.009725553	-0.015187849	0.017452704

1496211985617	-0.009725553	0.0065281107	0.010791367

1496211985627	0.004263256	0.004263256	0.016253663

1496211985637	0.022781774	-0.010791367	0.0075939246

1496211985647	-0.00532907	0.0119904075	0.0075939246

1496211985658	0.017452704	-0.001065814	0.0119904075

1496211985667	0.003197442	0.020650147	0.010791367

1496211985677	0.0075939246	0.0	0.009725553

1496211985687	0.027178258	0.001065814	0.014122035

1496211985698	0.020650147	-0.001065814	0.017452704

1496211985711	0.0075939246	0.014122035	0.0119904075

1496211985718	0.0075939246	0.020650147	0.0119904075

1496211985727	0.030508926	-0.001065814	0.015187849

1496211985737	0.00532907	0.022781774	0.010791367

1496211985747	0.020650147	-0.001065814	0.014122035

1496211985758	0.0119904075	0.010791367	0.0065281107

1496211985767	0.0	0.020650147	0.0065281107

1496211985777	0.032640554	-0.00532907	0.009725553

1496211985787	0.001065814	0.013056221	0.009725553

1496211985798	0.009725553	-0.001065814	0.014122035

1496211985809	-0.001065814	0.016253663	0.009725553

1496211985817	0.0	0.022781774	0.016253663

1496211985827	0.016253663	-0.0065281107	0.010791367

1496211985837	-0.0119904075	0.021715961	0.010791367

1496211985847	0.004263256	0.00532907	0.014122035

1496211985857	0.002131628	0.013056221	0.0065281107

1496211985867	-0.003197442	0.018518519	0.0075939246

1496211985877	0.014122035	0.009725553	0.014122035

1496211985887	-0.008659739	0.019584332	0.008659739

1496211985898	0.004263256	0.004263256	0.009725553

1496211985912	-0.004263256	0.016253663	0.009725553

1496211985917	0.014122035	0.004263256	0.013056221

1496211985927	-0.0065281107	0.021715961	0.0075939246

1496211985937	0.002131628	0.0119904075	0.021715961

1496211985947	-0.003197442	0.013056221	0.010791367

1496211985958	-0.002131628	0.016253663	0.013056221

1496211985967	0.019584332	-0.0065281107	0.018518519

1496211985977	0.008659739	-0.004263256	0.013056221

1496211985987	0.0075939246	-0.001065814	0.018518519

1496211985998	0.004263256	0.0065281107	0.009725553

1496211986012	0.020650147	-0.001065814	0.010791367

1496211986027	0.010791367	0.00532907	0.014122035

1496211986037	0.016253663	-0.001065814	0.018518519

1496211986047	0.014122035	-0.009725553	0.009725553

1496211986057	0.0075939246	-0.009725553	0.014122035

1496211986067	0.010791367	-0.018518519	0.017452704

1496211986077	0.0065281107	-0.004263256	0.010791367

1496211986087	0.018518519	-0.016253663	0.019584332

1496211986097	0.010791367	-0.0119904075	0.0075939246

1496211986110	0.014122035	-0.013056221	0.019584332

1496211986117	0.002131628	-0.0119904075	0.016253663

1496211986127	0.008659739	-0.009725553	0.020650147

1496211986137	0.0075939246	-0.004263256	0.013056221

1496211986147	0.010791367	-0.016253663	0.016253663

1496211986158	0.014122035	-0.009725553	0.017452704

1496211986167	0.013056221	-0.010791367	0.003197442

1496211986177	0.010791367	-0.003197442	0.019584332

1496211986187	0.010791367	-0.004263256	0.017452704

1496211986197	0.020650147	-0.00532907	0.009725553

1496211986209	0.020650147	0.002131628	0.02504663

1496211986217	0.0119904075	-0.004263256	0.017452704

1496211986227	0.022781774	-0.016253663	0.021715961

1496211986237	0.0065281107	-0.001065814	0.009725553

1496211986247	0.033706367	-0.0075939246	0.010791367

1496211986258	0.019584332	0.001065814	0.016253663

1496211986267	0.021715961	-0.009725553	0.0119904075

1496211986277	0.021715961	-0.0065281107	0.018518519

1496211986287	0.00532907	-0.003197442	0.014122035

1496211986297	0.030508926	-0.013056221	0.015187849

1496211986311	0.016253663	-0.013056221	0.013056221

1496211986317	0.03157474	-0.015187849	0.019584332

1496211986327	0.009725553	0.001065814	0.019584332

1496211986337	0.032640554	-0.015187849	0.009725553

1496211986347	0.017452704	-0.0075939246	0.013056221

1496211986358	0.015187849	-0.00532907	0.014122035

1496211986367	0.032640554	-0.016253663	0.021715961

1496211986377	0.002131628	0.008659739	0.013056221

1496211986387	0.049027443	-0.023980815	0.017452704

1496211986397	0.014122035	0.00532907	0.015187849

1496211986408	0.018518519	-0.003197442	0.010791367

1496211986417	0.039168663	-0.015187849	0.018518519

1496211986427	-0.001065814	0.0065281107	0.0075939246

1496211986437	0.03810285	-0.013056221	0.015187849

1496211986447	0.017452704	-0.0065281107	0.013056221

1496211986458	0.001065814	0.00532907	0.009725553

1496211986467	0.032640554	-0.010791367	0.016253663

1496211986477	-0.001065814	0.0065281107	0.0075939246

1496211986487	0.035971224	-0.009725553	0.009725553

1496211986497	0.009725553	-0.004263256	0.0065281107

1496211986512	0.020650147	-0.0065281107	0.0119904075

1496211986517	-0.0075939246	0.014122035	0.013056221

1496211986527	0.023980815	0.008659739	0.014122035

1496211986537	-0.002131628	0.014122035	0.0119904075

1496211986547	-0.004263256	0.0065281107	0.008659739

1496211986560	0.00532907	0.002131628	0.014122035

1496211986567	-0.008659739	0.010791367	0.00532907

1496211986577	0.00532907	0.014122035	0.009725553

1496211986587	0.00532907	0.0075939246	0.0075939246

1496211986597	-0.0119904075	0.02504663	-0.001065814

1496211986611	0.016253663	-0.0075939246	0.0075939246

1496211986617	-0.0119904075	0.013056221	0.0075939246

1496211986627	0.004263256	-0.001065814	0.013056221

1496211986637	0.0	0.009725553	0.0075939246

1496211986647	-0.008659739	0.0075939246	0.001065814

1496211986658	0.0119904075	0.004263256	0.017452704

1496211986667	-0.003197442	0.015187849	0.003197442

1496211986677	0.004263256	0.0075939246	0.004263256

1496211986687	-0.008659739	0.013056221	0.0075939246

1496211986700	0.00532907	-0.002131628	0.0075939246

1496211986709	-0.00532907	-0.001065814	0.0075939246

1496211986717	-0.003197442	-0.001065814	0.001065814

1496211986727	0.001065814	-0.0065281107	0.004263256

1496211986737	-0.019584332	0.008659739	0.009725553

1496211986748	0.0075939246	-0.009725553	0.014122035

1496211986758	-0.009725553	-0.003197442	0.004263256

1496211986767	-0.001065814	0.003197442	0.0075939246

1496211986777	0.0075939246	-0.0065281107	0.0075939246

1496211986787	-0.010791367	0.002131628	0.001065814

1496211986797	0.002131628	-0.003197442	0.008659739

1496211986810	0.0075939246	-0.009725553	0.009725553

1496211986820	0.003197442	0.002131628	0.0065281107

1496211986827	0.010791367	-0.018518519	-0.003197442

1496211986837	0.002131628	-0.00532907	0.00532907

1496211986847	-0.002131628	-0.00532907	0.010791367

1496211986861	-0.0065281107	0.0075939246	0.00532907

1496211986877	0.017452704	-0.016253663	0.010791367

1496211986887	0.00532907	-0.008659739	0.0075939246

1496211986897	0.003197442	-0.002131628	0.014122035

1496211986909	0.001065814	0.015187849	0.013056221

1496211986917	0.0075939246	-0.016253663	0.016253663

1496211986927	0.001065814	-0.004263256	0.0119904075

1496211986937	0.0	0.0	0.014122035

1496211986947	0.0119904075	-0.0065281107	0.021715961

1496211986958	-0.002131628	-0.002131628	0.023980815

1496211986967	-0.0075939246	-0.003197442	0.017452704

1496211986977	0.0065281107	-0.004263256	0.016253663

1496211986987	-0.0119904075	0.00532907	0.019584332

1496211986997	0.013056221	-0.014122035	0.016253663

1496211987009	0.0	0.0065281107	0.010791367

1496211987017	0.0	0.001065814	0.010791367

1496211987027	0.0	-0.004263256	0.014122035

1496211987037	0.0065281107	0.0	0.022781774

1496211987047	0.02504663	-0.009725553	0.0119904075

1496211987058	0.013056221	0.0	0.014122035

1496211987067	0.008659739	-0.0075939246	0.009725553

1496211987077	0.0065281107	-0.009725553	0.001065814

1496211987087	0.004263256	-0.0119904075	0.009725553

1496211987097	0.027178258	-0.018518519	0.0075939246

1496211987110	0.0119904075	-0.00532907	0.00532907

1496211987117	0.016253663	-0.015187849	-0.002131628

1496211987127	0.008659739	-0.003197442	0.002131628

1496211987137	0.016253663	-0.00532907	0.004263256

1496211987148	0.021715961	0.004263256	0.00532907

1496211987159	0.0075939246	0.0065281107	0.003197442

1496211987167	0.018518519	0.004263256	0.0

1496211987177	0.02824407	-0.00532907	0.004263256

1496211987187	0.002131628	0.016253663	0.0065281107

1496211987197	0.017452704	0.002131628	0.001065814

1496211987209	0.008659739	0.013056221	0.00532907

1496211987217	0.019584332	0.004263256	0.008659739

1496211987227	0.030508926	-0.00532907	0.008659739

1496211987237	0.015187849	0.0119904075	0.00532907

1496211987247	0.023980815	0.003197442	0.001065814

1496211987262	0.015187849	0.002131628	0.003197442

1496211987276	0.015187849	0.00532907	-0.002131628

1496211987277	0.02504663	-0.00532907	0.010791367

1496211987287	0.013056221	0.0065281107	0.00532907

1496211987299	0.021715961	-0.002131628	0.014122035

1496211987308	0.001065814	0.001065814	0.0065281107

1496211987319	0.029443111	-0.022781774	0.0119904075

1496211987327	0.002131628	-0.002131628	0.014122035

1496211987337	0.003197442	-0.00532907	0.009725553

1496211987347	0.014122035	-0.002131628	0.014122035

1496211987358	-0.003197442	-0.00532907	0.004263256

1496211987367	0.021715961	-0.023980815	0.010791367

