1495319041948	22.2	6.0	-36.3

1495319042045	22.14	6.0	-36.66

1495319042144	22.02	6.06	-36.48

1495319042245	22.26	5.94	-36.78

1495319042344	22.2	6.06	-36.78

1495319042455	22.5	6.18	-36.6

1495319042544	22.5	6.06	-36.78

1495319042645	22.74	6.3	-36.96

1495319042744	22.56	6.18	-36.84

1495319042845	22.38	6.06	-36.6

1495319042944	22.5	6.3	-36.72

1495319043046	22.26	6.36	-36.96

1495319043151	22.2	6.42	-37.14

1495319043245	22.14	6.54	-37.2

1495319043344	21.9	6.6	-37.38

1495319043453	21.66	6.36	-37.32

1495319043544	21.9	6.48	-37.26

1495319043645	22.02	6.72	-37.38

1495319043744	21.96	6.84	-37.44

1495319043845	22.14	6.96	-37.38

1495319043944	22.26	6.96	-37.32

1495319044045	22.26	6.84	-37.2

1495319044144	22.26	6.84	-37.08

1495319044248	22.2	7.02	-37.14

1495319044344	22.2	7.14	-37.02

1495319044445	22.08	7.08	-36.96

1495319044544	22.08	6.84	-36.78

1495319044645	22.08	6.6	-36.54

1495319044744	21.9	6.3	-36.42

1495319044845	21.72	6.48	-36.6

1495319044945	21.9	6.36	-36.54

1495319045054	21.96	6.3	-36.66

1495319045145	21.84	6.06	-36.84

1495319045245	21.84	6.06	-37.02

1495319045460	21.78	6.0	-37.2

1495319045545	21.78	6.18	-37.26

1495319045663	21.96	6.24	-37.26

1495319045745	21.66	6.24	-37.56

1495319045845	21.66	6.3	-37.5

1495319045945	21.6	6.42	-37.68

1495319046049	21.54	6.48	-37.44

1495319046157	21.84	6.48	-37.62

1495319046253	21.9	6.6	-37.74

1495319046345	22.14	6.72	-37.62

1495319046445	21.78	6.66	-37.62

1495319046545	22.08	6.72	-37.5

1495319046646	22.14	6.3	-37.32

1495319046757	22.26	6.48	-37.14

1495319046845	22.5	6.42	-37.2

