1495996607632	0.004263256	-0.004263256	0.014122035

1495996607655	0.0075939246	-0.004263256	0.018518519

1495996607658	0.0075939246	-0.004263256	0.016253663

1495996607669	0.009725553	-0.004263256	0.013056221

1495996607681	0.0065281107	-0.003197442	0.010791367

1495996607690	0.00532907	-0.008659739	0.016253663

1495996607700	0.00532907	-0.0075939246	0.013056221

1495996607710	0.009725553	-0.001065814	0.008659739

1495996607718	0.008659739	-0.00532907	0.0075939246

1495996607730	0.008659739	-0.003197442	0.014122035

1495996607740	0.0075939246	-0.001065814	0.014122035

1495996607748	0.0065281107	-0.001065814	0.014122035

1495996607758	0.00532907	-0.003197442	0.020650147

1495996607768	0.0065281107	-0.0065281107	0.016253663

1495996607778	0.0075939246	-0.003197442	0.017452704

1495996607791	0.00532907	-0.009725553	0.0075939246

1495996607799	0.0075939246	-0.0075939246	0.0075939246

1495996607808	0.0065281107	-0.003197442	0.014122035

1495996607818	0.002131628	-0.003197442	0.010791367

1495996607828	0.010791367	-0.008659739	0.0065281107

1495996607841	0.0075939246	-0.0065281107	0.0065281107

1495996607849	0.009725553	-0.004263256	0.008659739

1495996607858	0.0065281107	-0.002131628	0.016253663

1495996607868	0.0065281107	-0.008659739	0.015187849

1495996607878	0.0119904075	-0.002131628	0.016253663

1495996607893	0.009725553	-0.003197442	0.013056221

1495996607898	0.003197442	-0.001065814	0.017452704

1495996607908	0.004263256	0.0	0.014122035

1495996607918	0.0065281107	-0.00532907	0.008659739

1495996607928	0.004263256	-0.002131628	0.010791367

1495996607941	0.0075939246	-0.002131628	0.014122035

1495996607948	0.009725553	-0.0065281107	0.015187849

1495996607958	0.0119904075	-0.002131628	0.014122035

1495996607968	0.013056221	-0.003197442	0.0119904075

1495996607978	0.0075939246	-0.003197442	0.015187849

1495996607995	0.008659739	-0.0065281107	0.015187849

1495996608008	0.010791367	-0.001065814	0.009725553

1495996608032	0.0075939246	-0.003197442	0.0119904075

1495996608035	0.010791367	-0.003197442	0.017452704

1495996608041	0.0075939246	0.0	0.015187849

1495996608048	0.0075939246	-0.003197442	0.015187849

1495996608059	0.009725553	-0.00532907	0.015187849

1495996608068	0.0119904075	-0.002131628	0.016253663

1495996608078	0.009725553	-0.008659739	0.016253663

1495996608092	0.0119904075	-0.004263256	0.0119904075

1495996608098	0.0065281107	0.001065814	0.017452704

1495996608109	0.0075939246	-0.0065281107	0.013056221

1495996608120	0.0075939246	-0.0075939246	0.013056221

1495996608128	0.008659739	-0.004263256	0.013056221

1495996608140	0.00532907	-0.00532907	0.013056221

1495996608148	0.0075939246	-0.0075939246	0.015187849

1495996608158	0.0065281107	-0.003197442	0.008659739

1495996608168	0.0075939246	0.002131628	0.010791367

1495996608178	0.009725553	-0.004263256	0.013056221

1495996608193	0.008659739	-0.002131628	0.015187849

1495996608208	0.0065281107	-0.001065814	0.0119904075

1495996608218	0.0075939246	-0.0075939246	0.009725553

1495996608228	0.008659739	-0.00532907	0.00532907

1495996608240	0.00532907	-0.00532907	0.013056221

1495996608248	0.0065281107	-0.008659739	0.014122035

1495996608258	0.0065281107	-0.004263256	0.0075939246

1495996608268	0.0075939246	-0.004263256	0.013056221

1495996608278	0.0075939246	-0.00532907	0.009725553

1495996608292	0.009725553	-0.0075939246	0.013056221

1495996608298	0.009725553	-0.003197442	0.015187849

1495996608309	0.00532907	0.001065814	0.017452704

1495996608318	0.0065281107	-0.004263256	0.014122035

1495996608328	0.0075939246	-0.002131628	0.010791367

1495996608340	0.00532907	-0.001065814	0.010791367

1495996608348	0.0065281107	-0.0065281107	0.010791367

1495996608358	0.008659739	-0.003197442	0.014122035

1495996608369	0.009725553	-0.002131628	0.013056221

1495996608378	0.010791367	-0.003197442	0.014122035

1495996608391	0.002131628	-0.002131628	0.013056221

1495996608398	0.0075939246	-0.002131628	0.010791367

1495996608408	0.00532907	-0.001065814	0.0119904075

1495996608418	0.0065281107	-0.003197442	0.0119904075

1495996608428	0.0065281107	-0.0075939246	0.009725553

1495996608440	0.008659739	-0.00532907	0.0065281107

1495996608449	0.0075939246	-0.002131628	0.009725553

1495996608458	0.0075939246	0.0	0.010791367

1495996608468	0.0075939246	-0.004263256	0.010791367

1495996608479	0.010791367	-0.00532907	0.008659739

1495996608496	0.008659739	-0.003197442	0.0119904075

1495996608498	0.0065281107	-0.00532907	0.008659739

1495996608509	0.002131628	-0.008659739	0.014122035

1495996608518	0.003197442	-0.003197442	0.016253663

1495996608528	0.0065281107	-0.009725553	0.010791367

1495996608540	0.009725553	-0.0065281107	0.014122035

1495996608549	0.009725553	-0.00532907	0.018518519

1495996608558	0.008659739	-0.003197442	0.016253663

1495996608568	0.002131628	-0.002131628	0.009725553

1495996608578	0.002131628	-0.001065814	0.010791367

1495996608592	0.008659739	0.001065814	0.0065281107

1495996608608	0.008659739	-0.004263256	0.0065281107

1495996608618	0.0065281107	-0.010791367	0.009725553

1495996608629	0.009725553	-0.004263256	0.008659739

1495996608641	0.0065281107	-0.002131628	0.014122035

1495996608648	0.0075939246	-0.0075939246	0.008659739

1495996608659	0.009725553	-0.002131628	0.0119904075

1495996608669	0.008659739	-0.00532907	0.0065281107

1495996608679	0.010791367	-0.002131628	0.0065281107

1495996608705	0.003197442	-0.013056221	0.013056221

1495996608713	0.008659739	-0.0119904075	0.015187849

1495996608725	0.008659739	-0.002131628	0.017452704

1495996608726	0.008659739	-0.001065814	0.017452704

1495996608728	0.008659739	0.0	0.016253663

1495996608740	0.004263256	-0.004263256	0.013056221

1495996608748	0.00532907	-0.004263256	0.00532907

1495996608759	0.0065281107	-0.003197442	0.010791367

1495996608768	0.009725553	-0.001065814	0.014122035

1495996608778	0.0075939246	-0.00532907	0.013056221

1495996608790	0.00532907	-0.00532907	0.013056221

1495996608799	0.009725553	-0.00532907	0.009725553

1495996608808	0.009725553	-0.004263256	0.009725553

1495996608818	0.009725553	-0.004263256	0.010791367

1495996608828	0.0065281107	-0.003197442	0.009725553

1495996608840	0.0065281107	-0.008659739	0.010791367

1495996608848	0.0065281107	-0.010791367	0.009725553

1495996608858	0.009725553	-0.001065814	0.010791367

1495996608868	0.008659739	-0.00532907	0.014122035

1495996608878	0.009725553	-0.002131628	0.015187849

1495996608891	0.0119904075	-0.004263256	0.010791367

1495996608898	0.008659739	-0.001065814	0.010791367

1495996608908	0.004263256	0.002131628	0.016253663

1495996608918	0.008659739	-0.002131628	0.013056221

1495996608929	0.008659739	-0.003197442	0.008659739

1495996608942	0.0075939246	-0.0065281107	0.013056221

1495996608949	0.0075939246	-0.008659739	0.016253663

1495996608958	0.0065281107	-0.004263256	0.0119904075

1495996608968	0.004263256	-0.003197442	0.010791367

1495996608978	0.004263256	-0.004263256	0.010791367

1495996608994	0.0065281107	-0.003197442	0.015187849

1495996609008	0.004263256	-0.00532907	0.016253663

1495996609018	0.013056221	-0.003197442	0.015187849

1495996609028	0.009725553	-0.001065814	0.0119904075

1495996609044	0.0075939246	-0.003197442	0.0119904075

1495996609048	0.00532907	-0.00532907	0.015187849

1495996609060	0.00532907	-0.001065814	0.018518519

1495996609068	0.0065281107	-0.00532907	0.013056221

1495996609078	0.0065281107	-0.004263256	0.0075939246

1495996609093	0.004263256	-0.004263256	0.014122035

1495996609098	0.004263256	-0.001065814	0.0119904075

1495996609108	0.004263256	-0.001065814	0.014122035

1495996609122	0.003197442	-0.00532907	0.010791367

1495996609128	0.00532907	-0.009725553	0.00532907

1495996609140	0.004263256	-0.00532907	0.0119904075

1495996609148	0.00532907	-0.004263256	0.010791367

1495996609158	0.0065281107	-0.003197442	0.019584332

1495996609168	0.010791367	0.0	0.013056221

1495996609178	0.0075939246	-0.0075939246	0.014122035

1495996609191	0.004263256	-0.0075939246	0.009725553

1495996609198	0.008659739	-0.003197442	0.009725553

1495996609208	0.00532907	-0.0065281107	0.016253663

1495996609218	0.010791367	-0.004263256	0.0119904075

1495996609229	0.008659739	-0.010791367	0.0065281107

1495996609250	0.00532907	-0.0075939246	0.015187849

1495996609253	0.00532907	-0.0075939246	0.015187849

1495996609258	0.0065281107	-0.0065281107	0.014122035

1495996609268	0.010791367	0.001065814	0.013056221

1495996609278	0.0075939246	0.0	0.014122035

1495996609291	0.0065281107	-0.004263256	0.018518519

1495996609298	0.010791367	-0.002131628	0.013056221

1495996609308	0.013056221	0.004263256	0.016253663

1495996609318	0.010791367	-0.004263256	0.019584332

1495996609328	0.008659739	-0.00532907	0.004263256

1495996609339	0.0075939246	-0.004263256	0.0065281107

1495996609348	0.009725553	-0.002131628	0.015187849

1495996609358	0.013056221	0.0	0.013056221

1495996609368	0.009725553	-0.002131628	0.013056221

1495996609378	0.0075939246	-0.00532907	0.0065281107

1495996609396	0.008659739	-0.0065281107	0.004263256

1495996609403	0.008659739	-0.0075939246	0.016253663

1495996609408	0.00532907	-0.0075939246	0.009725553

1495996609419	0.0075939246	-0.001065814	0.0119904075

1495996609428	0.0065281107	-0.001065814	0.014122035

1495996609438	0.008659739	-0.001065814	0.0119904075

1495996609448	0.0075939246	-0.002131628	0.013056221

1495996609458	0.00532907	-0.003197442	0.009725553

1495996609470	0.0065281107	-0.001065814	0.0119904075

1495996609478	0.009725553	0.001065814	0.0075939246

1495996609491	0.013056221	-0.008659739	0.00532907

1495996609498	0.009725553	-0.0075939246	0.014122035

1495996609508	0.004263256	-0.003197442	0.014122035

1495996609518	0.0075939246	-0.004263256	0.014122035

1495996609528	0.0065281107	-0.0075939246	0.008659739

1495996609540	0.0065281107	-0.009725553	0.015187849

1495996609548	0.0075939246	-0.0075939246	0.015187849

1495996609558	0.008659739	-0.0075939246	0.008659739

1495996609568	0.0065281107	-0.0075939246	0.00532907

1495996609578	0.009725553	-0.00532907	0.008659739

1495996609592	0.0075939246	-0.00532907	0.013056221

1495996609608	0.008659739	-0.0065281107	0.003197442

1495996609618	0.009725553	-0.0065281107	0.010791367

1495996609628	0.0075939246	-0.001065814	0.008659739

1495996609642	0.008659739	-0.002131628	0.0119904075

1495996609648	0.0119904075	0.0	0.014122035

1495996609658	0.008659739	-0.003197442	0.0075939246

1495996609668	0.008659739	-0.001065814	0.008659739

1495996609678	0.0065281107	-0.0075939246	0.009725553

1495996609691	0.010791367	-0.004263256	0.0065281107

1495996609698	0.009725553	-0.010791367	0.010791367

1495996609709	0.009725553	-0.0075939246	0.0119904075

1495996609718	0.0075939246	-0.003197442	0.009725553

1495996609728	0.0065281107	-0.004263256	0.013056221

1495996609745	0.009725553	-0.0065281107	0.008659739

1495996609759	0.0075939246	-0.003197442	0.013056221

1495996609769	0.009725553	-0.004263256	0.013056221

1495996609784	0.009725553	-0.00532907	0.0119904075

1495996609791	0.00532907	-0.004263256	0.014122035

1495996609799	0.009725553	-0.00532907	0.014122035

1495996609808	0.010791367	-0.00532907	0.0119904075

1495996609818	0.0119904075	-0.001065814	0.013056221

1495996609828	0.0075939246	-0.004263256	0.014122035

1495996609840	0.0065281107	-0.0065281107	0.014122035

1495996609848	0.00532907	-0.008659739	0.018518519

1495996609858	0.0075939246	-0.00532907	0.0065281107

1495996609868	0.009725553	-0.010791367	0.009725553

1495996609878	0.008659739	-0.009725553	0.0119904075

1495996609892	0.008659739	-0.002131628	0.009725553

1495996609898	0.0075939246	-0.004263256	0.010791367

1495996609908	0.009725553	-0.004263256	0.0065281107

1495996609918	0.0065281107	-0.004263256	0.010791367

1495996609928	0.010791367	-0.004263256	0.015187849

1495996609942	0.008659739	-0.001065814	0.014122035

1495996609950	0.0065281107	-0.001065814	0.013056221

1495996609958	0.010791367	-0.00532907	0.015187849

1495996609968	0.0119904075	-0.0075939246	0.0119904075

1495996609978	0.009725553	-0.0065281107	0.0065281107

1495996609994	0.00532907	-0.003197442	0.0119904075

1495996610008	0.00532907	-0.001065814	0.0119904075

1495996610018	0.003197442	-0.00532907	0.008659739

1495996610029	0.00532907	-0.004263256	0.009725553

1495996610042	0.0119904075	-0.004263256	0.009725553

1495996610048	0.003197442	-0.004263256	0.010791367

1495996610058	0.0075939246	-0.0065281107	0.016253663

1495996610068	0.0075939246	-0.0065281107	0.017452704

1495996610078	0.0065281107	-0.004263256	0.015187849

1495996610091	0.0065281107	-0.00532907	0.013056221

1495996610099	0.0065281107	-0.00532907	0.010791367

1495996610108	0.004263256	-0.009725553	0.017452704

1495996610118	0.002131628	-0.0075939246	0.014122035

1495996610129	0.0075939246	-0.001065814	0.014122035

1495996610142	0.0075939246	0.0	0.0119904075

1495996610148	0.009725553	-0.003197442	0.016253663

1495996610158	0.0075939246	-0.00532907	0.017452704

1495996610168	0.008659739	-0.002131628	0.0119904075

1495996610178	0.002131628	-0.00532907	0.009725553

1495996610193	0.008659739	-0.003197442	0.015187849

1495996610208	0.008659739	-0.002131628	0.013056221

1495996610218	0.0075939246	-0.001065814	0.013056221

1495996610228	0.0065281107	-0.001065814	0.0119904075

1495996610241	0.004263256	-0.001065814	0.015187849

1495996610249	0.0075939246	0.0	0.00532907

1495996610258	0.008659739	-0.001065814	0.014122035

1495996610268	0.0075939246	-0.001065814	0.014122035

1495996610279	0.009725553	-0.003197442	0.004263256

1495996610294	0.0065281107	0.0	0.009725553

1495996610298	0.008659739	-0.00532907	0.010791367

1495996610311	0.0065281107	-0.009725553	0.009725553

1495996610319	0.00532907	-0.008659739	0.008659739

1495996610329	0.0065281107	-0.002131628	0.009725553

1495996610342	0.004263256	-0.003197442	0.014122035

1495996610348	0.0075939246	-0.003197442	0.014122035

1495996610358	0.0075939246	-0.008659739	0.013056221

1495996610368	0.004263256	-0.0075939246	0.016253663

1495996610378	0.0075939246	-0.0075939246	0.013056221

1495996610391	0.0075939246	-0.003197442	0.017452704

1495996610409	0.008659739	-0.00532907	0.016253663

1495996610418	0.0075939246	0.0	0.013056221

1495996610428	0.003197442	0.001065814	0.014122035

1495996610440	0.0065281107	-0.00532907	0.013056221

1495996610448	0.008659739	-0.00532907	0.00532907

1495996610458	0.014122035	-0.001065814	0.009725553

1495996610468	0.010791367	0.001065814	0.013056221

1495996610478	0.009725553	-0.003197442	0.015187849

1495996610493	0.0065281107	-0.010791367	0.0119904075

1495996610498	0.004263256	-0.010791367	0.0075939246

1495996610508	0.010791367	-0.00532907	0.0119904075

1495996610518	0.008659739	-0.002131628	0.0119904075

1495996610528	0.00532907	0.001065814	0.016253663

1495996610540	0.009725553	-0.001065814	0.013056221

1495996610548	0.0119904075	-0.00532907	0.010791367

1495996610558	0.008659739	0.0	0.013056221

1495996610568	0.009725553	0.0	0.014122035

1495996610578	0.00532907	-0.002131628	0.0119904075

1495996610591	0.008659739	-0.0065281107	0.0065281107

1495996610608	0.00532907	-0.003197442	0.002131628

1495996610618	0.0065281107	-0.00532907	0.008659739

1495996610628	0.0065281107	-0.00532907	0.009725553

1495996610640	0.0065281107	0.001065814	0.013056221

1495996610648	0.00532907	-0.002131628	0.015187849

1495996610658	-0.003197442	-0.0065281107	0.018518519

1495996610668	0.003197442	0.0	0.014122035

1495996610678	0.0065281107	-0.004263256	0.0119904075

1495996610691	0.010791367	-0.00532907	0.008659739

1495996610699	0.008659739	-0.00532907	0.014122035

1495996610708	0.00532907	-0.008659739	0.009725553

1495996610718	0.0065281107	-0.003197442	0.0065281107

1495996610729	0.0065281107	-0.00532907	0.004263256

1495996610741	0.010791367	-0.0065281107	0.009725553

1495996610748	0.0075939246	-0.0075939246	0.010791367

1495996610759	0.004263256	-0.008659739	0.0119904075

1495996610769	0.0065281107	-0.0075939246	0.013056221

1495996610778	0.00532907	-0.003197442	0.014122035

1495996610793	0.009725553	-0.0075939246	0.0119904075

1495996610808	0.0065281107	-0.009725553	0.014122035

1495996610818	0.0065281107	-0.014122035	0.0119904075

1495996610828	0.0065281107	-0.008659739	0.010791367

1495996610841	0.008659739	-0.00532907	0.009725553

1495996610849	0.0065281107	-0.013056221	0.0119904075

1495996610858	0.008659739	-0.00532907	0.0065281107

1495996610868	0.0075939246	-0.0075939246	0.008659739

1495996610878	0.009725553	-0.004263256	0.014122035

1495996610891	0.0075939246	-0.004263256	0.013056221

1495996610898	0.0075939246	-0.003197442	0.009725553

1495996610908	0.009725553	-0.0065281107	0.016253663

1495996610918	0.0065281107	-0.010791367	0.009725553

1495996610928	0.008659739	-0.001065814	0.008659739

1495996610940	0.010791367	-0.004263256	0.013056221

1495996610948	0.0065281107	0.0	0.015187849

1495996610959	0.0075939246	-0.003197442	0.013056221

1495996610968	0.009725553	-0.003197442	0.016253663

1495996610978	0.00532907	-0.0075939246	0.015187849

1495996610995	0.0119904075	-0.001065814	0.017452704

1495996611008	0.004263256	-0.004263256	0.014122035

1495996611018	0.0065281107	-0.004263256	0.0119904075

1495996611029	0.0065281107	-0.001065814	0.0119904075

1495996611041	0.0119904075	0.0	0.0119904075

1495996611051	0.003197442	-0.004263256	0.014122035

1495996611058	0.00532907	-0.0065281107	0.017452704

1495996611068	0.010791367	-0.003197442	0.015187849

1495996611078	0.0075939246	0.002131628	0.013056221

1495996611093	0.00532907	-0.002131628	0.016253663

1495996611098	0.0075939246	-0.004263256	0.015187849

1495996611108	0.0075939246	-0.001065814	0.0119904075

1495996611123	0.0075939246	-0.003197442	0.008659739

1495996611128	0.0065281107	-0.003197442	0.008659739

1495996611141	0.0075939246	-0.0075939246	0.014122035

1495996611148	0.0075939246	-0.001065814	0.014122035

1495996611158	0.0075939246	-0.002131628	0.013056221

1495996611168	0.009725553	-0.004263256	0.017452704

1495996611178	0.0065281107	-0.00532907	0.014122035

1495996611192	0.008659739	-0.004263256	0.009725553

1495996611208	0.0065281107	-0.0075939246	0.010791367

1495996611218	0.004263256	-0.003197442	0.014122035

1495996611228	0.0119904075	-0.004263256	0.00532907

1495996611240	0.0075939246	-0.00532907	0.008659739

1495996611248	0.0065281107	0.0	0.010791367

1495996611258	0.0065281107	-0.00532907	0.014122035

1495996611268	0.009725553	-0.0119904075	0.015187849

1495996611278	0.0075939246	-0.003197442	0.018518519

1495996611291	0.008659739	-0.002131628	0.013056221

1495996611298	0.008659739	-0.00532907	0.013056221

1495996611308	0.008659739	0.0	0.013056221

1495996611318	0.0119904075	-0.002131628	0.009725553

1495996611329	0.010791367	-0.0065281107	0.0075939246

1495996611345	0.008659739	-0.00532907	0.017452704

1495996611352	0.00532907	-0.00532907	0.016253663

1495996611359	0.008659739	-0.002131628	0.016253663

1495996611387	0.008659739	-0.00532907	0.0119904075

1495996611392	0.0075939246	-0.008659739	0.0119904075

1495996611393	0.004263256	-0.001065814	0.015187849

1495996611410	0.0119904075	-0.001065814	0.015187849

1495996611418	0.008659739	-0.00532907	0.015187849

1495996611429	0.00532907	-0.010791367	0.013056221

1495996611442	0.00532907	-0.010791367	0.017452704

1495996611448	0.00532907	-0.0065281107	0.004263256

1495996611458	0.0065281107	-0.002131628	0.0075939246

1495996611468	0.009725553	0.0	0.008659739

1495996611479	0.0075939246	-0.003197442	0.014122035

1495996611492	0.0065281107	-0.008659739	0.016253663

1495996611505	0.009725553	-0.0075939246	0.009725553

1495996611509	0.008659739	-0.004263256	0.008659739

1495996611547	0.008659739	-0.004263256	0.009725553

1495996611554	0.008659739	-0.002131628	0.013056221

1495996611555	0.0075939246	-0.0065281107	0.013056221

1495996611558	0.009725553	-0.002131628	0.017452704

1495996611568	0.010791367	-0.004263256	0.015187849

1495996611578	0.010791367	-0.010791367	0.008659739

1495996611591	0.008659739	-0.0075939246	0.008659739

1495996611608	0.008659739	-0.009725553	0.010791367

1495996611618	0.0119904075	-0.014122035	0.00532907

1495996611628	0.00532907	-0.013056221	0.010791367

1495996611640	0.00532907	-0.0065281107	0.014122035

1495996611648	0.010791367	0.002131628	0.016253663

1495996611658	0.008659739	-0.003197442	0.010791367

1495996611668	0.0065281107	-0.0065281107	0.0075939246

1495996611678	0.0065281107	-0.003197442	0.013056221

1495996611693	0.0065281107	-0.00532907	0.015187849

1495996611698	0.00532907	-0.004263256	0.010791367

1495996611708	0.00532907	-0.00532907	0.013056221

1495996611718	0.0075939246	-0.009725553	0.0119904075

1495996611728	0.004263256	-0.0075939246	0.016253663

1495996611740	0.004263256	-0.002131628	0.013056221

1495996611748	0.0065281107	-0.003197442	0.0119904075

1495996611758	0.0065281107	-0.002131628	0.0075939246

1495996611768	0.0075939246	-0.0065281107	0.008659739

1495996611778	0.010791367	-0.00532907	0.010791367

1495996611792	0.009725553	-0.0065281107	0.0065281107

1495996611808	0.0075939246	-0.009725553	0.010791367

1495996611818	0.0119904075	-0.002131628	0.002131628

1495996611828	0.010791367	-0.003197442	0.010791367

1495996611846	0.004263256	-0.003197442	0.010791367

1495996611850	0.0065281107	-0.00532907	0.0119904075

1495996611859	0.0119904075	-0.008659739	0.0065281107

1495996611869	0.008659739	-0.003197442	0.0119904075

1495996611878	0.00532907	-0.004263256	0.016253663

1495996611891	0.0065281107	-0.0065281107	0.010791367

1495996611898	0.008659739	-0.013056221	0.008659739

1495996611909	0.0119904075	-0.0075939246	0.009725553

1495996611918	0.0075939246	-0.0075939246	0.010791367

1495996611928	0.0119904075	-0.004263256	0.010791367

1495996611942	0.0119904075	0.004263256	0.014122035

1495996611948	0.010791367	-0.002131628	0.010791367

1495996611958	0.0065281107	-0.0065281107	0.010791367

1495996611968	0.003197442	-0.002131628	0.016253663

1495996611978	0.0075939246	0.001065814	0.016253663

1495996611994	0.0075939246	-0.009725553	0.0065281107

1495996612008	0.008659739	-0.00532907	0.009725553

1495996612018	0.00532907	-0.004263256	0.0075939246

1495996612028	0.0075939246	0.0	0.008659739

1495996612042	0.0119904075	-0.008659739	0.0075939246

1495996612050	0.0119904075	-0.0075939246	0.009725553

1495996612058	0.0119904075	0.0	0.015187849

1495996612068	0.0075939246	-0.004263256	0.015187849

1495996612078	0.008659739	-0.00532907	0.016253663

1495996612091	0.008659739	-0.0065281107	0.013056221

1495996612098	0.0065281107	-0.0075939246	0.009725553

1495996612108	0.0075939246	-0.010791367	0.0119904075

1495996612118	0.0075939246	-0.00532907	0.014122035

1495996612128	0.008659739	-0.00532907	0.0119904075

1495996612141	0.009725553	-0.003197442	0.008659739

1495996612149	0.009725553	-0.004263256	0.008659739

1495996612158	0.00532907	-0.0065281107	0.016253663

1495996612168	0.0065281107	-0.004263256	0.0119904075

1495996612178	0.004263256	-0.00532907	0.008659739

1495996612191	0.0075939246	-0.004263256	0.003197442

1495996612208	0.008659739	-0.003197442	0.00532907

1495996612218	0.00532907	-0.00532907	0.010791367

1495996612229	0.0075939246	-0.002131628	0.008659739

1495996612244	0.010791367	-0.00532907	0.013056221

1495996612248	0.0075939246	-0.0075939246	0.0119904075

1495996612259	0.010791367	-0.0075939246	0.013056221

1495996612268	0.013056221	-0.002131628	0.013056221

1495996612278	0.009725553	-0.00532907	0.0075939246

1495996612291	0.009725553	-0.004263256	0.013056221

1495996612298	0.00532907	-0.004263256	0.0119904075

1495996612308	0.0075939246	-0.0065281107	0.013056221

1495996612319	0.008659739	-0.003197442	0.0119904075

1495996612328	0.009725553	-0.0065281107	0.009725553

1495996612340	0.0075939246	-0.0075939246	0.014122035

1495996612348	0.0075939246	-0.004263256	0.010791367

1495996612358	0.0	-0.008659739	0.0075939246

1495996612368	0.0075939246	-0.008659739	0.0119904075

1495996612379	0.010791367	-0.00532907	0.009725553

1495996612396	0.009725553	-0.00532907	0.015187849

1495996612409	0.010791367	0.002131628	0.018518519

1495996612419	0.009725553	0.002131628	0.018518519

1495996612429	0.00532907	-0.003197442	0.010791367

1495996612441	0.010791367	-0.002131628	0.009725553

1495996612449	0.009725553	-0.003197442	0.0075939246

1495996612460	0.00532907	-0.0065281107	0.0119904075

1495996612468	0.0075939246	-0.004263256	0.013056221

1495996612478	0.009725553	-0.003197442	0.014122035

1495996612491	0.0075939246	-0.004263256	0.009725553

1495996612498	0.0075939246	-0.003197442	0.009725553

1495996612508	0.009725553	-0.003197442	0.010791367

1495996612518	0.009725553	-0.004263256	0.010791367

1495996612528	0.008659739	-0.002131628	0.008659739

1495996612543	0.008659739	-0.0065281107	0.0119904075

1495996612548	0.0075939246	-0.00532907	0.010791367

1495996612558	0.0075939246	-0.001065814	0.010791367

1495996612568	0.009725553	-0.003197442	0.016253663

1495996612578	0.008659739	-0.004263256	0.018518519

1495996612591	0.00532907	-0.001065814	0.018518519

1495996612608	0.008659739	-0.004263256	0.010791367

1495996612618	0.0065281107	-0.001065814	0.0075939246

