1496004373650	28.86	13.08	-28.56

1496004373751	28.74	12.84	-28.74

1496004373849	28.8	12.72	-28.86

1496004373948	28.68	12.84	-29.04

1496004374049	28.62	12.96	-29.34

1496004374149	28.44	13.26	-29.4

1496004374251	28.32	13.14	-29.28

1496004374353	28.38	13.26	-29.28

1496004374449	28.32	13.14	-29.1

1496004374550	28.5	12.9	-28.8

1496004374649	28.44	13.08	-28.74

1496004374757	28.68	13.08	-28.62

1496004374857	28.74	13.02	-28.32

1496004374949	28.8	12.84	-28.32

1496004375049	28.92	13.14	-28.5

1496004375149	28.8	13.14	-28.56

1496004375249	28.8	13.02	-28.62

1496004375349	28.74	13.2	-28.74

1496004375450	28.86	12.9	-28.62

1496004375549	28.74	13.02	-28.74

1496004375649	28.74	12.96	-28.98

1496004375749	28.56	12.9	-28.98

1496004375849	28.44	12.84	-28.92

1496004375960	28.44	12.66	-28.86

1496004376048	28.38	13.08	-28.86

1496004376149	28.38	13.08	-28.98

1496004376249	28.38	13.2	-29.16

1496004376349	28.44	13.26	-29.28

1496004376451	28.62	13.44	-29.04

1496004376550	28.68	13.74	-28.86

1496004376649	28.74	13.5	-28.98

1496004376749	28.68	13.56	-28.92

1496004376861	28.62	13.32	-28.92

1496004376950	28.56	13.2	-28.92

1496004377049	28.38	13.26	-28.92

1496004377149	28.5	13.32	-28.86

1496004377250	28.32	13.32	-29.04

1496004377353	28.38	13.14	-28.86

1496004377449	28.26	13.38	-28.68

1496004377550	28.32	13.38	-28.74

1496004377649	28.26	13.5	-28.32

1496004377752	28.56	13.5	-28.32

1496004377849	28.74	13.38	-28.26

1496004377956	28.8	13.2	-28.2

1496004378049	28.92	12.96	-28.08

1496004378149	28.92	13.14	-28.5

1496004378249	29.1	13.14	-28.68

1496004378349	29.1	13.26	-28.74

1496004378449	29.34	13.14	-29.1

1496004378549	29.1	13.26	-29.1

