1496747953987	-0.5071942	0.6554756	-0.27378097

1496747954008	-0.4820144	0.7078337	-0.21702638

1496747954009	-0.45043966	0.745004	-0.15161204

1496747954018	-0.40900612	0.7263523	-0.077404745

1496747954028	-0.35225153	0.7067679	-0.016253663

1496747954038	-0.25632828	0.70889956	0.019584332

1496747954047	-0.10684785	0.6751932	0.061017852

1496747954057	0.067545965	0.5824674	0.07300826

1496747954067	0.21596056	0.48094857	0.07633893

1496747954079	0.34359178	0.41113776	0.037037037

1496747954087	0.470024	0.3511857	-0.009725553

1496747954097	0.58792967	0.2813749	-0.054489743

1496747954108	0.7057021	0.20823342	-0.10351719

1496747954116	0.85731417	0.10578204	-0.101385556

1496747954145	1.0831335	-0.042499334	-0.074074075

1496747954147	1.3077538	-0.17119637	-0.018518519

1496747954155	1.6088463	-0.3730349	0.2136957

1496747954167	1.6536105	-0.47228885	0.35877964

1496747954177	1.5608846	-0.67292833	0.6577405

1496747954187	1.4834799	-0.81588066	0.77551293

1496747954197	1.3743671	-0.9555023	0.8551825

1496747954210	1.2248868	-1.1256329	0.8529177

1496747954220	1.0612843	-1.3645084	0.73727685

1496747954227	1.0297096	-1.3928857	0.5867306

1496747954237	1.0766054	-1.2641886	0.46029842

1496747954246	1.0917932	-1.1376232	0.34026113

1496747954257	1.0863309	-1.1060485	0.19850786

1496747954275	1.0808686	-1.0133227	0.06434852

1496747954285	1.092859	-0.90421	-0.046895817

1496747954291	1.1485479	-0.767919	-0.10471623

1496747954297	1.1889155	-0.5856648	-0.13189448

1496747954307	1.2128963	-0.44937384	-0.18212096

1496747954320	1.1975753	-0.39914736	-0.22568612

1496747954327	1.1834532	-0.3904876	-0.2529976

1496747954337	1.1464162	-0.42312816	-0.2464695

1496747954348	1.0820677	-0.4864109	-0.22568612

1496747954357	1.0067946	-0.49187317	-0.18105516

1496747954368	0.85731417	-0.5900613	-0.127498

1496747954378	0.44391152	-0.38502532	0.009725553

1496747954387	0.20823342	-0.3217426	0.051159073

1496747954397	-0.014122035	-0.23341326	0.06648015

1496747954407	-0.20823342	-0.15267786	0.07194245

1496747954417	-0.34572342	-0.080602184	0.07633893

1496747954429	-0.38062882	0.013056221	0.062083665

1496747954437	-0.31294963	0.11231015	0.0065281107

1496747954447	-0.18864909	0.1449507	-0.05995204

1496747954464	-0.003197442	0.101385556	-0.16679989

1496747954467	0.1897149	-0.042499334	-0.20503597

1496747954478	0.42965627	-0.052358113	-0.13415934

1496747954487	0.5343725	-0.04796163	-0.062083665

1496747954499	0.4351186	-0.052358113	0.017452704

1496747954508	0.2584599	0.16466826	0.098054886

1496747954517	-0.077404745	0.31734613	0.1329603

1496747954532	-0.492939	0.19850786	0.117772445

1496747954537	-0.79403144	0.1624034	0.107913665

1496747954551	-1.0602185	0.17226219	0.12323475

1496747954558	-1.2259526	0.15814015	0.07513989

1496747954567	-1.2368772	0.287903	-0.022781774

1496747954578	-1.0514256	0.7536637	-0.31521448

1496747954587	-0.941247	0.89221954	-0.37729818

1496747954602	-0.83439916	0.91073805	-0.3261391

1496747954607	-0.76019186	0.7492673	-0.21915801

1496747954617	-0.6707967	0.5103917	-0.108979486

1496747954628	-0.5518252	0.31294963	0.026112443

1496747954642	-0.40460965	0.196243	0.16360246

1496747954656	-0.28457233	0.14828138	0.26711965

1496747954657	-0.22688515	0.22795098	0.28030908

1496747954667	-0.25952572	0.26059154	0.2584599

1496747954679	-0.31734613	0.30095923	0.18651745

1496747954688	-0.4014122	0.30748734	0.12216893

1496747954699	-0.49520382	0.3042899	0.032640554

1496747954707	-0.5802025	0.27804422	-0.035971224

1496747954717	-0.6598721	0.2704503	-0.07847056

1496747954727	-0.7046363	0.3282707	-0.07513989

1496747954737	-0.73834264	0.33040234	-0.03157474

1496747954747	-0.7340794	0.2693845	0.009725553

1496747954757	-0.69584334	0.25406343	0.049027443

1496747954767	-0.66853184	0.18105516	0.10578204

1496747954779	-0.653344	-0.101385556	0.15707435

1496747954792	-0.6096456	-0.054489743	0.18318678

1496747954796	-0.598721	-0.117772445	0.26605383

1496747954807	-0.59765524	-0.26059154	0.2912337

1496747954817	-0.6314948	-0.18212096	0.29549694

1496747954827	-0.7208899	-0.021715961	0.31081802

1496747954838	-0.7721822	0.046895817	0.2628564

1496747954847	-0.8005596	0.018518519	0.16573408

1496747954857	-0.7624567	0.22901678	0.12976286

1496747954867	-0.69584334	0.3272049	0.10578204

1496747954878	-0.63589126	0.3261391	0.07300826

1496747954887	-0.58792967	0.34239274	0.039168663

1496747954897	-0.5301092	0.47548628	0.09259259

1496747954908	-0.4994671	0.5496936	0.117772445

1496747954917	-0.48427925	0.5452971	0.13189448

1496747954928	-0.4373834	0.48747668	0.1558753

1496747954938	-0.38062882	0.402478	0.19850786

1496747954947	-0.31294963	0.22901678	0.2813749

1496747954957	-0.2246203	0.098054886	0.34572342

1496747954967	-0.11444178	0.09259259	0.40460965

1496747954978	0.06314948	0.11990408	0.1449507

1496747954987	0.07300826	-0.077404745	-0.07513989

1496747954997	0.093791634	-0.29003465	-0.24860112

1496747955011	0.14068745	-0.41446844	-0.402478

1496747955018	0.20063949	-0.47335464	-0.51372236

1496747955027	0.28457233	-0.46349588	-0.54103386

1496747955037	0.35225153	-0.53663737	-0.49520382

1496747955047	0.45696777	-0.7067679	-0.41446844

1496747955057	0.6893152	-0.722089	-0.20503597

1496747955067	0.9816147	-0.64028776	0.05662137

1496747955078	1.2019718	-0.5736744	0.2300826

1496747955088	1.3535838	-0.52358115	0.3784972

1496747955097	1.41247	-0.515854	0.52025044

1496747955108	1.4158007	-0.51918465	0.63362646

1496747955117	1.3863575	-0.54209965	0.7351452

1496747955127	1.3535838	-0.5627498	0.7961631

1496747955137	1.3186784	-0.59765524	0.827871

1496747955147	1.2881695	-0.6751932	0.804956

1496747955157	1.2412736	-0.74380493	0.7330136

1496747955168	1.1464162	-0.8202771	0.6064482

1496747955178	0.90207833	-0.85398346	0.34132695

1496747955186	0.82134295	-0.8322675	0.31081802

1496747955197	0.79403144	-0.86930454	0.3206768

1496747955207	0.8148148	-0.9555023	0.2998934

1496747955217	0.86823875	-0.95989877	0.29229948

1496747955227	0.90207833	-0.9805489	0.24433786

1496747955237	0.89768183	-1.0001333	0.15374367

1496747955247	0.85078603	-0.98494536	0.067545965

1496747955257	0.7864375	-0.9555023	0.008659739

1496747955267	0.68598455	-0.9477751	-0.042499334

1496747955278	0.5627498	-0.93911535	-0.080602184

1496747955287	0.42645884	-0.88675725	-0.10471623

1496747955297	0.26392218	-0.7492673	-0.11670663

1496747955307	0.07633893	-0.6031175	-0.127498

1496747955317	-0.06648015	-0.3665068	-0.14068745

1496747955334	-0.19730882	-0.25632828	-0.16360246

1496747955337	-0.2475353	0.05009326	-0.1787903

1496747955352	-0.29443112	0.20943245	-0.22142287

1496747955367	-0.18864909	0.3261391	-0.264988

1496747955378	0.1897149	0.23661071	-0.41766587

1496747955393	0.4416467	0.2410072	-0.38502532

1496747955396	0.6239009	0.38928857	-0.2912337

1496747955407	0.51918465	0.33586463	-0.21156408

1496747955417	0.2704503	0.47988275	-0.14721556

1496747955427	0.02824407	0.63482547	-0.09925393

1496747955442	-0.2519318	0.4308553	-0.08499867

1496747955447	-0.5572875	-0.0065281107	-0.093791634

1496747955457	-0.81801224	-0.10471623	-0.12536637

1496747955467	-0.9990674	0.026112443	-0.20823342

1496747955480	-1.0154543	0.30535573	-0.40674126

1496747955493	-0.9118039	0.7111644	-0.70343727

1496747955496	-0.7809752	1.0110579	-0.9773514

1496747955507	-0.7624567	1.161604	-1.1048495

1496747955518	-0.80815345	1.1594725	-1.1071143

1496747955527	-0.7176925	1.0394351	-1.0438316

1496747955537	-0.53663737	0.87263525	-0.941247

1496747955547	-0.38169464	0.7057021	-0.767919

1496747955557	-0.28577137	0.50492936	-0.5027978

1496747955569	-0.26711965	0.23221423	-0.24860112

1496747955577	-0.34132695	-0.06648015	0.04143352

1496747955587	-0.43951505	-0.08606448	0.061017852

1496747955597	-0.5736744	-0.015187849	0.06648015

1496747955607	-0.7111644	0.08286704	0.062083665

1496747955617	-0.827871	0.127498	0.009725553

1496747955627	-0.9128697	0.07513989	-0.09152678

1496747955639	-0.97069013	0.09259259	-0.093791634

1496747955652	-1.0089262	0.10684785	-0.111244336

1496747955657	-1.0263789	0.15267786	-0.069810815

1496747955667	-1.032907	0.15161204	-0.09046096

1496747955678	-1.0438316	0.08606448	-0.037037037

1496747955687	-1.0394351	0.080602184	0.018518519

1496747955697	-1.0318412	0.11231015	0.111244336

1496747955709	-1.0110579	0.13629097	0.2071676

1496747955716	-0.96203035	0.06434852	0.26831868

1496747955727	-0.8617106	0.03810285	0.36970425

1496747955736	-0.76458836	-0.003197442	0.41446844

1496747955748	-0.68718356	0.17452705	0.40021315

1496747955757	-0.6718625	0.2300826	0.34359178

1496747955767	-0.6434852	0.21476153	0.2519318

1496747955777	-0.6129763	0.45909938	0.16466826

1496747955787	-0.57047695	0.46456167	0.14175327

1496747955797	-0.5301092	0.45257127	0.115507595

1496747955811	-0.5027978	0.42312816	0.09592326

1496747955816	-0.4820144	0.37077004	0.06434852

1496747955827	-0.45696777	0.33693045	0.029443111

1496747955841	-0.41340262	0.3839595	-0.03157474

1496747955846	-0.43631762	0.27924326	-0.045696776

1496747955857	-0.43631762	0.22901678	-0.044630963

1496747955867	-0.43631762	0.20277111	-0.051159073

1496747955879	-0.45150545	0.07194245	-0.04143352

1496747955887	-0.4416467	-0.008659739	-0.042499334

1496747955897	-0.38928857	0.053423926	-0.07513989

1496747955907	-0.33160138	0.11670663	-0.15707435

1496747955917	-0.30748734	-0.06541433	-0.2529976

1496747955926	-0.18651745	-0.21915801	-0.40021315

1496747955937	0.001065814	-0.35438317	-0.51811886

1496747955947	0.22022381	-0.46029842	-0.5355715

1496747955957	0.3839595	-0.43192112	-0.49733546

1496747955966	0.48427925	-0.38276047	-0.35877964

1496747955978	0.84092724	-0.61737275	0.016253663

1496747955987	1.0438316	-0.6642686	0.17452705

1496747955996	1.1998401	-0.63042897	0.35011992

1496747956007	1.315481	-0.5692779	0.5301092

1496747956017	1.3710365	-0.5900613	0.7155609

1496747956026	1.3678391	-0.5301092	0.84972024

1496747956037	1.3110845	-0.54103386	0.9162004

1496747956047	1.2423395	-0.57474023	0.9292566

1496747956058	1.1670663	-0.61737275	0.8900879

1496747956068	1.0798029	-0.6947775	0.80708766

1496747956078	0.97188914	-0.78310686	0.71329606

1496747956087	0.8419931	-0.86930454	0.5900613

1496747956096	0.7111644	-0.9544364	0.42752466

1496747956107	0.6325606	-1.0089262	0.29549694

1496747956117	0.6140421	-1.0110579	0.1951772

1496747956127	0.62283504	-0.9969358	0.107913665

1496747956138	0.6751932	-0.9826805	0.06541433

1496747956150	0.83106846	-0.94897413	0.08939515

1496747956157	1.0427657	-0.90967226	0.09698907

1496747956167	1.1441513	-0.81588066	0.083932854

1496747956178	1.2478018	-0.58459896	0.09698907

1496747956186	1.1965095	-0.5540901	0.09152678

1496747956197	1.0995203	-0.51811886	0.117772445

1496747956206	0.96642685	-0.5038636	0.1438849

1496747956217	0.81254995	-0.4416467	0.18212096

1496747956227	0.61737275	-0.35771382	0.2300826

1496747956236	0.45483613	-0.13189448	0.25952572

1496747956247	0.24540368	-0.10031974	0.29549694

1496747956257	0.055555556	-0.00532907	0.30868638

1496747956269	-0.10351719	0.15707435	0.3042899

1496747956279	-0.19957368	0.2813749	0.25632828

1496747956287	-0.2246203	0.37729818	0.14614974

1496747956297	-0.15267786	0.46789235	0.018518519

1496747956307	-0.043565147	0.45696777	-0.108979486

1496747956316	0.087263525	0.36211032	-0.19850786

1496747956327	0.26392218	0.33586463	-0.1624034

1496747956337	0.3261391	0.22568612	-0.11670663

1496747956348	0.31521448	0.12430056	-0.06434852

1496747956359	0.14281908	-0.003197442	-0.033706367

1496747956366	-0.12323475	-0.098054886	-0.033706367

1496747956378	-0.6468159	-0.033706367	-0.033706367

1496747956386	-0.83106846	0.14934719	-0.055555556

1496747956396	-0.8322675	0.4416467	-0.14828138

1496747956407	-0.75472957	0.76019186	-0.3032241

1496747956417	-0.6642686	0.9914735	-0.46029842

1496747956427	-0.58899546	1.0623502	-0.51265657

1496747956437	-0.5486278	1.0383693	-0.45257127

1496747956448	-0.51811886	0.9063416	-0.35771382

1496747956458	-0.46456167	0.74713564	-0.2464695

1496747956467	-0.41993073	0.58792967	-0.11231015

1496747956477	-0.3839595	0.44710898	0.049027443

1496747956486	-0.3381295	0.40460965	0.1449507

1496747956497	-0.3381295	0.36317614	0.20397016

1496747956507	-0.379563	0.28350654	0.19730882

1496747956516	-0.44284573	0.16360246	0.16679989

1496747956527	-0.5103917	0.077404745	0.13082866

1496747956536	-0.5770051	0.02824407	0.09592326

1496747956547	-0.6282974	0.04143352	0.046895817

1496747956557	-0.68491876	0.10245137	-0.004263256

1496747956566	-0.74273914	0.18318678	-0.052358113

1496747956577	-0.79509723	0.28896883	-0.07847056

1496747956586	-0.7864375	0.3261391	-0.06434852

1496747956596	-0.81254995	0.20503597	-0.058886223

1496747956607	-0.804956	0.20397016	-0.037037037

1496747956617	-0.83546495	0.09698907	0.021715961

1496747956627	-0.8333333	0.08499867	0.08286704

1496747956637	-0.8474554	-0.0119904075	0.12430056

1496747956647	-0.8005596	0.13189448	0.21049827

1496747956657	-0.78310686	0.034905408	0.2464695

1496747956666	-0.70889956	0.29549694	0.27378097

1496747956679	-0.6739941	0.2584599	0.29669598

1496747956690	-0.57593924	0.34678924	0.24433786

1496747956697	-0.46895817	0.59339195	0.2912337

1496747956707	-0.38822275	0.6053824	0.26831868

1496747956717	-0.33586463	0.6108447	0.22355449

1496747956727	-0.2912337	0.58459896	0.12536637

1496747956737	-0.264988	0.5802025	0.1100453

1496747956747	-0.22022381	0.7057021	0.1384226

1496747956757	-0.19850786	0.7078337	0.08286704

1496747956767	-0.21915801	0.73181456	0.045696776

1496747956778	-0.21809219	0.736211	0.008659739

1496747956792	-0.21809219	0.6577405	-0.0065281107

1496747956796	-0.21476153	0.4188649	-0.001065814

1496747956807	-0.18531841	0.40567547	-0.0075939246

1496747956816	-0.15374367	0.51918465	-0.055555556

1496747956827	-0.16573408	0.5082601	-0.1449507

1496747956837	-0.21702638	0.44497734	-0.1449507

1496747956846	-0.17772448	0.41007194	-0.28577137

1496747956857	-0.06314948	0.24860112	-0.40567547

1496747956867	0.11231015	0.11444178	-0.41340262

1496747956877	0.2759126	-0.00532907	-0.38715693

1496747956887	0.39808154	-0.14068745	-0.3097522

1496747956896	0.53224087	-0.2693845	-0.15920597

1496747956907	0.66746604	-0.41113776	-0.05662137

1496747956917	0.81148416	-0.5289102	0.044630963

1496747956927	0.9467093	-0.58899546	0.17772448

1496747956937	0.9816147	-0.53224087	0.33040234

1496747956946	0.97069013	-0.5551559	0.48094857

1496747956957	0.93804955	-0.64455104	0.6325606

1496747956967	0.8834266	-0.75579536	0.77111644

1496747956978	0.83000267	-0.9980016	0.8802292

1496747956987	0.8245404	-1.0798029	0.85078603

1496747956997	0.83000267	-1.0896616	0.7907008

1496747957008	0.84972024	-1.0524913	0.72861713

1496747957018	0.86277646	-0.98494536	0.6314948

1496747957027	0.87689847	-0.90967226	0.5082601

1496747957037	0.8779643	-0.8605116	0.36970425

1496747957046	0.8659739	-0.84972024	0.22248867

1496747957057	0.8605116	-0.8747668	0.074074075

1496747957067	0.84972024	-0.895417	-0.017452704

1496747957078	0.80708766	-0.91406876	-0.067545965

1496747957087	0.76125765	-0.9445777	-0.09259259

1496747957096	0.7492673	-0.97069013	-0.07953637

1496747957107	0.7776446	-1.0110579	-0.053423926

1496747957117	0.8529177	-1.0852652	-0.03157474

1496747957127	0.96522784	-1.094058	0.015187849

1496747957137	1.0307754	-1.0503597	0.062083665

1496747957146	1.0055956	-1.0001333	0.09698907

1496747957157	0.92379427	-0.98387957	0.107913665

1496747957168	0.8387956	-0.9532374	0.12643218

1496747957177	0.6108447	-0.88569146	0.173328

1496747957187	0.45803356	-0.8245404	0.18212096

1496747957196	0.29229948	-0.6937117	0.17665868

1496747957206	0.12096989	-0.52784437	0.15161204

1496747957217	-0.021715961	-0.27378097	0.12216893

1496747957227	-0.2017053	-0.21596056	0.074074075

1496747957237	-0.37183586	-0.14614974	0.017452704

1496747957247	-0.5267786	-0.06434852	-0.03810285

1496747957257	-0.6293632	-0.0119904075	-0.107913665

1496747957267	-0.67292833	-0.07953637	-0.18105516

1496747957278	-0.6151079	-0.15374367	-0.26059154

1496747957286	-0.46136424	-0.10471623	-0.32494006

1496747957297	-0.29882762	-0.11337597	-0.33693045

1496747957308	-0.13189448	-0.115507595	-0.30642152

1496747957317	-0.034905408	-0.108979486	-0.24860112

1496747957327	-0.093791634	-0.18758327	-0.16906475

1496747957337	-0.24966693	-0.21476153	-0.107913665

1496747957347	-0.41113776	-0.23554489	-0.15814015

1496747957357	-0.68718356	-0.06541433	-0.25512922

1496747957367	-0.90527576	0.11990408	-0.3555822

1496747957378	-0.89661604	0.6653344	-0.45043966

1496747957386	-0.83546495	0.93365306	-0.49080735

1496747957397	-0.8289369	0.9969358	-0.5027978

1496747957407	-0.8104183	0.91406876	-0.5103917

1496747957416	-0.7536637	0.7624567	-0.45257127

1496747957430	-0.69584334	0.5770051	-0.31521448

1496747957437	-0.6739941	0.41340262	-0.12536637

1496747957447	-0.68491876	0.27924326	0.049027443

1496747957457	-0.71875834	0.18864909	0.17772448

1496747957468	-0.7504663	0.16027178	0.22142287

1496747957478	-0.7689848	0.150413	0.20063949

1496747957486	-0.7624567	0.19411138	0.1438849

1496747957497	-0.7635225	0.22248867	0.07633893

1496747957508	-0.7569944	0.2628564	0.0

1496747957516	-0.7406075	0.33040234	-0.077404745

1496747957527	-0.7460698	0.38822275	-0.127498

1496747957537	-0.74713564	0.44830802	-0.14068745

1496747957547	-0.7340794	0.53224087	-0.11670663

1496747957558	-0.7208899	0.4864109	-0.054489743

1496747957566	-0.66746604	0.6947775	-0.00532907

1496747957580	-0.6085798	0.42419398	0.1100453

1496747957586	-0.5289102	0.60751396	0.19730882

1496747957598	-0.5071942	0.5682121	0.2759126

1496747957607	-0.46029842	0.46789235	0.29669598

1496747957617	-0.42206234	0.47122303	0.31081802

1496747957627	-0.41340262	0.47442046	0.33040234

1496747957637	-0.42419398	0.43951505	0.3228084

1496747957648	-0.46789235	0.30748734	0.2868372

1496747957658	-0.47335464	0.43631762	0.26179057

1496747957666	-0.49626964	0.49840128	0.26059154

1496747957677	-0.4994671	0.43631762	0.21809219

1496747957686	-0.515854	0.39368504	0.17559285

1496747957697	-0.5343725	0.36970425	0.12430056

1496747957707	-0.5343725	0.34026113	0.07847056

1496747957716	-0.53770316	0.15814015	-0.001065814

1496747957727	-0.5213163	0.09152678	-0.08832934

1496747957737	-0.5071942	0.23767653	-0.051159073

1496747957747	-0.51811886	0.2759126	-0.07633893

1496747957757	-0.5114575	0.28896883	-0.1100453

1496747957766	-0.4820144	0.3206768	-0.17559285

1496747957777	-0.41340262	0.42645884	-0.10684785

1496747957787	-0.35877964	0.49080735	-0.10471623

1496747957797	-0.2868372	0.5114575	-0.13415934

1496747957807	-0.22901678	0.52358115	-0.14828138

1496747957817	-0.15920597	0.5355715	-0.15707435

1496747957827	-0.077404745	0.5824674	-0.21596056

1496747957837	-0.026112443	0.538769	-0.26831868

1496747957847	0.030508926	0.44497734	-0.25406343

1496747957857	0.026112443	0.32933652	-0.27804422

1496747957867	-0.021715961	0.11670663	-0.3217426

1496747957880	-0.04796163	-0.12536637	-0.3784972

1496747957887	-0.043565147	-0.3959499	-0.34572342

1496747957897	-0.037037037	-0.59339195	-0.24540368

1496747957907	-0.02504663	-0.6937117	-0.11231015

1496747957917	0.06648015	-0.7853717	-0.016253663

1496747957926	0.25952572	-0.93258727	0.001065814

1496747957937	0.5301092	-1.1529443	-0.02824407

1496747957947	0.82560617	-1.1441513	-0.020650147

1496747957957	1.018785	-0.86930454	0.14828138

1496747957967	1.0808686	-0.7155609	0.28577137

1496747957978	1.055822	-0.6751932	0.51372236

1496747957987	1.0067946	-0.804956	0.5551559

1496747957997	0.94351184	-0.9347189	0.53663737

1496747958008	0.89221954	-1.0034639	0.49080735

1496747958019	0.8932854	-1.0230483	0.4537703

1496747958027	0.93258727	-0.98387957	0.42965627

1496747958037	0.96096456	-0.9456435	0.38062882

1496747958047	0.9532374	-0.92499334	0.3555822

1496747958057	0.9445777	-1.0034639	0.33373302

1496747958067	0.97188914	-1.078737	0.30095923

1496747958078	0.99360514	-1.1071143	0.24313882

1496747958087	0.98387957	-1.1332268	0.13189448

1496747958099	0.9521716	-1.1626699	0.043565147

1496747958107	0.9260591	-1.1878498	0.009725553

1496747958117	0.89115375	-1.1998401	0.019584332

1496747958126	0.8617106	-1.193312	0.053423926

1496747958137	0.8485212	-1.1626699	0.09259259

1496747958147	0.8377298	-1.1365575	0.13415934

1496747958157	0.83439916	-1.1376232	0.14934719

1496747958167	0.82560617	-1.1332268	0.13415934

1496747958178	0.74273914	-1.0339729	0.07953637

1496747958187	0.68172127	-0.97188914	0.053423926

1496747958198	0.6020517	-0.8932854	0.052358113

1496747958207	0.52358115	-0.81148416	0.07194245

1496747958217	0.42099655	-0.7296829	0.09698907

