1495413214030	-24.12	7.68	-21.66

1495413214129	-24.18	7.98	-21.9

1495413214229	-24.0	7.98	-22.26

1495413214331	-24.06	8.16	-22.26

1495413214433	-24.06	8.28	-22.32

1495413214530	-24.12	8.22	-22.38

1495413214635	-24.06	8.46	-22.5

1495413214730	-24.3	8.64	-22.8

1495413214841	-24.36	8.4	-22.98

1495413214930	-24.3	8.28	-22.92

1495413215029	-24.3	8.4	-22.68

1495413215129	-24.36	8.46	-22.8

1495413215232	-24.36	8.34	-22.62

1495413215329	-24.48	8.52	-22.8

1495413215431	-24.48	8.46	-22.68

1495413215533	-24.18	8.04	-22.56

1495413215633	-24.0	8.28	-22.44

1495413215832	-23.94	8.4	-22.44

1495413215930	-24.06	8.28	-22.38

1495413216030	-24.06	8.4	-22.68

1495413216131	-23.76	8.34	-22.56

1495413216230	-23.58	8.28	-22.44

1495413216329	-23.58	8.34	-22.56

1495413216432	-23.7	8.28	-22.8

1495413216544	-23.64	8.28	-22.86

1495413216638	-23.7	8.22	-22.68

1495413216739	-23.82	8.22	-22.74

1495413216839	-23.82	8.4	-22.74

1495413216940	-24.0	8.34	-22.56

1495413217038	-23.94	8.52	-22.44

1495413217140	-24.18	8.4	-22.56

1495413217239	-24.0	8.46	-22.5

1495413217339	-24.06	8.4	-22.44

1495413217438	-24.0	8.34	-22.68

1495413217539	-23.94	8.34	-22.74

1495413217638	-23.82	8.22	-22.86

1495413217739	-23.58	8.28	-23.28

1495413217839	-23.58	7.98	-23.64

1495413217939	-23.46	8.1	-23.34

1495413218039	-23.46	7.98	-23.34

1495413218141	-23.28	7.92	-23.22

1495413218240	-23.28	7.86	-23.4

1495413218340	-23.16	7.8	-23.1

1495413218439	-23.34	7.86	-22.86

1495413218539	-23.4	7.68	-22.44

1495413218638	-23.52	7.68	-22.38

1495413218739	-23.46	7.68	-22.38

1495413218839	-23.58	7.62	-22.5

1495413218940	-23.64	7.92	-22.56

