1496012170511	0.086	-0.057	9.557

1496012170525	0.009	0.009	9.5

1496012170537	0.047	-0.009	9.519

1496012170539	0.009	-0.009	9.51

1496012170540	0.047	-0.038	9.519

1496012170541	0.028	-0.028	9.538

1496012170549	0.057	-0.028	9.529

1496012170559	0.028	-0.047	9.529

1496012170569	0.047	-0.047	9.548

1496012170579	0.057	-0.047	9.529

1496012170591	0.019	-0.009	9.538

1496012170599	0.057	-0.038	9.519

1496012170609	0.028	-0.009	9.529

1496012170619	0.047	-0.028	9.529

1496012170629	0.038	-0.047	9.548

1496012170644	0.038	-0.028	9.5

1496012170649	0.028	-0.047	9.557

1496012170659	0.057	-0.047	9.538

1496012170669	0.028	-0.038	9.529

1496012170679	0.076	-0.057	9.548

1496012170693	0.076	-0.038	9.529

1496012170701	0.076	-0.038	9.567

1496012170714	0.038	-0.047	9.529

1496012170719	0.047	-0.067	9.538

1496012170729	0.067	-0.038	9.557

1496012170742	0.047	-0.028	9.538

1496012170749	0.019	-0.019	9.529

1496012170759	0.038	-0.028	9.529

1496012170769	0.047	-0.019	9.529

1496012170779	0.038	-0.009	9.529

1496012170792	0.028	-0.009	9.529

1496012170799	0.057	-0.028	9.567

1496012170809	0.047	-0.019	9.548

1496012170820	0.076	-0.047	9.586

1496012170829	0.086	-0.067	9.567

1496012170841	0.057	-0.047	9.519

1496012170849	0.047	-0.047	9.529

1496012170859	0.057	-0.028	9.577

1496012170869	0.067	-0.019	9.567

1496012170879	0.038	-0.019	9.567

1496012170894	0.019	-0.009	9.538

1496012170900	0.019	-0.028	9.529

1496012170915	0.038	-0.038	9.529

1496012170919	0.038	-0.038	9.51

1496012170931	0.047	-0.047	9.567

1496012170943	0.067	-0.057	9.557

1496012170949	0.057	-0.019	9.567

1496012170959	0.067	-0.038	9.548

1496012170970	0.019	-0.057	9.538

1496012170979	0.076	-0.047	9.557

1496012170995	0.076	-0.057	9.548

1496012170999	0.114	-0.057	9.596

1496012171009	0.057	-0.038	9.567

1496012171019	0.086	-0.028	9.548

1496012171029	0.057	-0.019	9.557

1496012171042	0.019	-0.038	9.557

1496012171049	0.038	-0.019	9.529

1496012171059	0.047	-0.028	9.519

1496012171069	0.038	-0.038	9.5

1496012171079	-0.009	-0.009	9.5

1496012171094	0.028	-0.009	9.538

1496012171099	0.0	-0.009	9.529

1496012171109	0.057	-0.047	9.5

1496012171119	0.047	-0.047	9.586

1496012171129	0.038	-0.038	9.548

1496012171141	0.038	-0.038	9.538

1496012171149	0.095	-0.047	9.577

1496012171159	0.047	-0.038	9.538

1496012171177	0.028	-0.019	9.567

1496012171179	0.067	-0.047	9.538

1496012171194	0.067	-0.038	9.567

1496012171199	0.038	-0.038	9.519

1496012171209	0.038	-0.019	9.548

1496012171219	0.038	-0.028	9.5

1496012171229	0.028	-0.038	9.538

1496012171243	0.057	-0.047	9.557

1496012171249	0.028	-0.057	9.529

1496012171259	0.038	-0.038	9.529

1496012171270	0.028	-0.019	9.567

1496012171279	0.038	-0.057	9.586

1496012171292	0.086	-0.038	9.567

1496012171299	0.057	-0.038	9.548

1496012171309	0.086	-0.047	9.567

1496012171319	0.076	-0.028	9.548

1496012171329	0.057	-0.038	9.529

1496012171352	0.057	-0.038	9.548

1496012171361	0.067	-0.047	9.596

1496012171377	0.057	-0.047	9.567

1496012171379	0.067	-0.057	9.538

1496012171392	0.067	-0.057	9.577

1496012171399	0.038	-0.047	9.548

1496012171409	0.009	-0.038	9.51

1496012171419	0.019	-0.028	9.51

1496012171429	0.009	-0.028	9.51

1496012171441	0.019	-0.028	9.519

1496012171449	0.028	-0.028	9.538

1496012171459	0.047	-0.009	9.519

1496012171469	0.057	-0.028	9.548

1496012171479	0.019	-0.019	9.49

1496012171492	0.028	-0.019	9.538

1496012171504	0.057	-0.019	9.538

1496012171509	0.047	-0.009	9.538

1496012171519	0.057	-0.019	9.51

1496012171529	0.028	-0.019	9.538

1496012171544	0.047	-0.028	9.538

1496012171549	0.047	-0.019	9.548

1496012171562	0.057	-0.028	9.538

1496012171568	0.038	-0.019	9.557

1496012171580	0.038	-0.009	9.557

1496012171592	0.047	-0.028	9.519

1496012171605	0.047	-0.038	9.538

1496012171625	0.028	-0.047	9.567

1496012171645	0.019	-0.028	9.548

1496012171655	0.086	-0.057	9.577

1496012171664	0.057	-0.057	9.548

1496012171669	0.067	-0.028	9.548

1496012171679	0.038	-0.028	9.557

1496012171693	0.057	-0.009	9.548

1496012171699	0.038	0.0	9.548

1496012171709	0.057	-0.028	9.538

1496012171719	0.067	-0.009	9.557

1496012171731	0.038	-0.009	9.548

1496012171742	0.0	0.0	9.538

1496012171749	0.019	0.009	9.557

1496012171760	0.047	0.009	9.519

1496012171769	0.009	0.038	9.548

1496012171779	0.028	0.095	9.529

1496012171799	0.047	0.172	9.519

1496012171811	0.028	0.105	9.596

1496012171820	0.057	-0.268	9.51

1496012171829	0.038	-0.363	9.5

1496012171841	0.038	-0.363	9.51

1496012171849	0.019	-0.287	9.49

1496012171859	0.067	-0.22	9.538

1496012171869	0.067	-0.134	9.529

1496012171879	0.076	-0.019	9.567

1496012171892	0.057	0.047	9.557

1496012171900	0.057	0.181	9.557

1496012171911	0.076	0.191	9.586

1496012171919	0.067	0.201	9.586

1496012171929	0.076	0.181	9.615

1496012171941	0.086	0.067	9.625

1496012171949	0.067	0.019	9.567

1496012171959	0.076	-0.057	9.557

1496012171969	0.019	-0.086	9.548

1496012171979	0.009	-0.124	9.529

1496012171995	-0.009	-0.162	9.519

1496012172002	-0.028	-0.153	9.519

1496012172015	0.0	-0.134	9.481

1496012172019	0.009	-0.028	9.519

1496012172029	0.009	0.019	9.529

1496012172041	0.067	0.057	9.586

1496012172049	0.038	0.086	9.577

1496012172059	0.086	0.086	9.586

1496012172069	0.114	0.057	9.567

1496012172079	0.124	0.009	9.653

1496012172093	0.114	-0.038	9.586

1496012172101	0.134	-0.086	9.586

1496012172123	0.067	-0.162	9.538

1496012172133	0.086	-0.21	9.529

1496012172140	0.019	-0.172	9.519

1496012172149	0.019	-0.134	9.548

1496012172159	0.009	-0.095	9.49

1496012172169	0.0	-0.038	9.577

1496012172179	-0.009	0.047	9.5

1496012172194	0.057	0.124	9.548

1496012172199	0.028	0.153	9.548

1496012172209	0.057	0.076	9.605

1496012172219	0.095	0.028	9.596

1496012172229	0.086	-0.028	9.577

1496012172241	0.124	-0.086	9.577

1496012172249	0.095	-0.114	9.567

1496012172259	0.057	-0.134	9.567

1496012172269	0.086	-0.143	9.567

1496012172279	0.047	-0.143	9.577

1496012172294	0.009	-0.067	9.519

1496012172300	-0.009	-0.009	9.538

1496012172309	-0.009	0.019	9.557

1496012172319	-0.028	0.047	9.49

1496012172329	-0.009	0.095	9.529

1496012172341	0.009	0.095	9.529

1496012172349	0.047	0.076	9.567

1496012172359	0.067	0.019	9.548

1496012172370	0.105	-0.047	9.596

1496012172380	0.105	-0.086	9.567

1496012172394	0.095	-0.153	9.548

1496012172399	0.076	-0.134	9.538

1496012172409	0.028	-0.134	9.51

1496012172419	0.028	-0.086	9.538

1496012172429	0.0	-0.076	9.538

1496012172441	-0.028	-0.019	9.49

1496012172449	0.009	-0.028	9.548

1496012172462	0.019	0.019	9.529

1496012172469	0.028	0.038	9.538

1496012172479	0.067	0.047	9.557

1496012172492	0.047	0.019	9.577

1496012172499	0.095	0.009	9.615

1496012172509	0.067	0.0	9.548

1496012172519	0.047	-0.009	9.538

1496012172529	0.076	-0.009	9.548

1496012172541	0.038	-0.028	9.548

1496012172550	0.0	-0.019	9.529

1496012172559	-0.009	-0.019	9.51

1496012172569	0.019	-0.028	9.548

1496012172579	0.028	-0.086	9.519

1496012172592	0.086	-0.095	9.557

1496012172599	0.095	-0.114	9.557

1496012172619	0.076	-0.124	9.538

1496012172630	0.086	-0.057	9.548

1496012172645	0.057	-0.038	9.577

1496012172649	0.009	0.019	9.5

1496012172663	-0.009	0.019	9.529

1496012172670	-0.009	0.038	9.519

1496012172680	0.019	0.057	9.605

1496012172697	0.028	0.009	9.557

1496012172699	0.019	-0.009	9.49

1496012172710	0.038	-0.019	9.51

1496012172719	0.047	-0.038	9.538

1496012172729	0.057	-0.067	9.567

1496012172741	0.076	-0.095	9.567

1496012172749	0.047	-0.067	9.49

1496012172759	0.047	-0.028	9.51

1496012172769	0.028	-0.009	9.538

1496012172780	0.047	-0.009	9.557

1496012172792	0.028	0.019	9.548

1496012172799	0.0	0.038	9.49

1496012172809	0.047	0.0	9.538

1496012172819	0.057	0.019	9.538

1496012172829	0.057	-0.019	9.538

1496012172841	0.057	-0.067	9.548

1496012172849	0.038	-0.047	9.529

1496012172859	0.057	-0.086	9.538

1496012172869	0.038	-0.057	9.51

1496012172879	0.0	-0.019	9.548

1496012172892	0.019	-0.067	9.481

1496012172899	0.019	-0.067	9.519

1496012172911	0.009	-0.038	9.538

1496012172920	0.019	-0.057	9.519

1496012172929	0.047	-0.067	9.548

1496012172942	0.086	-0.038	9.577

1496012172949	0.105	-0.057	9.567

1496012172959	0.124	-0.038	9.577

1496012172969	0.076	-0.019	9.567

1496012172979	0.076	-0.028	9.586

1496012172999	0.047	-0.028	9.596

1496012173000	0.047	-0.028	9.596

1496012173009	0.009	-0.038	9.529

1496012173019	0.019	-0.067	9.529

1496012173029	0.0	-0.057	9.538

1496012173044	0.047	-0.067	9.548

1496012173049	0.047	-0.076	9.519

1496012173060	0.038	-0.076	9.577

1496012173070	0.057	-0.105	9.529

1496012173079	0.047	-0.086	9.51

1496012173092	0.047	-0.076	9.529

1496012173100	0.038	-0.038	9.529

1496012173109	0.028	0.0	9.557

1496012173119	0.067	0.009	9.596

1496012173129	0.057	0.019	9.596

1496012173143	0.057	0.019	9.538

1496012173149	0.076	0.009	9.596

1496012173159	0.095	-0.057	9.557

1496012173169	0.095	-0.057	9.625

1496012173179	0.057	-0.047	9.567

1496012173192	0.067	-0.057	9.557

1496012173203	0.038	-0.057	9.577

1496012173209	0.047	-0.047	9.548

1496012173219	0.009	-0.038	9.586

1496012173229	-0.028	-0.047	9.462

1496012173241	0.038	-0.028	9.548

1496012173249	0.0	-0.076	9.51

1496012173259	0.019	-0.038	9.548

1496012173269	0.038	-0.047	9.548

1496012173279	0.067	-0.028	9.548

1496012173294	0.067	0.009	9.557

1496012173299	0.086	-0.009	9.586

1496012173309	0.086	0.0	9.567

1496012173319	0.067	0.0	9.586

1496012173329	0.057	-0.019	9.538

1496012173341	0.019	-0.009	9.548

1496012173349	0.028	-0.047	9.548

1496012173366	0.009	-0.047	9.548

1496012173369	0.028	-0.095	9.548

1496012173379	0.019	-0.057	9.529

1496012173392	0.0	-0.057	9.529

1496012173399	0.019	-0.047	9.548

1496012173409	0.057	-0.057	9.577

1496012173419	0.047	-0.047	9.605

1496012173429	0.067	-0.038	9.567

1496012173441	0.067	-0.038	9.529

1496012173449	0.076	-0.019	9.538

1496012173459	0.095	-0.038	9.567

1496012173469	0.105	-0.047	9.557

1496012173479	0.076	-0.047	9.557

1496012173492	0.095	-0.086	9.557

1496012173500	0.076	-0.047	9.538

1496012173509	0.067	-0.057	9.567

1496012173519	0.019	-0.038	9.519

1496012173529	0.019	-0.038	9.51

1496012173546	0.019	-0.028	9.529

1496012173549	0.009	-0.028	9.51

1496012173559	0.047	-0.047	9.519

1496012173570	0.038	-0.028	9.586

1496012173579	0.038	-0.028	9.51

1496012173592	0.057	-0.019	9.557

1496012173599	0.105	-0.019	9.548

1496012173609	0.076	-0.028	9.538

1496012173619	0.076	0.0	9.548

1496012173629	0.057	-0.009	9.557

1496012173641	0.019	-0.009	9.577

1496012173649	0.009	0.009	9.538

1496012173659	-0.009	-0.028	9.519

1496012173669	0.0	-0.038	9.49

1496012173679	0.038	-0.067	9.519

1496012173692	0.038	-0.086	9.567

1496012173699	0.067	-0.086	9.567

1496012173709	0.114	-0.114	9.596

1496012173719	0.086	-0.086	9.577

1496012173729	0.095	-0.067	9.548

1496012173741	0.076	-0.047	9.548

1496012173749	0.076	-0.009	9.557

1496012173761	0.047	0.0	9.519

1496012173769	-0.009	0.038	9.548

1496012173779	0.047	0.047	9.557

1496012173792	0.019	0.028	9.567

1496012173800	0.009	0.028	9.548

1496012173809	0.0	0.019	9.519

1496012173819	0.047	-0.028	9.557

1496012173829	0.057	-0.057	9.567

1496012173843	0.086	-0.105	9.567

1496012173849	0.057	-0.114	9.519

1496012173859	0.095	-0.124	9.548

1496012173869	0.086	-0.086	9.577

1496012173879	0.076	-0.057	9.557

1496012173892	0.038	-0.047	9.529

1496012173899	0.047	-0.019	9.548

1496012173909	0.038	0.0	9.567

1496012173920	0.038	0.038	9.548

1496012173929	0.028	0.038	9.529

1496012173941	0.009	0.047	9.529

1496012173949	0.038	-0.009	9.548

1496012173961	0.038	0.009	9.548

1496012173969	0.038	-0.028	9.519

1496012173979	0.076	-0.067	9.557

1496012173996	0.095	-0.086	9.577

1496012174001	0.067	-0.086	9.519

1496012174095	0.076	-0.095	9.567

1496012174096	0.086	-0.076	9.596

1496012174100	0.057	-0.047	9.548

1496012174106	0.047	-0.028	9.577

1496012174114	0.057	0.0	9.557

1496012174115	0.038	0.019	9.557

1496012174117	0.047	0.028	9.577

1496012174118	0.057	0.0	9.548

1496012174119	0.038	-0.038	9.538

1496012174121	0.067	-0.038	9.529

1496012174122	0.067	-0.038	9.519

1496012174123	0.047	-0.057	9.548

1496012174129	0.057	-0.057	9.5

1496012174139	0.047	-0.047	9.557

1496012174149	0.028	-0.038	9.538

1496012174162	0.028	-0.028	9.567

1496012174181	0.019	0.009	9.519

1496012174192	0.019	-0.009	9.538

1496012174200	0.047	-0.038	9.548

1496012174211	0.028	-0.009	9.557

1496012174219	0.028	-0.028	9.519

1496012174229	0.038	-0.038	9.51

1496012174241	0.028	-0.019	9.529

1496012174249	0.038	-0.028	9.519

1496012174259	0.067	-0.028	9.605

1496012174269	0.047	-0.028	9.548

1496012174279	0.067	-0.057	9.557

1496012174292	0.076	-0.057	9.548

1496012174300	0.057	-0.019	9.548

1496012174309	0.086	-0.028	9.557

1496012174319	0.028	-0.009	9.548

1496012174329	0.038	-0.028	9.49

1496012174341	0.038	-0.009	9.625

1496012174349	0.0	-0.047	9.5

1496012174359	0.009	-0.028	9.577

1496012174369	0.028	-0.047	9.557

1496012174379	0.019	-0.067	9.49

1496012174392	0.057	-0.095	9.567

1496012174399	0.057	-0.067	9.519

1496012174412	0.067	-0.047	9.519

1496012174419	0.086	-0.028	9.529

1496012174429	0.086	-0.019	9.538

1496012174443	0.057	-0.038	9.548

1496012174449	0.105	-0.028	9.596

1496012174459	0.057	-0.009	9.557

1496012174469	0.038	0.009	9.596

1496012174479	0.038	-0.009	9.481

1496012174492	0.038	-0.028	9.538

1496012174499	0.028	-0.028	9.577

1496012174509	0.028	-0.047	9.538

1496012174519	0.019	-0.067	9.51

1496012174529	0.038	-0.057	9.49

1496012174541	0.028	-0.086	9.519

1496012174549	0.028	-0.019	9.567

1496012174562	0.038	-0.038	9.557

1496012174569	0.0	0.019	9.548

1496012174579	0.047	0.0	9.586

1496012174592	0.028	0.0	9.548

1496012174599	0.095	-0.019	9.586

1496012174609	0.076	-0.019	9.586

1496012174619	0.086	-0.047	9.538

1496012174629	0.086	-0.067	9.577

1496012174641	0.076	-0.076	9.557

1496012174649	0.067	-0.095	9.577

1496012174661	0.067	-0.095	9.529

1496012174670	0.067	-0.067	9.548

1496012174680	0.047	-0.028	9.538

1496012174692	0.0	-0.019	9.49

1496012174700	0.038	-0.047	9.51

1496012174709	0.0	0.0	9.538

1496012174719	0.038	-0.047	9.519

1496012174731	0.009	-0.019	9.538

1496012174752	0.028	-0.019	9.529

1496012174760	0.038	-0.009	9.529

1496012174770	0.057	-0.038	9.548

1496012174781	0.086	-0.047	9.567

1496012174791	0.057	-0.028	9.5

1496012174799	0.047	-0.028	9.519

1496012174809	0.038	-0.028	9.51

1496012174820	0.038	-0.028	9.519

1496012174829	0.028	-0.019	9.51

1496012174842	0.0	-0.009	9.49

1496012174849	0.038	-0.038	9.538

1496012174859	0.019	-0.019	9.519

1496012174869	0.028	-0.019	9.481

1496012174879	0.019	-0.009	9.5

1496012174892	0.019	-0.019	9.481

1496012174899	0.047	-0.057	9.519

1496012174909	0.057	-0.047	9.548

1496012174919	0.047	-0.047	9.538

1496012174929	0.057	-0.057	9.548

1496012174941	0.047	-0.047	9.529

1496012174949	0.028	-0.019	9.529

1496012174959	0.038	-0.028	9.51

1496012174969	0.057	0.0	9.538

1496012174979	0.009	0.0	9.529

1496012174998	0.047	-0.009	9.567

1496012175010	0.009	-0.019	9.519

1496012175019	0.028	-0.038	9.5

1496012175029	0.009	-0.038	9.529

1496012175043	0.028	-0.038	9.529

1496012175049	0.0	-0.028	9.462

1496012175059	0.028	-0.076	9.519

1496012175069	0.047	-0.067	9.51

1496012175079	0.057	-0.047	9.538

1496012175092	0.038	-0.057	9.51

1496012175099	0.067	-0.047	9.529

1496012175109	0.086	-0.047	9.529

1496012175119	0.076	-0.019	9.557

1496012175129	0.057	-0.009	9.577

1496012175141	0.038	0.0	9.519

1496012175149	0.028	0.0	9.49

1496012175159	0.067	0.009	9.548

1496012175169	0.019	-0.028	9.548

1496012175180	0.028	-0.047	9.548

1496012175194	0.038	-0.038	9.557

1496012175200	0.067	-0.076	9.557

1496012175210	0.057	-0.076	9.577

1496012175223	0.047	-0.067	9.577

1496012175230	0.038	-0.047	9.538

1496012175244	0.057	-0.047	9.567

1496012175253	0.038	-0.038	9.538

1496012175260	0.038	-0.009	9.567

1496012175269	0.028	0.0	9.548

1496012175279	0.028	0.009	9.557

1496012175294	0.067	-0.019	9.577

1496012175299	0.038	0.047	9.51

1496012175309	0.047	-0.009	9.519

1496012175321	0.047	0.019	9.481

1496012175329	0.028	-0.019	9.529

1496012175341	0.057	-0.076	9.51

1496012175349	0.019	-0.067	9.51

1496012175359	0.047	-0.057	9.529

1496012175369	0.076	-0.047	9.538

1496012175379	0.067	-0.028	9.567

1496012175392	0.038	-0.019	9.538

1496012175399	0.067	-0.067	9.567

1496012175409	0.067	-0.038	9.586

1496012175419	0.038	-0.038	9.548

1496012175429	0.038	-0.038	9.51

1496012175441	0.057	-0.067	9.538

1496012175449	0.057	-0.009	9.5

1496012175459	0.086	-0.038	9.548

1496012175469	0.076	-0.019	9.548

1496012175480	0.067	-0.028	9.567

