1495209871523	18.0	33.1	14.1

1495209871532	18.4	33.1	14.1

1495209871553	18.4	33.1	14.1

1495209871555	18.4	33.1	14.1

1495209871562	18.8	33.1	14.1

1495209871572	18.8	33.1	13.7

1495209871582	18.8	33.1	13.7

1495209871594	19.2	33.1	13.7

1495209871620	19.2	32.7	13.7

1495209871626	19.2	32.7	13.7

1495209871635	19.2	32.7	13.7

1495209871712	19.2	32.7	13.7

1495209871715	19.2	32.7	13.7

1495209871717	19.2	32.7	14.2

1495209871720	19.2	32.7	15.5

1495209871724	19.2	32.3	16.6

1495209871726	19.2	32.3	18.0

1495209871728	19.2	32.3	18.5

1495209871730	19.2	31.9	19.9

1495209871733	19.2	30.9	20.6

1495209871735	19.2	29.6	20.6

1495209871739	19.2	28.6	21.6

1495209871818	19.2	27.8	21.6

1495209871820	19.2	27.1	22.0

1495209871825	19.2	26.3	22.5

1495209871828	19.2	25.7	22.5

1495209871830	19.6	25.7	22.5

1495209871832	19.6	25.2	23.1

1495209871836	19.6	25.2	23.1

1495209871839	19.6	24.8	23.6

1495209871841	20.0	24.8	23.6

1495209871844	20.0	24.8	23.6

1495209871846	20.0	24.8	24.0

1495209871885	20.4	24.8	24.0

1495209871889	20.4	24.8	23.5

1495209871890	20.4	24.8	23.5

1495209871893	20.8	24.8	23.5

1495209871896	20.8	24.8	23.5

1495209871916	21.2	24.8	23.5

1495209871920	21.2	24.8	23.5

1495209871924	21.2	24.8	23.5

1495209872009	21.7	24.8	23.5

1495209872017	21.7	24.8	23.5

1495209872022	21.7	24.4	23.5

1495209872024	22.2	24.4	22.2

1495209872026	22.6	24.4	21.3

1495209872038	23.2	24.4	20.6

1495209872040	23.7	24.4	19.3

1495209872048	24.1	24.4	18.4

1495209872055	24.5	24.4	18.0

1495209872060	24.5	24.8	17.3

1495209872064	24.5	24.8	16.4

1495209872071	25.1	24.8	15.2

1495209872076	25.5	25.2	14.1

1495209872085	25.5	25.2	13.7

1495209872091	25.9	25.2	12.6

1495209872097	25.9	25.6	11.9

1495209872099	25.9	25.6	11.9

1495209872122	26.4	25.6	11.2

1495209872125	26.4	25.6	10.6

1495209872127	26.4	26.0	10.6

1495209872136	26.4	26.0	10.6

1495209872208	26.4	26.0	10.1

1495209872209	26.4	26.0	9.6

1495209872209	26.9	26.4	9.6

1495209872210	26.9	26.4	8.9

1495209872211	27.3	26.4	8.5

1495209872212	27.3	26.4	8.1

1495209872212	27.3	26.4	8.1

1495209872213	27.8	26.4	7.6

1495209872222	27.8	26.4	7.6

1495209872232	27.8	26.4	7.6

1495209872242	27.8	26.8	7.6

1495209872251	28.2	26.8	7.1

1495209872262	28.2	26.8	7.1

1495209872272	28.2	26.8	6.7

1495209872281	28.2	26.8	6.7

1495209872293	28.2	27.2	5.9

1495209872301	28.2	27.2	5.4

1495209872312	28.2	27.2	5.4

1495209872321	28.2	27.2	4.3

1495209872332	28.2	27.7	4.3

1495209872343	28.2	27.7	3.2

1495209872378	28.2	27.7	3.2

1495209872379	28.2	28.1	2.3

1495209872380	28.2	28.1	1.9

1495209872383	27.8	28.1	1.9

1495209872392	27.8	28.6	2.3

1495209872402	27.8	28.6	2.3

1495209872414	27.8	28.6	2.3

1495209872422	27.3	29.1	2.3

1495209872432	27.3	29.1	1.5

1495209872442	27.3	29.1	1.1

1495209872452	27.3	29.5	0.3

1495209872461	27.3	29.5	0.3

1495209872473	26.9	29.5	-0.2

1495209872485	26.9	29.5	0.2

1495209872492	26.9	29.5	0.6

1495209872502	26.9	29.9	0.6

1495209872512	26.9	29.9	0.6

1495209872522	26.5	29.9	0.6

1495209872532	26.5	29.9	0.6

1495209872542	26.5	30.3	0.6

1495209872552	26.5	30.3	0.6

1495209872562	26.0	30.3	1.1

1495209872572	26.0	30.3	1.6

1495209872582	26.0	30.8	1.6

1495209872592	25.6	30.8	2.5

1495209872602	25.6	30.8	2.5

1495209872612	25.6	30.8	3.5

1495209872622	25.2	31.2	4.2

1495209872632	25.2	31.2	4.7

1495209872643	25.2	31.2	5.2

1495209872651	24.7	31.2	5.6

1495209872683	24.7	31.7	5.6

1495209872684	24.7	31.7	5.6

1495209872684	24.2	31.7	5.6

1495209872697	24.2	32.1	6.1

1495209872702	24.2	32.1	6.1

1495209872711	23.7	32.1	6.1

1495209872722	23.7	32.5	6.1

1495209872732	23.7	32.5	6.5

1495209872741	23.2	32.5	6.5

1495209872751	23.2	32.5	6.5

1495209872761	23.2	32.9	6.5

1495209872771	22.7	32.9	6.5

1495209872781	22.7	32.9	6.5

1495209872791	22.7	32.9	6.5

1495209872801	22.3	32.9	7.0

1495209872811	22.3	33.3	7.0

1495209872821	22.3	33.3	7.4

1495209872831	21.9	33.3	7.4

1495209872842	21.9	33.3	7.4

1495209872851	21.9	33.3	7.9

1495209872861	21.4	33.3	7.9

1495209872872	21.4	33.7	8.3

1495209872881	21.4	33.7	8.3

1495209872892	20.9	33.7	9.0

1495209872901	20.9	33.7	9.4

1495209872911	20.5	33.7	9.9

1495209872921	20.5	33.7	9.9

1495209872931	20.5	33.7	9.9

1495209872941	20.0	33.7	10.4

1495209872951	20.0	33.7	10.4

1495209872961	19.4	34.1	10.4

1495209872972	19.0	34.1	11.3

1495209872990	19.0	34.1	11.3

1495209872992	18.3	34.1	11.7

1495209873002	18.3	34.5	11.7

1495209873012	18.3	34.5	12.3

1495209873021	17.8	34.5	12.3

1495209873031	17.8	34.5	12.8

1495209873041	17.8	34.5	12.8

1495209873051	17.8	34.9	12.8

1495209873061	17.4	34.9	13.7

1495209873071	17.4	34.9	14.4

1495209873082	17.0	34.9	15.0

1495209873091	17.0	34.9	16.5

1495209873101	16.6	34.9	18.5

1495209873111	16.6	34.9	20.0

1495209873121	16.1	34.5	22.0

1495209873131	15.5	33.2	22.6

1495209873158	14.6	32.2	24.2

1495209873159	13.5	31.5	25.4

1495209873161	12.0	31.1	26.8

1495209873171	10.9	30.1	26.8

1495209873181	9.7	30.1	27.8

1495209873191	9.2	29.4	27.8

1495209873202	9.2	29.4	28.4

1495209873211	8.3	28.4	28.8

1495209873221	7.8	27.9	29.8

1495209873231	7.1	27.3	30.4

1495209873241	6.3	27.3	30.8

1495209873251	5.7	26.8	30.8

1495209873261	5.0	26.8	31.7

1495209873271	4.3	26.3	31.3

1495209873281	3.5	26.3	31.3

1495209873291	3.5	26.3	31.3

1495209873302	3.5	26.3	32.3

1495209873322	4.1	26.3	32.3

1495209873323	5.1	26.3	32.3

1495209873332	5.1	26.3	31.8

1495209873342	6.0	25.6	31.2

1495209873351	6.0	25.6	31.2

1495209873361	6.4	25.6	31.2

1495209873371	6.4	25.6	31.2

1495209873381	7.0	25.6	31.2

1495209873391	7.0	25.6	31.2

1495209873401	7.7	25.6	31.6

1495209873411	8.2	25.6	31.6

1495209873421	8.2	25.6	31.6

1495209873431	8.6	25.6	31.6

1495209873441	8.6	25.6	31.6

1495209873451	8.6	25.6	31.2

1495209873461	9.0	26.1	30.4

1495209873471	9.0	27.0	29.3

1495209873481	9.0	28.0	28.6

1495209873491	9.0	28.7	27.8

1495209873501	9.0	29.8	27.0

1495209873511	9.0	29.8	25.4

1495209873522	9.0	30.6	25.4

1495209873531	9.0	30.6	24.1

1495209873542	9.5	31.5	24.1

1495209873554	9.9	30.9	24.1

1495209873562	10.3	30.9	24.5

1495209873572	10.3	30.9	24.5

1495209873582	10.7	30.5	24.5

1495209873591	10.7	30.0	24.5

1495209873601	10.7	30.4	25.2

1495209873611	10.7	30.4	25.2

1495209873621	10.7	30.4	26.0

1495209873632	10.7	30.4	26.0

1495209873641	10.1	30.4	26.0

1495209873651	10.1	30.4	25.6

1495209873661	10.1	30.8	25.6

1495209873671	10.6	30.8	25.0

1495209873681	10.6	30.8	25.0

1495209873691	11.1	30.8	25.0

1495209873702	11.1	30.8	25.0

1495209873712	11.6	30.8	24.6

1495209873722	12.0	30.8	24.6

1495209873732	12.7	30.8	24.6

1495209873742	13.4	30.8	24.2

1495209873752	14.2	30.8	23.6

1495209873762	15.0	30.8	23.6

1495209873772	15.0	30.8	22.9

1495209873782	15.6	30.8	22.5

1495209873792	15.6	30.8	22.5

1495209873802	15.6	30.8	21.8

1495209873812	16.0	30.8	21.3

1495209873822	16.0	30.8	20.8

1495209873832	16.0	30.8	20.3

1495209873842	16.0	30.8	20.3

1495209873856	16.0	30.8	20.3

1495209873863	16.0	30.8	20.3

1495209873872	16.0	30.8	19.8

1495209873888	16.0	30.8	19.8

1495209873896	16.0	30.8	19.8

1495209873902	16.0	30.8	19.8

1495209873911	16.0	30.8	19.8

1495209873922	16.0	30.8	19.3

1495209873932	16.4	30.8	19.3

1495209873942	16.4	30.8	19.3

1495209873952	16.4	31.2	19.3

1495209873961	16.4	31.2	19.3

1495209873971	16.4	31.2	18.9

1495209873982	16.4	31.2	18.9

1495209873992	16.4	31.2	18.5

1495209874002	16.4	31.6	18.5

1495209874012	16.4	31.6	18.5

1495209874022	16.4	31.6	18.0

1495209874032	16.4	31.6	18.0

1495209874042	16.4	31.6	18.0

1495209874052	16.4	31.6	17.5

1495209874062	16.4	32.0	17.5

1495209874072	16.4	32.0	17.1

1495209874082	16.4	32.0	17.1

1495209874092	16.4	32.0	17.1

1495209874102	16.4	32.0	16.6

1495209874112	16.4	32.4	16.6

1495209874122	16.8	32.4	16.1

1495209874131	16.8	32.4	16.1

1495209874142	16.8	32.4	16.1

1495209874152	16.8	32.4	15.6

1495209874162	17.2	32.4	15.6

1495209874178	17.2	32.4	15.6

1495209874205	17.2	32.8	15.2

1495209874206	17.2	32.8	15.2

1495209874207	17.6	32.8	15.2

1495209874211	17.6	32.8	14.8

1495209874222	17.6	32.8	14.8

1495209874232	18.1	32.8	14.8

1495209874242	18.1	32.8	14.8

1495209874252	18.1	32.8	14.8

1495209874262	18.5	32.8	14.8

1495209874272	18.5	32.8	14.8

1495209874282	18.5	32.8	14.8

1495209874292	18.5	32.8	14.8

1495209874301	18.5	32.4	14.8

1495209874312	18.5	32.4	16.6

1495209874321	18.5	32.4	17.9

1495209874332	18.0	32.4	19.7

1495209874343	16.2	32.4	20.9

1495209874361	15.0	32.0	22.2

1495209874362	13.9	32.0	23.2

1495209874372	12.6	32.0	23.7

1495209874382	11.7	31.6	24.9

1495209874392	10.6	31.6	25.4

1495209874402	10.0	31.6	25.8

1495209874412	10.0	31.2	25.8

1495209874422	9.6	31.2	26.7

1495209874431	9.2	31.2	26.7

1495209874442	9.2	30.8	26.7

1495209874452	8.7	30.8	27.7

1495209874462	8.7	30.8	27.7

1495209874472	8.1	30.3	27.7

1495209874482	7.7	30.3	28.4

1495209874492	7.7	30.3	28.4

1495209874502	7.7	29.8	28.4

1495209874520	7.7	29.8	28.4

1495209874526	7.7	29.8	28.4

1495209874531	8.4	29.3	28.4

1495209874542	8.4	29.3	28.4

1495209874552	8.8	28.9	28.4

1495209874562	8.8	28.9	27.9

1495209874572	8.4	28.9	27.9

1495209874581	8.4	28.5	27.9

1495209874592	8.4	28.5	27.9

1495209874602	8.4	28.5	28.3

1495209874612	9.0	28.5	28.3

1495209874623	9.0	28.1	28.3

1495209874632	9.6	28.1	28.3

1495209874642	9.6	28.1	28.3

1495209874652	10.2	28.1	28.3

1495209874662	10.8	28.1	28.3

1495209874672	10.8	28.1	28.3

1495209874682	11.6	28.1	27.9

1495209874692	12.0	28.1	27.3

1495209874702	12.0	28.1	26.8

1495209874712	12.9	28.1	25.7

1495209874722	12.9	28.1	24.9

1495209874733	13.8	28.5	24.4

1495209874771	13.8	28.5	23.5

1495209874772	14.7	28.5	22.6

1495209874773	15.1	28.9	22.2

1495209874774	15.1	28.9	22.2

1495209874782	15.1	29.3	22.2

1495209874792	15.1	29.3	22.2

1495209874802	15.1	29.3	22.2

1495209874812	14.6	29.8	22.2

1495209874821	14.2	29.8	22.2

1495209874832	14.2	29.8	22.2

1495209874842	14.2	30.2	22.2

1495209874852	14.2	30.2	22.8

1495209874863	14.2	30.6	22.8

1495209874872	14.6	30.6	22.4

1495209874882	14.6	30.6	22.4

1495209874892	14.6	31.0	22.0

1495209874902	14.6	31.0	22.0

1495209874912	14.6	31.0	22.0

1495209874922	14.6	31.5	21.5

1495209874932	14.6	31.5	21.5

1495209874942	14.6	31.5	21.5

1495209874952	14.6	31.5	21.5

1495209874962	15.5	31.5	21.0

1495209874972	16.5	31.5	20.5

1495209874982	17.8	31.5	18.9

1495209874992	17.8	31.5	17.7

1495209875002	17.8	31.9	17.7

1495209875012	17.8	31.9	17.1

1495209875022	17.0	31.9	17.1

1495209875032	16.6	31.9	17.1

1495209875042	16.6	31.9	17.1

1495209875053	16.1	32.3	17.1

1495209875080	16.1	32.3	17.1

1495209875081	16.1	32.3	17.1

1495209875082	16.1	32.3	17.1

1495209875092	16.1	32.7	17.1

1495209875102	16.5	32.7	17.1

1495209875112	16.5	32.7	17.1

1495209875122	16.5	32.7	17.1

1495209875132	16.5	32.7	17.1

1495209875142	16.5	33.1	16.7

1495209875152	16.5	33.1	16.7

1495209875161	16.5	33.1	16.7

1495209875172	15.9	33.1	16.7

1495209875182	15.9	33.6	16.7

1495209875192	15.9	33.6	16.7

1495209875206	15.9	33.6	16.7

1495209875235	15.5	34.0	16.7

1495209875238	15.5	34.0	16.7

1495209875239	15.0	34.0	16.7

1495209875249	15.0	34.0	16.7

1495209875253	15.0	34.0	16.7

1495209875261	14.6	34.4	16.7

1495209875272	14.6	34.4	16.7

1495209875282	14.6	34.4	16.7

1495209875292	14.6	34.4	16.7

1495209875303	14.6	34.4	16.7

1495209875312	14.6	34.4	16.7

1495209875322	14.6	34.4	16.7

1495209875332	14.6	34.4	16.7

1495209875342	14.6	34.4	16.7

1495209875352	14.6	34.4	16.7

1495209875363	14.6	34.4	16.7

1495209875399	14.6	34.4	16.7

1495209875400	14.6	34.4	16.7

1495209875401	14.6	34.4	16.7

1495209875402	15.0	34.4	16.7

1495209875412	15.0	34.4	16.7

1495209875422	15.0	34.4	16.7

1495209875432	15.4	34.0	16.7

1495209875442	15.4	34.0	16.7

1495209875452	15.4	34.0	16.7

1495209875462	15.9	33.6	16.7

1495209875472	15.9	33.6	17.3

1495209875481	15.9	33.6	18.1

1495209875491	15.9	33.1	19.7

1495209875502	15.9	33.1	21.4

1495209875512	15.9	32.7	23.0

1495209875522	15.9	31.6	24.5

1495209875532	14.5	30.6	25.6

1495209875542	12.8	30.1	26.4

1495209875552	11.6	29.3	27.3

1495209875562	9.9	28.8	28.2

1495209875572	8.8	28.3	29.2

1495209875582	8.0	28.3	28.8

1495209875592	8.0	27.9	29.4

1495209875605	8.0	27.9	29.4

1495209875634	7.2	27.1	30.3

1495209875640	6.6	26.6	30.7

1495209875642	6.6	26.6	31.1

1495209875643	6.1	26.0	31.1

1495209875651	5.5	26.0	31.7

1495209875662	5.5	26.0	31.3

1495209875672	5.5	26.0	31.3

1495209875682	5.5	26.0	31.3

1495209875693	5.9	26.0	31.3

1495209875702	6.3	26.0	30.9

1495209875712	6.7	26.0	30.9

1495209875722	6.7	26.0	30.9

1495209875732	7.2	26.0	30.5

1495209875742	7.2	25.6	30.5

1495209875752	6.8	25.6	30.9

1495209875762	6.8	25.2	30.9

1495209875772	7.7	25.2	30.9

1495209875782	8.4	25.2	30.9

1495209875792	9.1	24.8	30.9

1495209875802	9.1	24.8	30.9

1495209875812	9.8	24.8	30.9

1495209875822	9.8	24.8	30.9

1495209875832	9.8	24.8	30.9

1495209875842	9.8	24.8	30.9

1495209875852	9.8	24.8	30.2

1495209875862	9.8	25.3	29.0

1495209875872	9.8	26.7	28.4

1495209875882	9.8	27.9	26.7

1495209875892	10.3	29.0	26.1

1495209875901	10.3	29.7	24.9

1495209875912	10.3	29.7	23.9

1495209875956	10.3	30.3	23.4

1495209875957	11.4	30.3	23.4

1495209875958	12.1	29.5	23.4

1495209875959	13.0	29.5	24.0

1495209875965	13.7	29.0	24.4

1495209875972	13.7	29.0	24.4

1495209875982	14.1	29.0	24.4

1495209875992	14.1	29.0	24.4

1495209876002	13.7	29.0	24.4

1495209876012	13.2	29.0	24.4

1495209876022	13.2	29.4	25.0

1495209876032	12.5	29.4	25.0

1495209876042	12.1	29.4	24.5

1495209876052	12.1	29.9	24.5

1495209876061	12.1	29.9	24.1

1495209876072	12.7	29.9	24.1

1495209876082	13.1	29.9	24.1

1495209876092	13.1	29.9	24.1

1495209876102	13.1	29.9	24.1

1495209876112	13.5	29.9	24.1

1495209876122	13.5	29.9	24.1

1495209876132	13.9	29.9	24.1

1495209876142	13.9	29.9	24.1

1495209876152	14.4	29.9	23.6

1495209876162	15.0	30.3	22.7

1495209876172	15.5	30.3	21.2

1495209876182	16.4	30.3	20.2

1495209876192	16.4	30.3	19.2

1495209876202	16.4	30.8	19.2

1495209876212	16.0	30.8	18.7

1495209876222	16.0	30.8	19.1

1495209876236	15.1	31.3	19.1

1495209876242	15.1	31.3	19.1

1495209876264	15.1	31.3	18.3

1495209876265	15.5	31.8	18.3

1495209876273	15.5	31.8	18.3

1495209876282	15.5	31.8	17.9

1495209876291	15.9	31.8	17.9

1495209876302	15.9	32.2	17.9

1495209876312	15.9	32.2	17.9

1495209876322	16.3	32.2	17.9

1495209876332	16.3	32.6	17.9

1495209876341	16.3	32.6	17.9

1495209876352	16.3	32.6	17.9

1495209876362	16.3	33.0	17.5

1495209876371	16.3	33.0	17.5

1495209876382	16.3	33.0	17.5

1495209876398	16.3	33.0	17.5

1495209876402	15.9	33.4	17.5

1495209876428	15.9	33.4	17.5

1495209876429	15.9	33.4	17.5

1495209876438	15.9	33.4	17.1

1495209876442	15.9	33.4	17.1

1495209876451	15.9	33.4	17.1

1495209876462	15.9	33.8	17.1

1495209876472	15.9	33.8	17.1

1495209876482	15.5	33.8	16.7

1495209876492	15.5	33.8	16.7

1495209876501	15.5	33.8	16.7

