1496153004878	114.36	-29.039999	-131.81999

1496153004886	114.18	-29.22	-131.81999

1496153004896	114.299995	-29.16	-131.94

1496153004906	114.18	-29.279999	-131.76

1496153004916	114.06	-29.64	-131.76

1496153004926	113.759995	-29.64	-131.7

1496153004936	113.46	-29.58	-131.81999

1496153004946	113.759995	-29.519999	-131.81999

1496153004956	113.939995	-29.76	-131.81999

1496153004966	114.18	-29.519999	-131.94

1496153004976	114.18	-29.76	-131.76

1496153004986	114.18	-29.46	-131.94

1496153005063	114.299995	-29.279999	-131.76

1496153005065	114.18	-29.58	-131.76

1496153005067	114.36	-29.82	-131.64

1496153005069	114.06	-30.179998	-131.52

1496153005072	114.06	-30.06	-131.94

1496153005079	114.06	-30.06	-131.94

1496153005085	114.0	-30.179998	-131.94

1496153005087	113.759995	-30.179998	-132.06

1496153005088	113.7	-30.179998	-132.23999

1496153005089	113.759995	-29.82	-132.36

1496153005096	113.579994	-29.64	-132.42

1496153005106	113.7	-29.64	-132.84

1496153005116	113.759995	-29.64	-132.59999

1496153005126	113.88	-29.76	-132.54

1496153005136	113.759995	-29.279999	-132.59999

1496153005146	113.939995	-29.22	-132.54

1496153005156	113.939995	-28.92	-132.54

1496153005166	114.0	-28.98	-132.54

1496153005177	113.939995	-28.98	-132.3

1496153005186	113.7	-28.619999	-131.81999

1496153005196	113.64	-28.92	-131.81999

1496153005206	113.64	-28.92	-131.81999

1496153005216	113.939995	-29.22	-131.76

1496153005226	113.939995	-29.46	-131.81999

1496153005236	113.939995	-29.34	-131.76

1496153005246	114.18	-29.64	-132.0

1496153005261	114.479996	-29.82	-132.36

1496153005266	114.659996	-29.76	-132.36

1496153005276	114.96	-29.34	-132.59999

1496153005286	115.14	-29.279999	-132.54

1496153005296	115.38	-29.519999	-132.9

1496153005306	115.74	-29.64	-133.14

1496153005316	116.04	-29.88	-133.14

1496153005326	116.1	-29.58	-132.72

1496153005336	116.159996	-29.46	-132.59999

1496153005346	116.159996	-29.46	-132.66

1496153005356	115.86	-29.46	-132.42

1496153005366	115.74	-29.519999	-132.42

1496153005376	115.259995	-29.279999	-132.3

1496153005386	114.96	-29.16	-132.06

1496153005396	114.78	-29.46	-132.06

1496153005406	114.299995	-29.46	-132.12

1496153005416	113.939995	-29.34	-132.12

1496153005426	114.06	-29.82	-131.81999

1496153005436	114.06	-29.82	-131.76

1496153005446	114.06	-29.939999	-131.52

1496153005456	114.0	-29.939999	-131.34

1496153005466	113.939995	-30.119999	-131.34

1496153005476	114.06	-29.939999	-131.34

1496153005488	114.18	-30.119999	-131.16

1496153005497	114.24	-30.119999	-131.16

1496153005506	114.06	-30.119999	-131.22

1496153005516	113.939995	-30.359999	-131.22

1496153005526	114.06	-30.119999	-131.7

1496153005537	114.24	-30.119999	-131.81999

1496153005547	114.299995	-29.939999	-131.94

1496153005557	114.36	-29.82	-132.0

1496153005567	114.479996	-29.64	-132.06

1496153005576	114.54	-29.64	-132.0

1496153005586	114.659996	-29.22	-132.0

1496153005596	114.78	-29.039999	-131.76

1496153005607	114.479996	-29.16	-131.7

1496153005617	114.479996	-29.279999	-131.7

1496153005626	114.479996	-29.46	-131.64

1496153005636	114.18	-29.34	-131.45999

1496153005647	114.18	-29.519999	-131.52

1496153005657	114.18	-29.76	-131.64

1496153005667	114.18	-29.88	-131.81999

1496153005677	114.299995	-29.88	-132.06

1496153005686	114.479996	-29.88	-131.94

1496153005696	114.36	-29.88	-132.06

1496153005706	114.54	-29.88	-132.23999

1496153005716	114.54	-29.64	-132.54

1496153005727	114.479996	-29.64	-132.59999

1496153005736	114.36	-29.82	-132.66

1496153005746	114.24	-29.76	-132.72

1496153005756	114.24	-29.76	-132.54

1496153005766	114.36	-29.76	-132.59999

1496153005776	114.6	-29.58	-132.3

1496153005786	114.6	-29.279999	-132.23999

1496153005796	114.84	-29.88	-132.0

1496153005806	114.96	-29.76	-131.76

1496153005816	114.96	-29.58	-131.64

1496153005826	115.14	-29.58	-131.52

1496153005836	114.96	-29.58	-131.45999

1496153005847	114.84	-29.519999	-131.64

1496153005857	114.899994	-29.22	-131.76

1496153005867	114.78	-29.34	-131.64

1496153005876	114.479996	-29.039999	-131.64

1496153005886	114.6	-29.22	-131.81999

1496153005897	114.659996	-29.039999	-131.94

1496153005907	114.54	-29.279999	-131.81999

1496153005916	114.659996	-29.22	-132.23999

1496153005926	114.659996	-29.279999	-132.06

1496153005936	114.479996	-29.46	-132.12

1496153005946	114.6	-29.58	-132.3

1496153005956	114.899994	-29.519999	-132.42

1496153005966	114.899994	-29.279999	-132.36

1496153005976	115.14	-29.22	-132.36

1496153005987	115.079994	-28.92	-132.42

1496153005997	115.079994	-28.98	-132.12

1496153006007	115.079994	-28.98	-132.23999

1496153006017	114.899994	-28.92	-132.0

1496153006027	114.6	-28.56	-131.76

1496153006037	114.299995	-28.56	-131.52

1496153006047	114.0	-28.56	-131.4

1496153006057	113.759995	-28.74	-131.45999

1496153006067	114.0	-29.22	-131.52

1496153006077	114.18	-29.519999	-132.12

1496153006087	114.18	-29.519999	-132.06

1496153006096	114.479996	-29.76	-132.54

1496153006106	114.54	-29.76	-132.66

1496153006116	114.84	-29.76	-132.9

1496153006126	114.899994	-29.82	-132.95999

1496153006136	115.079994	-29.64	-132.95999

1496153006147	114.84	-29.279999	-132.9

1496153006157	114.899994	-29.16	-132.3

1496153006167	115.079994	-28.98	-132.3

1496153006177	115.14	-28.98	-131.94

1496153006187	115.2	-29.039999	-131.81999

1496153006197	114.96	-29.279999	-131.76

1496153006207	115.079994	-29.279999	-131.76

1496153006217	114.899994	-29.279999	-131.76

1496153006227	114.96	-29.34	-131.76

1496153006236	114.6	-29.22	-132.0

1496153006246	114.479996	-29.64	-132.0

1496153006256	114.06	-29.519999	-132.12

1496153006266	114.06	-29.46	-132.12

1496153006276	113.939995	-29.279999	-132.0

1496153006286	114.06	-29.279999	-132.0

1496153006297	114.24	-29.22	-131.64

1496153006307	114.36	-29.519999	-131.64

1496153006316	114.78	-29.279999	-131.7

1496153006326	114.899994	-28.859999	-131.64

1496153006336	114.96	-28.98	-131.45999

1496153006346	114.899994	-29.22	-131.7

1496153006356	114.96	-29.16	-131.81999

1496153006366	114.659996	-29.46	-131.81999

1496153006376	114.299995	-29.82	-132.23999

1496153006387	114.299995	-29.64	-132.3

1496153006396	114.24	-30.24	-132.36

1496153006406	114.24	-30.42	-132.66

1496153006416	114.479996	-30.179998	-132.84

1496153006426	114.78	-30.359999	-132.66

1496153006436	114.84	-30.42	-132.72

1496153006447	114.78	-30.42	-132.84

1496153006457	114.84	-30.06	-132.66

1496153006467	114.899994	-29.88	-132.59999

1496153006477	114.96	-29.64	-132.54

1496153006487	114.84	-29.64	-132.36

1496153006497	114.84	-30.06	-132.3

1496153006507	114.6	-29.519999	-132.23999

1496153006517	114.659996	-29.64	-132.06

1496153006527	114.899994	-29.34	-132.06

1496153006537	115.079994	-29.46	-132.3

1496153006548	114.659996	-29.58	-132.36

1496153006557	114.479996	-29.58	-132.36

1496153006573	114.659996	-29.76	-132.3

1496153006579	114.659996	-29.34	-132.12

1496153006586	114.659996	-29.76	-132.06

1496153006596	114.479996	-29.58	-132.12

1496153006606	114.36	-29.76	-132.0

1496153006616	114.6	-29.76	-132.0

1496153006626	114.78	-29.519999	-132.06

1496153006636	114.78	-29.279999	-132.23999

1496153006647	114.78	-29.16	-132.12

1496153006657	114.54	-29.22	-132.23999

1496153006667	114.479996	-28.859999	-132.23999

1496153006678	114.659996	-29.16	-132.3

1496153006687	114.659996	-29.16	-132.3

1496153006697	114.36	-29.16	-132.23999

1496153006707	114.36	-29.34	-132.12

1496153006717	114.299995	-29.58	-131.94

1496153006727	114.0	-29.76	-132.0

1496153006737	114.0	-29.88	-132.0

1496153006747	114.0	-30.24	-132.06

1496153006757	114.0	-29.939999	-132.0

1496153006767	114.06	-29.82	-132.12

1496153006777	114.18	-29.64	-132.06

1496153006786	114.18	-29.46	-132.0

1496153006797	114.18	-29.58	-132.0

1496153006806	114.24	-29.46	-132.0

1496153006816	114.299995	-29.279999	-132.12

1496153006826	114.6	-29.16	-132.3

1496153006836	114.6	-29.279999	-132.12

1496153006847	114.78	-29.22	-132.0

1496153006856	114.659996	-29.34	-132.0

1496153006866	114.96	-29.34	-132.0

1496153006876	115.2	-29.039999	-132.12

1496153006886	115.079994	-28.98	-132.12

1496153006897	114.96	-28.98	-132.0

1496153006907	114.96	-28.98	-131.94

1496153006917	114.96	-28.859999	-132.0

1496153006927	114.84	-28.74	-132.23999

1496153006937	114.899994	-28.74	-132.0

1496153006947	114.84	-28.98	-131.76

1496153006958	114.659996	-29.16	-131.64

1496153006967	114.84	-29.16	-131.52

1496153006977	115.14	-29.279999	-131.52

1496153006987	115.079994	-29.22	-131.64

1496153006997	114.96	-29.34	-131.81999

1496153007007	114.899994	-29.34	-131.76

1496153007017	114.84	-29.34	-132.0

1496153007028	114.6	-28.98	-132.3

1496153007037	114.6	-28.74	-132.06

1496153007046	114.54	-28.859999	-131.94

1496153007056	114.24	-28.56	-132.0

1496153007066	114.06	-28.619999	-131.64

1496153007076	114.36	-28.439999	-131.64

1496153007087	114.24	-28.74	-131.52

1496153007097	114.299995	-28.74	-131.45999

1496153007107	114.24	-28.859999	-131.34

1496153007117	114.18	-28.92	-131.64

1496153007126	114.24	-29.039999	-131.81999

1496153007136	114.479996	-29.22	-131.76

1496153007146	114.479996	-29.22	-131.76

1496153007156	114.18	-29.22	-131.52

1496153007167	114.299995	-29.039999	-131.52

1496153007176	114.299995	-28.92	-131.7

1496153007186	114.54	-29.039999	-131.7

1496153007197	114.6	-28.92	-131.76

1496153007207	114.84	-29.039999	-131.7

1496153007216	114.84	-29.039999	-131.64

1496153007227	114.84	-29.22	-132.0

1496153007237	114.899994	-29.22	-132.0

1496153007254	115.38	-29.22	-132.23999

1496153007263	115.259995	-29.64	-132.12

1496153007267	115.439995	-29.64	-132.36

1496153007276	115.68	-29.58	-132.36

1496153007286	115.74	-29.46	-132.54

1496153007296	115.56	-29.34	-132.54

1496153007306	115.5	-29.519999	-132.54

1496153007318	115.5	-29.64	-132.54

1496153007328	115.439995	-29.519999	-132.66

1496153007337	115.439995	-29.16	-132.84

1496153007347	115.14	-29.279999	-132.66

1496153007357	114.84	-29.64	-132.59999

1496153007367	114.54	-29.64	-132.54

1496153007376	114.54	-29.76	-132.72

1496153007387	114.36	-29.34	-132.59999

1496153007396	114.299995	-29.22	-132.59999

1496153007406	113.939995	-29.64	-132.23999

1496153007416	113.939995	-30.06	-132.06

1496153007426	113.88	-30.179998	-132.06

1496153007436	113.88	-30.359999	-132.0

1496153007447	114.0	-30.359999	-131.94

1496153007456	113.939995	-30.48	-131.94

1496153007466	114.299995	-30.48	-132.12

1496153007476	114.54	-30.779999	-132.23999

1496153007486	114.6	-30.779999	-132.0

1496153007496	114.96	-30.42	-132.12

1496153007507	115.259995	-30.119999	-132.12

1496153007517	115.259995	-29.76	-131.94

1496153007527	115.14	-29.34	-132.0

1496153007536	115.14	-29.16	-132.0

1496153007547	114.96	-29.22	-131.7

1496153007557	114.84	-28.92	-131.7

1496153007566	114.84	-28.56	-131.81999

1496153007577	114.659996	-28.56	-131.81999

1496153007587	114.6	-28.56	-131.81999

1496153007597	114.6	-28.439999	-132.23999

1496153007607	114.84	-28.859999	-132.3

1496153007616	115.079994	-29.039999	-132.36

1496153007626	115.079994	-29.039999	-132.36

1496153007636	115.2	-29.22	-132.3

1496153007646	115.079994	-29.22	-132.42

1496153007656	114.78	-29.58	-132.36

1496153007667	114.6	-29.58	-132.66

1496153007676	114.659996	-29.76	-132.54

1496153007686	114.6	-29.88	-132.59999

1496153007697	114.36	-29.76	-132.54

1496153007707	114.299995	-29.76	-132.59999

1496153007717	114.36	-29.88	-132.66

1496153007728	114.54	-29.939999	-132.66

1496153007737	114.6	-29.64	-132.66

1496153007746	114.78	-29.58	-132.3

1496153007756	114.78	-29.76	-132.23999

1496153007766	114.54	-29.58	-132.06

1496153007776	114.78	-29.76	-132.06

1496153007787	114.659996	-30.06	-132.12

1496153007797	114.36	-29.76	-131.81999

1496153007806	114.36	-30.06	-131.94

1496153007816	114.479996	-30.179998	-131.81999

1496153007827	114.479996	-30.539999	-131.81999

1496153007837	114.659996	-30.359999	-132.0

1496153007847	114.659996	-30.359999	-132.06

1496153007857	114.479996	-30.48	-131.94

1496153007867	114.78	-30.119999	-131.81999

1496153007877	114.96	-30.42	-132.12

1496153007887	114.96	-30.06	-131.94

1496153007897	115.2	-29.88	-132.12

1496153007907	114.96	-29.76	-132.3

1496153007917	115.079994	-29.939999	-132.36

1496153007927	115.079994	-29.76	-132.3

1496153007937	115.079994	-29.34	-132.42

1496153007947	114.659996	-29.46	-132.42

1496153007957	114.54	-29.039999	-132.42

1496153007967	114.54	-29.039999	-132.54

1496153007978	114.479996	-29.22	-132.54

1496153007986	114.54	-29.039999	-132.42

1496153007997	114.24	-29.039999	-132.36

1496153008006	114.24	-29.16	-132.42

1496153008017	114.24	-29.22	-132.3

1496153008027	114.479996	-29.22	-132.36

1496153008037	114.6	-29.279999	-132.3

1496153008047	114.78	-29.279999	-132.3

1496153008057	114.54	-29.16	-132.06

1496153008067	114.78	-29.16	-132.23999

1496153008077	114.659996	-28.92	-132.36

1496153008086	114.899994	-28.859999	-132.54

1496153008096	115.14	-28.74	-132.72

1496153008107	115.079994	-28.74	-132.66

1496153008116	114.84	-28.74	-132.66

1496153008126	114.6	-28.98	-132.66

1496153008137	114.899994	-28.98	-132.59999

1496153008147	114.84	-28.92	-132.42

1496153008157	115.14	-28.98	-132.12

1496153008167	115.2	-29.039999	-132.06

1496153008177	114.899994	-29.16	-131.81999

1496153008187	114.78	-29.46	-132.06

1496153008197	114.659996	-29.34	-132.12

1496153008207	114.899994	-29.34	-132.06

1496153008216	114.899994	-29.34	-132.3

1496153008226	114.899994	-29.46	-132.23999

1496153008237	114.899994	-29.76	-132.06

1496153008247	114.54	-29.519999	-132.0

1496153008256	114.659996	-29.64	-132.23999

1496153008266	114.84	-29.16	-132.0

1496153008276	115.14	-29.16	-132.06

1496153008286	114.899994	-29.279999	-132.23999

1496153008296	114.84	-29.279999	-132.36

1496153008306	114.84	-29.279999	-132.59999

1496153008316	114.6	-28.92	-132.95999

1496153008326	114.899994	-29.279999	-132.66

1496153008336	114.84	-28.98	-132.23999

1496153008347	114.84	-29.519999	-132.3

1496153008356	114.659996	-29.76	-132.3

1496153008366	114.78	-29.34	-132.12

1496153008377	114.6	-29.34	-132.06

1496153008387	114.6	-29.519999	-132.06

1496153008397	114.78	-29.519999	-132.0

1496153008408	114.54	-29.519999	-132.12

1496153008417	114.6	-29.82	-132.3

1496153008427	114.659996	-29.82	-132.36

1496153008437	114.659996	-29.82	-132.23999

1496153008447	114.659996	-30.179998	-132.3

1496153008463	114.659996	-30.359999	-132.23999

1496153008466	114.54	-30.48	-131.81999

1496153008476	114.36	-30.84	-131.45999

1496153008486	114.24	-30.84	-131.64

1496153008496	114.36	-30.72	-131.4

1496153008506	114.18	-30.42	-131.16

1496153008516	114.06	-30.119999	-131.34

1496153008526	114.0	-29.939999	-131.34

1496153008537	114.0	-29.939999	-131.16

1496153008547	114.0	-29.58	-131.34

1496153008557	114.18	-29.22	-131.76

1496153008566	114.24	-28.98	-131.81999

1496153008576	114.0	-29.279999	-132.06

1496153008588	114.24	-29.279999	-132.12

1496153008598	114.299995	-29.46	-131.76

1496153008607	114.18	-29.22	-131.7

1496153008616	114.06	-28.92	-131.7

1496153008626	114.0	-29.279999	-131.76

1496153008636	113.7	-29.34	-131.7

1496153008646	113.759995	-29.58	-131.45999

1496153008656	113.7	-29.58	-131.52

1496153008667	113.64	-29.88	-131.64

1496153008677	113.46	-29.82	-131.76

1496153008686	113.46	-29.88	-131.76

1496153008697	113.399994	-30.179998	-131.7

1496153008707	113.34	-29.82	-131.81999

1496153008716	113.34	-29.82	-131.76

1496153008726	113.159996	-29.82	-131.76

1496153008736	113.159996	-29.82	-131.76

1496153008748	113.28	-29.34	-131.81999

1496153008757	113.399994	-29.58	-131.94

1496153008767	113.579994	-29.76	-132.06

1496153008776	113.579994	-29.58	-132.36

1496153008786	113.7	-29.82	-132.23999

1496153008797	113.759995	-30.179998	-132.23999

1496153008806	113.939995	-30.42	-132.3

1496153008817	114.0	-30.48	-132.3

1496153008827	113.939995	-30.66	-132.06

1496153008836	113.939995	-30.359999	-131.81999

1496153008846	113.88	-30.179998	-131.81999

1496153008856	114.18	-30.179998	-131.7

1496153008866	114.06	-30.359999	-131.64

1496153008876	114.0	-29.939999	-131.7

1496153008886	113.88	-29.58	-131.7

1496153008896	113.88	-29.34	-131.7

1496153008906	113.759995	-29.519999	-131.76

1496153008916	113.579994	-29.82	-132.06

1496153008926	113.88	-29.82	-132.0

1496153008936	113.7	-29.82	-131.81999

1496153008946	113.759995	-29.519999	-131.94

1496153008956	113.88	-29.64	-131.81999

1496153008966	113.939995	-29.82	-131.64

1496153008976	114.0	-29.82	-131.64

1496153008986	113.939995	-29.82	-131.64

1496153008996	114.18	-29.82	-131.45999

1496153009006	114.0	-29.82	-131.52

1496153009016	114.0	-29.939999	-131.52

1496153009026	114.18	-30.119999	-131.64

1496153009036	114.36	-30.119999	-131.64

1496153009047	114.36	-30.24	-131.81999

1496153009056	114.36	-29.939999	-132.0

1496153009066	114.6	-30.119999	-131.94

1496153009076	114.78	-30.119999	-131.7

1496153009087	114.899994	-30.119999	-131.7

1496153009097	114.899994	-30.119999	-131.76

1496153009107	114.78	-30.119999	-131.64

1496153009117	114.6	-30.119999	-131.7

1496153009127	114.899994	-29.76	-131.7

1496153009137	114.899994	-29.88	-131.45999

1496153009147	114.899994	-29.76	-131.52

1496153009157	114.659996	-29.88	-131.94

1496153009167	114.659996	-30.06	-131.64

1496153009177	114.6	-29.88	-131.64

1496153009186	114.54	-29.58	-131.64

1496153009196	114.54	-29.279999	-131.45999

1496153009206	114.54	-29.519999	-131.45999

1496153009216	114.659996	-29.64	-131.64

1496153009227	114.84	-29.46	-131.64

1496153009253	114.84	-29.46	-131.52

1496153009256	114.54	-29.46	-131.81999

1496153009256	114.78	-29.58	-131.94

1496153009266	114.84	-29.76	-131.7

1496153009276	114.84	-30.06	-131.76

1496153009286	114.54	-30.06	-131.7

1496153009296	114.54	-30.06	-131.7

1496153009306	114.54	-30.42	-131.7

1496153009317	114.84	-30.24	-131.64

1496153009327	114.96	-30.06	-131.52

1496153009337	114.96	-30.179998	-131.45999

1496153009347	114.96	-30.179998	-131.45999

1496153009357	115.14	-30.06	-131.52

1496153009367	115.259995	-30.06	-131.4

1496153009377	115.079994	-30.06	-131.34

1496153009387	114.899994	-29.76	-131.22

1496153009397	114.54	-29.88	-131.4

1496153009407	114.54	-30.119999	-131.34

1496153009418	114.36	-29.64	-131.22

1496153009427	114.36	-29.82	-131.45999

1496153009437	114.0	-29.76	-131.16

1496153009446	114.0	-29.76	-131.16

1496153009456	114.0	-29.46	-131.16

1496153009466	113.939995	-29.58	-131.34

1496153009476	114.24	-29.58	-131.16

1496153009487	114.479996	-29.58	-131.22

1496153009498	114.36	-29.88	-131.22

1496153009507	114.299995	-29.88	-131.22

1496153009517	114.479996	-30.119999	-131.4

1496153009527	114.36	-30.119999	-131.52

1496153009537	114.479996	-30.179998	-131.52

1496153009547	114.54	-29.939999	-131.52

1496153009557	114.24	-29.58	-131.4

1496153009567	114.18	-29.46	-131.4

1496153009577	114.06	-29.46	-131.45999

1496153009586	114.0	-29.46	-131.45999

1496153009597	114.24	-29.279999	-131.64

1496153009606	114.479996	-29.039999	-131.7

1496153009616	114.6	-29.46	-131.81999

1496153009627	114.6	-29.64	-131.94

1496153009637	114.78	-29.64	-131.94

1496153009648	114.6	-29.64	-132.0

1496153009657	114.659996	-29.64	-132.06

1496153009667	114.84	-29.22	-132.23999

1496153009677	114.659996	-29.34	-132.12

1496153009687	114.54	-29.46	-132.12

1496153009696	114.36	-29.279999	-132.06

1496153009706	114.24	-29.16	-131.81999

1496153009716	114.18	-29.16	-132.06

1496153009726	114.06	-29.16	-131.94

1496153009736	114.18	-28.92	-131.64

1496153009747	114.06	-29.16	-131.52

1496153009758	113.939995	-28.98	-131.45999

1496153009766	113.7	-29.16	-131.45999

1496153009776	113.7	-28.859999	-131.4

1496153009786	113.88	-28.859999	-131.45999

1496153009796	114.18	-29.22	-131.45999

1496153009807	114.18	-29.34	-131.52

1496153009817	114.06	-29.46	-131.7

1496153009827	114.0	-29.64	-131.64

1496153009837	114.18	-29.58	-131.64

1496153009846	114.24	-29.46	-131.7

1496153009857	114.24	-29.58	-131.7

1496153009866	114.24	-29.76	-131.7

