1495996575487	0.009725553	-0.002131628	0.010791367

1495996575493	0.009725553	-0.002131628	0.0075939246

1495996575499	0.0065281107	-0.003197442	0.009725553

1495996575510	0.008659739	-0.002131628	0.013056221

1495996575518	0.008659739	0.002131628	0.010791367

1495996575528	0.0065281107	-0.003197442	0.010791367

1495996575540	0.009725553	-0.00532907	0.0065281107

1495996575549	0.004263256	-0.004263256	0.0119904075

1495996575558	0.003197442	-0.004263256	0.013056221

1495996575570	0.008659739	-0.003197442	0.0119904075

1495996575585	0.0075939246	-0.003197442	0.0119904075

1495996575588	0.004263256	-0.002131628	0.015187849

1495996575598	0.0075939246	-0.002131628	0.014122035

1495996575608	0.010791367	-0.0075939246	0.010791367

1495996575618	0.0065281107	-0.003197442	0.009725553

1495996575628	0.0075939246	-0.002131628	0.0119904075

1495996575638	0.0075939246	-0.004263256	0.0075939246

1495996575652	0.00532907	-0.00532907	0.0075939246

1495996575668	0.015187849	-0.003197442	0.009725553

1495996575678	0.0075939246	-0.001065814	0.016253663

1495996575690	0.002131628	-0.00532907	0.013056221

1495996575699	0.003197442	-0.009725553	0.00532907

1495996575708	0.008659739	-0.008659739	0.0075939246

1495996575718	0.00532907	-0.004263256	0.014122035

1495996575729	0.0075939246	-0.004263256	0.013056221

1495996575740	0.009725553	-0.003197442	0.008659739

1495996575749	0.008659739	-0.003197442	0.015187849

1495996575758	0.008659739	-0.002131628	0.016253663

1495996575768	0.0075939246	-0.004263256	0.015187849

1495996575778	0.008659739	-0.004263256	0.010791367

1495996575790	0.009725553	-0.001065814	0.009725553

1495996575799	0.009725553	-0.004263256	0.014122035

1495996575808	0.0075939246	-0.001065814	0.019584332

1495996575818	0.0075939246	-0.003197442	0.017452704

1495996575828	0.0119904075	-0.003197442	0.0119904075

1495996575847	0.013056221	-0.004263256	0.010791367

1495996575859	0.0119904075	-0.004263256	0.018518519

1495996575869	0.015187849	-0.001065814	0.010791367

1495996575878	0.010791367	-0.0065281107	0.017452704

1495996575891	0.010791367	-0.002131628	0.020650147

1495996575900	0.009725553	-0.0065281107	0.0119904075

1495996575908	0.009725553	-0.0075939246	0.0065281107

1495996575918	0.0065281107	-0.001065814	0.0119904075

1495996575928	0.008659739	-0.002131628	0.009725553

1495996575941	0.0119904075	-0.008659739	0.0075939246

1495996575950	0.0065281107	-0.0075939246	0.0119904075

1495996575958	0.00532907	-0.003197442	0.010791367

1495996575968	0.009725553	-0.0075939246	0.014122035

1495996575978	0.008659739	-0.002131628	0.014122035

1495996575994	0.0065281107	-0.002131628	0.013056221

1495996575998	0.0065281107	-0.003197442	0.013056221

1495996576008	0.00532907	-0.004263256	0.016253663

1495996576018	0.004263256	-0.0075939246	0.013056221

1495996576028	0.0075939246	-0.0065281107	0.010791367

1495996576041	0.0075939246	-0.00532907	0.016253663

1495996576060	0.0065281107	-0.001065814	0.010791367

1495996576068	0.009725553	-0.001065814	0.010791367

1495996576078	0.010791367	0.002131628	0.008659739

1495996576090	0.0075939246	0.001065814	0.008659739

1495996576098	0.0075939246	-0.004263256	0.013056221

1495996576108	0.0065281107	-0.0065281107	0.014122035

1495996576118	0.009725553	-0.003197442	0.014122035

1495996576128	0.0075939246	-0.004263256	0.014122035

1495996576141	0.0065281107	-0.009725553	0.00532907

1495996576148	0.0065281107	-0.004263256	0.009725553

1495996576160	0.010791367	-0.002131628	0.010791367

1495996576168	0.010791367	-0.004263256	0.0119904075

1495996576178	0.004263256	-0.0075939246	0.015187849

1495996576192	0.0065281107	-0.009725553	0.013056221

1495996576198	0.00532907	-0.0075939246	0.008659739

1495996576208	0.0065281107	-0.003197442	0.010791367

1495996576219	0.004263256	-0.00532907	0.014122035

1495996576228	0.0065281107	-0.0065281107	0.0075939246

1495996576240	0.010791367	-0.004263256	0.0065281107

1495996576248	0.008659739	-0.004263256	0.0075939246

1495996576259	0.0065281107	0.003197442	0.0119904075

1495996576268	0.003197442	-0.0075939246	0.013056221

1495996576278	0.00532907	-0.015187849	0.009725553

1495996576292	0.00532907	-0.00532907	0.010791367

1495996576299	0.004263256	-0.003197442	0.009725553

1495996576308	0.0065281107	-0.001065814	0.0119904075

1495996576318	0.00532907	-0.001065814	0.013056221

1495996576328	0.0065281107	-0.003197442	0.013056221

1495996576340	0.0075939246	0.002131628	0.0119904075

1495996576348	0.008659739	-0.002131628	0.0119904075

1495996576360	0.0075939246	-0.0075939246	0.008659739

1495996576368	0.013056221	0.0	0.013056221

1495996576379	0.0119904075	-0.009725553	0.009725553

1495996576392	0.003197442	-0.014122035	0.009725553

1495996576398	0.00532907	-0.0075939246	0.015187849

1495996576409	0.004263256	-0.0065281107	0.014122035

1495996576418	0.009725553	-0.0075939246	0.009725553

1495996576428	0.008659739	-0.004263256	0.0065281107

1495996576440	0.009725553	-0.0075939246	0.008659739

1495996576448	0.013056221	-0.002131628	0.0065281107

1495996576460	0.0075939246	-0.00532907	0.013056221

1495996576468	0.0075939246	-0.00532907	0.009725553

1495996576478	0.00532907	-0.0075939246	0.015187849

1495996576493	0.0065281107	-0.00532907	0.0119904075

1495996576498	0.010791367	-0.003197442	0.009725553

1495996576508	0.008659739	-0.00532907	0.0119904075

1495996576518	0.010791367	-0.004263256	0.010791367

1495996576528	0.008659739	-0.0065281107	0.013056221

1495996576541	0.00532907	-0.0065281107	0.013056221

1495996576548	0.0065281107	-0.0065281107	0.0119904075

1495996576559	0.0065281107	-0.00532907	0.016253663

1495996576568	0.0075939246	-0.009725553	0.014122035

1495996576578	0.0065281107	-0.004263256	0.017452704

1495996576591	0.008659739	-0.00532907	0.0075939246

1495996576598	0.009725553	-0.003197442	0.008659739

1495996576608	0.0065281107	-0.00532907	0.010791367

1495996576618	0.0075939246	-0.003197442	0.0075939246

1495996576628	0.004263256	-0.004263256	0.014122035

1495996576641	0.004263256	-0.004263256	0.0119904075

1495996576649	0.004263256	-0.004263256	0.015187849

1495996576660	0.010791367	-0.002131628	0.015187849

1495996576669	0.009725553	-0.002131628	0.0119904075

1495996576680	0.0075939246	-0.002131628	0.014122035

1495996576690	0.0065281107	-0.00532907	0.015187849

1495996576698	0.0075939246	-0.00532907	0.009725553

1495996576708	0.0075939246	-0.0065281107	0.0119904075

1495996576718	0.008659739	-0.0065281107	0.008659739

1495996576728	0.008659739	-0.003197442	0.010791367

1495996576743	0.0075939246	-0.00532907	0.013056221

1495996576749	0.009725553	-0.001065814	0.014122035

1495996576760	0.0065281107	-0.004263256	0.013056221

1495996576768	0.00532907	-0.003197442	0.013056221

1495996576778	0.004263256	-0.002131628	0.0119904075

1495996576790	0.00532907	0.002131628	0.008659739

1495996576799	0.0065281107	-0.004263256	0.00532907

1495996576808	0.009725553	-0.002131628	0.010791367

1495996576818	0.0075939246	-0.008659739	0.010791367

1495996576829	0.0119904075	0.001065814	0.014122035

1495996576846	0.0075939246	-0.00532907	0.0119904075

1495996576860	0.004263256	-0.0119904075	0.0119904075

1495996576890	0.0075939246	0.0	0.014122035

1495996576892	0.00532907	-0.00532907	0.013056221

1495996576893	0.008659739	-0.0075939246	0.0075939246

1495996576898	0.0075939246	-0.00532907	0.013056221

1495996576908	0.004263256	-0.008659739	0.009725553

1495996576918	0.004263256	0.0	0.016253663

1495996576928	0.0075939246	-0.0065281107	0.015187849

1495996576942	0.008659739	-0.00532907	0.014122035

1495996576948	0.009725553	-0.00532907	0.008659739

1495996576960	0.00532907	-0.003197442	0.008659739

1495996576968	0.00532907	-0.002131628	0.014122035

1495996576978	0.00532907	-0.00532907	0.014122035

1495996576993	0.0065281107	-0.003197442	0.009725553

1495996576998	0.00532907	-0.002131628	0.009725553

1495996577008	0.0065281107	0.001065814	0.009725553

1495996577018	0.008659739	-0.004263256	0.015187849

1495996577028	0.0119904075	0.001065814	0.013056221

1495996577045	0.009725553	-0.0065281107	0.00532907

1495996577060	0.009725553	-0.00532907	0.014122035

1495996577068	0.010791367	-0.008659739	0.009725553

1495996577078	0.009725553	-0.004263256	0.010791367

1495996577091	0.004263256	-0.001065814	0.016253663

1495996577100	0.008659739	-0.004263256	0.0119904075

1495996577108	0.009725553	0.0	0.014122035

1495996577118	0.0065281107	-0.001065814	0.015187849

1495996577128	0.0075939246	-0.003197442	0.010791367

1495996577141	0.0075939246	-0.00532907	0.013056221

1495996577148	0.0065281107	-0.001065814	0.014122035

1495996577159	0.0075939246	0.0	0.014122035

1495996577168	0.00532907	-0.004263256	0.008659739

1495996577178	0.004263256	-0.002131628	0.0119904075

1495996577190	0.0075939246	-0.004263256	0.009725553

1495996577199	0.008659739	-0.00532907	0.008659739

1495996577208	0.00532907	-0.003197442	0.0119904075

1495996577218	0.0075939246	0.0	0.0119904075

1495996577228	0.010791367	-0.001065814	0.009725553

1495996577241	0.003197442	-0.00532907	0.014122035

1495996577260	0.00532907	-0.009725553	0.010791367

1495996577268	0.009725553	-0.002131628	0.015187849

1495996577278	0.008659739	0.001065814	0.017452704

1495996577290	0.0075939246	0.002131628	0.018518519

1495996577298	0.0065281107	0.0	0.015187849

1495996577309	0.009725553	-0.004263256	0.010791367

1495996577318	0.008659739	-0.0065281107	0.016253663

1495996577328	0.009725553	-0.004263256	0.013056221

1495996577343	0.004263256	-0.003197442	0.008659739

1495996577348	0.004263256	-0.0075939246	0.009725553

1495996577360	0.013056221	-0.002131628	0.0065281107

1495996577368	0.010791367	0.001065814	0.010791367

1495996577378	0.0075939246	-0.0065281107	0.014122035

1495996577391	0.008659739	-0.003197442	0.015187849

1495996577398	0.0065281107	-0.004263256	0.013056221

1495996577408	0.0065281107	-0.0075939246	0.0119904075

1495996577418	0.009725553	-0.004263256	0.008659739

1495996577428	0.0065281107	-0.0075939246	0.0065281107

1495996577441	0.010791367	-0.002131628	0.0075939246

1495996577459	0.0075939246	-0.009725553	0.0119904075

1495996577468	0.009725553	-0.00532907	0.017452704

1495996577478	0.00532907	0.0	0.018518519

1495996577500	0.00532907	-0.003197442	0.0119904075

1495996577503	0.008659739	-0.0065281107	0.010791367

1495996577525	0.0075939246	-0.004263256	0.020650147

1495996577526	0.0075939246	-0.00532907	0.014122035

1495996577528	0.008659739	-0.001065814	0.018518519

1495996577540	0.0075939246	-0.008659739	0.0119904075

1495996577548	0.004263256	-0.002131628	0.008659739

1495996577560	0.0065281107	0.001065814	0.0075939246

1495996577568	0.010791367	-0.001065814	0.009725553

1495996577578	0.008659739	-0.001065814	0.0065281107

1495996577590	0.009725553	-0.004263256	0.008659739

1495996577598	0.008659739	-0.001065814	0.00532907

1495996577608	0.010791367	-0.00532907	0.009725553

1495996577618	0.009725553	-0.009725553	0.0075939246

1495996577628	0.0075939246	-0.008659739	0.008659739

1495996577643	0.013056221	-0.0065281107	0.014122035

1495996577661	0.008659739	-0.002131628	0.0075939246

1495996577668	0.008659739	0.0	0.014122035

1495996577678	0.004263256	-0.00532907	0.013056221

1495996577690	0.0065281107	-0.004263256	0.0119904075

1495996577698	0.0065281107	-0.00532907	0.009725553

1495996577708	0.009725553	-0.0075939246	0.008659739

1495996577718	0.009725553	-0.001065814	0.0075939246

1495996577729	0.0119904075	-0.004263256	0.008659739

1495996577744	0.00532907	-0.004263256	0.018518519

1495996577759	0.0075939246	-0.008659739	0.0119904075

1495996577769	0.008659739	-0.004263256	0.016253663

1495996577779	0.0075939246	-0.009725553	0.0119904075

1495996577792	0.009725553	-0.002131628	0.0075939246

1495996577799	0.00532907	-0.0065281107	0.0075939246

1495996577808	0.010791367	-0.001065814	0.0119904075

1495996577818	0.0119904075	-0.003197442	0.0119904075

1495996577828	0.0119904075	0.0	0.014122035

1495996577840	0.008659739	-0.003197442	0.014122035

1495996577848	0.00532907	-0.008659739	0.009725553

1495996577861	0.0075939246	-0.00532907	0.013056221

1495996577868	0.0119904075	-0.00532907	0.014122035

1495996577878	0.008659739	0.0	0.016253663

1495996577890	0.0065281107	-0.0065281107	0.014122035

1495996577898	0.0075939246	-0.0065281107	0.0119904075

1495996577909	0.004263256	-0.0065281107	0.010791367

1495996577918	0.009725553	-0.001065814	0.014122035

1495996577928	0.010791367	-0.002131628	0.015187849

1495996577952	0.0075939246	-0.003197442	0.010791367

1495996577959	0.0065281107	-0.0065281107	0.0119904075

1495996577968	0.0065281107	-0.0065281107	0.008659739

1495996577978	0.0065281107	-0.009725553	0.0065281107

1495996577992	0.0065281107	-0.004263256	0.009725553

1495996578001	0.00532907	-0.002131628	0.010791367

1495996578008	0.0065281107	-0.010791367	0.009725553

1495996578018	0.0075939246	-0.0119904075	0.0119904075

1495996578028	0.0075939246	-0.0065281107	0.016253663

1495996578040	0.0065281107	-0.004263256	0.020650147

1495996578050	0.0065281107	-0.004263256	0.019584332

1495996578060	0.008659739	-0.004263256	0.010791367

1495996578069	0.0065281107	-0.00532907	0.009725553

1495996578083	0.009725553	-0.003197442	0.00532907

1495996578090	0.004263256	-0.004263256	0.0119904075

1495996578098	0.00532907	-0.0065281107	0.009725553

1495996578108	0.0065281107	-0.004263256	0.013056221

1495996578118	0.0075939246	-0.003197442	0.0119904075

1495996578128	0.0065281107	-0.002131628	0.013056221

1495996578140	0.008659739	-0.001065814	0.009725553

1495996578148	0.0065281107	-0.004263256	0.015187849

1495996578160	0.0075939246	-0.014122035	0.0119904075

1495996578168	0.00532907	-0.004263256	0.008659739

1495996578178	0.010791367	-0.004263256	0.009725553

1495996578192	0.0075939246	-0.008659739	0.014122035

1495996578198	0.008659739	-0.003197442	0.010791367

1495996578208	0.008659739	-0.0065281107	0.015187849

1495996578218	0.0075939246	0.0	0.010791367

1495996578228	0.0065281107	0.0	0.014122035

1495996578241	0.0075939246	-0.002131628	0.013056221

1495996578248	0.0075939246	-0.002131628	0.010791367

1495996578260	0.010791367	-0.0065281107	0.013056221

1495996578268	0.0075939246	-0.004263256	0.0119904075

1495996578278	0.010791367	0.0	0.014122035

1495996578290	0.013056221	-0.0065281107	0.008659739

1495996578298	0.0075939246	-0.008659739	0.0075939246

1495996578310	0.0065281107	-0.010791367	0.00532907

1495996578318	0.009725553	-0.00532907	0.001065814

1495996578328	0.0075939246	-0.002131628	0.00532907

1495996578341	0.010791367	-0.009725553	0.010791367

1495996578348	0.008659739	-0.0065281107	0.014122035

1495996578359	0.009725553	-0.004263256	0.014122035

1495996578368	0.014122035	-0.003197442	0.0065281107

1495996578378	0.009725553	-0.001065814	0.016253663

1495996578391	0.0075939246	-0.002131628	0.013056221

1495996578398	0.0075939246	-0.00532907	0.0075939246

1495996578408	0.009725553	-0.00532907	0.0075939246

1495996578418	0.00532907	-0.008659739	0.0119904075

1495996578428	0.010791367	0.001065814	0.010791367

1495996578441	0.014122035	-0.001065814	0.013056221

1495996578448	0.00532907	-0.001065814	0.015187849

1495996578460	0.010791367	-0.001065814	0.008659739

1495996578468	0.003197442	-0.002131628	0.013056221

1495996578479	0.00532907	-0.003197442	0.00532907

1495996578494	0.00532907	-0.003197442	0.014122035

1495996578498	0.0075939246	-0.008659739	0.008659739

1495996578509	0.008659739	0.0	0.013056221

1495996578518	0.0075939246	-0.004263256	0.0119904075

1495996578528	0.008659739	-0.0065281107	0.008659739

1495996578541	0.0065281107	-0.010791367	0.010791367

1495996578548	0.0075939246	-0.0075939246	0.014122035

1495996578560	0.010791367	-0.004263256	0.016253663

1495996578568	0.0119904075	-0.004263256	0.008659739

1495996578578	0.0065281107	-0.002131628	0.009725553

1495996578591	0.0065281107	-0.003197442	0.015187849

1495996578598	0.008659739	-0.001065814	0.009725553

1495996578608	0.0065281107	-0.004263256	0.010791367

1495996578618	0.003197442	-0.00532907	0.010791367

1495996578628	0.0065281107	-0.0075939246	0.015187849

1495996578641	0.010791367	-0.003197442	0.014122035

1495996578648	0.008659739	-0.003197442	0.013056221

1495996578659	0.010791367	-0.001065814	0.0075939246

1495996578668	0.0075939246	-0.004263256	0.010791367

1495996578678	0.008659739	-0.004263256	0.010791367

1495996578691	0.008659739	-0.004263256	0.008659739

1495996578698	0.0075939246	-0.004263256	0.0119904075

1495996578708	0.008659739	-0.008659739	0.009725553

1495996578718	0.0075939246	-0.00532907	0.0075939246

1495996578728	0.009725553	-0.004263256	0.008659739

1495996578740	0.008659739	-0.0065281107	0.013056221

1495996578748	0.00532907	-0.0065281107	0.014122035

1495996578760	0.010791367	-0.0065281107	0.0119904075

1495996578768	0.009725553	-0.003197442	0.010791367

1495996578778	0.0065281107	-0.003197442	0.010791367

1495996578793	0.009725553	0.001065814	0.010791367

1495996578808	0.008659739	-0.002131628	0.010791367

1495996578818	0.0075939246	-0.002131628	0.010791367

1495996578828	0.00532907	-0.00532907	0.0075939246

1495996578841	0.00532907	-0.0075939246	0.009725553

1495996578848	0.0075939246	-0.0075939246	0.015187849

1495996578860	0.009725553	-0.009725553	0.0119904075

1495996578868	0.008659739	-0.00532907	0.010791367

1495996578878	0.009725553	-0.002131628	0.009725553

1495996578890	0.008659739	-0.004263256	0.00532907

1495996578898	0.0065281107	-0.0075939246	0.00532907

1495996578908	0.009725553	-0.004263256	0.008659739

1495996578918	0.0119904075	-0.004263256	0.003197442

1495996578928	0.0075939246	-0.008659739	0.009725553

1495996578940	0.0075939246	-0.0075939246	0.0119904075

1495996578948	0.00532907	-0.00532907	0.010791367

1495996578959	0.0065281107	-0.002131628	0.015187849

1495996578968	0.0075939246	-0.001065814	0.008659739

1495996578978	0.002131628	0.001065814	0.020650147

1495996579001	0.0065281107	-0.004263256	0.009725553

1495996579008	0.00532907	-0.002131628	0.0065281107

1495996579019	0.010791367	-0.00532907	0.003197442

1495996579028	0.008659739	0.0	0.0075939246

1495996579041	0.009725553	-0.003197442	0.004263256

1495996579050	0.0075939246	-0.0075939246	0.0119904075

1495996579060	0.0065281107	-0.008659739	0.009725553

1495996579068	0.002131628	-0.001065814	0.013056221

1495996579078	0.004263256	-0.001065814	0.0119904075

1495996579093	0.0075939246	-0.001065814	0.013056221

1495996579099	0.0075939246	0.0	0.014122035

1495996579108	0.013056221	-0.002131628	0.0119904075

1495996579118	0.009725553	-0.0065281107	0.014122035

1495996579128	0.0065281107	-0.010791367	0.010791367

1495996579141	0.0065281107	-0.00532907	0.010791367

1495996579148	0.008659739	-0.002131628	0.00532907

1495996579160	0.0065281107	-0.00532907	0.008659739

1495996579168	0.00532907	-0.008659739	0.0075939246

1495996579178	0.0075939246	-0.008659739	0.0075939246

1495996579190	0.004263256	-0.003197442	0.016253663

1495996579198	0.00532907	-0.0065281107	0.0119904075

1495996579208	0.00532907	-0.008659739	0.010791367

1495996579218	0.00532907	0.0	0.0119904075

1495996579228	0.0065281107	-0.0075939246	0.016253663

1495996579241	0.004263256	-0.0065281107	0.013056221

1495996579248	0.003197442	-0.008659739	0.0119904075

1495996579259	0.008659739	-0.0065281107	0.008659739

1495996579268	0.008659739	0.002131628	0.008659739

1495996579278	0.00532907	0.0	0.0119904075

1495996579290	0.008659739	0.002131628	0.014122035

1495996579298	0.0065281107	0.001065814	0.0119904075

1495996579308	0.009725553	0.0	0.014122035

1495996579318	0.0065281107	-0.001065814	0.010791367

1495996579328	0.0075939246	-0.0065281107	0.020650147

1495996579341	0.0065281107	-0.0065281107	0.015187849

1495996579349	0.003197442	-0.0075939246	0.0119904075

1495996579360	0.008659739	-0.008659739	0.008659739

1495996579368	0.00532907	-0.004263256	0.0119904075

1495996579379	0.003197442	-0.00532907	0.010791367

1495996579394	0.004263256	-0.013056221	0.010791367

1495996579398	0.00532907	-0.013056221	0.0119904075

1495996579409	0.014122035	-0.004263256	0.0119904075

1495996579419	0.010791367	-0.004263256	0.013056221

1495996579428	0.010791367	-0.0065281107	0.009725553

1495996579440	0.0119904075	-0.002131628	0.009725553

1495996579448	0.0119904075	-0.001065814	0.013056221

1495996579460	0.0075939246	-0.004263256	0.013056221

1495996579468	0.0075939246	-0.004263256	0.014122035

1495996579478	0.0075939246	-0.0065281107	0.010791367

1495996579490	0.008659739	-0.003197442	0.014122035

1495996579499	0.0065281107	-0.003197442	0.009725553

1495996579509	0.00532907	-0.003197442	0.010791367

1495996579518	0.0065281107	0.001065814	0.015187849

1495996579528	0.00532907	-0.001065814	0.0119904075

1495996579540	0.0065281107	-0.004263256	0.010791367

1495996579548	0.003197442	-0.004263256	0.013056221

1495996579559	0.002131628	-0.0065281107	0.013056221

1495996579568	0.0075939246	-0.0065281107	0.014122035

1495996579578	0.0075939246	0.0	0.014122035

1495996579590	0.008659739	-0.004263256	0.013056221

1495996579598	0.0075939246	-0.008659739	0.008659739

1495996579610	0.0075939246	-0.003197442	0.017452704

1495996579618	0.002131628	-0.002131628	0.018518519

1495996579628	0.00532907	-0.004263256	0.010791367

1495996579640	0.0065281107	-0.015187849	0.014122035

1495996579649	0.010791367	-0.003197442	0.010791367

1495996579660	0.010791367	-0.00532907	0.0075939246

1495996579668	0.004263256	-0.009725553	0.0075939246

1495996579678	0.004263256	-0.0119904075	0.009725553

1495996579693	0.013056221	-0.001065814	0.016253663

1495996579698	0.010791367	-0.001065814	0.014122035

1495996579708	0.010791367	-0.002131628	0.014122035

1495996579718	0.0119904075	-0.004263256	0.0119904075

1495996579728	0.00532907	0.0	0.010791367

1495996579740	0.0075939246	-0.001065814	0.014122035

1495996579748	0.008659739	0.001065814	0.014122035

1495996579760	0.004263256	-0.004263256	0.0119904075

1495996579768	0.0065281107	-0.003197442	0.010791367

1495996579778	0.002131628	0.002131628	0.013056221

1495996579790	0.0065281107	-0.001065814	0.016253663

1495996579799	0.003197442	-0.002131628	0.021715961

1495996579809	0.003197442	0.0	0.013056221

1495996579818	0.0075939246	-0.004263256	0.0065281107

1495996579829	0.0075939246	-0.004263256	0.017452704

1495996579842	0.0075939246	-0.001065814	0.016253663

1495996579848	0.0119904075	-0.001065814	0.0119904075

1495996579860	0.009725553	-0.001065814	0.009725553

1495996579869	0.008659739	-0.0065281107	0.010791367

1495996579878	0.0075939246	-0.004263256	0.010791367

1495996579890	0.008659739	-0.00532907	0.0065281107

1495996579898	0.009725553	-0.003197442	0.016253663

1495996579908	0.010791367	-0.002131628	0.018518519

1495996579918	0.008659739	-0.004263256	0.014122035

1495996579928	0.00532907	-0.0075939246	0.0119904075

1495996579943	0.0075939246	-0.0075939246	0.015187849

1495996579948	0.0075939246	-0.009725553	0.009725553

1495996579960	0.008659739	-0.008659739	0.014122035

1495996579968	0.0075939246	-0.0065281107	0.0119904075

1495996579978	0.008659739	-0.0075939246	0.0075939246

1495996579994	0.0065281107	-0.001065814	0.009725553

1495996580008	0.0065281107	-0.004263256	0.010791367

1495996580018	0.008659739	-0.00532907	0.010791367

1495996580028	0.008659739	-0.003197442	0.0119904075

1495996580040	0.009725553	-0.004263256	0.0075939246

1495996580048	0.0075939246	-0.002131628	0.017452704

1495996580061	0.0065281107	-0.003197442	0.015187849

1495996580068	0.0065281107	-0.003197442	0.013056221

1495996580078	0.00532907	-0.003197442	0.010791367

1495996580090	0.00532907	-0.0075939246	0.013056221

1495996580098	0.0075939246	-0.009725553	0.015187849

1495996580108	0.0065281107	-0.008659739	0.010791367

1495996580118	0.0075939246	-0.004263256	0.00532907

1495996580129	0.0075939246	-0.003197442	0.00532907

1495996580143	0.010791367	-0.003197442	0.010791367

1495996580149	0.008659739	-0.002131628	0.0119904075

1495996580159	0.008659739	0.0	0.0119904075

1495996580171	0.010791367	0.0	0.008659739

1495996580178	0.010791367	-0.003197442	0.009725553

1495996580190	0.008659739	-0.003197442	0.0075939246

1495996580198	0.008659739	0.002131628	0.013056221

1495996580208	0.008659739	0.0	0.016253663

1495996580218	0.014122035	-0.0065281107	0.008659739

1495996580228	0.009725553	-0.009725553	0.008659739

1495996580243	0.0065281107	-0.0075939246	0.009725553

1495996580248	0.008659739	-0.003197442	0.010791367

1495996580260	0.003197442	-0.008659739	0.010791367

1495996580268	0.004263256	-0.003197442	0.014122035

1495996580278	0.0075939246	0.004263256	0.014122035

1495996580291	0.0065281107	-0.001065814	0.010791367

1495996580299	0.004263256	-0.00532907	0.008659739

1495996580308	0.00532907	-0.00532907	0.008659739

1495996580318	0.004263256	-0.00532907	0.009725553

1495996580328	0.00532907	-0.003197442	0.009725553

1495996580340	0.004263256	-0.00532907	0.0065281107

1495996580348	0.0075939246	-0.003197442	0.0119904075

1495996580360	0.0065281107	0.0	0.0119904075

1495996580368	0.009725553	-0.0065281107	0.016253663

1495996580378	0.0065281107	-0.00532907	0.014122035

1495996580390	0.00532907	-0.008659739	0.010791367

1495996580398	0.0065281107	-0.008659739	0.015187849

1495996580408	0.008659739	-0.004263256	0.010791367

1495996580418	0.0065281107	-0.0075939246	0.009725553

1495996580428	0.0065281107	-0.001065814	0.010791367

1495996580440	0.008659739	-0.00532907	0.00532907

1495996580448	0.0075939246	0.001065814	0.0119904075

1495996580460	0.0075939246	-0.001065814	0.013056221

