1494364913147	0.6838529	-0.8779643	-1.055822

1494364913156	0.6041833	-0.598721	-0.9980016

1494364913158	0.5223821	-0.515854	-0.92819077

1494364913161	0.47548628	-0.59765524	-0.85837996

1494364913182	0.37729818	-0.5540901	-0.6413536

1494364913184	0.2136957	-0.3228084	-0.36863843

1494364913191	0.034905408	-0.07633893	-0.21809219

1494364913209	-0.07513989	-0.015187849	-0.11231015

1494364913212	-0.16786571	0.045696776	-0.067545965

1494364913230	-0.28244072	0.16466826	-0.055555556

1494364913232	-0.38715693	0.19730882	-0.069810815

1494364913249	-0.50612843	0.17985612	-0.04023448

1494364913251	-0.7046363	0.12216893	0.010791367

1494364913261	-1.0089262	0.08499867	0.118838266

1494364913277	-1.338396	0.00532907	0.35011992

1494364913282	-1.686251	-0.05662137	0.6085798

1494364913301	-2.0113242	-0.09152678	0.91953105

1494364913303	-2.2633893	-0.003197442	1.3001599

1494364913311	-2.455369	0.022781774	1.7310152

1494364913325	-2.6364243	-0.1624034	2.0123901

1494364913332	-2.9581668	-0.38715693	2.0647483

1494364913349	-2.6953104	-0.32387424	1.975353

1494364913351	-2.157474	-0.24860112	1.8062884

1494364913372	-1.7474021	-0.11231015	1.7735145

1494364913373	-1.3209432	0.44391152	1.7801758

1494364913382	-1.1626699	0.7122302	1.709166

1494364913398	-1.3209432	0.653344	1.8258727

1494364913401	-1.632827	0.61737275	1.9263256

1494364913419	-1.9764189	0.33040234	1.6361578

1494364913421	-2.007061	0.15707435	1.3056222

1494364913432	-1.7724487	0.51265657	1.1834532

1494364913448	-1.4834799	1.1332268	1.1321609

1494364913451	-1.3176125	1.6601386	1.0907274

1494364913461	-1.1975753	1.8455902	0.9586997

1494364913474	-1.1191047	1.632827	0.71329606

1494364913483	-0.9555023	1.54996	0.5301092

1494364913502	-0.7330136	1.4702904	0.41660005

1494364913504	-0.5442313	1.306688	0.41220358

1494364913511	-0.35664803	1.1975753	0.41553423

1494364913530	0.05995204	1.2194245	0.41113776

1494364913532	0.2071676	1.4431121	0.42206234

1494364913549	0.30535573	1.5390354	0.41220358

1494364913551	0.38169464	1.5466293	0.38502532

1494364913567	0.42419398	1.4790834	0.32933652

1494364913571	0.46789235	1.3918198	0.26711965

1494364913582	0.58353317	1.3089528	0.2136957

1494364913600	0.7732481	1.2456701	0.16679989

1494364913602	1.0078604	1.1441513	0.118838266

1494364913611	1.283773	0.98494536	0.09485745

1494364913630	1.5608846	0.76019186	0.09485745

1494364913632	1.7757794	0.4537703	0.061017852

1494364913641	1.9251266	0.12216893	-0.04796163

1494364913658	2.0026646	0.001065814	0.003197442

1494364913661	1.846656	-0.004263256	0.021715961

1494364913671	1.1899813	0.1624034	-0.15374367

1494364913692	0.087263525	0.55622166	-0.31947774

1494364913693	-1.0253131	0.77551293	0.17119637

1494364913701	-1.6687983	0.8038902	0.7263523

1494364913719	-1.709166	0.6151079	0.8148148

1494364913721	-1.4637623	0.5114575	0.79949373

1494364913749	-0.78963494	0.3555822	0.4820144

1494364913751	-0.4188649	0.3097522	0.2977618

1494364913752	-0.12096989	0.2529976	0.13629097

1494364913769	0.07633893	0.2071676	0.019584332

1494364913771	0.20503597	0.009725553	-0.04796163

1494364913788	0.20943245	-0.63042897	-0.015187849

1494364913791	-0.023980815	-1.6056488	0.107913665

1494364913812	-0.37729818	-2.142286	0.37183586

1494364913814	-0.36530775	-1.4725553	0.4940048

1494364913821	-0.003197442	-0.6009859	0.51811886

1494364913841	0.23447908	0.030508926	0.3610445

1494364913842	0.24313882	0.09592326	-0.17452705

1494364913851	0.40354383	-0.34572342	-0.7166267

1494364913865	0.8649081	-1.2717825	-1.1344258

1494364913871	1.4681588	-2.258993	-1.4877431

1494364913882	1.8226752	-2.6985078	-1.7049028

1494364913899	1.8367972	-2.5065281	-1.8367972

1494364913901	1.7899014	-1.9742873	-1.846656

1494364913920	1.678657	-1.4539036	-1.8204104

1494364913922	1.5478284	-1.2019718	-1.7637889

1494364913932	1.1321609	-1.1321609	-1.2751132

1494364913949	1.094058	-1.0089262	-1.0873967

1494364913951	1.1277645	-0.85731417	-0.88236076

1494364913961	1.2761791	-0.9162004	-0.57474023

1494364913975	1.3950173	-0.96522784	-0.39155343

1494364913982	1.4364508	-0.89115375	-0.37183586

1494364914002	1.488809	-0.7231548	-0.40567547

1494364914004	1.5314416	-0.5398348	-0.41007194

1494364914011	1.5444977	-0.4537703	-0.44391152

1494364914021	1.54996	-0.42419398	-0.5114575

1494364914035	1.4877431	-0.3282707	-0.63362646

1494364914041	1.3994138	-0.21156408	-0.72861713

1494364914059	1.3361311	-0.19197975	-0.86930454

1494364914061	1.3110845	-0.2998934	-0.95989877

1494364914080	1.2827072	-0.379563	-0.9969358

1494364914082	1.2499334	-0.5071942	-1.0089262

1494364914092	1.2150279	-0.6510791	-1.0110579

1494364914104	1.1496136	-0.7864375	-1.0274447

1494364914111	1.0743406	-0.85944575	-1.071143

1494364914121	0.96522784	-0.93365306	-1.0776712

1494364914149	0.7263523	-0.7918998	-1.1191047

1494364914150	0.59992003	-0.6478817	-1.0808686

1494364914151	0.52358115	-0.5584865	-0.99360514

1494364914165	0.49187317	-0.51918465	-0.83106846

1494364914171	0.42752466	-0.45590195	-0.6468159

1494364914192	0.24540368	-0.28244072	-0.51372236

1494364914194	0.09259259	-0.23767653	-0.35438317

1494364914201	-0.003197442	-0.264988	-0.21049827

1494364914215	-0.11670663	-0.19304556	-0.12536637

1494364914221	-0.2300826	-0.09698907	-0.08832934

1494364914242	-0.38276047	0.00532907	-0.0075939246

1494364914244	-0.5442313	-0.001065814	0.08180123

1494364914251	-0.7864375	-0.021715961	0.13629097

1494364914266	-1.1201705	-0.00532907	0.29669598

1494364914271	-1.4660271	-0.019584332	0.5398348

1494364914281	-1.7877698	-0.042499334	0.80815345

1494364914296	-2.0550227	0.055555556	1.5881962

1494364914301	-2.2196908	0.14281908	1.5881962

1494364914319	-2.3626432	-0.004263256	1.960032

1494364914321	-2.5960565	-0.25739408	2.1105783

1494364914334	-3.0061285	-0.2715161	2.1019185

1494364914349	-2.7607248	-0.13962163	2.022249

1494364914351	-2.1913135	0.051159073	1.8510525

1494364914372	-1.7146283	0.36970425	1.8445244

1494364914373	-1.3918198	0.75153214	1.8302691

1494364914381	-1.3045564	0.8028244	1.8062884

1494364914393	-1.4539036	0.6882494	1.8891554

1494364914405	-1.8270717	0.54209965	1.7713829

1494364914411	-2.1334932	0.33040234	1.4387157

1494364914421	-2.0702105	0.46895817	1.2314149

1494364914434	-1.7877698	1.0242473	1.1605382

1494364914441	-1.527045	1.6492139	1.1670663

1494364914451	-1.3394618	1.9972023	1.1092459

1494364914461	-1.2793765	1.840128	0.8703704

1494364914475	-1.1801226	1.732081	0.6806555

1494364914484	-0.99587	1.5881962	0.53663737

1494364914492	-0.8136158	1.3558487	0.48974153

1494364914508	-0.6413536	1.207434	0.48974153

1494364914511	-0.44830802	1.161604	0.4765521

1494364914521	-0.22901678	1.2194245	0.45909938

1494364914531	0.09698907	1.3884892	0.44830802

1494364914545	0.19730882	1.3840927	0.4188649

1494364914551	0.2748468	1.3176125	0.3665068

1494364914561	0.33373302	1.2619238	0.28244072

1494364914577	0.41113776	1.2368772	0.18105516

1494364914581	0.53330666	1.1649348	0.08286704

1494364914592	0.7263523	1.0405009	-0.010791367

1494364914601	0.9826805	0.9357847	-0.07513989

1494364914615	1.2881695	0.7504663	-0.13189448

1494364914621	1.5913936	0.5257128	-0.18212096

1494364914631	1.840128	0.28577137	-0.196243

1494364914645	2.0245137	0.051159073	-0.2071676

1494364914651	2.081135	-0.1100453	-0.27378097

1494364914661	2.0571542	-0.022781774	-0.25086597

1494364914671	1.7572608	0.10471623	-0.2868372

1494364914684	0.85398346	0.2912337	-0.5584865

1494364914692	-1.6088463	0.6413536	0.41993073

1494364914701	-1.54996	0.7208899	0.41993073

1494364914717	-1.8346657	0.54316545	0.8377298

1494364914721	-1.6393552	0.5027978	0.6947775

1494364914731	-0.9980016	0.11990408	0.5572875

1494364914741	-0.68598455	-0.1449507	0.36970425

1494364914754	-0.46136424	-0.19850786	0.13962163

1494364914761	-0.2912337	-0.049027443	-0.034905408

1494364914771	-0.22688515	-0.08499867	-0.13415934

1494364914784	-0.32933652	-0.72861713	0.004263256

1494364914792	-0.6369571	-1.7747135	0.38169464

1494364914801	-0.6937117	-1.9644284	0.59445775

1494364914818	-0.24860112	-1.1594725	0.54209965

1494364914821	0.23221423	-0.51478815	0.56501466

1494364914831	0.3032241	-0.2475353	0.2759126

1494364914851	0.23767653	-0.40674126	-0.25952572

1494364914852	0.46029842	-0.92379427	-0.7395417

1494364914861	1.0154543	-1.7899014	-1.1235012

1494364914871	1.5968559	-2.5359712	-1.4387157

1494364914884	1.8553158	-2.752065	-1.7015721

1494364914893	1.9099387	-2.364775	-1.7583266

1494364914901	1.9099387	-1.8357314	-1.7583266

1494364914919	1.9120704	-1.435385	-1.6525446

1494364914921	1.5335732	-0.93804955	-1.2740474

1494364914931	1.2871037	-1.0274447	-1.1693312

1494364914941	1.2216893	-1.0307754	-0.9980016

1494364914953	1.2204902	-1.0459633	-0.7275513

1494364914961	1.2488676	-1.0503597	-0.50612843

1494364914971	1.3186784	-1.0001333	-0.45257127

1494364914987	1.3546497	-0.8005596	-0.46576074

1494364914992	1.4256594	-0.5169198	-0.49626964

1494364915001	1.5106581	-0.3326672	-0.5398348

1494364915020	1.5455636	-0.24313882	-0.57154274

1494364915022	1.5598189	-0.25086597	-0.6478817

1494364915031	1.5030643	-0.28577137	-0.74273914

1494364915041	1.4082068	-0.23767653	-0.8605116

1494364915054	1.3339995	-0.22568612	-0.9740208

1494364915061	1.3001599	-0.37183586	-1.1027179

1494364915071	1.2793765	-0.4886757	-1.1048495

1494364915087	1.2685851	-0.55622166	-1.0253131

1494364915092	1.1998401	-0.7340794	-1.018785

1494364915101	1.1998401	-0.7973621	-1.018785

1494364915121	1.1147082	-0.77551293	-1.0165201

1494364915122	0.85078603	-0.68172127	-1.1289635

1494364915131	0.7078337	-0.598721	-1.1452172

1494364915141	0.57474023	-0.48747668	-1.1180389

1494364915156	0.47442046	-0.40021315	-1.0143884

1494364915161	0.40021315	-0.29229948	-0.8234745

1494364915171	0.3391953	-0.24540368	-0.66853184

1494364915188	0.19957368	-0.28896883	-0.50173193

1494364915192	0.010791367	-0.15267786	-0.29229948

1494364915201	-0.10031974	-0.1438849	-0.12643218

1494364915211	-0.21156408	-0.058886223	-0.009725553

1494364915224	-0.3347988	0.039168663	0.053423926

1494364915231	-0.44284573	0.108979486	0.09925393

1494364915241	-0.55622166	0.111244336	0.15267786

1494364915262	-0.7252864	0.054489743	0.16786571

1494364915263	-1.0067946	0.074074075	0.25952572

1494364915271	-1.3121502	0.08286704	0.38276047

1494364915281	-1.663336	0.09485745	0.5627498

1494364915294	-2.2295496	0.18864909	1.1420197

1494364915311	-2.4301891	0.22688515	1.7888356

1494364915324	-2.812017	-0.14614974	1.9360511

1494364915331	-2.9571009	-0.27924326	1.9961364

1494364915342	-2.8784971	-0.23221423	1.9513723

1494364915357	-2.5218492	-0.12643218	1.7288835

1494364915361	-2.1913135	-0.08832934	1.5750066

1494364915371	-1.809619	0.19197975	1.6284306

1494364915381	-1.3655742	0.8148148	1.7375433

1494364915395	-1.2707168	0.9674927	1.8619771

1494364915401	-1.4267253	0.7961631	1.9786837

1494364915411	-1.7310152	0.41766587	1.892486

1494364915425	-1.9503064	-0.06861178	1.6219025

1494364915431	-1.8717027	-0.09698907	1.3874234

1494364915441	-1.6109779	0.49733546	1.306688

1494364915451	-1.4048761	1.1670663	1.1540102

1494364915464	-1.315481	1.6044497	1.0417

1494364915471	-1.184519	1.8641087	0.9685585

1494364915481	-1.0394351	1.9764189	0.8846256

1494364915494	-0.759126	1.7539302	0.722089

1494364915511	-0.57913667	1.6273648	0.653344

1494364915526	-0.16786571	1.5510259	0.6314948

1494364915532	0.002131628	1.5291767	0.58792967

1494364915541	0.13962163	1.4997336	0.52358115

1494364915551	0.2704503	1.4583	0.45696777

1494364915562	0.37410071	1.4452438	0.3904876

1494364915583	0.45483613	1.4725553	0.30095923

1494364915586	0.54636294	1.4419131	0.20277111

1494364915593	0.67292833	1.3285372	0.09485745

1494364915601	0.8649081	1.116973	-0.013056221

1494364915611	1.1321609	0.83986145	-0.108979486

1494364915623	1.4507061	0.57154274	-0.13962163

1494364915631	1.7812417	0.3381295	-0.15374367

1494364915651	2.0506263	0.13629097	-0.14068745

1494364915654	2.2513988	-0.080602184	-0.12096989

1494364915665	2.309086	-0.2246203	-0.13522515

1494364915671	2.2611244	-0.13962163	-0.21476153

1494364915682	1.9251266	0.019584332	-0.41340262

1494364915692	1.009992	0.08180123	-0.82240874

1494364915702	-0.44830802	0.43192112	-0.59339195

1494364915711	-1.863043	0.6783906	0.86717296

1494364915740	-1.6525446	0.6314948	0.7809752

1494364915742	-1.3165468	0.5802025	0.6500133

1494364915743	-0.9162004	0.2912337	0.49187317

1494364915751	-0.5671463	0.039168663	0.2693845

1494364915761	-0.3261391	-0.051159073	0.021715961

1494364915781	-0.13189448	-0.09698907	-0.1329603

1494364915783	0.017452704	-0.31188384	-0.2126299

1494364915793	0.04796163	-0.99360514	-0.07513989

1494364915801	-0.1624034	-1.8302691	0.24540368

1494364915818	-0.35984546	-1.9317878	0.47988275

1494364915821	-0.23221423	-1.071143	0.46789235

1494364915831	0.074074075	-0.30868638	0.5071942

1494364915841	0.20610179	0.004263256	0.25952572

1494364915855	0.24433786	-0.28896883	-0.23114842

1494364915861	0.5027978	-0.93365306	-0.70343727

1494364915871	1.0143884	-1.7877698	-1.0863309

1494364915888	1.5543565	-2.4444444	-1.361311

1494364915892	1.869571	-2.0582201	-1.655742

1494364915911	1.8815614	-1.6252332	-1.5947242

1494364915923	1.7255529	-1.2707168	-1.572875

1494364915931	1.398348	-1.1506795	-1.4834799

1494364915941	1.2019718	-1.0863309	-1.2751132

1494364915959	1.1485479	-1.0503597	-1.0591527

1494364915961	1.1867839	-1.0405009	-0.7776446

1494364915971	1.2696509	-1.0339729	-0.5301092

1494364915981	1.3209432	-0.9128697	-0.40460965

1494364915994	1.3438582	-0.71329606	-0.37623236

1494364916001	1.4256594	-0.561684	-0.39261925

1494364916011	1.4616307	-0.41993073	-0.43405277

1494364916027	1.4736211	-0.3272049	-0.48321342

1494364916031	1.4845457	-0.29229948	-0.5627498

1494364916041	1.4233946	-0.27378097	-0.69038105

1494364916051	1.3459898	-0.2475353	-0.81588066

1494364916065	1.2793765	-0.20610179	-0.895417

1494364916071	1.2673861	-0.3391953	-0.987077

1494364916081	1.2631228	-0.56608045	-1.0547562

1494364916094	1.2019718	-0.8617106	-1.032907

1494364916111	1.0394351	-0.88129497	-1.0339729

1494364916131	0.92379427	-0.8943512	-1.0602185

1494364916133	0.8245404	-0.8430589	-1.0634159

1494364916141	0.7208899	-0.68172127	-1.0831335

1494364916151	0.6270983	-0.51918465	-1.0536904

1494364916164	0.5595524	-0.44058087	-0.941247

1494364916171	0.51811886	-0.35225153	-0.81694645

1494364916181	0.47548628	-0.32494006	-0.7166267

1494364916194	0.27258193	-0.1438849	-0.51811886

1494364916201	0.083932854	-0.046895817	-0.34572342

1494364916211	-0.05995204	-0.05009326	-0.21049827

1494364916227	-0.20503597	0.009725553	-0.11337597

1494364916231	-0.3490541	0.101385556	-0.044630963

1494364916241	-0.41446844	0.098054886	0.015187849

1494364916251	-0.5507594	0.087263525	0.08832934

1494364916281	-0.79403144	0.14175327	0.19078071

1494364916284	-1.0951239	0.10031974	0.29443112

1494364916286	-1.4397815	0.061017852	0.43405277

1494364916294	-2.03757	0.10684785	1.0219824

1494364916302	-2.03757	0.10684785	1.4473754

1494364916312	-2.4345856	0.18864909	1.8586464

1494364916327	-2.621103	-0.052358113	2.0800693

1494364916331	-2.8567812	-0.21156408	2.1248336

1494364916342	-3.0018651	-0.1897149	2.1313615

1494364916361	-2.8164136	-0.061017852	2.0419664

1494364916363	-2.294964	0.09046096	1.8302691

1494364916371	-1.7833734	0.41993073	1.8172129

1494364916381	-1.3655742	0.8791633	1.8804955

1494364916395	-1.2619238	1.0568879	1.9263256

1494364916401	-1.4780176	0.9456435	2.0135891

1494364916411	-1.9099387	0.6293632	1.8836931

1494364916428	-2.280842	0.18105516	1.5314416

1494364916431	-2.2621903	0.1842526	1.2957634

1494364916441	-2.0233147	0.74820143	1.1889155

1494364916462	-1.7081002	1.5303757	1.1397549

1494364916463	-1.4965361	1.8292032	1.0230483

1494364916471	-1.4038103	1.7909672	0.8846256

1494364916481	-1.2751132	1.7789768	0.7504663

1494364916494	-0.94351184	1.557554	0.44937384

1494364916501	-0.94351184	1.557554	0.4373834

1494364916511	-0.4864109	1.3459898	0.43192112

1494364916527	-0.2693845	1.3928857	0.40794033

1494364916533	-0.10684785	1.4648281	0.37729818

1494364916541	0.016253663	1.467093	0.3610445

1494364916551	0.111244336	1.4027444	0.35331735

1494364916561	0.20823342	1.4244604	0.33586463

1494364916575	0.30748734	1.4822809	0.2769784

1494364916582	0.42965627	1.4866773	0.20397016

1494364916591	0.598721	1.3994138	0.14614974

1494364916607	0.804956	1.1746603	0.04023448

1494364916611	1.0427657	0.84092724	-0.09925393

1494364916621	1.3438582	0.4820144	-0.19411138

1494364916631	1.6699973	0.22355449	-0.21476153

1494364916645	1.9774847	0.045696776	-0.20503597

1494364916651	2.2077005	-0.13962163	-0.16027178

1494364916661	2.3069544	-0.31841195	-0.10684785

1494364916682	2.2699175	-0.35771382	-0.08499867

1494364916683	2.105116	-0.15814015	-0.12869704

1494364916692	0.42206234	-0.04796163	-0.73727685

1494364916701	0.42206234	-0.04796163	-0.1558753

1494364916716	-1.8018918	0.2933653	0.85398346

1494364916721	-1.9011457	0.30095923	0.8998135

1494364916731	-1.6448175	0.43192112	0.77871037

1494364916749	-1.2696509	0.3162803	0.6129763

1494364916751	-0.895417	-0.07953637	0.39701572

1494364916761	-0.6882494	-0.38502532	0.09152678

1494364916771	-0.5965894	-0.47228885	-0.1842526

1494364916784	-0.46349588	-0.6369571	-0.34678924

1494364916792	-0.36530775	-1.2336798	-0.12216893

1494364916801	-0.66853184	-2.1105783	0.46136424

1494364916816	-0.8419931	-2.0527577	0.8333333

1494364916821	-0.31188384	-1.094058	0.6969091

1494364916831	0.22568612	-0.41340262	0.56608045

1494364916841	0.30748734	-0.30868638	0.20943245

1494364916854	0.24540368	-0.62283504	-0.37729818

1494364916861	0.51811886	-1.1321609	-0.88782305

1494364916871	1.0656807	-1.8281375	-1.2968292

1494364916884	1.5488942	-2.378897	-1.5663469

1494364916892	1.9263256	-2.2633893	-1.877165

1494364916901	2.2055688	-2.2633893	-1.809619

1494364916917	2.0123901	-1.3186784	-1.7255529

1494364916921	1.8880895	-1.071143	-1.603384

1494364916931	1.541167	-0.88129497	-1.3721023

1494364916950	1.3001599	-0.82134295	-1.1594725

1494364916952	1.2204902	-0.8038902	-0.9555023

1494364916961	1.2478018	-0.8747668	-0.6882494

1494364916971	1.2740474	-0.8987477	-0.53770316

1494364916985	1.2772449	-0.78963494	-0.47988275

1494364916992	1.3306688	-0.66746604	-0.46456167

1494364917001	1.4038103	-0.5267786	-0.4940048

1494364917018	1.4616307	-0.36211032	-0.5452971

1494364917021	1.5194511	-0.22568612	-0.6239009

1494364917031	1.5674127	-0.150413	-0.7351452

1494364917041	1.5543565	-0.108979486	-0.85944575

1494364917054	1.4976019	-0.09698907	-0.9511058

1494364917061	1.444178	-0.13082866	-1.0110579

1494364917071	1.4092726	-0.31188384	-1.0448974

1494364917091	1.36664	-0.49840128	-1.0307754

1494364917093	1.2194245	-0.73727685	-1.0067946

1494364917101	1.0841993	-0.73727685	-1.0503597

1494364917111	0.9260591	-0.9063416	-1.0623502

1494364917124	0.759126	-0.8998135	-1.0448974

1494364917131	0.6140421	-0.80815345	-0.99360514

1494364917141	0.4940048	-0.7057021	-0.9216627

1494364917155	0.39701572	-0.6522782	-0.8387956

1494364917161	0.31734613	-0.62163603	-0.73181456

1494364917171	0.25952572	-0.5595524	-0.6293632

1494364917193	0.19957368	-0.2933653	-0.47548628

1494364917195	0.057687182	0.101385556	-0.3381295

1494364917201	-0.07513989	0.28030908	-0.2475353

1494364917211	-0.17559285	0.22568612	-0.2246203

1494364917225	-0.3860911	0.31734613	-0.15267786

1494364917231	-0.515854	0.4308553	-0.020650147

1494364917241	-0.5572875	0.4188649	0.051159073

1494364917258	-0.7395417	0.45696777	0.16360246

1494364917261	-0.98387957	0.470024	0.25406343

1494364917271	-1.2783107	0.402478	0.35331735

1494364917281	-1.609912	0.41446844	0.5442313

1494364917295	-2.051692	0.49520382	1.2303491

1494364917301	-2.2392752	0.35011992	1.5608846

1494364917311	-2.485878	0.08832934	1.7964295

1494364917328	-2.789102	-0.10245137	1.9131361

1494364917331	-2.9722888	-0.12430056	2.0135891

1494364917342	-2.9058087	-0.04023448	2.0527577

1494364917351	-2.5098588	0.06434852	1.8674394

1494364917364	-2.1302958	0.19078071	1.7386091

1494364917371	-1.7408739	0.5311751	1.8292032

1494364917381	-1.3361311	0.9860112	1.9469757

1494364917402	-1.2282175	1.0230483	2.0539567

1494364917403	-1.375433	0.7721822	2.0419664

1494364917411	-1.7398082	0.38715693	1.8510525

1494364917421	-1.9928057	0.010791367	1.5630163

1494364917434	-1.9110045	0.18758327	1.3590461

1494364917441	-1.6699973	0.98387957	1.2740474

1494364917451	-1.5139889	1.5892619	1.1235012

1494364917464	-1.3939515	1.8204104	1.0263789

1494364917471	-1.2761791	1.9677591	0.91953105

1494364917481	-1.1605382	2.0440981	0.7208899

1494364917501	-0.8998135	1.7593925	0.5682121

1494364917502	-0.69144684	1.6372236	0.54636294

1494364917511	-0.44830802	1.5794032	0.5496936

1494364917521	-0.22568612	1.5794032	0.54103386

1494364917539	-0.043565147	1.5684786	0.5223821

1494364917541	0.098054886	1.5369039	0.47775114

1494364917551	0.21596056	1.5183853	0.42312816

1494364917573	0.32933652	1.5815347	0.35877964

1494364917575	0.40794033	1.6338929	0.31734613

1494364917581	0.51372236	1.5924593	0.2529976

1494364917592	0.6664002	1.4637623	0.17452705

1494364917608	0.8714362	1.2521982	0.09259259

1494364917611	1.1321609	0.9303224	-0.049027443

1494364917621	1.4431121	0.5627498	-0.13082866

1494364917631	1.7713829	0.29549694	-0.1558753

1494364917644	2.081135	0.107913665	-0.150413

1494364917651	2.3374634	-0.14068745	-0.11231015

1494364917661	2.4421797	-0.35438317	-0.08286704

1494364917675	2.400746	-0.41340262	-0.11337597

1494364917681	2.218625	-0.19304556	-0.22248867

1494364917691	0.5213163	0.1558753	-0.9162004

1494364917712	-0.86823875	0.53330666	-0.30202505

1494364917714	-1.6929123	0.6053824	0.74273914

1494364917721	-1.8258727	0.36970425	0.88782305

1494364917741	-1.5935252	0.34785506	0.736211

1494364917743	-1.2358114	0.18758327	0.5671463

1494364917751	-0.82560617	-0.15374367	0.38062882

1494364917761	-0.55302423	-0.3326672	0.11231015

1494364917775	-0.37729818	-0.32387424	-0.11990408

1494364917781	-0.2017053	-0.38276047	-0.264988

1494364917792	-0.13189448	-0.8529177	-0.18864909

1494364917801	-0.34239274	-1.7037038	0.21049827

1494364917814	-0.63908875	-2.105116	0.6282974

1494364917821	-0.3784972	-1.3689048	0.64028776

1494364917831	0.10351719	-0.46029842	0.6239009

1494364917843	0.2748468	0.010791367	0.39155343

1494364917851	0.2584599	-0.19730882	-0.15267786

1494364917861	0.49080735	-0.759126	-0.6565414

1494364917880	1.018785	-1.5586197	-1.071143

1494364917882	1.5968559	-2.3277378	-1.4233946

1494364917892	1.9666933	-2.264455	-1.7932321

1494364917901	1.9579004	-1.7419398	-1.7408739

1494364917914	1.9317878	-1.3274714	-1.6231015

1494364917921	1.8302691	-1.1005862	-1.4965361

1494364917931	1.5085266	-0.9544364	-1.3787637

1494364917944	1.2499334	-0.895417	-1.161604

1494364917951	1.0907274	-0.918332	-0.9761524

1494364917961	1.1191047	-1.0175859	-0.7208899

1494364917981	1.1813216	-1.0602185	-0.5169198

1494364917983	1.193312	-0.88675725	-0.4351186

1494364917992	1.2434052	-0.64575005	-0.41766587

1494364918001	1.3590461	-0.46349588	-0.43192112

1494364918016	1.435385	-0.3206768	-0.44391152

1494364918021	1.4845457	-0.23554489	-0.47775114

1494364918031	1.5194511	-0.20397016	-0.5736744

1494364918041	1.4528377	-0.16906475	-0.71329606

1494364918058	1.3645084	-0.13962163	-0.84425795

1494364918061	1.2946975	-0.1787903	-0.93804955

1494364918071	1.2478018	-0.27258193	-0.964162

1494364918081	1.193312	-0.45483613	-0.97069013

1494364918094	1.1115108	-0.6664002	-0.94897413

1494364918101	1.0798029	-0.69144684	-0.95989877

1494364918111	1.0297096	-0.70343727	-0.9773514

