1496745177713	1.9589661	-0.12096989	0.9477751

1496745177722	2.1008527	-0.026112443	1.0165201

1496745177733	2.2001066	0.10351719	1.0961897

1496745177745	2.264455	0.196243	1.2259526

1496745177752	2.304823	0.19411138	1.3840927

1496745177762	2.3145483	0.12643218	1.572875

1496745177773	2.278577	0.057687182	1.7211564

1496745177782	1.9011457	-0.27258193	1.7812417

1496745177799	1.5760725	-0.07513989	1.6481482

1496745177801	1.2685851	-0.20503597	1.4593658

1496745177812	1.0547562	-0.3326672	1.2805755

1496745177825	0.9544364	-0.42539302	1.1037836

1496745177832	0.9805489	-0.49080735	0.91073805

1496745177845	1.1441513	-0.5038636	0.7864375

1496745177851	1.3884892	-0.47775114	0.7296829

1496745177862	1.5030643	-0.49187317	0.7176925

1496745177872	1.4070077	-0.5343725	0.7536637

1496745177883	1.2303491	-0.5911271	0.78963494

1496745177893	1.0536904	-0.6806555	0.84532374

1496745177901	0.94244605	-0.736211	0.96096456

1496745177911	0.88782305	-0.6947775	1.0798029

1496745177921	0.8659739	-0.64455104	1.1746603

1496745177941	0.8551825	-0.63482547	1.2587264

1496745177942	0.8485212	-0.736211	1.3110845

1496745177953	0.8202771	-0.8846256	1.3186784

1496745177965	0.74167335	-1.0427657	1.3034905

1496745177971	0.63482547	-1.1855849	1.2968292

1496745177983	0.41340262	-1.3220091	1.1518785

1496745177991	0.31294963	-1.3220091	0.97948307

1496745178003	0.23221423	-1.092859	0.81588066

1496745178015	0.16679989	-1.0307754	0.71436185

1496745178021	0.077404745	-1.0678124	0.6151079

1496745178031	-0.029443111	-0.9511058	0.50066614

1496745178042	-0.15161204	-0.782041	0.36211032

1496745178052	-0.264988	-0.75579536	0.21702638

1496745178062	-0.36317614	-0.7208899	0.06434852

1496745178071	-0.42419398	-0.59992003	-0.034905408

1496745178082	-0.40567547	-0.3959499	-0.07847056

1496745178091	-0.3141487	-0.173328	-0.052358113

1496745178102	-0.23661071	0.14721556	0.04143352

1496745178112	-0.25086597	0.4537703	0.22248867

1496745178122	-0.29549694	0.8245404	0.41660005

1496745178134	-0.46576074	1.0198507	0.45696777

1496745178142	-0.8888889	0.7492673	0.22901678

1496745178152	-1.2019718	0.35771382	-0.24540368

1496745178162	-1.161604	0.21476153	-0.63589126

1496745178173	-1.2827072	0.41553423	-0.50492936

1496745178183	-1.1409539	0.43951505	-0.9260591

1496745178192	-1.1910472	0.5518252	-1.0285106

1496745178202	-1.3972821	0.46029842	-0.96096456

1496745178212	-1.5062617	0.36317614	-0.93911535

1496745178221	-1.4256594	0.16906475	-0.9685585

1496745178233	-1.2827072	0.001065814	-0.9511058

1496745178241	-1.2565948	-0.034905408	-0.8148148

1496745178252	-1.2379429	0.0065281107	-0.6369571

1496745178262	-1.1506795	0.06434852	-0.54636294

1496745178272	-1.0885957	0.12096989	-0.51265657

1496745178283	-1.0514256	0.13735679	-0.46349588

1496745178293	-1.0165201	0.07633893	-0.41553423

1496745178308	-0.9773514	-0.042499334	-0.41220358

1496745178311	-0.9260591	-0.05662137	-0.42752466

1496745178327	-0.87370104	0.049027443	-0.41007194

1496745178332	-0.82680523	0.18318678	-0.3839595

1496745178342	-0.78963494	0.29669598	-0.38928857

1496745178352	-0.7624567	0.40900612	-0.4351186

1496745178362	-0.76565415	0.49626964	-0.48427925

1496745178371	-0.82680523	0.5551559	-0.52025044

1496745178383	-0.9674927	0.43405277	-0.5692779

1496745178392	-0.94351184	0.15480949	-0.57474023

1496745178403	-0.92059684	0.10578204	-0.5780709

1496745178412	-0.9008793	0.017452704	-0.5692779

1496745178422	-0.9063416	-0.017452704	-0.55302423

1496745178431	-0.91513455	0.02824407	-0.5486278

1496745178442	-0.8998135	0.12430056	-0.5540901

1496745178452	-0.8430589	0.18864909	-0.54636294

1496745178462	-0.77551293	0.21702638	-0.50066614

1496745178471	-0.72422063	0.23341326	-0.47335464

1496745178483	-0.7013056	0.26605383	-0.53330666

1496745178492	-0.6510791	0.287903	-0.59765524

1496745178504	-0.56061816	0.31188384	-0.6151079

1496745178511	-0.46029842	0.36530775	-0.57913667

1496745178522	-0.37410071	0.43298694	-0.51811886

1496745178532	-0.2912337	0.5223821	-0.44604316

1496745178542	-0.18212096	0.6020517	-0.36530775

1496745178557	-0.080602184	0.6205702	-0.28350654

1496745178562	-0.021715961	0.5595524	-0.25512922

1496745178571	0.019584332	0.46243006	-0.19957368

1496745178583	0.087263525	0.24207301	-0.039168663

1496745178592	0.08606448	0.074074075	0.03157474

1496745178603	0.023980815	-0.13415934	0.017452704

1496745178611	-0.07953637	-0.3228084	0.0

1496745178621	-0.21156408	-0.38502532	-0.013056221

1496745178631	-0.30535573	-0.35011992	-0.014122035

1496745178641	-0.32494006	-0.24433786	-0.027178258

1496745178652	-0.2998934	-0.12323475	-0.06648015

1496745178662	-0.24860112	-0.026112443	-0.14614974

1496745178672	-0.26711965	0.00532907	-0.173328

1496745178683	-0.3665068	-0.051159073	-0.15161204

1496745178697	-0.42539302	-0.074074075	-0.11990408

1496745178701	-0.40567547	-0.034905408	-0.127498

1496745178712	-0.33040234	0.009725553	-0.14828138

1496745178722	-0.24433786	0.061017852	-0.15267786

1496745178731	-0.069810815	0.3665068	-0.14721556

1496745178742	0.013056221	0.653344	-0.1100453

1496745178754	-0.06541433	0.4820144	-0.11670663

1496745178761	-0.10684785	0.26605383	-0.12323475

1496745178772	-0.1558753	0.026112443	-0.13629097

1496745178782	-0.2464695	-0.12216893	-0.14934719

1496745178796	-0.22022381	-0.19078071	-0.13629097

1496745178804	-0.17226219	-0.24433786	-0.12096989

1496745178811	-0.12323475	-0.22568612	-0.087263525

1496745178829	-0.07300826	-0.18318678	-0.058886223

1496745178832	-0.018518519	-0.108979486	-0.039168663

1496745178841	0.010791367	-0.049027443	-0.026112443

1496745178886	0.008659739	-0.02504663	0.002131628

1496745178888	-0.016253663	-0.055555556	0.003197442

1496745178997	-0.08832934	-0.11337597	0.00532907

1496745179002	-0.16027178	-0.2813749	-0.06861178

1496745179008	-0.13735679	-0.3206768	-0.111244336

1496745179010	-0.12976286	-0.30095923	-0.13189448

1496745179011	-0.13082866	-0.2868372	-0.115507595

1496745179021	-0.11670663	-0.2693845	-0.09485745

1496745179022	-0.021715961	-0.8430589	-0.08180123

1496745179024	-0.09485745	-0.3784972	-0.09592326

1496745179025	-0.061017852	-0.2475353	-0.115507595

1496745179026	-0.04143352	-0.2704503	-0.14175327

1496745179027	-0.06434852	-0.3097522	-0.19304556

