1496500081677	-0.43	-5.899	3.917

1496500081679	-0.43	-5.899	3.917

1496500082808	-3.811	-7.757	3.505

1496500082820	-3.715	-7.747	2.269

1496500082843	-3.428	-7.68	2.106

1496500082845	-2.796	-7.757	2.164

1496500082849	-2.355	-8.006	2.241

1496500082860	-2.059	-8.312	2.308

1496500082876	-1.666	-8.571	2.346

1496500082879	-1.379	-8.676	2.375

1496500082889	-1.13	-8.657	2.355

1496500082899	-0.9	-8.552	2.346

1496500082917	-0.679	-8.245	2.355

1496500082918	-0.507	-7.834	2.365

1496500082930	-0.383	-7.508	2.509

1496500082939	-0.325	-7.173	2.777

1496500082953	-0.325	-6.828	3.083

1496500082958	-0.344	-6.589	3.38

1496500082968	-0.402	-6.464	3.371

1496500082978	-0.459	-6.263	3.026

1496500082988	-0.392	-6.062	2.557

1496500083004	-0.325	-5.985	2.279

1496500083008	0.0	-5.899	2.154

1496500083018	0.354	-5.88	2.106

1496500083030	0.814	-6.359	1.608

1496500083039	1.043	-6.598	1.695

1496500083048	1.637	-6.416	2.336

1496500083060	2.193	-7.106	3.735

1496500083069	2.432	-10.19	5.372

1496500083079	2.614	-15.313	4.166

1496500083109	1.704	-19.508	1.446

1496500083112	0.842	-19.604	-2.767

1496500083115	0.498	-19.594	-6.033

1496500083119	-0.067	-18.215	-5.037

1496500083129	-0.632	-17.784	0.363

1496500083150	-0.967	-19.403	3.342

1496500083151	-1.733	-19.345	2.059

1496500083158	-2.681	-16.338	1.302

1496500083168	-3.332	-12.44	1.723

1496500083178	-3.217	-9.021	2.135

1496500083188	-2.557	-6.454	2.317

1496500083209	-2.47	-5.497	2.336

1496500083211	-3.284	-6.34	3.38

1496500083218	-4.415	-7.824	4.194

1496500083229	-4.855	-9.04	2.921

1496500083239	-4.319	-9.912	1.656

1496500083248	-3.495	-9.921	0.727

1496500083258	-3.227	-10.544	-0.775

1496500083269	-3.533	-11.109	-0.354

1496500083279	-3.514	-10.975	0.584

1496500083300	-3.064	-10.496	1.743

1496500083301	-2.853	-10.17	2.652

1496500083309	-2.729	-10.065	3.17

1496500083318	-2.662	-9.72	3.179

1496500083330	-2.423	-9.04	2.968

1496500083343	-2.25	-8.265	2.748

1496500083348	-2.183	-7.632	2.537

1496500083358	-2.174	-7.422	2.394

1496500083368	-2.097	-7.307	2.269

1496500083378	-2.001	-7.336	2.183

1496500083399	-1.934	-7.422	2.174

1496500083401	-1.905	-7.479	2.327

1496500083409	-1.963	-7.527	2.47

1496500083418	-2.039	-7.498	2.643

1496500083429	-2.174	-7.383	2.576

1496500083439	-2.288	-7.115	2.585

1496500083458	-2.518	-6.79	2.758

1496500083459	-2.873	-6.541	2.892

1496500083468	-3.284	-6.301	2.921

1496500083479	-3.85	-6.292	2.241

1496500083489	-4.06	-6.454	2.298

1496500083499	-4.261	-6.818	2.48

1496500083509	-4.328	-7.087	2.336

1496500083518	-4.175	-7.297	2.068

1496500083528	-3.964	-7.403	1.934

1496500083548	-3.802	-7.451	2.059

1496500083550	-3.639	-7.431	2.164

1496500083558	-3.533	-7.431	2.308

1496500083568	-3.562	-7.46	2.557

1496500083578	-3.735	-7.518	2.758

1496500083600	-3.878	-7.518	2.633

1496500083601	-3.888	-7.451	2.604

1496500083609	-3.802	-7.288	2.576

1496500083618	-3.629	-7.144	2.394

1496500083630	-3.419	-6.972	2.011

1496500083639	-3.141	-6.79	1.398

1496500083649	-2.834	-6.627	1.053

1496500083665	-2.566	-6.579	0.986

1496500083668	-2.327	-6.675	0.967

1496500083678	-2.039	-7.144	1.245

1496500083691	-0.842	-9.308	2.624

1496500083698	-0.459	-11.722	3.371

1496500083709	-0.488	-14.767	4.041

1496500083719	-0.344	-17.65	3.936

1496500083729	0.622	-19.135	3.17

1496500083759	2.087	-19.211	2.48

1496500083761	2.557	-18.799	2.786

1496500083763	2.509	-18.177	3.83

1496500083769	2.729	-17.2	4.118

1496500083779	2.94	-15.878	3.811

1496500083789	2.499	-14.336	3.486

1496500083798	2.087	-12.613	3.524

1496500083809	1.608	-11.463	4.415

1496500083821	1.187	-10.745	5.727

1496500083829	0.593	-10.515	5.621

1496500083839	-0.421	-10.678	4.07

1496500083849	-1.503	-10.937	2.853

1496500083858	-2.193	-11.004	2.442

1496500083870	-2.442	-10.917	2.528

1496500083878	-2.49	-10.764	2.624

1496500083890	-2.298	-9.864	2.26

1496500083913	-1.781	-8.447	2.001

1496500083918	-1.321	-7.652	2.087

1496500083933	-0.976	-6.962	2.183

1496500083940	-0.545	-6.186	2.202

1496500083950	-0.325	-5.889	2.25

1496500083963	-0.287	-5.899	2.241

1496500083969	-0.402	-6.052	2.135

1496500083978	-0.469	-6.119	2.126

1496500083989	-0.574	-6.081	2.346

1496500083998	-0.689	-5.995	2.777

1496500084009	-0.775	-5.937	3.399

1496500084019	-0.881	-5.956	3.964

1496500084031	-0.928	-6.081	4.328

1496500084053	-0.996	-6.225	4.405

1496500084055	-0.996	-6.33	4.118

1496500084059	-0.996	-6.416	3.744

1496500084069	-1.13	-6.502	3.706

1496500084079	-1.302	-6.751	4.031

1496500084089	-1.57	-7.087	4.587

1496500084098	-1.934	-7.403	4.491

1496500084111	-2.288	-7.585	3.773

1496500084122	-2.7	-7.939	2.882

1496500084130	-3.629	-8.609	2.94

1496500084139	-3.725	-8.514	2.815

1496500084148	-3.572	-8.36	2.432

1496500084158	-3.045	-7.795	2.097

1496500084170	-2.509	-7.671	2.049

1496500084180	-2.049	-7.489	2.193

1496500084197	-1.388	-7.498	2.308

1496500084200	-1.034	-7.546	2.355

1496500084210	-0.852	-7.565	2.327

1496500084220	-0.775	-7.518	2.308

1496500084252	-0.775	-7.556	2.241

1496500084256	-0.804	-7.719	2.375

1496500084257	-0.804	-7.709	2.729

1496500084259	-0.909	-7.776	3.074

1496500084268	-0.766	-7.594	3.361

1496500084278	-0.526	-7.518	3.562

1496500084293	-0.258	-7.527	4.261

1496500084298	0.411	-7.498	6.043

1496500084309	1.024	-8.025	6.579

1496500084318	1.082	-10.362	4.721

1496500084330	0.287	-14.404	2.595

1496500084339	-0.507	-18.359	1.292

1496500084349	-1.8	-17.229	-3.438

1496500084361	-1.896	-13.388	-4.367

1496500084377	-1.685	-9.807	-3.093

1496500084379	-2.116	-7.805	0.747

1496500084388	-3.141	-8.437	6.024

1496500084398	-4.146	-11.626	8.954

1496500084409	-5.516	-15.984	5.928

1496500084418	-7.508	-18.062	1.11

1496500084430	-6.981	-16.769	-0.095

1496500084441	-4.913	-13.35	1.781

1496500084463	-3.533	-10.056	2.298

1496500084465	-3.39	-8.006	1.992

1496500084469	-3.562	-7.518	2.116

1496500084478	-3.399	-7.968	2.25

1496500084488	-3.256	-8.945	2.097

1496500084498	-3.486	-9.701	1.647

1496500084510	-3.773	-9.96	1.024

1496500084518	-3.955	-9.941	0.545

1496500084530	-3.773	-9.826	0.411

1496500084539	-3.122	-9.692	0.756

1496500084548	-2.221	-9.577	1.187

1496500084559	-0.67	-9.634	2.183

1496500084568	-0.316	-9.634	2.26

1496500084578	-0.172	-9.385	2.106

1496500084608	-0.076	-8.992	1.848

1496500084611	-0.038	-8.743	1.838

1496500084614	-0.153	-8.561	1.953

1496500084620	-0.306	-8.293	1.896

1496500084637	-0.632	-7.949	1.676

1496500084642	-0.871	-7.738	1.436

1496500084649	-1.082	-7.585	1.436

1496500084658	-1.206	-7.489	1.465

1496500084668	-1.321	-7.441	1.446

1496500084678	-1.522	-7.403	1.465

1496500084698	-1.723	-7.374	1.513

1496500084699	-2.039	-7.326	1.618

1496500084709	-2.279	-7.269	1.685

1496500084718	-2.47	-7.134	1.857

1496500084730	-2.672	-7.0	2.068

1496500084741	-2.93	-6.991	2.039

1496500084749	-3.179	-7.067	1.905

1496500084770	-3.352	-7.202	1.819

1496500084773	-3.419	-7.355	1.857

1496500084779	-3.447	-7.47	1.733

1496500084789	-3.256	-7.508	1.733

1496500084799	-3.361	-7.575	1.982

1496500084809	-3.495	-7.652	1.972

1496500084818	-3.572	-7.709	1.838

1496500084834	-3.524	-7.642	1.81

1496500084842	-3.524	-7.642	2.106

1496500084848	-3.466	-7.642	2.231

1496500084859	-3.409	-7.728	2.183

1496500084870	-3.39	-7.862	2.135

1496500084878	-3.447	-7.939	2.097

1496500084889	-3.38	-7.939	2.154

1496500084899	-3.227	-7.795	2.145

1496500084923	-2.997	-7.652	2.174

1496500084925	-2.719	-7.546	2.327

1496500084931	-2.499	-7.422	2.48

1496500084940	-2.355	-7.345	2.49

1496500084949	-2.288	-7.326	2.403

1496500084958	-2.279	-7.46	2.365

1496500084968	-2.202	-7.872	2.451

1496500084978	-1.992	-9.098	2.643

1496500084998	-1.436	-10.917	3.083

1496500084999	-1.494	-12.814	3.715

1496500085009	-1.666	-17.554	3.457

1496500085018	-1.264	-18.953	2.595

1496500085030	-0.268	-18.866	1.838

1496500085042	0.459	-17.334	1.848

1496500085050	0.756	-15.342	2.585

1496500085059	0.747	-13.618	3.964

1496500085077	0.727	-12.699	4.932

1496500085078	0.344	-12.555	5.277

1496500085088	-0.268	-12.546	5.095

1496500085098	-0.909	-12.411	4.817

1496500085108	-1.58	-12.095	4.395

1496500085118	-2.355	-11.751	3.984

1496500085130	-3.141	-11.368	3.466

1496500085141	-3.763	-10.994	2.777

1496500085152	-3.984	-10.563	2.327

1496500085159	-3.955	-9.797	2.164

1496500085168	-3.61	-8.935	2.059

1496500085178	-2.777	-8.092	2.078

1496500085189	-2.317	-7.383	2.164

1496500085199	-2.039	-6.646	2.26

1496500085209	-1.551	-6.11	2.451

1496500085218	-0.861	-5.822	2.662

1496500085230	-0.699	-6.043	2.748

1496500085250	-0.718	-6.541	2.614

1496500085251	-0.804	-6.991	2.595

1496500085258	-0.976	-7.106	2.796

1496500085268	-1.197	-7.192	3.026

1496500085279	-1.446	-7.259	3.304

1496500085289	-1.656	-7.269	3.399

1496500085299	-1.8	-7.182	3.323

1496500085309	-1.915	-7.096	3.39

1496500085318	-1.963	-7.048	3.581

1496500085329	-2.039	-7.144	3.773

1496500085339	-2.068	-7.364	4.127

1496500085348	-2.164	-7.594	4.673

1496500085358	-2.288	-8.13	4.865

1496500085368	-2.451	-8.676	4.472

1496500085378	-2.604	-8.983	3.926

1496500085393	-2.71	-9.05	3.715

1496500085399	-2.767	-8.849	3.639

1496500085408	-2.767	-8.552	3.677

1496500085418	-2.691	-8.016	3.601

1496500085433	-2.643	-7.652	3.409

1496500085439	-2.643	-7.652	3.256

1496500085449	-2.652	-7.814	2.892

1496500085475	-2.585	-7.939	2.681

1496500085477	-2.48	-8.159	2.739

1496500085479	-2.365	-8.265	2.834

1496500085489	-2.25	-8.332	2.921

1496500085498	-2.174	-8.427	2.988

1496500085508	-2.078	-8.36	3.102

1496500085518	-1.848	-8.312	3.332

1496500085528	-1.656	-8.092	3.648

1496500085540	-1.522	-7.929	3.735

1496500085556	-1.513	-7.824	3.763

1496500085559	-1.34	-7.68	3.782

1496500085568	-1.379	-7.68	3.821

1496500085579	-1.302	-7.795	3.878

1496500085589	-1.206	-7.949	3.945

1496500085599	-1.158	-8.016	4.185

1496500085609	-1.302	-8.303	4.453

1496500085619	-1.283	-8.13	4.52

1496500085630	-1.359	-8.083	4.089

1496500085662	-1.168	-7.652	3.505

1496500085665	-1.177	-7.498	2.71

1496500085668	-1.388	-6.684	2.298

1496500085671	-1.235	-6.11	2.48

1496500085680	-1.254	-6.282	3.304

1496500085690	-0.507	-6.273	5.305

1496500085700	-0.296	-8.073	6.11

1496500085710	-0.632	-11.674	3.744

1496500085734	-1.618	-16.463	1.867

1496500085736	-1.561	-19.336	0.44

1496500085739	-1.829	-19.058	-1.666

1496500085748	-2.26	-16.587	-2.767

1496500085758	-2.509	-13.168	-1.982

1496500085768	-2.681	-10.199	-0.239

1496500085778	-2.988	-8.37	1.283

1496500085797	-3.265	-8.063	2.03

1496500085798	-3.696	-8.849	1.8

1496500085808	-3.668	-10.305	1.158

1496500085819	-3.543	-11.607	0.852

1496500085830	-3.026	-12.23	0.842

1496500085839	-2.413	-12.469	0.201

1496500085849	-1.953	-12.728	-0.593

1496500085874	-1.8	-12.871	-0.459

1496500085875	-1.656	-12.287	0.565

1496500085879	-1.417	-11.626	1.149

1496500085888	-1.139	-10.726	1.781

1496500085899	-0.948	-9.921	1.867

1496500085908	-0.775	-9.605	1.446

1496500085918	-0.469	-9.625	1.091

1496500085930	-0.057	-9.72	0.536

1496500085944	0.21	-9.711	0.028

1496500085961	0.488	-9.797	-0.268

1496500085964	0.45	-9.988	-0.498

1496500085969	0.124	-10.084	-0.517

1496500085978	-0.402	-9.787	-0.181

1496500085988	-1.053	-9.625	0.239

1496500086003	-1.561	-9.376	0.584

1496500086008	-1.925	-9.136	0.747

1496500086018	-2.097	-9.05	0.842

1496500086030	-2.164	-9.088	0.794

1496500086039	-2.212	-9.299	0.861

1496500086048	-2.221	-9.672	0.833

1496500086059	-2.317	-10.056	0.756

1496500086068	-2.49	-10.324	0.766

1496500086078	-2.796	-10.285	1.072

1496500086110	-3.409	-9.988	2.087

1496500086112	-3.658	-9.605	2.02

1496500086115	-3.725	-9.232	1.685

1496500086120	-3.562	-9.107	1.302

1496500086138	-3.342	-8.973	1.13

1496500086142	-3.074	-8.897	1.13

1496500086149	-2.978	-8.82	1.407

1496500086161	-3.045	-8.83	1.637

1496500086172	-3.227	-8.849	1.925

1496500086178	-3.361	-8.887	2.068

1496500086188	-3.466	-8.858	2.059

1496500086198	-3.505	-8.81	1.905

1496500086209	-3.419	-8.753	1.781

1496500086218	-3.208	-8.696	1.676

1496500086230	-2.968	-8.657	1.666

1496500086242	-2.691	-8.705	1.81

1496500086269	-2.547	-8.83	1.944

1496500086272	-2.518	-9.05	2.011

1496500086275	-2.499	-9.232	2.068

1496500086280	-2.442	-9.299	2.126

1496500086290	-2.413	-9.241	2.193

1496500086299	-2.336	-9.184	2.279

1496500086309	-2.145	-8.897	2.202

1496500086318	-2.202	-9.146	2.298

1496500086328	-2.231	-8.964	2.327

1496500086340	-2.308	-8.849	2.221

1496500086349	-2.336	-9.012	2.193

1496500086358	-2.461	-9.72	1.235

1496500086368	-2.47	-10.486	0.057

1496500086378	-2.317	-10.937	-0.316

1496500086389	-1.8	-10.841	-0.545

1496500086398	-1.13	-10.783	-0.622

1496500086411	-0.545	-10.831	-0.641

1496500086419	0.028	-11.023	-0.459

1496500086429	0.507	-11.358	0.009

1496500086439	0.909	-11.722	0.411

1496500086449	1.235	-11.885	0.612

1496500086458	1.436	-11.961	0.373

1496500086469	1.743	-11.952	-0.277

1496500086480	2.049	-11.569	-0.584

1496500086495	2.384	-10.946	-0.239

1496500086499	2.729	-10.333	0.296

1496500086530	3.179	-9.826	0.996

1496500086537	3.725	-9.768	1.561

1496500086538	4.74	-10.764	2.355

1496500086540	4.989	-11.272	2.509

1496500086548	5.047	-11.712	2.327

1496500086567	4.941	-11.885	2.011

1496500086574	4.577	-11.904	1.58

