1494538940636	-1.743	-0.019	9.902

1494538940642	-1.714	-0.038	9.893

1494538940651	-1.676	-0.047	9.921

1494538940654	-1.656	-0.067	9.893

1494538940662	-1.676	-0.067	9.921

1494538940672	-1.676	-0.076	9.902

1494538940684	-1.637	-0.076	9.864

1494538940694	-1.647	-0.047	9.921

1494538940702	-1.608	-0.067	9.921

1494538940712	-1.599	-0.047	9.941

1494538940724	-1.551	-0.038	9.921

1494538940732	-1.541	-0.047	9.95

1494538940746	-1.522	-0.057	9.931

1494538940753	-1.513	-0.047	9.941

1494538940763	-1.532	-0.038	9.96

1494538940774	-1.494	-0.047	9.912

1494538940781	-1.551	-0.019	9.912

1494538940792	-1.532	-0.047	9.874

1494538940807	-1.551	-0.057	9.912

1494538940812	-1.561	-0.047	9.912

1494538940822	-1.628	-0.057	9.864

1494538940832	-1.618	-0.067	9.902

1494538940842	-1.676	-0.057	9.912

1494538940853	-1.676	-0.076	9.912

1494538940864	-1.695	-0.076	9.931

1494538940873	-1.743	-0.086	9.902

1494538940882	-1.819	-0.047	9.95

1494538940892	-1.762	-0.095	9.902

1494538940902	-1.743	-0.076	9.912

1494538940912	-1.781	-0.076	9.931

1494538940922	-1.829	-0.076	9.835

1494538940932	-1.81	-0.057	9.912

1494538940944	-1.819	-0.047	9.893

1494538940953	-1.762	-0.038	9.893

1494538940971	-1.79	-0.047	9.921

1494538940973	-1.743	-0.067	9.921

1494538940986	-1.723	-0.076	9.912

1494538940992	-1.781	-0.038	9.931

1494538941004	-1.723	-0.009	9.912

1494538941012	-1.704	0.0	9.912

1494538941022	-1.685	0.019	9.931

1494538941032	-1.695	0.009	9.941

1494538941043	-1.685	0.019	9.931

1494538941053	-1.647	-0.009	9.941

1494538941062	-1.618	-0.009	9.921

1494538941072	-1.599	-0.038	9.921

1494538941082	-1.637	-0.019	9.969

1494538941092	-1.589	-0.038	9.912

1494538941102	-1.589	-0.047	9.912

1494538941113	-1.599	-0.047	9.883

1494538941122	-1.608	-0.047	9.883

1494538941132	-1.57	-0.076	9.921

1494538941144	-1.561	-0.076	9.931

1494538941164	-1.551	-0.095	9.969

1494538941172	-1.551	-0.105	9.921

1494538941182	-1.58	-0.114	9.912

1494538941192	-1.647	-0.114	9.921

1494538941202	-1.637	-0.124	9.874

1494538941212	-1.714	-0.124	9.95

1494538941222	-1.733	-0.076	9.921

1494538941232	-1.733	-0.067	9.921

1494538941245	-1.762	-0.019	9.969

1494538941253	-1.723	0.009	9.969

1494538941262	-1.79	0.028	9.95

1494538941272	-1.714	0.047	9.874

1494538941282	-1.704	0.038	9.902

1494538941292	-1.723	0.028	9.921

1494538941304	-1.714	0.009	9.902

1494538941312	-1.752	0.0	9.893

1494538941327	-1.752	0.019	9.893

1494538941333	-1.704	-0.019	9.902

1494538941344	-1.752	0.0	9.95

1494538941353	-1.733	-0.009	9.921

1494538941362	-1.743	-0.019	9.921

1494538941372	-1.723	-0.028	9.96

1494538941382	-1.685	-0.019	9.931

1494538941392	-1.637	-0.086	9.912

1494538941402	-1.628	-0.086	9.874

1494538941420	-1.618	-0.067	9.874

1494538941423	-1.628	-0.105	9.874

1494538941433	-1.618	-0.114	9.921

1494538941443	-1.628	-0.114	9.902

1494538941454	-1.608	-0.105	9.931

1494538941466	-1.628	-0.095	9.931

1494538941472	-1.589	-0.114	9.902

1494538941483	-1.599	-0.086	9.912

1494538941492	-1.57	-0.105	9.941

1494538941503	-1.57	-0.105	9.912

1494538941513	-1.58	-0.114	9.921

1494538941523	-1.58	-0.086	9.931

1494538941533	-1.618	-0.067	9.921

1494538941544	-1.58	-0.076	9.921

1494538941553	-1.628	-0.057	9.883

1494538941562	-1.656	-0.047	9.95

1494538941572	-1.647	-0.047	9.893

1494538941582	-1.714	-0.028	9.902

1494538941592	-1.647	-0.057	9.941

1494538941604	-1.637	-0.047	9.912

1494538941613	-1.695	-0.028	9.931

1494538941623	-1.666	-0.047	9.931

1494538941632	-1.714	-0.009	9.902

1494538941644	-1.695	-0.038	9.912

1494538941652	-1.704	-0.009	9.931

1494538941662	-1.733	-0.028	9.921

1494538941672	-1.714	-0.028	9.931

1494538941682	-1.723	-0.047	9.931

1494538941693	-1.695	-0.067	9.96

1494538941703	-1.714	-0.028	9.912

1494538941712	-1.685	-0.067	9.921

1494538941722	-1.695	-0.057	9.921

1494538941732	-1.656	-0.057	9.902

1494538941742	-1.704	-0.047	9.921

1494538941753	-1.656	-0.057	9.979

1494538941762	-1.666	-0.047	9.921

1494538941773	-1.656	-0.057	9.95

1494538941782	-1.628	-0.076	9.874

1494538941792	-1.637	-0.067	9.931

1494538941803	-1.608	-0.076	9.941

1494538941812	-1.647	-0.057	9.912

1494538941822	-1.618	-0.086	9.921

1494538941832	-1.656	-0.057	9.95

1494538941844	-1.666	-0.067	9.941

1494538941857	-1.628	-0.076	9.902

1494538941873	-1.676	-0.057	9.921

1494538941882	-1.647	-0.057	9.874

1494538941893	-1.666	-0.028	9.912

1494538941902	-1.656	-0.038	9.95

1494538941912	-1.589	-0.095	9.921

1494538941921	-1.589	-0.076	9.902

1494538941932	-1.599	-0.086	9.921

1494538941943	-1.637	-0.076	9.941

1494538941953	-1.628	-0.047	9.912

1494538941963	-1.656	-0.057	9.893

1494538941973	-1.656	-0.067	9.902

1494538941982	-1.666	-0.047	9.931

1494538941992	-1.695	-0.028	9.95

1494538942002	-1.676	-0.047	9.96

1494538942013	-1.676	-0.047	9.931

1494538942022	-1.647	-0.067	9.912

1494538942032	-1.666	-0.047	9.921

1494538942063	-1.666	-0.047	9.912

1494538942070	-1.637	-0.057	9.893

1494538942071	-1.666	-0.057	9.921

1494538942073	-1.628	-0.047	9.912

1494538942083	-1.656	-0.067	9.883

1494538942096	-1.676	-0.067	9.864

1494538942103	-1.618	-0.105	9.941

1494538942112	-1.656	-0.076	9.969

1494538942122	-1.608	-0.067	9.941

1494538942132	-1.599	-0.047	9.969

1494538942143	-1.647	-0.019	9.979

1494538942154	-1.647	-0.019	9.941

1494538942162	-1.608	-0.028	9.921

1494538942173	-1.618	-0.028	9.902

1494538942182	-1.647	-0.028	9.912

1494538942192	-1.637	-0.019	9.864

1494538942202	-1.628	-0.067	9.893

1494538942212	-1.58	-0.067	9.921

1494538942222	-1.637	-0.038	9.921

1494538942233	-1.656	-0.057	9.969

1494538942244	-1.656	-0.067	9.941

1494538942253	-1.637	-0.067	9.96

1494538942262	-1.647	-0.038	9.969

1494538942272	-1.599	-0.095	9.941

1494538942282	-1.599	-0.095	9.96

1494538942292	-1.647	-0.076	9.912

1494538942302	-1.637	-0.095	9.96

1494538942320	-1.647	-0.057	9.864

1494538942323	-1.637	-0.067	9.931

1494538942333	-1.647	-0.057	9.883

1494538942343	-1.637	-0.067	9.912

1494538942354	-1.676	-0.057	9.902

1494538942362	-1.637	-0.057	9.874

1494538942373	-1.656	-0.047	9.931

1494538942383	-1.647	-0.047	9.921

1494538942393	-1.637	-0.057	9.902

1494538942406	-1.666	-0.067	9.921

1494538942413	-1.628	-0.067	9.902

1494538942423	-1.676	-0.047	9.902

1494538942432	-1.647	-0.067	9.921

1494538942444	-1.676	-0.047	9.921

1494538942456	-1.647	-0.067	9.912

1494538942474	-1.647	-0.057	9.921

1494538942475	-1.676	-0.038	9.902

1494538942483	-1.647	-0.057	9.912

1494538942493	-1.685	-0.047	9.902

1494538942502	-1.666	-0.057	9.902

1494538942512	-1.647	-0.057	9.931

1494538942524	-1.714	-0.028	9.912

1494538942532	-1.656	-0.057	9.941

1494538942544	-1.685	-0.028	9.95

1494538942553	-1.676	-0.047	9.95

1494538942562	-1.676	-0.067	9.912

1494538942572	-1.676	-0.028	9.979

1494538942582	-1.704	-0.038	9.921

1494538942592	-1.685	-0.038	9.883

1494538942602	-1.666	-0.047	9.874

1494538942613	-1.656	-0.067	9.921

1494538942624	-1.637	-0.057	9.893

1494538942632	-1.656	-0.057	9.931

1494538942643	-1.589	-0.086	9.902

1494538942653	-1.637	-0.067	9.912

1494538942662	-1.647	-0.076	9.931

1494538942672	-1.656	-0.095	9.902

1494538942682	-1.676	-0.095	9.941

1494538942692	-1.637	-0.105	9.941

1494538942705	-1.666	-0.076	9.931

1494538942717	-1.637	-0.067	9.893

1494538942728	-1.628	-0.076	9.912

1494538942733	-1.618	-0.067	9.979

1494538942745	-1.608	-0.047	9.95

1494538942755	-1.57	-0.028	9.902

1494538942761	-1.589	-0.019	9.921

1494538942776	-1.589	-0.009	9.941

1494538942782	-1.608	0.009	9.931

1494538942794	-1.637	0.009	9.902

1494538942803	-1.628	-0.028	9.883

1494538942818	-1.656	-0.038	9.883

1494538942840	-1.714	-0.009	9.912

1494538942863	-1.704	-0.057	9.96

1494538942864	-1.733	-0.047	9.931

1494538942872	-1.676	-0.038	9.921

1494538942882	-1.723	-0.038	9.921

1494538942893	-1.714	-0.057	9.96

1494538942902	-1.714	-0.038	9.95

1494538942913	-1.752	-0.028	9.931

1494538942922	-1.743	-0.038	9.96

1494538942932	-1.79	-0.028	9.95

1494538942942	-1.8	-0.019	9.941

1494538942953	-1.781	0.0	9.941

1494538942962	-1.79	-0.009	9.931

1494538942972	-1.79	-0.009	9.893

1494538942982	-1.762	-0.028	9.912

1494538942992	-1.762	-0.009	9.931

1494538943009	-1.752	0.0	9.921

1494538943012	-1.704	-0.019	9.941

1494538943022	-1.628	-0.047	9.921

1494538943032	-1.676	-0.057	9.95

1494538943043	-1.666	-0.038	9.902

1494538943055	-1.618	-0.057	9.912

1494538943063	-1.608	-0.057	9.921

1494538943072	-1.637	-0.076	9.902

1494538943087	-1.58	-0.076	9.883

1494538943093	-1.628	-0.086	9.921

1494538943102	-1.561	-0.105	9.912

1494538943112	-1.551	-0.114	9.902

1494538943122	-1.57	-0.095	9.854

1494538943132	-1.57	-0.105	9.883

1494538943143	-1.541	-0.086	9.845

1494538943152	-1.551	-0.105	9.902

1494538943163	-1.494	-0.124	9.912

1494538943173	-1.513	-0.057	9.931

1494538943182	-1.494	-0.076	9.912

1494538943192	-1.522	-0.057	9.902

1494538943202	-1.541	-0.047	9.931

1494538943215	-1.494	-0.038	9.941

1494538943222	-1.522	-0.028	9.941

1494538943233	-1.541	-0.038	9.893

1494538943244	-1.599	-0.019	9.902

1494538943256	-1.57	-0.028	9.921

1494538943263	-1.608	-0.038	9.874

1494538943273	-1.58	-0.038	9.902

1494538943283	-1.58	-0.047	9.921

1494538943296	-1.58	-0.047	9.912

1494538943305	-1.637	-0.057	9.921

1494538943312	-1.637	-0.067	9.912

1494538943322	-1.676	-0.067	9.941

1494538943332	-1.685	-0.067	9.893

1494538943343	-1.723	-0.057	9.893

1494538943355	-1.723	-0.047	9.883

1494538943362	-1.743	-0.057	9.931

1494538943376	-1.714	-0.038	9.902

1494538943382	-1.714	-0.019	9.931

1494538943392	-1.695	-0.038	9.893

1494538943402	-1.695	-0.019	9.864

1494538943412	-1.695	0.0	9.921

1494538943423	-1.656	-0.009	9.95

1494538943432	-1.647	0.009	9.902

1494538943444	-1.676	0.019	9.931

1494538943457	-1.704	0.038	9.95

1494538943473	-1.637	0.038	9.941

1494538943488	-1.647	0.028	9.912

1494538943489	-1.656	0.028	9.931

1494538943506	-1.676	0.009	9.921

1494538943507	-1.637	0.0	9.912

1494538943512	-1.666	-0.028	9.912

1494538943522	-1.656	-0.057	9.883

1494538943532	-1.666	-0.057	9.874

1494538943542	-1.647	-0.086	9.921

1494538943553	-1.618	-0.095	9.921

1494538943563	-1.608	-0.114	9.883

1494538943573	-1.628	-0.076	9.902

1494538943582	-1.628	-0.105	9.893

1494538943592	-1.57	-0.124	9.874

1494538943604	-1.58	-0.114	9.874

1494538943612	-1.57	-0.124	9.902

1494538943622	-1.561	-0.124	9.931

1494538943633	-1.513	-0.124	9.902

1494538943642	-1.589	-0.095	9.893

1494538943654	-1.57	-0.105	9.912

1494538943663	-1.57	-0.086	9.902

1494538943672	-1.57	-0.057	9.912

1494538943682	-1.589	-0.047	9.931

1494538943694	-1.618	-0.019	9.912

1494538943709	-1.57	-0.028	9.912

1494538943715	-1.637	-0.009	9.921

1494538943722	-1.666	0.019	9.912

1494538943733	-1.723	0.028	9.931

1494538943743	-1.733	0.028	9.883

1494538943753	-1.685	0.038	9.921

1494538943763	-1.714	0.009	9.931

1494538943772	-1.695	0.019	9.931

1494538943782	-1.685	0.0	9.921

1494538943792	-1.714	-0.009	9.921

1494538943802	-1.704	-0.028	9.931

1494538943813	-1.676	-0.038	9.921

1494538943822	-1.695	-0.038	9.912

1494538943832	-1.685	-0.076	9.912

1494538943842	-1.676	-0.057	9.931

1494538943854	-1.676	-0.076	9.941

1494538943863	-1.637	-0.095	9.941

1494538943872	-1.666	-0.086	9.921

1494538943882	-1.656	-0.086	9.95

1494538943892	-1.637	-0.086	9.902

1494538943904	-1.618	-0.047	9.883

1494538943913	-1.618	-0.047	9.931

1494538943923	-1.618	-0.047	9.912

1494538943933	-1.589	-0.057	9.931

1494538943942	-1.589	-0.038	9.921

1494538943954	-1.628	-0.028	9.941

1494538943963	-1.589	-0.047	9.931

1494538943972	-1.551	-0.047	9.883

1494538943981	-1.58	-0.047	9.931

1494538943994	-1.589	-0.047	9.96

1494538944009	-1.58	-0.057	9.912

1494538944020	-1.58	-0.057	9.921

1494538944023	-1.637	-0.009	9.931

1494538944035	-1.57	-0.057	9.921

1494538944042	-1.561	-0.076	9.893

1494538944053	-1.608	-0.057	9.95

1494538944063	-1.608	-0.038	9.941

1494538944072	-1.647	-0.057	9.912

1494538944082	-1.647	-0.067	9.912

1494538944092	-1.628	-0.067	9.902

1494538944106	-1.628	-0.067	9.941

1494538944113	-1.676	-0.019	9.921

1494538944123	-1.666	-0.067	9.921

1494538944133	-1.666	-0.057	9.931

1494538944142	-1.685	-0.067	9.931

1494538944154	-1.676	-0.057	9.941

1494538944163	-1.676	-0.038	9.912

1494538944172	-1.685	-0.028	9.941

1494538944182	-1.666	-0.028	9.96

1494538944192	-1.656	-0.009	9.941

1494538944208	-1.647	-0.076	9.893

1494538944236	-1.714	-0.038	9.921

1494538944238	-1.618	-0.047	9.902

1494538944254	-1.647	-0.038	9.921

1494538944263	-1.676	-0.038	9.921

1494538944272	-1.618	-0.057	9.931

1494538944284	-1.647	-0.028	9.912

1494538944292	-1.656	-0.038	9.941

1494538944302	-1.656	-0.038	9.931

1494538944312	-1.637	-0.047	9.931

1494538944322	-1.628	-0.028	9.902

1494538944332	-1.618	-0.038	9.902

1494538944342	-1.608	-0.057	9.874

1494538944353	-1.58	-0.067	9.893

1494538944365	-1.628	-0.028	9.902

1494538944373	-1.628	-0.038	9.883

1494538944382	-1.599	-0.067	9.921

1494538944392	-1.666	-0.038	9.931

1494538944402	-1.647	-0.038	9.931

1494538944412	-1.618	-0.038	9.95

1494538944422	-1.628	-0.019	9.921

1494538944433	-1.666	-0.019	9.912

1494538944442	-1.647	-0.047	9.931

1494538944454	-1.618	-0.028	9.883

1494538944470	-1.637	-0.047	9.902

1494538944483	-1.628	-0.057	9.874

1494538944486	-1.637	-0.028	9.902

1494538944492	-1.676	-0.028	9.912

1494538944504	-1.637	-0.047	9.893

1494538944522	-1.676	-0.038	9.921

1494538944533	-1.628	-0.028	9.921

1494538944542	-1.685	-0.038	9.931

1494538944554	-1.608	-0.057	9.95

1494538944571	-1.637	-0.047	9.931

1494538944573	-1.676	-0.038	9.912

1494538944588	-1.628	-0.057	9.921

1494538944592	-1.695	-0.028	9.931

1494538944602	-1.618	-0.067	9.921

1494538944612	-1.647	-0.047	9.912

1494538944622	-1.666	-0.067	9.95

1494538944633	-1.656	-0.067	9.921

1494538944642	-1.608	-0.038	9.912

1494538944653	-1.647	-0.047	9.912

1494538944663	-1.656	-0.038	9.893

1494538944675	-1.666	-0.028	9.893

1494538944682	-1.714	-0.019	9.941

1494538944692	-1.637	-0.067	9.902

1494538944706	-1.647	-0.047	9.902

1494538944713	-1.666	-0.028	9.893

1494538944722	-1.695	-0.028	9.874

1494538944733	-1.628	-0.057	9.854

1494538944742	-1.666	-0.038	9.931

1494538944754	-1.647	-0.057	9.941

1494538944763	-1.656	-0.047	9.95

1494538944773	-1.628	-0.057	9.902

1494538944782	-1.656	-0.038	9.931

1494538944792	-1.647	-0.038	9.902

1494538944805	-1.618	-0.047	9.874

1494538944812	-1.637	-0.047	9.902

1494538944822	-1.628	-0.047	9.931

1494538944840	-1.666	-0.038	9.921

1494538944842	-1.685	-0.019	9.931

1494538944854	-1.656	-0.057	9.902

1494538944863	-1.647	-0.047	9.912

1494538944872	-1.714	-0.019	9.941

1494538944882	-1.608	-0.057	9.912

1494538944892	-1.628	-0.047	9.921

1494538944902	-1.599	-0.057	9.912

1494538944912	-1.618	-0.067	9.921

1494538944923	-1.618	-0.057	9.912

1494538944933	-1.637	-0.047	9.893

1494538944942	-1.676	-0.047	9.845

1494538944953	-1.637	-0.057	9.883

1494538944963	-1.666	-0.019	9.941

1494538944972	-1.666	-0.038	9.921

1494538944982	-1.714	-0.009	9.979

1494538944992	-1.676	-0.047	9.921

1494538945002	-1.685	-0.038	9.931

1494538945013	-1.695	-0.019	9.941

1494538945023	-1.685	-0.009	9.921

1494538945033	-1.676	-0.038	9.883

1494538945044	-1.685	-0.028	9.912

1494538945067	-1.666	-0.038	9.883

1494538945073	-1.666	-0.028	9.893

1494538945085	-1.647	-0.047	9.864

1494538945092	-1.666	-0.038	9.902

1494538945102	-1.656	-0.038	9.912

1494538945112	-1.647	-0.038	9.921

1494538945122	-1.704	-0.038	9.941

1494538945133	-1.666	-0.057	9.95

1494538945142	-1.656	-0.038	9.931

1494538945154	-1.666	-0.028	9.921

1494538945163	-1.676	-0.019	9.941

1494538945172	-1.647	-0.038	9.941

1494538945182	-1.647	-0.019	9.883

1494538945192	-1.618	-0.019	9.95

1494538945202	-1.637	-0.019	9.95

1494538945212	-1.656	-0.047	9.931

1494538945223	-1.656	-0.038	9.941

1494538945233	-1.628	-0.038	9.902

1494538945242	-1.676	-0.057	9.893

1494538945253	-1.647	-0.067	9.921

1494538945263	-1.656	-0.038	9.893

1494538945272	-1.666	-0.067	9.931

1494538945282	-1.637	-0.057	9.96

1494538945292	-1.628	-0.067	9.96

1494538945302	-1.637	-0.047	9.921

1494538945313	-1.647	-0.038	9.912

1494538945323	-1.637	-0.038	9.912

1494538945333	-1.666	-0.047	9.893

1494538945342	-1.637	-0.057	9.931

1494538945356	-1.618	-0.047	9.941

1494538945363	-1.656	-0.057	9.941

1494538945372	-1.656	-0.057	9.893

1494538945382	-1.656	-0.057	9.902

1494538945393	-1.656	-0.038	9.902

1494538945404	-1.637	-0.047	9.941

1494538945422	-1.666	-0.028	9.921

1494538945432	-1.647	-0.038	9.921

1494538945442	-1.656	-0.028	9.912

1494538945454	-1.637	0.0	9.902

1494538945470	-1.637	-0.028	9.893

1494538945472	-1.666	-0.038	9.921

1494538945483	-1.685	-0.019	9.912

1494538945492	-1.656	-0.019	9.902

1494538945502	-1.656	-0.009	9.883

1494538945512	-1.628	-0.009	9.921

1494538945523	-1.647	0.0	9.931

1494538945533	-1.656	-0.028	9.921

1494538945543	-1.589	-0.047	9.912

1494538945557	-1.656	-0.028	9.893

1494538945573	-1.647	-0.057	9.979

1494538945582	-1.666	-0.047	9.921

1494538945592	-1.666	-0.067	9.921

1494538945605	-1.656	-0.057	9.893

1494538945613	-1.666	-0.067	9.95

