1495824532424	2.3125	-12.4375	19.5

1495824532512	2.0625	-12.375	19.125

1495824532611	2.5625	-12.0	19.1875

1495824532770	2.4375	-11.875	18.25

1495824532874	2.5	-11.9375	18.1875

1495824532952	2.4375	-12.5	18.25

1495824533011	1.4375	-12.625	17.625

1495824533510	1.875	-12.75	18.25

1495824533541	1.9375	-11.8125	18.625

1495824533620	1.8125	-11.375	18.5

1495824533720	2.0625	-11.0625	18.9375

1495824534260	1.125	-10.5625	19.3125

1495824534420	0.9375	-11.5	19.125

1495824534575	0.625	-11.8125	19.5625

1495824534740	0.6875	-11.75	19.1875

1495824534852	1.1875	-12.25	18.5

1495824534930	0.8125	-11.75	18.5625

1495824535010	1.1875	-10.9375	18.5

1495824535100	1.5625	-11.0	18.875

1495824535166	1.5625	-10.0	19.5

1495824535261	1.5625	-10.125	19.1875

1495824535364	1.625	-11.25	18.8125

1495824535469	0.6875	-10.875	18.4375

1495824535561	0.625	-11.0625	18.0

1495824535673	0.625	-10.5	18.625

1495824535762	0.6875	-9.5625	19.1875

1495824535871	1.25	-9.6875	19.3125

1495824535961	1.1875	-9.75	19.0625

1495824536067	1.5	-9.875	18.9375

1495824536163	1.5625	-9.9375	19.1875

1495824536275	1.875	-9.9375	19.3125

1495824536362	2.0625	-9.75	19.875

1495824536477	2.0625	-10.1875	20.1875

1495824536562	1.8125	-10.3125	19.875

1495824536672	2.125	-10.25	20.25

1495824536762	2.125	-10.875	19.625

1495824536862	1.9375	-10.625	18.9375

1495824536962	2.125	-10.6875	19.625

1495824537063	2.0625	-11.6875	18.8125

1495824537230	2.25	-11.25	18.8125

1495824537300	2.5625	-11.75	19.1875

