1495425519527	0.0119904075	-0.004263256	0.013056221

1495425519533	0.0065281107	-0.002131628	0.009725553

1495425519541	0.0075939246	-0.003197442	0.010791367

1495425519551	0.0075939246	0.0	0.015187849

1495425519558	0.0065281107	-0.003197442	0.016253663

1495425519568	0.0065281107	-0.002131628	0.017452704

1495425519578	0.008659739	-0.002131628	0.020650147

1495425519588	0.009725553	0.001065814	0.014122035

1495425519598	0.009725553	-0.004263256	0.013056221

1495425519608	0.009725553	-0.00532907	0.014122035

1495425519620	0.008659739	-0.004263256	0.015187849

1495425519643	0.0075939246	-0.003197442	0.016253663

1495425519648	0.00532907	-0.003197442	0.019584332

1495425519658	0.008659739	-0.002131628	0.0075939246

1495425519668	0.00532907	-0.0075939246	0.0119904075

1495425519678	0.0075939246	0.0	0.017452704

1495425519689	0.004263256	-0.003197442	0.016253663

1495425519698	0.00532907	-0.008659739	0.016253663

1495425519708	0.00532907	-0.001065814	0.015187849

1495425519720	0.004263256	-0.002131628	0.014122035

1495425519729	0.0075939246	0.002131628	0.015187849

1495425519738	0.008659739	-0.001065814	0.013056221

1495425519748	0.014122035	0.001065814	0.017452704

1495425519758	0.010791367	0.004263256	0.019584332

1495425519769	0.009725553	0.002131628	0.016253663

1495425519779	0.008659739	-0.00532907	0.017452704

1495425519788	0.009725553	-0.004263256	0.010791367

1495425519798	0.0075939246	-0.002131628	0.0119904075

1495425519808	0.00532907	0.0	0.019584332

1495425519819	0.010791367	-0.0065281107	0.014122035

1495425519830	0.0075939246	-0.010791367	0.014122035

1495425519850	0.013056221	-0.004263256	0.016253663

1495425519858	0.010791367	0.001065814	0.013056221

1495425519868	0.0119904075	0.0	0.010791367

1495425519879	0.008659739	-0.004263256	0.014122035

1495425519888	0.0119904075	-0.0075939246	0.009725553

1495425519898	0.013056221	-0.0075939246	0.010791367

1495425519908	0.0075939246	-0.004263256	0.017452704

1495425519919	0.00532907	-0.0065281107	0.013056221

1495425519929	0.010791367	-0.0065281107	0.014122035

1495425519938	0.0119904075	-0.002131628	0.0119904075

1495425519948	0.013056221	0.002131628	0.019584332

1495425519959	0.009725553	-0.002131628	0.020650147

1495425519968	0.008659739	-0.0065281107	0.022781774

1495425519979	0.009725553	-0.003197442	0.015187849

1495425519988	0.013056221	0.001065814	0.010791367

1495425519998	0.014122035	0.0	0.010791367

1495425520008	0.010791367	-0.001065814	0.018518519

1495425520020	0.014122035	0.0	0.015187849

1495425520028	0.0119904075	-0.0075939246	0.010791367

1495425520038	0.0065281107	-0.0075939246	0.008659739

1495425520049	0.010791367	-0.0065281107	0.008659739

1495425520058	0.013056221	-0.004263256	0.010791367

1495425520068	0.0119904075	-0.002131628	0.008659739

1495425520079	0.010791367	-0.002131628	0.009725553

1495425520089	0.0075939246	-0.002131628	0.016253663

1495425520098	0.0065281107	0.003197442	0.016253663

1495425520108	0.009725553	0.003197442	0.010791367

1495425520120	0.010791367	-0.001065814	0.00532907

1495425520139	0.003197442	-0.0065281107	0.017452704

1495425520149	0.008659739	0.002131628	0.015187849

1495425520160	0.0075939246	-0.001065814	0.014122035

1495425520168	0.010791367	-0.002131628	0.013056221

1495425520179	0.010791367	-0.001065814	0.008659739

1495425520188	0.0119904075	-0.00532907	0.017452704

1495425520198	0.008659739	0.001065814	0.015187849

1495425520208	0.013056221	-0.002131628	0.0119904075

1495425520220	0.0119904075	-0.003197442	0.014122035

1495425520229	0.008659739	-0.003197442	0.015187849

1495425520238	0.010791367	-0.001065814	0.0119904075

1495425520249	0.013056221	-0.004263256	0.004263256

1495425520258	0.013056221	-0.004263256	0.010791367

1495425520268	0.00532907	-0.0075939246	0.019584332

1495425520279	0.009725553	-0.0065281107	0.016253663

1495425520288	0.010791367	-0.004263256	0.015187849

1495425520299	0.008659739	-0.002131628	0.015187849

1495425520308	0.009725553	0.001065814	0.018518519

1495425520320	0.0119904075	-0.001065814	0.015187849

1495425520329	0.009725553	-0.003197442	0.008659739

1495425520338	0.008659739	-0.002131628	0.016253663

1495425520348	0.00532907	0.003197442	0.017452704

1495425520358	0.009725553	-0.001065814	0.015187849

1495425520368	0.0065281107	-0.002131628	0.019584332

1495425520379	0.0075939246	-0.004263256	0.017452704

1495425520390	0.009725553	-0.008659739	0.018518519

1495425520399	0.004263256	-0.008659739	0.017452704

1495425520408	0.008659739	-0.00532907	0.013056221

1495425520419	0.010791367	-0.003197442	0.018518519

1495425520431	0.0065281107	-0.009725553	0.014122035

1495425520448	0.00532907	0.001065814	0.018518519

1495425520458	0.0119904075	-0.002131628	0.018518519

1495425520468	0.009725553	-0.002131628	0.009725553

1495425520478	0.0065281107	-0.00532907	0.013056221

1495425520490	0.010791367	-0.002131628	0.015187849

1495425520499	0.00532907	-0.00532907	0.018518519

1495425520508	0.009725553	-0.004263256	0.015187849

1495425520520	0.009725553	-0.004263256	0.017452704

1495425520529	0.010791367	-0.003197442	0.010791367

1495425520539	0.008659739	-0.0065281107	0.015187849

1495425520548	0.00532907	-0.003197442	0.013056221

1495425520558	0.0075939246	-0.0065281107	0.019584332

1495425520569	0.010791367	0.0	0.013056221

1495425520582	0.009725553	-0.004263256	0.016253663

1495425520588	0.00532907	-0.003197442	0.016253663

1495425520599	0.008659739	-0.0075939246	0.020650147

1495425520609	0.00532907	-0.0075939246	0.017452704

1495425520620	0.008659739	-0.0075939246	0.017452704

1495425520640	0.008659739	0.001065814	0.0119904075

1495425520648	0.013056221	-0.00532907	0.008659739

1495425520658	0.0075939246	-0.0065281107	0.010791367

1495425520668	0.009725553	0.001065814	0.015187849

1495425520679	0.0075939246	-0.00532907	0.015187849

1495425520689	0.010791367	-0.002131628	0.019584332

1495425520698	0.008659739	0.001065814	0.010791367

1495425520708	0.0075939246	0.001065814	0.009725553

1495425520719	0.009725553	-0.001065814	0.0119904075

1495425520730	0.0075939246	-0.002131628	0.010791367

1495425520738	0.0075939246	0.0	0.013056221

1495425520748	0.0065281107	-0.004263256	0.015187849

1495425520758	0.008659739	-0.001065814	0.016253663

1495425520768	0.0065281107	0.0	0.016253663

1495425520779	0.0075939246	-0.001065814	0.017452704

1495425520788	0.008659739	-0.003197442	0.013056221

1495425520798	0.009725553	-0.003197442	0.018518519

1495425520808	0.008659739	-0.003197442	0.015187849

1495425520820	0.009725553	-0.004263256	0.018518519

1495425520828	0.008659739	-0.003197442	0.018518519

1495425520848	0.013056221	-0.001065814	0.017452704

1495425520859	0.008659739	0.003197442	0.0119904075

1495425520868	0.010791367	-0.002131628	0.013056221

1495425520879	0.0075939246	-0.004263256	0.019584332

1495425520888	0.013056221	-0.004263256	0.014122035

1495425520898	0.010791367	-0.004263256	0.0119904075

1495425520908	0.010791367	-0.004263256	0.014122035

1495425520920	0.008659739	-0.004263256	0.015187849

1495425520930	0.0075939246	-0.002131628	0.0119904075

1495425520940	0.008659739	-0.002131628	0.017452704

1495425520949	0.010791367	0.0	0.018518519

1495425520959	0.013056221	-0.003197442	0.016253663

1495425520968	0.010791367	-0.0075939246	0.0119904075

1495425520979	0.009725553	-0.0065281107	0.014122035

1495425520988	0.00532907	0.0	0.0075939246

1495425520998	0.0065281107	-0.003197442	0.008659739

1495425521008	0.0065281107	-0.002131628	0.014122035

1495425521019	0.00532907	0.001065814	0.017452704

1495425521030	0.009725553	-0.003197442	0.013056221

1495425521048	0.0065281107	-0.003197442	0.015187849

1495425521060	0.0119904075	-0.002131628	0.019584332

1495425521068	0.008659739	-0.0075939246	0.022781774

1495425521079	0.0075939246	-0.00532907	0.017452704

1495425521088	0.013056221	-0.00532907	0.014122035

1495425521098	0.014122035	0.003197442	0.017452704

1495425521108	0.0075939246	-0.001065814	0.014122035

1495425521120	0.008659739	-0.002131628	0.013056221

1495425521128	0.010791367	-0.002131628	0.014122035

1495425521139	0.010791367	-0.002131628	0.008659739

1495425521148	0.009725553	-0.001065814	0.008659739

1495425521159	0.0075939246	-0.004263256	0.0119904075

1495425521168	0.009725553	-0.00532907	0.0119904075

1495425521179	0.010791367	-0.001065814	0.016253663

1495425521188	0.010791367	-0.004263256	0.016253663

1495425521198	0.013056221	0.001065814	0.017452704

1495425521208	0.009725553	-0.004263256	0.010791367

1495425521220	0.0075939246	-0.0075939246	0.018518519

1495425521229	0.0	-0.001065814	0.018518519

1495425521238	0.0075939246	-0.0075939246	0.016253663

1495425521249	0.004263256	-0.0075939246	0.013056221

1495425521258	0.002131628	-0.002131628	0.014122035

1495425521268	0.00532907	0.002131628	0.018518519

1495425521280	0.008659739	-0.001065814	0.014122035

1495425521289	0.0119904075	-0.0075939246	0.014122035

1495425521298	0.010791367	-0.0065281107	0.018518519

1495425521308	0.008659739	-0.004263256	0.017452704

1495425521319	0.009725553	0.0	0.016253663

1495425521329	0.009725553	-0.0075939246	0.010791367

1495425521338	0.008659739	-0.002131628	0.009725553

1495425521348	0.010791367	-0.00532907	0.013056221

1495425521358	0.0075939246	-0.0065281107	0.020650147

1495425521368	0.0119904075	-0.002131628	0.015187849

1495425521379	0.009725553	-0.003197442	0.0119904075

1495425521388	0.00532907	-0.003197442	0.010791367

1495425521398	0.009725553	-0.003197442	0.010791367

1495425521408	0.009725553	0.0	0.015187849

1495425521420	0.008659739	-0.002131628	0.014122035

1495425521429	0.014122035	-0.004263256	0.014122035

1495425521439	0.0075939246	-0.004263256	0.017452704

1495425521449	0.0065281107	0.0	0.018518519

1495425521459	0.009725553	-0.002131628	0.015187849

1495425521469	0.0075939246	0.002131628	0.010791367

1495425521483	0.010791367	0.001065814	0.009725553

1495425521489	0.013056221	-0.001065814	0.010791367

1495425521499	0.013056221	-0.001065814	0.019584332

1495425521508	0.00532907	-0.0065281107	0.010791367

1495425521520	0.0119904075	0.0	0.013056221

1495425521529	0.0119904075	-0.002131628	0.014122035

1495425521538	0.008659739	-0.002131628	0.014122035

1495425521549	0.0065281107	-0.002131628	0.0119904075

1495425521558	0.003197442	0.001065814	0.015187849

1495425521568	0.0065281107	0.0	0.009725553

1495425521581	0.009725553	-0.003197442	0.013056221

1495425521589	0.0065281107	-0.0065281107	0.018518519

1495425521598	0.014122035	0.0	0.017452704

1495425521609	0.013056221	0.002131628	0.010791367

1495425521619	0.008659739	-0.00532907	0.0075939246

1495425521632	0.0075939246	-0.00532907	0.013056221

1495425521648	0.003197442	-0.0119904075	0.017452704

1495425521658	0.009725553	-0.009725553	0.019584332

1495425521668	0.0119904075	-0.008659739	0.017452704

1495425521680	0.009725553	-0.009725553	0.013056221

1495425521688	0.0065281107	-0.008659739	0.014122035

1495425521700	0.008659739	-0.0065281107	0.0119904075

1495425521708	0.0119904075	0.001065814	0.013056221

1495425521720	0.008659739	-0.0065281107	0.015187849

1495425521729	0.0075939246	-0.0075939246	0.0119904075

1495425521738	0.009725553	-0.002131628	0.0065281107

1495425521748	0.008659739	-0.003197442	0.009725553

1495425521758	0.0065281107	-0.001065814	0.013056221

1495425521768	0.009725553	-0.001065814	0.008659739

1495425521778	0.0119904075	-0.00532907	0.013056221

1495425521788	0.010791367	0.001065814	0.016253663

1495425521798	0.008659739	0.002131628	0.017452704

1495425521808	0.0119904075	-0.0065281107	0.017452704

1495425521820	0.008659739	-0.004263256	0.015187849

1495425521829	0.008659739	-0.002131628	0.015187849

1495425521838	0.009725553	-0.002131628	0.018518519

1495425521848	0.009725553	-0.0065281107	0.015187849

1495425521858	0.0065281107	-0.001065814	0.018518519

1495425521868	0.008659739	-0.009725553	0.017452704

1495425521881	0.009725553	-0.0075939246	0.0119904075

1495425521889	0.009725553	-0.00532907	0.017452704

1495425521898	0.0075939246	0.002131628	0.017452704

1495425521909	0.009725553	-0.001065814	0.017452704

1495425521919	0.0119904075	-0.00532907	0.0119904075

1495425521929	0.008659739	-0.001065814	0.0119904075

1495425521938	0.008659739	-0.001065814	0.009725553

1495425521948	0.008659739	-0.003197442	0.013056221

1495425521959	0.0075939246	0.0	0.013056221

1495425521968	0.010791367	-0.002131628	0.014122035

1495425521979	0.009725553	-0.004263256	0.016253663

1495425521988	0.0119904075	-0.00532907	0.009725553

1495425521998	0.0119904075	0.002131628	0.008659739

1495425522009	0.0075939246	0.002131628	0.009725553

1495425522021	0.013056221	0.0	0.00532907

1495425522033	0.010791367	-0.001065814	0.013056221

1495425522049	0.0065281107	-0.00532907	0.014122035

1495425522059	0.009725553	0.001065814	0.016253663

1495425522069	0.008659739	-0.001065814	0.016253663

1495425522079	0.008659739	-0.009725553	0.016253663

1495425522088	0.008659739	-0.008659739	0.018518519

1495425522098	0.0075939246	-0.003197442	0.013056221

1495425522108	0.0065281107	-0.00532907	0.0065281107

1495425522120	0.010791367	-0.004263256	0.009725553

1495425522129	0.014122035	-0.001065814	0.013056221

1495425522138	0.009725553	-0.00532907	0.013056221

1495425522148	0.0119904075	-0.0065281107	0.004263256

1495425522159	0.0119904075	-0.00532907	0.010791367

1495425522168	0.008659739	-0.004263256	0.019584332

1495425522183	0.008659739	-0.002131628	0.016253663

1495425522198	0.008659739	-0.003197442	0.016253663

1495425522208	0.009725553	0.0	0.009725553

1495425522218	0.0065281107	0.001065814	0.013056221

1495425522230	0.010791367	-0.003197442	0.018518519

1495425522249	0.00532907	-0.002131628	0.017452704

1495425522258	0.00532907	-0.004263256	0.010791367

1495425522268	0.008659739	-0.004263256	0.008659739

1495425522279	0.010791367	-0.003197442	0.015187849

1495425522288	0.00532907	-0.004263256	0.018518519

1495425522298	0.009725553	-0.004263256	0.015187849

1495425522309	0.009725553	-0.0065281107	0.014122035

1495425522318	0.013056221	-0.002131628	0.016253663

1495425522331	0.009725553	0.003197442	0.013056221

1495425522339	0.004263256	-0.003197442	0.010791367

1495425522349	0.008659739	-0.003197442	0.0119904075

1495425522358	0.009725553	-0.004263256	0.013056221

1495425522369	0.008659739	-0.002131628	0.0119904075

1495425522379	0.0075939246	-0.004263256	0.017452704

1495425522388	0.009725553	-0.00532907	0.0119904075

1495425522398	0.00532907	-0.002131628	0.016253663

1495425522408	0.0065281107	-0.0065281107	0.017452704

1495425522418	0.010791367	-0.003197442	0.014122035

1495425522429	0.0119904075	-0.004263256	0.020650147

1495425522438	0.009725553	-0.0065281107	0.020650147

1495425522449	0.004263256	0.2759126	0.018518519

1495425522458	0.010791367	-0.00532907	0.017452704

1495425522468	0.009725553	-0.003197442	0.014122035

1495425522481	0.0119904075	0.001065814	0.014122035

1495425522488	0.0119904075	-0.001065814	0.0075939246

1495425522498	0.0075939246	-0.004263256	0.015187849

1495425522508	0.009725553	-0.002131628	0.018518519

1495425522518	0.0065281107	-0.003197442	0.014122035

1495425522530	0.0119904075	0.001065814	0.015187849

1495425522538	0.009725553	-0.001065814	0.013056221

1495425522548	0.010791367	-0.001065814	0.0075939246

1495425522558	0.014122035	-0.003197442	0.015187849

1495425522568	0.008659739	-0.004263256	0.018518519

1495425522579	0.0075939246	-0.0065281107	0.0065281107

1495425522588	0.0075939246	-0.004263256	0.0075939246

1495425522598	0.009725553	0.002131628	0.015187849

1495425522608	0.0065281107	0.0	0.015187849

1495425522618	0.0075939246	-0.003197442	0.010791367

1495425522635	0.008659739	-0.004263256	0.018518519

1495425522653	0.010791367	-0.004263256	0.009725553

1495425522658	0.0119904075	-0.009725553	0.009725553

1495425522668	0.010791367	-0.002131628	0.0119904075

1495425522679	0.010791367	-0.002131628	0.014122035

1495425522688	0.010791367	0.0	0.013056221

1495425522699	0.0119904075	-0.004263256	0.0119904075

1495425522709	0.014122035	-0.003197442	0.015187849

1495425522718	0.0075939246	-0.003197442	0.017452704

1495425522732	0.0065281107	-0.002131628	0.014122035

1495425522739	0.008659739	-0.00532907	0.017452704

1495425522752	0.003197442	-0.0075939246	0.016253663

1495425522759	0.008659739	-0.003197442	0.009725553

1495425522768	0.00532907	-0.003197442	0.0065281107

1495425522779	0.0075939246	-0.001065814	0.010791367

1495425522788	0.0119904075	0.001065814	0.018518519

1495425522798	0.008659739	-0.00532907	0.013056221

1495425522809	0.010791367	0.001065814	0.018518519

1495425522818	0.015187849	0.001065814	0.018518519

1495425522831	0.0065281107	-0.0065281107	0.013056221

1495425522848	0.008659739	-0.010791367	0.010791367

1495425522858	0.013056221	0.0	0.014122035

1495425522868	0.009725553	-0.0075939246	0.010791367

1495425522879	0.0075939246	-0.009725553	0.014122035

1495425522888	0.0075939246	-0.008659739	0.013056221

1495425522898	0.0065281107	-0.00532907	0.014122035

1495425522909	0.0065281107	-0.004263256	0.017452704

1495425522918	0.008659739	-0.004263256	0.022781774

1495425522930	0.0119904075	-0.001065814	0.017452704

1495425522938	0.008659739	-0.004263256	0.015187849

1495425522949	0.0065281107	-0.0065281107	0.017452704

1495425522958	0.010791367	-0.003197442	0.019584332

1495425522968	0.013056221	0.002131628	0.014122035

1495425522979	0.008659739	0.001065814	0.015187849

1495425522988	0.0075939246	0.0	0.0119904075

1495425522998	0.009725553	-0.003197442	0.013056221

1495425523009	0.013056221	-0.004263256	0.0119904075

1495425523018	0.009725553	-0.001065814	0.009725553

1495425523031	0.009725553	0.0	0.016253663

1495425523048	0.0075939246	-0.004263256	0.016253663

1495425523058	0.008659739	0.0	0.0119904075

1495425523068	0.008659739	0.0	0.015187849

1495425523079	0.010791367	0.001065814	0.018518519

1495425523089	0.00532907	-0.004263256	0.013056221

1495425523098	0.008659739	-0.008659739	0.013056221

1495425523109	0.00532907	-0.0075939246	0.017452704

1495425523118	0.009725553	-0.002131628	0.010791367

1495425523138	0.0119904075	-0.003197442	0.016253663

1495425523148	0.0119904075	-0.003197442	0.018518519

1495425523158	0.009725553	-0.0065281107	0.019584332

1495425523168	0.0065281107	-0.004263256	0.018518519

1495425523179	0.009725553	0.001065814	0.009725553

1495425523188	0.00532907	-0.004263256	0.0065281107

1495425523198	0.008659739	-0.004263256	0.010791367

1495425523209	0.014122035	-0.003197442	0.017452704

1495425523218	0.010791367	0.002131628	0.0119904075

1495425523230	0.0119904075	0.001065814	0.014122035

1495425523239	0.009725553	-0.27804422	0.013056221

1495425523249	0.001065814	-0.0075939246	0.016253663

1495425523258	0.0075939246	-0.001065814	0.015187849

1495425523269	0.009725553	-0.001065814	0.013056221

1495425523282	0.0065281107	-0.004263256	0.0119904075

1495425523289	0.0075939246	-0.002131628	0.015187849

1495425523307	0.0075939246	-0.004263256	0.014122035

1495425523310	0.008659739	-0.00532907	0.015187849

1495425523318	0.0075939246	-0.004263256	0.013056221

1495425523335	0.0065281107	0.001065814	0.019584332

1495425523348	0.00532907	-0.001065814	0.010791367

1495425523358	0.00532907	-0.00532907	0.015187849

1495425523370	0.0075939246	-0.002131628	0.015187849

1495425523379	0.010791367	-0.003197442	0.0075939246

1495425523388	0.010791367	-0.001065814	0.010791367

1495425523398	0.010791367	-0.00532907	0.009725553

1495425523409	0.0119904075	-0.00532907	0.009725553

1495425523418	0.009725553	-0.0075939246	0.016253663

1495425523430	0.009725553	-0.002131628	0.009725553

1495425523449	0.0075939246	-0.003197442	0.0119904075

1495425523458	0.009725553	-0.004263256	0.010791367

1495425523468	0.00532907	-0.004263256	0.010791367

1495425523480	0.0119904075	-0.002131628	0.014122035

1495425523488	0.010791367	-0.008659739	0.015187849

1495425523498	0.00532907	-0.00532907	0.016253663

1495425523509	0.001065814	-0.00532907	0.013056221

1495425523518	0.0065281107	-0.002131628	0.015187849

1495425523530	0.010791367	-0.004263256	0.014122035

1495425523539	0.010791367	-0.003197442	0.009725553

1495425523549	0.0119904075	-0.002131628	0.014122035

1495425523558	0.0119904075	0.001065814	0.013056221

1495425523568	0.0075939246	-0.002131628	0.0119904075

1495425523579	0.0075939246	-0.003197442	0.019584332

1495425523588	0.008659739	-0.00532907	0.02504663

1495425523598	0.0075939246	-0.002131628	0.014122035

1495425523609	0.004263256	-0.004263256	0.013056221

1495425523618	0.00532907	-0.004263256	0.016253663

1495425523636	0.004263256	-0.008659739	0.016253663

1495425523641	0.004263256	-0.008659739	0.010791367

1495425523649	0.008659739	0.001065814	0.014122035

1495425523659	0.008659739	0.002131628	0.016253663

1495425523668	0.009725553	-0.004263256	0.010791367

1495425523685	0.010791367	-0.004263256	0.013056221

1495425523693	0.0065281107	-0.0065281107	0.014122035

1495425523699	0.008659739	0.001065814	0.017452704

1495425523710	0.0065281107	0.0	0.019584332

1495425523718	0.004263256	-0.00532907	0.019584332

1495425523730	0.004263256	0.0	0.017452704

1495425523742	0.0119904075	0.00532907	0.009725553

1495425523748	0.0075939246	-0.00532907	0.0119904075

1495425523758	0.002131628	-0.002131628	0.016253663

1495425523768	0.004263256	0.0	0.016253663

1495425523779	0.009725553	-0.004263256	0.014122035

1495425523788	0.008659739	-0.00532907	0.014122035

1495425523798	0.008659739	-0.004263256	0.015187849

1495425523808	0.008659739	0.003197442	0.014122035

1495425523818	0.008659739	-0.001065814	0.008659739

1495425523830	0.010791367	-0.00532907	0.016253663

1495425523839	0.009725553	-0.003197442	0.014122035

1495425523848	0.008659739	0.003197442	0.017452704

1495425523858	0.009725553	-0.002131628	0.019584332

1495425523868	0.009725553	-0.004263256	0.015187849

1495425523879	0.014122035	-0.003197442	0.009725553

1495425523888	0.013056221	-0.00532907	0.0119904075

1495425523898	0.010791367	-0.008659739	0.010791367

1495425523908	0.010791367	-0.004263256	0.019584332

1495425523918	0.010791367	-0.003197442	0.017452704

1495425523931	0.010791367	-0.0065281107	0.0119904075

1495425523939	0.009725553	-0.003197442	0.021715961

1495425523949	0.0075939246	-0.002131628	0.019584332

1495425523958	0.0065281107	0.0	0.014122035

1495425523968	0.0065281107	-0.004263256	0.0075939246

1495425523979	0.0075939246	-0.002131628	0.009725553

1495425523988	0.008659739	0.0	0.015187849

1495425523999	0.0065281107	0.004263256	0.018518519

1495425524008	0.009725553	-0.001065814	0.017452704

1495425524018	0.008659739	-0.004263256	0.016253663

1495425524030	0.0075939246	-0.00532907	0.010791367

1495425524038	0.0075939246	-0.00532907	0.015187849

1495425524049	0.001065814	-0.0075939246	0.015187849

1495425524058	0.002131628	-0.00532907	0.015187849

1495425524068	0.004263256	-0.004263256	0.018518519

1495425524080	0.0075939246	0.0	0.014122035

1495425524089	0.010791367	-0.002131628	0.008659739

1495425524099	0.0119904075	-0.002131628	0.019584332

1495425524111	0.0065281107	-0.003197442	0.015187849

1495425524120	0.0075939246	-0.0065281107	0.0119904075

1495425524142	0.0075939246	-0.00532907	0.015187849

1495425524148	0.008659739	0.002131628	0.014122035

1495425524158	0.009725553	0.003197442	0.010791367

1495425524168	0.0119904075	-0.003197442	0.015187849

1495425524179	0.0065281107	-0.001065814	0.014122035

1495425524188	0.0119904075	0.003197442	0.015187849

1495425524198	0.010791367	0.003197442	0.018518519

1495425524208	0.0075939246	-0.004263256	0.0119904075

1495425524218	0.0075939246	-0.003197442	0.016253663

1495425524231	0.008659739	0.001065814	0.018518519

1495425524238	0.008659739	0.001065814	0.014122035

1495425524249	0.0065281107	-0.003197442	0.016253663

1495425524258	0.009725553	-0.002131628	0.015187849

1495425524268	0.0119904075	-0.002131628	0.016253663

1495425524279	0.008659739	-0.00532907	0.017452704

1495425524289	0.013056221	0.001065814	0.015187849

1495425524298	0.0119904075	0.002131628	0.017452704

1495425524308	0.009725553	0.002131628	0.013056221

1495425524318	0.0075939246	0.0	0.015187849

1495425524330	0.00532907	0.003197442	0.013056221

1495425524338	0.013056221	-0.001065814	0.009725553

1495425524348	0.010791367	-0.004263256	0.0075939246

1495425524358	0.015187849	0.001065814	0.016253663

1495425524368	0.008659739	-0.002131628	0.013056221

1495425524378	0.0065281107	-0.004263256	0.014122035

1495425524388	0.0065281107	-0.001065814	0.016253663

1495425524398	0.0119904075	0.001065814	0.016253663

1495425524408	0.0075939246	-0.00532907	0.017452704

1495425524418	0.013056221	0.0	0.014122035

1495425524431	0.008659739	-0.00532907	0.014122035

1495425524439	0.00532907	-0.008659739	0.008659739

1495425524448	0.009725553	-0.00532907	0.013056221

1495425524458	0.008659739	-0.003197442	0.019584332

1495425524469	0.0119904075	-0.004263256	0.016253663

1495425524484	0.009725553	-0.001065814	0.013056221

1495425524489	0.0075939246	-0.003197442	0.016253663

1495425524499	0.008659739	-0.003197442	0.0075939246

1495425524509	0.0075939246	-0.002131628	0.0119904075

