1495883505935	0.0	-0.043565147	0.074074075

1495883505941	-0.001065814	-0.027178258	0.074074075

1495883505949	0.0075939246	-0.008659739	0.06434852

1495883505959	0.004263256	-0.004263256	0.07194245

1495883505970	0.001065814	-0.00532907	0.070876636

1495883505979	-0.0075939246	-0.008659739	0.06861178

1495883505989	-0.009725553	-0.033706367	0.07194245

1495883505999	-0.019584332	-0.009725553	0.07633893

1495883506009	-0.0075939246	-0.016253663	0.069810815

1495883506019	-0.015187849	-0.010791367	0.070876636

1495883506029	-0.00532907	-0.004263256	0.069810815

1495883506040	0.014122035	-0.022781774	0.06648015

1495883506049	-0.013056221	0.001065814	0.070876636

1495883506059	-0.003197442	-0.013056221	0.06648015

1495883506069	0.008659739	-0.02504663	0.06434852

1495883506085	0.001065814	-0.010791367	0.067545965

1495883506089	0.019584332	-0.019584332	0.077404745

1495883506099	0.018518519	-0.008659739	0.07300826

1495883506109	0.0119904075	-0.0119904075	0.07300826

1495883506119	0.004263256	-0.003197442	0.07847056

1495883506129	0.019584332	-0.022781774	0.070876636

1495883506141	0.019584332	0.014122035	0.07633893

1495883506149	0.034905408	-0.009725553	0.087263525

1495883506159	0.022781774	0.004263256	0.080602184

1495883506169	0.017452704	0.019584332	0.077404745

1495883506179	0.03157474	-0.010791367	0.08499867

1495883506189	0.016253663	0.009725553	0.08286704

1495883506199	0.023980815	0.00532907	0.07953637

1495883506209	0.018518519	0.002131628	0.087263525

1495883506220	0.020650147	0.017452704	0.07513989

1495883506229	0.039168663	0.0065281107	0.07953637

1495883506241	0.04023448	0.0075939246	0.07953637

1495883506249	0.03810285	0.020650147	0.07847056

1495883506260	0.044630963	0.010791367	0.07953637

1495883506269	0.03810285	0.003197442	0.077404745

1495883506279	0.026112443	-0.004263256	0.09046096

1495883506289	0.027178258	0.0	0.08832934

1495883506299	0.027178258	0.009725553	0.07953637

1495883506314	0.015187849	0.00532907	0.08606448

1495883506329	0.027178258	-0.0119904075	0.077404745

1495883506340	0.0119904075	0.00532907	0.080602184

1495883506349	0.026112443	-0.002131628	0.07633893

1495883506360	0.015187849	0.0065281107	0.070876636

1495883506369	0.023980815	-0.009725553	0.07953637

1495883506380	0.019584332	-0.002131628	0.080602184

1495883506389	0.019584332	-0.004263256	0.074074075

1495883506399	0.013056221	-0.0065281107	0.07847056

1495883506409	0.019584332	-0.015187849	0.07300826

1495883506419	0.019584332	-0.003197442	0.07300826

1495883506429	0.014122035	-0.010791367	0.07513989

1495883506441	0.016253663	-0.017452704	0.080602184

1495883506449	0.002131628	-0.0075939246	0.07513989

1495883506460	-0.002131628	-0.020650147	0.06861178

1495883506469	-0.001065814	-0.016253663	0.07953637

1495883506479	0.003197442	-0.018518519	0.07300826

1495883506489	-0.003197442	-0.0119904075	0.07953637

1495883506499	0.001065814	-0.023980815	0.077404745

1495883506509	-0.003197442	-0.0119904075	0.06648015

1495883506520	0.0119904075	-0.029443111	0.070876636

1495883506529	-0.0065281107	-0.010791367	0.07300826

1495883506541	0.014122035	-0.045696776	0.070876636

1495883506550	-0.010791367	-0.016253663	0.06314948

1495883506562	0.009725553	-0.02824407	0.07300826

1495883506570	0.014122035	-0.032640554	0.067545965

1495883506581	0.0	-0.015187849	0.05995204

1495883506589	0.0075939246	-0.026112443	0.07194245

1495883506599	0.004263256	-0.008659739	0.06861178

1495883506612	0.004263256	-0.014122035	0.06434852

1495883506619	-0.001065814	-0.015187849	0.07194245

1495883506629	-0.002131628	-0.0065281107	0.067545965

1495883506640	-0.001065814	-0.010791367	0.062083665

1495883506649	-0.014122035	-0.0065281107	0.05662137

1495883506660	-0.003197442	-0.020650147	0.06541433

1495883506669	-0.00532907	-0.017452704	0.06541433

1495883506679	-0.017452704	-0.002131628	0.06314948

1495883506689	-0.00532907	-0.009725553	0.06434852

1495883506700	-0.001065814	-0.00532907	0.06648015

1495883506712	-0.014122035	0.010791367	0.06541433

1495883506729	-0.004263256	-0.008659739	0.067545965

1495883506741	-0.016253663	-0.010791367	0.07300826

1495883506750	0.002131628	-0.002131628	0.06314948

1495883506766	-0.004263256	-0.004263256	0.06541433

1495883506769	-0.0065281107	-0.0075939246	0.061017852

1495883506779	-0.022781774	0.008659739	0.06648015

1495883506789	-0.003197442	-0.020650147	0.061017852

1495883506800	-0.003197442	0.003197442	0.06541433

1495883506809	0.008659739	-0.0065281107	0.06314948

1495883506819	0.003197442	-0.002131628	0.06541433

1495883506839	-0.008659739	-0.003197442	0.061017852

1495883506841	-0.016253663	-0.017452704	0.06541433

1495883506849	-0.015187849	-0.022781774	0.058886223

1495883506859	-0.015187849	-0.013056221	0.061017852

1495883506869	-0.009725553	-0.02504663	0.06434852

1495883506879	-0.002131628	-0.0075939246	0.062083665

1495883506889	0.0119904075	-0.03157474	0.05995204

1495883506900	-0.001065814	-0.008659739	0.058886223

1495883506912	0.0	-0.019584332	0.054489743

1495883506929	-0.008659739	-0.004263256	0.061017852

1495883506942	0.0065281107	-0.013056221	0.055555556

1495883506958	0.004263256	-0.014122035	0.054489743

1495883506997	-0.0065281107	-0.001065814	0.062083665

1495883506999	-0.018518519	0.003197442	0.06314948

1495883507000	0.004263256	-0.015187849	0.055555556

1495883507001	-0.015187849	0.001065814	0.06861178

1495883507002	-0.015187849	0.001065814	0.057687182

1495883507010	-0.002131628	-0.008659739	0.062083665

1495883507021	-0.019584332	0.009725553	0.05995204

1495883507029	-0.0075939246	-0.013056221	0.05995204

1495883507039	0.002131628	-0.013056221	0.058886223

1495883507051	-0.002131628	0.001065814	0.05995204

1495883507059	-0.008659739	-0.002131628	0.058886223

1495883507070	0.004263256	-0.0119904075	0.05995204

1495883507080	-0.00532907	-0.014122035	0.058886223

1495883507089	-0.010791367	-0.009725553	0.05995204

1495883507099	-0.017452704	-0.0075939246	0.053423926

1495883507109	-0.009725553	-0.017452704	0.058886223

1495883507119	-0.0119904075	-0.018518519	0.061017852

1495883507129	-0.016253663	-0.004263256	0.051159073

1495883507139	-0.019584332	-0.008659739	0.046895817

1495883507150	-0.0119904075	-0.013056221	0.057687182

1495883507161	-0.002131628	-0.020650147	0.046895817

1495883507169	-0.001065814	-0.016253663	0.05009326

1495883507180	-0.002131628	-0.022781774	0.055555556

1495883507189	-0.002131628	-0.004263256	0.05009326

1495883507199	-0.004263256	-0.016253663	0.05662137

1495883507209	-0.018518519	-0.004263256	0.051159073

1495883507219	0.0	-0.009725553	0.046895817

1495883507229	-0.003197442	-0.014122035	0.052358113

1495883507239	-0.009725553	-0.003197442	0.052358113

1495883507251	-0.002131628	-0.022781774	0.052358113

1495883507260	-0.004263256	-0.002131628	0.053423926

1495883507270	-0.0065281107	-0.0075939246	0.061017852

1495883507281	-0.009725553	-0.010791367	0.054489743

1495883507289	-0.0119904075	0.004263256	0.05662137

1495883507299	-0.020650147	0.0065281107	0.061017852

1495883507310	-0.009725553	-0.002131628	0.054489743

1495883507319	0.0	-0.004263256	0.06314948

1495883507329	-0.002131628	0.010791367	0.058886223

1495883507339	-0.0075939246	0.004263256	0.061017852

1495883507351	0.004263256	0.004263256	0.05995204

1495883507361	0.004263256	0.0	0.061017852

1495883507371	0.001065814	-0.008659739	0.057687182

1495883507381	-0.004263256	0.004263256	0.055555556

1495883507395	-0.00532907	0.003197442	0.057687182

1495883507399	-0.004263256	-0.0075939246	0.055555556

1495883507409	-0.001065814	-0.003197442	0.053423926

1495883507419	0.004263256	-0.0075939246	0.052358113

1495883507429	-0.002131628	-0.0075939246	0.051159073

1495883507439	0.016253663	-0.02504663	0.052358113

1495883507449	0.009725553	-0.013056221	0.057687182

1495883507462	-0.010791367	-0.001065814	0.053423926

1495883507475	0.004263256	-0.029443111	0.052358113

1495883507479	-0.002131628	-0.008659739	0.05009326

1495883507489	-0.00532907	-0.00532907	0.052358113

1495883507499	0.00532907	-0.030508926	0.055555556

1495883507509	0.002131628	-0.018518519	0.049027443

1495883507519	-0.003197442	-0.0075939246	0.05662137

1495883507530	0.004263256	-0.02504663	0.051159073

1495883507539	0.004263256	-0.017452704	0.055555556

1495883507551	0.013056221	-0.019584332	0.055555556

1495883507560	0.015187849	-0.018518519	0.054489743

1495883507570	0.016253663	-0.015187849	0.054489743

1495883507579	0.010791367	-0.013056221	0.04796163

1495883507589	0.015187849	-0.035971224	0.052358113

1495883507600	0.0119904075	-0.021715961	0.05662137

1495883507612	0.020650147	-0.013056221	0.05009326

1495883507619	0.026112443	-0.032640554	0.045696776

1495883507630	0.020650147	-0.016253663	0.044630963

1495883507640	0.017452704	-0.021715961	0.053423926

1495883507652	0.021715961	-0.03157474	0.049027443

1495883507686	0.00532907	-0.008659739	0.05662137

1495883507690	0.021715961	-0.00532907	0.061017852

1495883507691	0.02824407	-0.0065281107	0.052358113

1495883507699	0.023980815	-0.004263256	0.054489743

1495883507709	0.021715961	0.002131628	0.053423926

1495883507719	0.029443111	-0.010791367	0.044630963

1495883507730	0.033706367	0.0	0.044630963

1495883507739	0.042499334	0.008659739	0.055555556

1495883507750	0.044630963	-0.0119904075	0.055555556

1495883507761	0.029443111	0.018518519	0.04796163

1495883507769	0.037037037	0.0	0.052358113

1495883507779	0.043565147	-0.0065281107	0.049027443

1495883507789	0.043565147	-0.004263256	0.052358113

1495883507800	0.043565147	-0.0075939246	0.055555556

1495883507810	0.06434852	-0.029443111	0.055555556

1495883507819	0.04143352	-0.0119904075	0.051159073

1495883507830	0.06314948	-0.049027443	0.053423926

1495883507839	0.033706367	0.009725553	0.051159073

1495883507850	0.05009326	-0.035971224	0.049027443

1495883507859	0.05995204	-0.027178258	0.054489743

1495883507869	0.05662137	-0.042499334	0.052358113

1495883507879	0.06434852	-0.043565147	0.044630963

1495883507889	0.049027443	-0.03157474	0.04796163

1495883507902	0.058886223	-0.05009326	0.049027443

1495883507910	0.042499334	-0.014122035	0.04796163

1495883507919	0.05995204	-0.03810285	0.04796163

1495883507930	0.044630963	-0.02504663	0.051159073

1495883507939	0.043565147	-0.0119904075	0.055555556

1495883507951	0.05009326	-0.013056221	0.051159073

1495883507961	0.057687182	-0.009725553	0.043565147

1495883507969	0.061017852	-0.018518519	0.052358113

1495883507979	0.046895817	-0.008659739	0.04796163

1495883507989	0.06434852	-0.03810285	0.05009326

1495883508000	0.037037037	0.001065814	0.045696776

1495883508010	0.05009326	-0.020650147	0.042499334

1495883508019	0.057687182	-0.009725553	0.051159073

1495883508030	0.034905408	-0.010791367	0.049027443

1495883508039	0.03810285	-0.003197442	0.043565147

1495883508050	0.043565147	-0.014122035	0.052358113

1495883508066	0.035971224	-0.0065281107	0.045696776

1495883508081	0.042499334	-0.0075939246	0.055555556

1495883508099	0.02504663	-0.00532907	0.055555556

1495883508110	0.032640554	-0.001065814	0.049027443

1495883508112	0.029443111	0.0075939246	0.051159073

1495883508130	0.030508926	0.001065814	0.054489743

1495883508139	0.026112443	-0.00532907	0.046895817

1495883508151	0.033706367	0.0	0.058886223

1495883508159	0.032640554	-0.002131628	0.054489743

1495883508169	0.029443111	0.002131628	0.046895817

1495883508179	0.034905408	-0.001065814	0.051159073

1495883508189	0.04023448	-0.0119904075	0.049027443

1495883508199	0.027178258	-0.001065814	0.042499334

1495883508210	0.017452704	-0.003197442	0.045696776

1495883508219	0.023980815	-0.0075939246	0.053423926

1495883508230	0.017452704	0.003197442	0.052358113

1495883508239	0.021715961	0.002131628	0.053423926

1495883508251	0.033706367	0.001065814	0.053423926

1495883508259	0.023980815	-0.002131628	0.044630963

1495883508269	0.02824407	-0.001065814	0.046895817

1495883508279	0.02504663	0.002131628	0.04796163

1495883508289	0.033706367	-0.00532907	0.051159073

1495883508299	0.027178258	-0.008659739	0.045696776

1495883508309	0.023980815	-0.002131628	0.044630963

1495883508320	0.029443111	0.003197442	0.043565147

1495883508330	0.017452704	0.001065814	0.051159073

1495883508339	0.020650147	-0.015187849	0.044630963

1495883508350	0.016253663	0.002131628	0.055555556

1495883508367	0.018518519	-0.013056221	0.049027443

1495883508374	0.017452704	0.001065814	0.044630963

1495883508392	0.019584332	-0.0119904075	0.05009326

1495883508394	0.015187849	-0.002131628	0.049027443

1495883508399	0.022781774	-0.00532907	0.051159073

1495883508411	0.03157474	-0.002131628	0.044630963

1495883508420	0.019584332	-0.003197442	0.043565147

1495883508430	0.035971224	-0.0075939246	0.04143352

1495883508439	0.019584332	0.002131628	0.045696776

1495883508451	0.017452704	0.013056221	0.054489743

1495883508459	0.016253663	-0.001065814	0.051159073

1495883508469	0.027178258	0.003197442	0.044630963

1495883508479	0.010791367	0.010791367	0.043565147

1495883508489	0.029443111	-0.010791367	0.053423926

1495883508499	0.020650147	0.0	0.053423926

1495883508509	0.02504663	-0.0119904075	0.049027443

1495883508519	0.032640554	-0.00532907	0.051159073

1495883508530	0.013056221	0.0	0.052358113

1495883508539	0.022781774	-0.014122035	0.049027443

1495883508551	0.032640554	-0.003197442	0.045696776

1495883508560	0.019584332	-0.015187849	0.045696776

1495883508569	0.016253663	0.004263256	0.054489743

1495883508579	0.02504663	0.001065814	0.052358113

1495883508589	0.03157474	-0.0119904075	0.053423926

1495883508599	0.034905408	-0.017452704	0.05009326

1495883508612	0.03810285	-0.022781774	0.043565147

1495883508619	0.020650147	-0.004263256	0.042499334

1495883508630	0.027178258	-0.015187849	0.04143352

1495883508639	0.023980815	-0.015187849	0.034905408

1495883508650	0.021715961	-0.017452704	0.043565147

1495883508659	0.016253663	-0.013056221	0.04796163

1495883508669	0.023980815	-0.017452704	0.044630963

1495883508679	0.02824407	-0.021715961	0.043565147

1495883508689	0.035971224	-0.032640554	0.04023448

1495883508699	0.037037037	-0.010791367	0.046895817

1495883508710	0.035971224	-0.03157474	0.04796163

1495883508719	0.020650147	-0.0075939246	0.049027443

1495883508730	0.030508926	-0.010791367	0.043565147

1495883508739	0.021715961	-0.019584332	0.04023448

1495883508751	0.02824407	-0.016253663	0.049027443

1495883508759	0.014122035	-0.002131628	0.045696776

1495883508770	0.027178258	-0.008659739	0.039168663

1495883508779	0.029443111	-0.018518519	0.046895817

1495883508789	0.022781774	-0.0119904075	0.042499334

1495883508800	0.021715961	-0.015187849	0.043565147

1495883508810	0.029443111	-0.017452704	0.049027443

1495883508819	0.021715961	-0.004263256	0.046895817

1495883508830	0.02504663	-0.022781774	0.046895817

1495883508839	0.015187849	-0.001065814	0.042499334

1495883508851	0.030508926	-0.02504663	0.045696776

1495883508861	0.02824407	-0.009725553	0.043565147

1495883508870	0.035971224	-0.02824407	0.044630963

1495883508880	0.021715961	-0.002131628	0.04796163

1495883508895	0.022781774	-0.014122035	0.045696776

1495883508904	0.016253663	-0.022781774	0.042499334

1495883508915	0.015187849	-0.022781774	0.042499334

1495883508930	0.026112443	-0.018518519	0.046895817

1495883508940	0.014122035	0.002131628	0.043565147

1495883508950	0.033706367	-0.021715961	0.042499334

1495883508960	0.00532907	-0.015187849	0.037037037

1495883508970	0.003197442	-0.0075939246	0.043565147

1495883508979	0.010791367	-0.0075939246	0.043565147

1495883508989	0.010791367	-0.015187849	0.044630963

1495883508999	0.009725553	0.002131628	0.046895817

1495883509010	0.016253663	-0.017452704	0.045696776

1495883509019	0.008659739	-0.002131628	0.039168663

1495883509033	0.0065281107	-0.004263256	0.037037037

1495883509039	0.023980815	-0.008659739	0.043565147

1495883509051	0.010791367	0.009725553	0.04143352

1495883509059	0.014122035	-0.008659739	0.044630963

1495883509069	0.0075939246	-0.001065814	0.045696776

1495883509079	0.00532907	-0.013056221	0.049027443

1495883509089	0.0119904075	0.004263256	0.046895817

1495883509100	0.010791367	-0.0065281107	0.03810285

1495883509112	0.019584332	-0.00532907	0.04023448

1495883509130	0.029443111	-0.0065281107	0.03810285

1495883509147	0.021715961	-0.0065281107	0.03810285

1495883509151	0.019584332	0.003197442	0.03810285

1495883509162	0.016253663	-0.026112443	0.034905408

1495883509169	0.001065814	-0.001065814	0.03810285

1495883509179	0.0065281107	-0.018518519	0.037037037

1495883509189	-0.001065814	0.0	0.033706367

1495883509199	0.009725553	-0.015187849	0.029443111

1495883509213	0.017452704	-0.009725553	0.03810285

1495883509219	-0.001065814	0.004263256	0.033706367

1495883509230	0.016253663	-0.017452704	0.04143352

1495883509239	0.00532907	-0.00532907	0.039168663

1495883509250	0.0075939246	-0.015187849	0.032640554

1495883509259	0.0	-0.003197442	0.034905408

1495883509269	0.004263256	-0.0119904075	0.034905408

1495883509279	0.001065814	-0.0075939246	0.035971224

1495883509289	0.015187849	-0.018518519	0.02824407

1495883509299	0.00532907	-0.0075939246	0.03157474

1495883509310	0.003197442	0.002131628	0.032640554

1495883509319	0.009725553	-0.015187849	0.033706367

1495883509330	0.0	-0.016253663	0.027178258

1495883509339	-0.015187849	-0.003197442	0.029443111

1495883509351	-0.014122035	-0.013056221	0.029443111

1495883509359	-0.001065814	-0.013056221	0.030508926

1495883509370	0.002131628	-0.004263256	0.022781774

1495883509379	0.018518519	0.0	0.029443111

1495883509389	0.0119904075	-0.003197442	0.026112443

1495883509399	0.02504663	-0.0075939246	0.029443111

1495883509410	0.0075939246	-0.001065814	0.032640554

1495883509419	-0.001065814	0.001065814	0.022781774

1495883509429	0.016253663	-0.002131628	0.020650147

1495883509439	0.019584332	-0.026112443	0.023980815

1495883509451	0.013056221	0.009725553	0.017452704

1495883509461	0.018518519	-0.017452704	0.027178258

1495883509469	0.010791367	0.004263256	0.032640554

1495883509480	0.00532907	0.001065814	0.023980815

1495883509490	0.020650147	-0.00532907	0.030508926

1495883509499	0.014122035	0.004263256	0.022781774

1495883509512	0.019584332	0.013056221	0.027178258

1495883509529	0.035971224	0.002131628	0.021715961

1495883509539	0.034905408	-0.001065814	0.03157474

1495883509550	0.035971224	0.009725553	0.027178258

1495883509568	0.017452704	0.0075939246	0.02824407

1495883509570	0.03157474	-0.003197442	0.03157474

1495883509579	0.0075939246	0.020650147	0.030508926

1495883509589	0.030508926	-0.004263256	0.030508926

1495883509599	0.02504663	0.013056221	0.030508926

1495883509609	0.027178258	0.016253663	0.02504663

1495883509619	0.05662137	-0.0065281107	0.021715961

1495883509630	0.035971224	0.016253663	0.02504663

1495883509640	0.049027443	0.001065814	0.027178258

1495883509651	0.039168663	0.015187849	0.02504663

1495883509659	0.030508926	0.00532907	0.023980815

1495883509672	0.023980815	-0.00532907	0.03157474

1495883509679	0.020650147	0.0075939246	0.030508926

1495883509699	0.016253663	0.00532907	0.030508926

1495883509710	0.03157474	-0.014122035	0.019584332

1495883509719	0.020650147	0.003197442	0.02504663

1495883509729	0.018518519	-0.001065814	0.027178258

1495883509739	0.0075939246	0.0	0.027178258

1495883509751	0.014122035	-0.003197442	0.029443111

1495883509760	0.0	0.0075939246	0.022781774

1495883509774	0.009725553	0.003197442	0.027178258

1495883509779	0.018518519	-0.0075939246	0.026112443

1495883509789	0.0075939246	-0.004263256	0.030508926

1495883509800	-0.003197442	0.0	0.033706367

1495883509812	-0.00532907	-0.004263256	0.02824407

1495883509819	0.0065281107	-0.008659739	0.023980815

1495883509829	0.0065281107	-0.017452704	0.020650147

1495883509839	0.016253663	-0.004263256	0.016253663

1495883509850	0.004263256	-0.003197442	0.017452704

1495883509860	0.014122035	-0.0075939246	0.02824407

1495883509869	0.0065281107	-0.008659739	0.026112443

1495883509879	0.0	-0.014122035	0.030508926

1495883509890	-0.002131628	-0.013056221	0.018518519

1495883509900	0.0075939246	-0.008659739	0.02504663

1495883509910	0.0075939246	-0.00532907	0.020650147

1495883509919	0.003197442	-0.010791367	0.021715961

1495883509930	-0.001065814	-0.002131628	0.022781774

1495883509939	0.018518519	-0.020650147	0.021715961

1495883509950	0.015187849	-0.003197442	0.018518519

1495883509960	0.013056221	-0.00532907	0.020650147

1495883509969	0.016253663	-0.001065814	0.021715961

1495883509979	0.001065814	-0.0119904075	0.023980815

1495883509989	0.002131628	-0.0119904075	0.023980815

1495883509999	0.008659739	0.001065814	0.021715961

1495883510010	0.015187849	-0.019584332	0.018518519

1495883510019	0.0075939246	0.0075939246	0.02504663

1495883510029	0.027178258	-0.023980815	0.018518519

1495883510039	0.015187849	-0.008659739	0.022781774

1495883510051	0.001065814	0.0075939246	0.017452704

1495883510060	0.02504663	-0.017452704	0.019584332

1495883510069	0.003197442	-0.008659739	0.02504663

1495883510079	0.019584332	-0.020650147	0.020650147

1495883510089	0.013056221	-0.021715961	0.027178258

1495883510099	-0.008659739	-0.0065281107	0.02504663

1495883510112	0.015187849	-0.016253663	0.023980815

1495883510129	0.021715961	0.003197442	0.018518519

1495883510139	0.022781774	-0.008659739	0.02824407

1495883510150	0.018518519	-0.002131628	0.027178258

1495883510159	0.014122035	-0.002131628	0.022781774

1495883510169	0.020650147	0.003197442	0.020650147

1495883510179	0.018518519	0.021715961	0.027178258

1495883510189	0.043565147	-0.026112443	0.026112443

1495883510199	0.019584332	0.029443111	0.023980815

1495883510209	0.042499334	0.0	0.017452704

1495883510219	0.019584332	0.018518519	0.018518519

1495883510229	0.019584332	-0.001065814	0.027178258

1495883510240	0.033706367	0.002131628	0.023980815

1495883510251	0.018518519	0.014122035	0.02504663

1495883510264	0.035971224	0.002131628	0.020650147

1495883510280	0.043565147	-0.002131628	0.021715961

1495883510291	0.04023448	0.015187849	0.023980815

1495883510300	0.04023448	0.008659739	0.019584332

1495883510311	0.04023448	0.003197442	0.019584332

1495883510319	0.039168663	-0.00532907	0.021715961

1495883510329	0.03157474	0.0075939246	0.017452704

1495883510339	0.055555556	0.022781774	0.022781774

1495883510351	0.055555556	-0.001065814	0.019584332

1495883510361	0.05995204	0.001065814	0.021715961

1495883510369	0.05662137	0.008659739	0.020650147

1495883510380	0.057687182	-0.004263256	0.017452704

1495883510389	0.043565147	0.004263256	0.027178258

1495883510399	0.046895817	0.001065814	0.017452704

1495883510409	0.055555556	0.0	0.021715961

1495883510419	0.05009326	0.0075939246	0.013056221

1495883510429	0.05662137	-0.0065281107	0.017452704

1495883510439	0.049027443	-0.003197442	0.016253663

1495883510454	0.034905408	0.010791367	0.018518519

1495883510461	0.05009326	-0.0119904075	0.019584332

1495883510469	0.03810285	-0.002131628	0.020650147

1495883510479	0.035971224	0.0	0.017452704

1495883510489	0.04143352	-0.013056221	0.017452704

1495883510499	0.029443111	0.004263256	0.010791367

1495883510509	0.052358113	-0.030508926	0.014122035

1495883510519	0.033706367	-0.004263256	0.008659739

1495883510530	0.042499334	-0.023980815	0.0075939246

1495883510539	0.020650147	-0.014122035	0.0119904075

1495883510551	0.023980815	-0.026112443	0.008659739

1495883510559	0.0065281107	-0.027178258	0.009725553

1495883510570	0.010791367	-0.030508926	0.014122035

1495883510579	0.030508926	-0.034905408	0.015187849

1495883510589	0.02824407	-0.034905408	0.008659739

1495883510600	0.02504663	-0.027178258	0.002131628

1495883510612	0.02504663	-0.027178258	0.004263256

1495883510619	0.029443111	-0.043565147	0.0065281107

1495883510630	0.0075939246	-0.02504663	0.0075939246

1495883510640	0.016253663	-0.02824407	0.003197442

1495883510651	0.009725553	-0.022781774	0.0075939246

1495883510666	0.015187849	-0.037037037	0.010791367

1495883510679	0.009725553	-0.017452704	0.014122035

1495883510689	0.0075939246	-0.018518519	0.013056221

1495883510699	0.017452704	-0.027178258	0.003197442

1495883510710	-0.004263256	-0.00532907	0.009725553

1495883510719	0.022781774	-0.02824407	0.008659739

1495883510729	0.003197442	-0.020650147	0.010791367

1495883510739	0.008659739	-0.00532907	0.014122035

1495883510750	0.0119904075	-0.013056221	0.0075939246

1495883510760	0.016253663	-0.0119904075	0.010791367

1495883510769	0.0065281107	0.004263256	0.0065281107

1495883510780	0.010791367	-0.010791367	0.014122035

1495883510789	0.009725553	-0.00532907	0.013056221

1495883510801	0.0075939246	-0.0119904075	0.00532907

1495883510815	0.014122035	0.003197442	0.009725553

1495883510842	0.019584332	0.013056221	0.003197442

1495883510843	0.043565147	-0.027178258	0.0075939246

1495883510844	0.022781774	0.0119904075	0.00532907

1495883510851	0.027178258	0.013056221	0.013056221

1495883510860	0.029443111	0.003197442	0.009725553

1495883510869	0.019584332	0.015187849	0.0119904075

1495883510879	0.02824407	0.001065814	0.010791367

1495883510889	0.017452704	0.023980815	0.019584332

1495883510903	0.023980815	0.013056221	0.016253663

1495883510911	0.02824407	0.029443111	0.015187849

1495883510919	0.02824407	0.029443111	0.022781774

