1495824522328	-9.810077	0.5493643	0.0

1495824522356	-9.810077	0.5493643	0.078480616

1495824522369	-9.810077	0.5493643	0.0

1495824522390	-9.810077	0.5493643	0.0

1495824522391	-9.810077	0.5493643	0.078480616

1495824522399	-9.810077	0.5493643	0.078480616

1495824522409	-9.810077	0.5493643	0.0

1495824522419	-9.810077	0.5493643	0.0

1495824522439	-9.810077	0.5493643	0.0

1495824522440	-9.810077	0.5493643	-0.078480616

1495824522462	-9.810077	0.5493643	0.0

1495824522479	-9.810077	0.5493643	0.0

1495824522489	-9.731596	0.5493643	0.0

1495824522509	-9.810077	0.5493643	0.0

1495824522519	-9.810077	0.5493643	-0.078480616

1495824522529	-9.810077	0.5493643	0.0

1495824522550	-9.731596	0.4708837	0.0

1495824522559	-9.810077	0.4708837	0.0

1495824522569	-9.810077	0.5493643	0.0

1495824522579	-9.810077	0.5493643	0.0

1495824522627	-9.810077	0.6278449	0.0

1495824522631	-9.810077	0.6278449	-0.078480616

1495824522641	-9.731596	0.5493643	0.0

1495824522649	-9.810077	0.5493643	0.0

1495824522659	-9.810077	0.5493643	0.078480616

1495824522679	-9.810077	0.5493643	0.078480616

1495824522689	-9.810077	0.5493643	0.0

1495824522719	-9.810077	0.5493643	-0.078480616

1495824522729	-9.810077	0.5493643	0.0

1495824522752	-9.731596	0.5493643	0.0

1495824522759	-9.731596	0.5493643	0.0

1495824522769	-9.810077	0.5493643	0.0

1495824522799	-9.810077	0.5493643	0.0

1495824522809	-9.810077	0.5493643	-0.078480616

1495824522819	-9.810077	0.5493643	0.0

1495824522833	-9.731596	0.5493643	0.0

1495824522839	-9.810077	0.5493643	0.078480616

1495824522849	-9.810077	0.4708837	0.0

1495824522860	-9.810077	0.4708837	0.0

1495824522869	-9.810077	0.5493643	0.0

1495824522896	-9.810077	0.4708837	0.0

1495824522899	-9.810077	0.4708837	0.078480616

1495824522909	-9.810077	0.5493643	0.078480616

1495824522935	-9.810077	0.5493643	0.0

1495824522936	-9.810077	0.5493643	0.0

1495824522939	-9.810077	0.5493643	0.078480616

1495824522949	-9.810077	0.5493643	0.0

1495824522971	-9.810077	0.5493643	0.078480616

1495824523006	-9.731596	0.5493643	0.0

1495824523009	-9.810077	0.5493643	0.0

1495824523019	-9.810077	0.4708837	0.078480616

1495824523029	-9.731596	0.5493643	0.0

1495824523039	-9.810077	0.5493643	0.0

1495824523049	-9.810077	0.5493643	0.078480616

1495824523059	-9.731596	0.6278449	0.0

1495824523069	-9.731596	0.5493643	0.0

1495824523079	-9.810077	0.5493643	0.0

1495824523089	-9.731596	0.5493643	0.0

1495824523102	-9.731596	0.6278449	0.0

1495824523109	-9.810077	0.5493643	0.078480616

1495824523142	-9.731596	0.5493643	0.078480616

1495824523143	-9.731596	0.5493643	0.0

1495824523144	-9.810077	0.5493643	0.0

1495824523149	-9.810077	0.5493643	0.078480616

1495824523159	-9.810077	0.5493643	0.078480616

1495824523173	-9.731596	0.5493643	0.0

1495824523179	-9.731596	0.5493643	0.0

1495824523210	-9.810077	0.5493643	0.0

1495824523219	-9.731596	0.5493643	0.0

1495824523229	-9.731596	0.5493643	0.0

1495824523239	-9.810077	0.6278449	0.0

1495824523259	-9.810077	0.5493643	0.0

1495824523269	-9.731596	0.5493643	0.0

1495824523284	-9.810077	0.5493643	0.078480616

1495824523289	-9.810077	0.4708837	0.0

1495824523299	-9.810077	0.5493643	0.0

1495824523309	-9.810077	0.5493643	0.0

1495824523349	-9.810077	0.5493643	0.0

1495824523359	-9.810077	0.5493643	0.0

1495824523369	-9.810077	0.5493643	0.0

1495824523393	-9.731596	0.5493643	0.0

1495824523399	-9.810077	0.5493643	0.0

1495824523427	-9.731596	0.5493643	0.078480616

1495824523439	-9.731596	0.5493643	0.0

1495824523449	-9.810077	0.5493643	0.0

1495824523471	-9.810077	0.4708837	0.0

1495824523479	-9.810077	0.5493643	0.0

1495824523519	-9.810077	0.5493643	0.0

1495824523539	-9.810077	0.5493643	0.0

1495824523549	-9.888557	0.5493643	0.0

1495824523564	-9.810077	0.5493643	0.0

1495824523569	-9.810077	0.5493643	0.0

1495824523600	-9.731596	0.5493643	0.0

1495824523609	-9.810077	0.5493643	0.0

1495824523619	-9.810077	0.5493643	0.0

1495824523629	-9.810077	0.5493643	0.0

1495824523659	-9.810077	0.5493643	0.0

1495824523689	-9.810077	0.5493643	0.0

1495824523699	-9.810077	0.5493643	0.0

1495824523726	-9.810077	0.5493643	0.0

1495824523729	-9.810077	0.5493643	0.0

1495824523739	-9.810077	0.5493643	0.0

1495824523755	-9.810077	0.5493643	0.078480616

1495824523759	-9.810077	0.5493643	0.078480616

1495824523769	-9.810077	0.5493643	0.078480616

1495824523779	-9.810077	0.5493643	0.0

1495824523792	-9.810077	0.5493643	0.0

1495824523799	-9.810077	0.5493643	0.0

1495824523809	-9.810077	0.5493643	0.0

1495824523819	-9.810077	0.5493643	0.0

1495824523829	-9.731596	0.5493643	0.0

1495824523839	-9.810077	0.5493643	0.078480616

1495824523852	-9.810077	0.5493643	0.0

1495824523859	-9.810077	0.5493643	0.0

1495824523890	-9.810077	0.5493643	0.0

1495824523891	-9.810077	0.5493643	0.078480616

1495824523899	-9.810077	0.5493643	0.078480616

1495824523909	-9.810077	0.4708837	0.078480616

1495824523919	-9.810077	0.5493643	0.078480616

1495824523934	-9.731596	0.5493643	0.0

1495824523939	-9.810077	0.6278449	0.0

1495824523949	-9.810077	0.5493643	0.078480616

1495824523970	-9.888557	0.5493643	0.0

1495824523971	-9.888557	0.4708837	0.0

1495824523979	-9.810077	0.5493643	0.078480616

1495824523989	-9.731596	0.5493643	0.0

1495824524005	-9.810077	0.5493643	0.0

1495824524019	-9.810077	0.5493643	0.0

1495824524044	-9.810077	0.5493643	0.0

1495824524049	-9.731596	0.5493643	0.0

1495824524059	-9.731596	0.5493643	0.078480616

1495824524069	-9.810077	0.5493643	0.0

1495824524089	-9.810077	0.4708837	-0.078480616

1495824524099	-9.810077	0.4708837	0.0

1495824524109	-9.810077	0.5493643	0.0

1495824524139	-9.810077	0.5493643	0.0

1495824524176	-9.810077	0.5493643	0.0

1495824524179	-9.810077	0.5493643	0.0

1495824524212	-9.888557	0.5493643	-0.078480616

1495824524212	-9.810077	0.5493643	0.0

1495824524219	-9.810077	0.5493643	0.0

1495824524251	-9.731596	0.5493643	0.0

1495824524259	-9.810077	0.4708837	0.078480616

1495824524269	-9.810077	0.5493643	0.0

1495824524292	-9.810077	0.6278449	0.0

1495824524299	-9.810077	0.5493643	0.0

1495824524349	-9.810077	0.5493643	0.0

1495824524369	-9.731596	0.5493643	0.078480616

1495824524379	-9.731596	0.5493643	0.0

1495824524389	-9.810077	0.5493643	0.0

1495824524409	-9.810077	0.5493643	0.0

1495824524419	-9.810077	0.5493643	0.0

1495824524446	-9.810077	0.5493643	0.078480616

1495824524449	-9.810077	0.5493643	0.0

1495824524459	-9.810077	0.5493643	0.0

1495824524469	-9.731596	0.5493643	0.0

1495824524490	-9.810077	0.5493643	0.0

1495824524532	-9.810077	0.5493643	0.0

1495824524532	-9.810077	0.5493643	0.0

1495824524539	-9.810077	0.5493643	0.078480616

1495824524549	-9.810077	0.6278449	0.078480616

1495824524569	-9.810077	0.5493643	0.078480616

1495824524570	-9.810077	0.5493643	0.0

1495824524579	-9.810077	0.5493643	0.0

1495824524609	-9.810077	0.5493643	0.078480616

1495824524610	-9.810077	0.4708837	0.0

1495824524619	-9.810077	0.5493643	-0.078480616

1495824524629	-9.731596	0.5493643	0.0

1495824524646	-9.731596	0.4708837	0.0

1495824524649	-9.810077	0.4708837	0.0

1495824524659	-9.810077	0.5493643	0.0

1495824524669	-9.731596	0.5493643	0.0

1495824524689	-9.810077	0.5493643	0.0

1495824524699	-9.810077	0.5493643	0.0

1495824524727	-9.731596	0.5493643	0.0

1495824524739	-9.810077	0.5493643	0.0

1495824524749	-9.810077	0.5493643	0.0

1495824524767	-9.810077	0.5493643	0.0

1495824524769	-9.810077	0.5493643	0.0

1495824524779	-9.810077	0.5493643	0.0

1495824524789	-9.810077	0.5493643	0.078480616

1495824524810	-9.810077	0.5493643	0.0

1495824524811	-9.810077	0.5493643	0.0

1495824524819	-9.810077	0.5493643	0.0

1495824524852	-9.810077	0.4708837	-0.078480616

1495824524853	-9.731596	0.4708837	-0.078480616

1495824524854	-9.810077	0.5493643	0.0

1495824524859	-9.810077	0.4708837	0.0

1495824524869	-9.810077	0.5493643	0.0

1495824524887	-9.810077	0.5493643	0.0

1495824524899	-9.810077	0.5493643	0.0

1495824524909	-9.810077	0.5493643	0.0

1495824524929	-9.731596	0.5493643	0.0

1495824524939	-9.731596	0.5493643	-0.078480616

1495824524949	-9.810077	0.5493643	0.0

1495824524971	-9.810077	0.5493643	-0.078480616

1495824524979	-9.810077	0.5493643	0.0

1495824525006	-9.731596	0.5493643	-0.078480616

1495824525009	-9.810077	0.5493643	0.0

1495824525019	-9.810077	0.5493643	0.0

1495824525029	-9.731596	0.5493643	0.0

1495824525052	-9.810077	0.5493643	0.0

1495824525059	-9.810077	0.5493643	0.0

1495824525080	-9.731596	0.5493643	0.0

1495824525089	-9.731596	0.5493643	0.078480616

1495824525099	-9.731596	0.5493643	0.0

1495824525114	-9.731596	0.5493643	0.0

1495824525119	-9.810077	0.5493643	0.0

1495824525129	-9.810077	0.5493643	-0.078480616

1495824525149	-9.810077	0.5493643	0.0

1495824525169	-9.810077	0.5493643	0.078480616

1495824525199	-9.810077	0.5493643	0.0

1495824525229	-9.810077	0.4708837	0.0

1495824525232	-9.810077	0.5493643	0.0

1495824525249	-9.810077	0.5493643	0.0

1495824525259	-9.810077	0.5493643	-0.078480616

1495824525273	-9.810077	0.5493643	-0.078480616

1495824525279	-9.810077	0.5493643	0.0

1495824525289	-9.731596	0.5493643	0.0

1495824525315	-9.810077	0.4708837	0.0

1495824525315	-9.810077	0.4708837	0.0

1495824525319	-9.810077	0.5493643	0.0

1495824525359	-9.810077	0.5493643	0.078480616

1495824525385	-9.810077	0.5493643	0.0

1495824525399	-9.810077	0.5493643	-0.078480616

1495824525409	-9.810077	0.5493643	0.0

1495824525434	-9.810077	0.5493643	0.0

1495824525449	-9.810077	0.5493643	0.0

1495824525479	-9.731596	0.5493643	0.0

1495824525499	-9.731596	0.5493643	0.0

1495824525513	-9.810077	0.5493643	-0.078480616

1495824525519	-9.810077	0.4708837	0.0

1495824525529	-9.810077	0.4708837	0.078480616

1495824525539	-9.810077	0.5493643	0.0

1495824525559	-9.810077	0.5493643	-0.078480616

1495824525579	-9.810077	0.5493643	0.0

1495824525597	-9.810077	0.5493643	0.0

1495824525599	-9.810077	0.5493643	0.0

1495824525609	-9.810077	0.5493643	0.0

1495824525619	-9.810077	0.5493643	0.0

1495824525635	-9.731596	0.5493643	0.0

1495824525639	-9.731596	0.5493643	0.0

1495824525649	-9.810077	0.5493643	0.0

1495824525659	-9.810077	0.5493643	0.0

1495824525722	-9.810077	0.5493643	0.078480616

1495824525723	-9.810077	0.5493643	0.0

1495824525724	-9.731596	0.5493643	0.0

1495824525739	-9.810077	0.5493643	0.0

1495824525762	-9.810077	0.5493643	0.078480616

1495824525779	-9.810077	0.5493643	0.0

1495824525797	-9.810077	0.5493643	0.0

1495824525799	-9.810077	0.5493643	0.0

1495824525809	-9.810077	0.5493643	0.0

1495824525819	-9.810077	0.5493643	0.0

1495824525839	-9.810077	0.5493643	0.0

1495824525864	-9.810077	0.5493643	0.0

1495824525869	-9.731596	0.5493643	0.078480616

1495824525879	-9.731596	0.4708837	0.078480616

1495824525902	-9.731596	0.5493643	0.0

1495824525903	-9.810077	0.5493643	0.0

1495824525909	-9.810077	0.5493643	-0.078480616

1495824525938	-9.810077	0.5493643	0.0

1495824525939	-9.810077	0.5493643	0.0

1495824525949	-9.810077	0.5493643	0.0

1495824525970	-9.810077	0.5493643	-0.078480616

1495824525979	-9.810077	0.5493643	-0.078480616

1495824526001	-9.810077	0.5493643	0.0

1495824526009	-9.810077	0.5493643	0.0

1495824526019	-9.731596	0.5493643	0.0

1495824526030	-9.810077	0.5493643	0.0

1495824526059	-9.810077	0.4708837	0.0

1495824526069	-9.731596	0.5493643	0.078480616

1495824526110	-9.731596	0.5493643	-0.078480616

1495824526111	-9.810077	0.5493643	-0.078480616

1495824526113	-9.810077	0.5493643	-0.078480616

1495824526119	-9.810077	0.5493643	0.0

1495824526129	-9.810077	0.5493643	0.0

1495824526147	-9.731596	0.5493643	0.0

1495824526169	-9.810077	0.5493643	0.0

1495824526183	-9.810077	0.4708837	0.0

1495824526189	-9.810077	0.5493643	0.078480616

1495824526199	-9.810077	0.5493643	0.0

1495824526209	-9.810077	0.5493643	0.0

1495824526230	-9.731596	0.5493643	0.0

1495824526230	-9.731596	0.5493643	0.0

1495824526239	-9.731596	0.5493643	0.0

1495824526256	-9.810077	0.5493643	0.0

1495824526279	-9.810077	0.5493643	0.078480616

1495824526299	-9.810077	0.5493643	0.0

1495824526309	-9.731596	0.5493643	0.0

1495824526331	-9.810077	0.4708837	0.0

1495824526335	-9.810077	0.4708837	0.0

1495824526339	-9.810077	0.4708837	0.0

1495824526349	-9.810077	0.5493643	0.0

1495824526372	-9.888557	0.5493643	0.0

1495824526379	-9.810077	0.5493643	0.0

1495824526410	-9.810077	0.5493643	0.0

1495824526411	-9.810077	0.5493643	0.0

1495824526419	-9.810077	0.5493643	0.078480616

1495824526429	-9.731596	0.5493643	0.078480616

1495824526439	-9.810077	0.5493643	0.0

1495824526454	-9.810077	0.4708837	0.0

1495824526459	-9.810077	0.5493643	0.078480616

1495824526469	-9.810077	0.4708837	0.0

1495824526492	-9.810077	0.5493643	0.078480616

1495824526495	-9.810077	0.5493643	0.0

1495824526499	-9.810077	0.4708837	0.078480616

1495824526509	-9.731596	0.4708837	0.078480616

1495824526519	-9.810077	0.5493643	0.0

1495824526529	-9.810077	0.4708837	0.0

1495824526545	-9.731596	0.4708837	-0.078480616

1495824526549	-9.810077	0.5493643	0.0

1495824526559	-9.810077	0.5493643	0.0

1495824526585	-9.810077	0.5493643	0.078480616

1495824526589	-9.810077	0.5493643	0.0

1495824526599	-9.888557	0.4708837	0.0

1495824526609	-9.810077	0.4708837	0.078480616

1495824526624	-9.810077	0.5493643	0.078480616

1495824526629	-9.810077	0.5493643	0.078480616

1495824526639	-9.810077	0.5493643	0.0

1495824526669	-9.810077	0.5493643	-0.078480616

1495824526679	-9.810077	0.5493643	0.0

1495824526689	-9.810077	0.5493643	0.0

1495824526719	-9.810077	0.5493643	0.0

1495824526742	-9.810077	0.4708837	0.0

1495824526743	-9.731596	0.5493643	0.0

1495824526749	-9.810077	0.5493643	-0.078480616

1495824526769	-9.731596	0.5493643	0.0

1495824526782	-9.731596	0.5493643	0.078480616

1495824526789	-9.810077	0.5493643	0.0

1495824526824	-9.810077	0.5493643	0.0

1495824526824	-9.810077	0.5493643	0.0

1495824526825	-9.810077	0.5493643	0.0

1495824526839	-9.810077	0.5493643	0.0

1495824526858	-9.810077	0.5493643	-0.078480616

1495824526859	-9.731596	0.5493643	-0.078480616

1495824526879	-9.810077	0.5493643	0.0

1495824526899	-9.810077	0.5493643	0.0

1495824526909	-9.810077	0.5493643	0.0

1495824526928	-9.810077	0.5493643	0.0

1495824526949	-9.810077	0.5493643	0.0

1495824526966	-9.731596	0.4708837	0.0

1495824526969	-9.810077	0.5493643	-0.078480616

1495824526979	-9.810077	0.5493643	-0.078480616

1495824526989	-9.731596	0.5493643	0.0

1495824527005	-9.731596	0.5493643	0.0

1495824527009	-9.810077	0.5493643	-0.078480616

1495824527019	-9.810077	0.5493643	-0.078480616

1495824527029	-9.810077	0.5493643	0.0

1495824527045	-9.810077	0.5493643	0.0

1495824527091	-9.810077	0.5493643	0.078480616

1495824527092	-9.810077	0.5493643	0.0

1495824527099	-9.810077	0.5493643	0.0

1495824527110	-9.810077	0.5493643	0.0

1495824527133	-9.810077	0.5493643	0.0

1495824527134	-9.810077	0.5493643	0.078480616

1495824527139	-9.810077	0.5493643	0.0

1495824527149	-9.810077	0.5493643	0.0

1495824527169	-9.810077	0.5493643	-0.078480616

1495824527170	-9.731596	0.5493643	-0.078480616

1495824527179	-9.731596	0.5493643	0.0

1495824527189	-9.810077	0.5493643	0.0

1495824527212	-9.810077	0.5493643	0.0

1495824527219	-9.810077	0.5493643	0.078480616

1495824527229	-9.810077	0.5493643	0.078480616

