1495828594194	0.75	-13.125	17.6875

1495828594270	0.8125	-13.375	17.9375

1495828594376	0.0	-13.75	18.0

1495828594473	-0.0625	-14.25	17.9375

1495828594570	-0.0625	-13.9375	18.125

1495828594673	-0.25	-13.75	18.5

1495828594772	0.375	-13.0625	18.375

1495828594870	0.8125	-12.625	18.375

1495828594971	0.625	-12.875	18.1875

1495828595090	0.9375	-12.875	18.1875

1495828595170	1.125	-12.75	17.8125

1495828595270	0.625	-12.875	18.0

1495828595429	0.625	-12.6875	18.1875

1495828595471	0.375	-13.0625	17.625

1495828595571	0.125	-13.1875	17.5

1495828595676	-0.125	-13.125	17.875

1495828595771	-0.8125	-12.75	17.625

1495828595878	-1.0625	-12.1875	17.8125

1495828595971	-0.6875	-12.375	17.875

1495828596073	-0.875	-12.25	17.4375

1495828596190	-0.8125	-12.625	17.5

1495828596271	-0.625	-12.3125	17.8125

1495828596371	-1.0	-12.125	17.375

1495828596471	-0.4375	-11.6875	16.9375

1495828596580	0.125	-11.875	16.875

1495828596671	0.25	-12.625	16.4375

1495828596772	-0.1875	-12.625	16.4375

1495828596872	-0.3125	-12.75	17.1875

1495828596972	-0.25	-12.6875	16.9375

1495828597075	-0.625	-12.3125	16.4375

1495828597172	0.1875	-12.25	16.625

1495828597273	-0.1875	-11.875	16.4375

1495828597375	0.0	-11.6875	16.5

1495828597484	0.5	-11.25	16.625

1495828597572	0.25	-11.125	16.875

1495828597672	0.5	-11.5	16.625

1495828597772	0.5625	-11.4375	17.0625

1495828597872	0.3125	-11.6875	17.75

1495828597979	0.3125	-11.5	17.5625

1495828598073	0.1875	-11.1875	17.75

1495828598179	-0.8125	-11.375	18.1875

1495828598273	-0.6875	-11.6875	17.6875

1495828598384	-0.625	-12.0625	17.625

1495828598473	0.25	-12.0625	18.25

1495828598578	1.0	-11.5625	18.0625

1495828598673	1.0	-11.5625	18.5625

1495828598774	0.625	-10.75	18.8125

1495828598873	0.1875	-10.75	18.5

1495828598975	-0.0625	-10.6875	18.25

1495828599075	-0.0625	-10.125	18.875

