1496600111773	25.74	17.88	-18.78

1496600111872	25.2	18.24	-18.9

1496600111979	24.72	18.72	-19.26

1496600112073	25.14	17.88	-18.66

1496600112172	25.26	17.64	-18.96

1496600112272	25.2	17.28	-19.14

1496600112372	25.26	16.92	-19.32

1496600112476	25.14	16.44	-19.5

1496600112582	25.26	15.72	-19.38

1496600112695	25.44	15.0	-19.32

1496600112773	25.98	13.98	-19.08

1496600112864	26.22	13.5	-19.2

1496600112976	26.4	12.96	-19.14

1496600113073	26.76	12.6	-18.48

1496600113172	27.0	11.88	-18.3

1496600113272	27.48	11.16	-17.76

1496600113375	27.84	10.62	-17.16

1496600113504	28.5	10.08	-16.68

1496600113573	28.68	9.84	-16.5

1496600113673	28.92	9.78	-16.32

1496600113773	29.16	9.36	-15.9

1496600113884	29.34	8.7	-16.02

1496600113982	29.46	8.7	-15.9

1496600114087	29.04	8.7	-16.38

1496600114182	28.8	8.52	-17.28

1496600114291	28.56	7.98	-18.24

1496600114373	28.02	7.2	-19.14

1496600114484	27.72	6.48	-19.98

1496600114586	27.6	6.24	-20.7

1496600114682	27.54	6.24	-21.18

1496600114782	27.66	6.48	-21.6

1496600114883	28.26	6.66	-21.12

1496600114982	28.56	6.66	-20.34

1496600115082	28.74	6.96	-19.8

1496600115185	29.4	7.56	-18.78

1496600115283	30.06	7.8	-17.16

1496600115383	30.54	7.92	-16.2

1496600115475	30.96	8.1	-15.36

1496600115582	31.26	7.74	-14.28

1496600115682	31.56	7.68	-13.98

1496600115782	31.8	7.74	-13.74

1496600115882	31.74	7.44	-13.68

1496600115984	31.62	6.72	-13.92

1496600116082	31.14	6.12	-14.64

1496600116190	30.9	5.4	-15.12

