1496238670906	-0.001065814	-0.014122035	0.039168663

1496238670914	0.004263256	-0.017452704	0.045696776

1496238670927	0.014122035	-0.026112443	0.042499334

1496238670936	0.008659739	-0.018518519	0.043565147

1496238670945	0.0119904075	-0.018518519	0.039168663

1496238670954	0.021715961	-0.016253663	0.030508926

1496238670966	0.010791367	-0.013056221	0.03810285

1496238670977	0.008659739	-0.008659739	0.039168663

1496238670985	0.014122035	-0.004263256	0.043565147

1496238670996	0.018518519	-0.003197442	0.039168663

1496238671004	0.009725553	-0.0119904075	0.035971224

1496238671014	0.02504663	-0.0119904075	0.039168663

1496238671025	0.022781774	-0.017452704	0.029443111

1496238671043	0.010791367	-0.013056221	0.03157474

1496238671045	0.017452704	-0.0119904075	0.037037037

1496238671054	0.016253663	-0.0075939246	0.04143352

1496238671067	0.016253663	-0.016253663	0.03157474

1496238671087	0.02504663	-0.009725553	0.02824407

1496238671094	0.0119904075	-0.015187849	0.03157474

1496238671105	0.016253663	-0.016253663	0.034905408

1496238671116	0.015187849	-0.016253663	0.03810285

1496238671124	0.014122035	-0.021715961	0.035971224

1496238671135	0.022781774	-0.022781774	0.030508926

1496238671144	0.016253663	-0.016253663	0.030508926

1496238671155	0.0065281107	-0.009725553	0.04023448

1496238671167	0.010791367	-0.008659739	0.039168663

1496238671174	0.016253663	-0.0075939246	0.043565147

1496238671184	0.014122035	-0.0119904075	0.043565147

1496238671194	0.018518519	-0.016253663	0.03810285

1496238671204	0.014122035	-0.013056221	0.033706367

1496238671218	0.0119904075	-0.013056221	0.04023448

1496238671224	0.0119904075	-0.0065281107	0.04143352

1496238671236	0.0075939246	-0.010791367	0.04023448

1496238671245	0.016253663	-0.0065281107	0.044630963

1496238671254	0.004263256	-0.013056221	0.034905408

1496238671267	0.019584332	-0.00532907	0.035971224

1496238671274	0.019584332	-0.009725553	0.035971224

1496238671284	0.0075939246	-0.0119904075	0.035971224

1496238671294	0.00532907	-0.001065814	0.032640554

1496238671304	0.008659739	-0.010791367	0.034905408

1496238671317	0.002131628	-0.00532907	0.032640554

1496238671324	0.008659739	-0.019584332	0.030508926

1496238671336	0.003197442	-0.027178258	0.026112443

1496238671345	-0.003197442	-0.017452704	0.03157474

1496238671359	0.0	-0.029443111	0.027178258

1496238671366	-0.001065814	-0.021715961	0.021715961

1496238671374	-0.010791367	-0.02504663	0.026112443

1496238671384	0.008659739	-0.033706367	0.021715961

1496238671394	-0.003197442	-0.035971224	0.015187849

1496238671404	-0.0075939246	-0.043565147	0.020650147

1496238671416	0.0	-0.033706367	0.016253663

1496238671425	-0.003197442	-0.037037037	0.020650147

1496238671435	-0.010791367	-0.044630963	0.021715961

1496238671444	0.0	-0.042499334	0.023980815

1496238671454	0.0119904075	-0.042499334	0.019584332

1496238671466	0.001065814	-0.052358113	0.018518519

1496238671474	-0.013056221	-0.035971224	0.020650147

1496238671484	0.001065814	-0.03810285	0.026112443

1496238671494	0.003197442	-0.035971224	0.020650147

1496238671505	-0.001065814	-0.034905408	0.022781774

1496238671518	0.010791367	-0.039168663	0.019584332

1496238671524	0.013056221	-0.043565147	0.018518519

1496238671536	0.001065814	-0.034905408	0.020650147

1496238671544	0.014122035	-0.035971224	0.02504663

1496238671554	0.002131628	-0.02824407	0.027178258

1496238671566	0.02504663	-0.029443111	0.021715961

1496238671575	0.0119904075	-0.017452704	0.029443111

1496238671585	0.0119904075	-0.026112443	0.010791367

1496238671594	-0.001065814	-0.030508926	0.021715961

1496238671604	0.00532907	-0.035971224	0.018518519

1496238671617	0.026112443	-0.035971224	0.022781774

1496238671624	-0.0119904075	-0.020650147	0.02504663

1496238671636	0.030508926	-0.023980815	0.019584332

1496238671644	0.008659739	-0.017452704	0.020650147

1496238671654	0.0065281107	-0.027178258	0.020650147

1496238671667	0.021715961	-0.015187849	0.022781774

1496238671674	0.020650147	-0.022781774	0.022781774

1496238671684	-0.002131628	-0.029443111	0.018518519

1496238671694	0.02824407	-0.016253663	0.02824407

1496238671704	0.019584332	-0.022781774	0.02824407

1496238671716	0.014122035	-0.015187849	0.02504663

1496238671724	0.013056221	-0.030508926	0.023980815

1496238671735	0.015187849	-0.021715961	0.027178258

1496238671745	0.018518519	-0.019584332	0.026112443

1496238671754	0.019584332	-0.016253663	0.032640554

1496238671777	0.017452704	-0.014122035	0.027178258

1496238671787	0.0075939246	-0.015187849	0.02504663

1496238671803	0.015187849	-0.023980815	0.023980815

1496238671812	0.016253663	-0.026112443	0.017452704

1496238671815	0.019584332	-0.027178258	0.020650147

1496238671825	0.015187849	-0.030508926	0.018518519

1496238671836	0.014122035	-0.027178258	0.02504663

1496238671844	0.018518519	-0.021715961	0.029443111

1496238671855	0.018518519	-0.020650147	0.02824407

1496238671865	0.0065281107	-0.030508926	0.027178258

1496238671874	0.017452704	-0.03157474	0.027178258

1496238671886	0.020650147	-0.02824407	0.02504663

1496238671896	0.0065281107	-0.030508926	0.02824407

1496238671904	0.017452704	-0.023980815	0.023980815

1496238671915	0.013056221	-0.030508926	0.029443111

1496238671924	-0.003197442	-0.032640554	0.026112443

1496238671936	0.015187849	-0.027178258	0.030508926

1496238671949	0.0119904075	-0.035971224	0.023980815

1496238671954	-0.00532907	-0.030508926	0.02504663

1496238671967	0.015187849	-0.032640554	0.020650147

1496238671974	0.002131628	-0.029443111	0.020650147

1496238671984	0.003197442	-0.04023448	0.016253663

1496238671994	0.00532907	-0.034905408	0.027178258

1496238672004	0.019584332	-0.039168663	0.022781774

1496238672017	-0.010791367	-0.035971224	0.026112443

1496238672024	0.00532907	-0.02504663	0.021715961

1496238672035	0.0119904075	-0.022781774	0.027178258

1496238672044	0.027178258	-0.02824407	0.022781774

1496238672054	-0.013056221	-0.022781774	0.033706367

1496238672078	0.003197442	-0.027178258	0.022781774

1496238672095	0.008659739	-0.02504663	0.02504663

1496238672105	0.001065814	-0.029443111	0.02504663

1496238672117	0.00532907	-0.023980815	0.03157474

1496238672124	0.003197442	-0.023980815	0.03157474

1496238672136	-0.004263256	-0.019584332	0.027178258

1496238672144	0.016253663	-0.009725553	0.030508926

1496238672154	0.008659739	-0.021715961	0.02824407

1496238672166	-0.008659739	-0.018518519	0.032640554

1496238672177	-0.00532907	-0.022781774	0.034905408

1496238672184	0.014122035	-0.018518519	0.03157474

1496238672194	0.002131628	-0.0065281107	0.030508926

1496238672204	-0.001065814	-0.0119904075	0.037037037

1496238672216	0.0119904075	-0.010791367	0.03810285

1496238672224	0.020650147	0.001065814	0.043565147

1496238672236	0.003197442	-0.009725553	0.039168663

1496238672244	0.014122035	-0.009725553	0.05009326

1496238672255	0.02824407	-0.003197442	0.033706367

1496238672267	0.0119904075	-0.009725553	0.032640554

1496238672274	0.017452704	0.004263256	0.04023448

1496238672284	0.021715961	-0.004263256	0.037037037

1496238672294	0.020650147	-0.003197442	0.029443111

1496238672304	0.013056221	-0.009725553	0.04023448

1496238672316	0.022781774	-0.017452704	0.026112443

1496238672325	0.009725553	-0.0075939246	0.034905408

1496238672335	0.018518519	-0.016253663	0.033706367

1496238672344	0.0075939246	-0.018518519	0.033706367

1496238672354	0.0	-0.018518519	0.032640554

1496238672368	0.015187849	-0.010791367	0.037037037

1496238672375	0.0119904075	-0.018518519	0.02824407

1496238672385	0.003197442	-0.021715961	0.029443111

1496238672394	0.010791367	-0.003197442	0.037037037

1496238672404	0.013056221	-0.009725553	0.034905408

1496238672416	0.004263256	-0.016253663	0.029443111

1496238672424	0.00532907	-0.022781774	0.033706367

1496238672436	0.00532907	-0.017452704	0.034905408

1496238672444	0.0065281107	-0.014122035	0.03157474

1496238672454	0.001065814	-0.0119904075	0.030508926

1496238672466	0.0119904075	-0.016253663	0.032640554

1496238672474	0.001065814	-0.017452704	0.037037037

1496238672484	-0.0065281107	-0.0065281107	0.04796163

1496238672494	0.017452704	-0.0065281107	0.043565147

1496238672504	0.004263256	-0.0065281107	0.044630963

1496238672516	0.002131628	-0.0065281107	0.04143352

1496238672531	0.002131628	-0.008659739	0.044630963

1496238672536	0.002131628	-0.013056221	0.039168663

1496238672544	-0.003197442	-0.016253663	0.046895817

1496238672554	0.018518519	-0.009725553	0.042499334

1496238672566	-0.003197442	-0.0065281107	0.054489743

1496238672575	0.004263256	-0.001065814	0.045696776

1496238672585	0.020650147	-0.0065281107	0.04143352

1496238672594	0.0119904075	-0.018518519	0.037037037

1496238672605	-0.003197442	-0.022781774	0.04143352

1496238672619	0.004263256	-0.017452704	0.03810285

1496238672624	0.003197442	-0.015187849	0.04796163

1496238672635	0.002131628	-0.013056221	0.044630963

1496238672644	0.0119904075	-0.008659739	0.04023448

1496238672654	0.009725553	-0.004263256	0.035971224

1496238672668	0.008659739	-0.019584332	0.03157474

1496238672674	0.004263256	-0.016253663	0.039168663

1496238672685	0.0119904075	-0.013056221	0.04143352

1496238672695	0.003197442	-0.010791367	0.043565147

1496238672704	-0.004263256	-0.017452704	0.04143352

1496238672717	0.013056221	-0.014122035	0.035971224

1496238672724	0.013056221	-0.014122035	0.033706367

1496238672736	0.001065814	-0.021715961	0.039168663

1496238672744	-0.004263256	-0.014122035	0.04143352

1496238672757	-0.0065281107	-0.017452704	0.04143352

1496238672766	-0.002131628	-0.008659739	0.042499334

1496238672774	-0.0119904075	-0.0065281107	0.042499334

1496238672784	-0.013056221	-0.0075939246	0.04143352

1496238672799	-0.002131628	-0.009725553	0.033706367

1496238672805	-0.003197442	-0.020650147	0.04143352

1496238672817	-0.008659739	-0.013056221	0.03810285

1496238672824	-0.0119904075	-0.020650147	0.034905408

1496238672836	-0.003197442	-0.019584332	0.03810285

1496238672845	-0.010791367	-0.0075939246	0.03810285

1496238672854	-0.014122035	-0.018518519	0.03810285

1496238672867	-0.00532907	-0.008659739	0.04796163

1496238672875	0.015187849	-0.008659739	0.042499334

1496238672885	0.003197442	-0.010791367	0.04023448

1496238672895	-0.008659739	-0.010791367	0.043565147

1496238672905	0.013056221	-0.017452704	0.042499334

1496238672918	-0.003197442	-0.018518519	0.037037037

1496238672925	-0.003197442	-0.018518519	0.039168663

1496238672935	0.004263256	-0.021715961	0.03810285

1496238672945	0.00532907	-0.016253663	0.034905408

1496238672955	0.02504663	-0.022781774	0.035971224

1496238672966	0.008659739	-0.02504663	0.034905408

1496238672974	0.010791367	-0.02504663	0.032640554

1496238672984	0.029443111	-0.027178258	0.04023448

1496238672995	0.029443111	-0.02504663	0.035971224

1496238673005	0.014122035	-0.02824407	0.030508926

1496238673016	0.020650147	-0.02824407	0.02824407

1496238673024	0.020650147	-0.032640554	0.029443111

1496238673039	0.021715961	-0.032640554	0.029443111

1496238673044	0.030508926	-0.04023448	0.029443111

1496238673056	0.03810285	-0.032640554	0.030508926

1496238673067	0.027178258	-0.03157474	0.035971224

1496238673077	0.033706367	-0.035971224	0.035971224

1496238673084	0.037037037	-0.023980815	0.032640554

1496238673094	0.035971224	-0.022781774	0.03157474

1496238673105	0.022781774	-0.020650147	0.037037037

1496238673116	0.04143352	-0.019584332	0.034905408

1496238673130	0.043565147	-0.015187849	0.033706367

1496238673136	0.02824407	-0.015187849	0.03810285

1496238673144	0.034905408	-0.019584332	0.034905408

1496238673154	0.042499334	-0.014122035	0.032640554

1496238673166	0.03157474	-0.018518519	0.03810285

1496238673175	0.034905408	-0.0065281107	0.04023448

1496238673185	0.034905408	-0.00532907	0.04023448

1496238673195	0.026112443	-0.0065281107	0.04023448

1496238673205	0.037037037	0.009725553	0.043565147

1496238673216	0.034905408	0.003197442	0.044630963

1496238673224	0.035971224	0.0065281107	0.045696776

1496238673235	0.022781774	-0.008659739	0.042499334

1496238673244	0.033706367	-0.013056221	0.033706367

1496238673254	0.022781774	-0.021715961	0.02824407

1496238673276	0.023980815	-0.009725553	0.04143352

1496238673284	0.015187849	-0.013056221	0.039168663

1496238673295	0.020650147	-0.008659739	0.03810285

1496238673305	0.017452704	-0.008659739	0.04023448

1496238673316	0.027178258	-0.0075939246	0.04023448

1496238673325	0.0075939246	-0.008659739	0.043565147

1496238673336	0.013056221	-0.014122035	0.03157474

1496238673344	0.018518519	-0.019584332	0.026112443

1496238673356	0.0119904075	-0.022781774	0.034905408

1496238673367	0.003197442	-0.019584332	0.03810285

1496238673374	0.010791367	-0.017452704	0.037037037

1496238673391	0.0	-0.015187849	0.043565147

1496238673395	0.004263256	-0.0065281107	0.042499334

1496238673404	0.001065814	-0.004263256	0.037037037

1496238673417	-0.004263256	-0.009725553	0.037037037

1496238673424	0.015187849	-0.013056221	0.03810285

1496238673436	0.00532907	-0.014122035	0.04143352

1496238673445	0.001065814	-0.019584332	0.030508926

1496238673454	-0.004263256	-0.020650147	0.039168663

1496238673466	0.0075939246	-0.019584332	0.032640554

1496238673475	0.0	-0.0119904075	0.037037037

1496238673484	0.004263256	-0.010791367	0.037037037

1496238673494	0.008659739	-0.002131628	0.04023448

1496238673504	0.009725553	-0.0065281107	0.04023448

1496238673519	-0.0075939246	-0.016253663	0.042499334

1496238673524	-0.00532907	-0.010791367	0.042499334

1496238673535	-0.004263256	-0.022781774	0.029443111

1496238673545	-0.001065814	-0.017452704	0.02824407

1496238673554	0.016253663	-0.010791367	0.02824407

1496238673566	0.004263256	-0.004263256	0.04023448

1496238673574	0.0	0.0	0.04143352

1496238673584	0.009725553	0.00532907	0.046895817

1496238673594	0.010791367	-0.009725553	0.04023448

1496238673604	0.004263256	-0.014122035	0.03810285

1496238673616	0.0065281107	-0.013056221	0.045696776

1496238673625	0.023980815	-0.014122035	0.042499334

1496238673636	0.0065281107	-0.003197442	0.032640554

1496238673644	0.0	-0.010791367	0.033706367

1496238673654	0.009725553	-0.004263256	0.039168663

1496238673666	0.020650147	-0.004263256	0.035971224

1496238673674	0.003197442	-0.009725553	0.03810285

1496238673684	0.0075939246	-0.009725553	0.037037037

1496238673694	0.023980815	-0.017452704	0.03810285

1496238673704	0.004263256	-0.017452704	0.034905408

1496238673717	0.015187849	-0.014122035	0.04143352

1496238673736	0.002131628	-0.0119904075	0.029443111

1496238673744	0.023980815	-0.015187849	0.03810285

1496238673754	0.02824407	-0.021715961	0.03157474

1496238673766	-0.013056221	-0.0075939246	0.04143352

1496238673775	0.008659739	-0.004263256	0.04143352

1496238673785	0.022781774	-0.0075939246	0.045696776

1496238673796	0.004263256	-0.015187849	0.032640554

1496238673805	-0.014122035	-0.009725553	0.039168663

1496238673819	0.013056221	-0.0065281107	0.03810285

1496238673825	0.037037037	-0.00532907	0.033706367

1496238673835	0.002131628	0.0065281107	0.04143352

1496238673845	-0.002131628	0.008659739	0.044630963

1496238673854	0.023980815	-0.002131628	0.04143352

1496238673867	0.00532907	0.0	0.049027443

1496238673874	-0.002131628	0.001065814	0.042499334

1496238673884	0.015187849	0.009725553	0.043565147

1496238673895	0.027178258	0.010791367	0.04143352

1496238673906	0.0065281107	0.004263256	0.044630963

1496238673917	0.002131628	0.008659739	0.046895817

1496238673924	0.02824407	0.0119904075	0.03810285

1496238673936	0.004263256	0.004263256	0.04143352

1496238673945	0.008659739	0.002131628	0.046895817

1496238673954	0.03810285	0.00532907	0.043565147

1496238673966	0.018518519	0.0	0.04023448

1496238673974	0.0065281107	0.002131628	0.04023448

1496238673992	0.017452704	0.003197442	0.03810285

1496238673994	0.03157474	0.004263256	0.037037037

1496238674004	0.0075939246	-0.001065814	0.039168663

1496238674016	0.010791367	0.002131628	0.049027443

1496238674024	0.034905408	0.002131628	0.043565147

1496238674036	0.016253663	0.0065281107	0.033706367

1496238674044	0.003197442	0.00532907	0.03810285

1496238674054	0.018518519	0.008659739	0.044630963

1496238674066	0.032640554	0.003197442	0.042499334

1496238674075	-0.001065814	0.002131628	0.04143352

1496238674084	0.0065281107	-0.001065814	0.03810285

1496238674094	0.027178258	0.0	0.04023448

1496238674105	0.023980815	-0.001065814	0.04023448

1496238674118	-0.00532907	0.0	0.043565147

1496238674124	0.022781774	-0.004263256	0.044630963

1496238674135	0.0065281107	-0.013056221	0.039168663

1496238674145	0.00532907	-0.016253663	0.042499334

1496238674154	0.033706367	-0.0075939246	0.045696776

1496238674167	0.017452704	-0.018518519	0.039168663

1496238674174	-0.0075939246	-0.015187849	0.039168663

1496238674184	0.014122035	-0.008659739	0.042499334

1496238674194	0.0119904075	-0.017452704	0.042499334

1496238674204	-0.001065814	-0.013056221	0.03810285

1496238674216	-0.0075939246	-0.016253663	0.037037037

1496238674225	0.014122035	-0.016253663	0.039168663

1496238674236	0.0065281107	-0.008659739	0.04023448

1496238674244	-0.004263256	-0.013056221	0.034905408

1496238674254	-0.003197442	-0.008659739	0.04143352

1496238674266	0.004263256	-0.008659739	0.042499334

1496238674274	-0.013056221	-0.0119904075	0.042499334

1496238674284	-0.015187849	-0.017452704	0.039168663

1496238674294	0.0	-0.0119904075	0.03810285

1496238674305	-0.003197442	-0.020650147	0.033706367

1496238674316	-0.016253663	-0.017452704	0.037037037

1496238674324	-0.009725553	-0.014122035	0.039168663

1496238674336	-0.014122035	-0.0075939246	0.046895817

1496238674344	0.264988	-0.0075939246	0.04143352

1496238674354	-0.003197442	-0.008659739	0.04143352

1496238674366	0.016253663	-0.0065281107	0.043565147

1496238674374	0.002131628	-0.0119904075	0.046895817

1496238674384	0.0	-0.0065281107	0.04143352

1496238674394	0.009725553	-0.0065281107	0.039168663

1496238674405	0.008659739	-0.009725553	0.03810285

1496238674427	0.015187849	-0.004263256	0.03810285

1496238674436	0.022781774	-0.00532907	0.04143352

1496238674447	0.019584332	-0.017452704	0.04023448

1496238674471	0.00532907	-0.022781774	0.039168663

1496238674473	0.014122035	-0.020650147	0.035971224

1496238674474	0.026112443	-0.019584332	0.034905408

1496238674484	0.0065281107	-0.02504663	0.035971224

1496238674494	0.008659739	-0.027178258	0.037037037

1496238674505	0.009725553	-0.021715961	0.035971224

1496238674521	0.002131628	-0.018518519	0.034905408

1496238674534	0.010791367	-0.03157474	0.029443111

1496238674546	0.0065281107	-0.02824407	0.029443111

1496238674554	0.0	-0.035971224	0.034905408

1496238674566	0.020650147	-0.02504663	0.035971224

1496238674575	0.019584332	-0.02824407	0.039168663

1496238674586	0.013056221	-0.022781774	0.044630963

1496238674594	0.018518519	-0.027178258	0.04143352

1496238674604	0.037037037	-0.026112443	0.039168663

1496238674616	0.008659739	-0.037037037	0.03810285

1496238674624	0.00532907	-0.03157474	0.039168663

1496238674634	0.029443111	-0.027178258	0.03810285

1496238674645	0.030508926	-0.026112443	0.04143352

1496238674654	-0.003197442	-0.010791367	0.044630963

1496238674666	0.029443111	-0.018518519	0.04143352

1496238674675	0.015187849	-0.020650147	0.043565147

1496238674684	0.008659739	-0.010791367	0.037037037

1496238674694	-0.003197442	-0.013056221	0.051159073

1496238674704	0.001065814	-0.0075939246	0.057687182

1496238674718	0.022781774	-0.009725553	0.044630963

1496238674724	0.004263256	-0.018518519	0.04023448

1496238674734	0.009725553	-0.010791367	0.04143352

1496238674746	0.018518519	-0.015187849	0.034905408

1496238674754	0.014122035	-0.032640554	0.035971224

1496238674766	0.00532907	-0.039168663	0.037037037

1496238674774	0.009725553	-0.037037037	0.035971224

1496238674784	0.00532907	-0.021715961	0.035971224

1496238674797	0.003197442	-0.020650147	0.044630963

1496238674804	0.014122035	-0.015187849	0.04143352

1496238674817	0.010791367	-0.027178258	0.043565147

1496238674825	-0.017452704	-0.023980815	0.044630963

1496238674835	-0.016253663	-0.029443111	0.042499334

1496238674846	0.0065281107	-0.022781774	0.04023448

1496238674855	-0.001065814	-0.021715961	0.042499334

1496238674867	-0.022781774	-0.020650147	0.04023448

1496238674874	-0.021715961	-0.018518519	0.053423926

1496238674885	0.014122035	-0.0065281107	0.05662137

1496238674895	0.003197442	-0.009725553	0.045696776

1496238674904	-0.023980815	-0.0065281107	0.05662137

1496238674916	-0.022781774	-0.010791367	0.058886223

1496238674924	0.017452704	-0.0119904075	0.05662137

1496238674936	-0.00532907	-0.0065281107	0.055555556

1496238674945	-0.0075939246	-0.002131628	0.05995204

1496238674954	0.023980815	0.0065281107	0.053423926

1496238674968	-0.008659739	0.009725553	0.055555556

1496238674975	-0.017452704	0.001065814	0.057687182

1496238674985	-0.004263256	-0.0065281107	0.054489743

1496238674994	0.015187849	0.001065814	0.057687182

1496238675013	-0.009725553	0.013056221	0.06314948

1496238675018	-0.001065814	0.0065281107	0.05995204

1496238675034	0.013056221	0.00532907	0.058886223

1496238675046	-0.009725553	0.010791367	0.053423926

1496238675054	0.00532907	-0.002131628	0.055555556

1496238675066	0.002131628	-0.003197442	0.05662137

1496238675074	0.018518519	0.002131628	0.055555556

1496238675084	0.0	0.00532907	0.057687182

1496238675096	0.018518519	-0.002131628	0.051159073

1496238675105	0.018518519	0.009725553	0.058886223

1496238675116	0.023980815	0.013056221	0.06541433

1496238675125	-0.001065814	0.004263256	0.06434852

1496238675134	0.008659739	-0.002131628	0.05995204

1496238675146	0.010791367	-0.00532907	0.05009326

1496238675155	0.001065814	0.001065814	0.049027443

1496238675168	0.019584332	-0.008659739	0.04796163

1496238675174	0.015187849	-0.013056221	0.044630963

1496238675185	0.010791367	-0.010791367	0.04796163

1496238675195	-0.001065814	-0.014122035	0.05009326

1496238675205	0.013056221	-0.018518519	0.05009326

1496238675217	0.0119904075	-0.0119904075	0.054489743

1496238675224	0.019584332	-0.013056221	0.049027443

1496238675234	-0.002131628	-0.0065281107	0.055555556

1496238675245	0.026112443	-0.0065281107	0.052358113

1496238675254	0.019584332	0.001065814	0.051159073

1496238675268	0.001065814	-0.001065814	0.058886223

1496238675279	0.008659739	-0.0065281107	0.053423926

1496238675284	0.013056221	-0.019584332	0.045696776

1496238675294	0.019584332	-0.0119904075	0.051159073

1496238675304	0.009725553	-0.014122035	0.04796163

1496238675316	-0.0119904075	-0.003197442	0.052358113

1496238675324	0.020650147	-0.010791367	0.05009326

1496238675336	0.018518519	-0.014122035	0.04796163

1496238675346	0.002131628	-0.003197442	0.053423926

1496238675354	0.002131628	-0.003197442	0.055555556

1496238675368	0.022781774	-0.004263256	0.052358113

1496238675374	0.0075939246	-0.0075939246	0.054489743

1496238675384	0.00532907	-0.0119904075	0.058886223

1496238675395	0.023980815	-0.003197442	0.05009326

1496238675404	0.015187849	0.002131628	0.051159073

1496238675420	0.002131628	0.002131628	0.054489743

1496238675425	0.0065281107	-0.004263256	0.061017852

1496238675435	0.010791367	-0.019584332	0.04796163

1496238675448	0.0	-0.020650147	0.04796163

1496238675454	0.001065814	-0.014122035	0.045696776

1496238675467	-0.0119904075	-0.0075939246	0.053423926

1496238675474	0.0065281107	-0.0065281107	0.049027443

1496238675484	-0.002131628	-0.0075939246	0.04143352

1496238675494	-0.0119904075	-0.013056221	0.05009326

1496238675504	-0.00532907	-0.0119904075	0.05662137

1496238675516	0.004263256	-0.009725553	0.054489743

1496238675524	-0.001065814	-0.021715961	0.051159073

1496238675536	-0.013056221	-0.009725553	0.049027443

1496238675545	0.008659739	-0.027178258	0.04143352

1496238675554	0.001065814	-0.018518519	0.04143352

1496238675568	-0.019584332	-0.018518519	0.04143352

1496238675575	-0.0065281107	-0.016253663	0.043565147

1496238675585	-0.002131628	-0.016253663	0.04796163

1496238675595	-0.0075939246	-0.017452704	0.04143352

1496238675609	-0.033706367	-0.014122035	0.053423926

1496238675616	-0.002131628	-0.015187849	0.051159073

1496238675624	-0.013056221	0.004263256	0.057687182

1496238675634	-0.018518519	-0.001065814	0.05662137

1496238675646	-0.019584332	-0.002131628	0.05662137

1496238675654	-0.018518519	-0.008659739	0.055555556

1496238675666	-0.026112443	0.0065281107	0.052358113

1496238675674	-0.013056221	0.003197442	0.053423926

1496238675687	-0.03157474	0.0119904075	0.058886223

1496238675694	-0.019584332	0.008659739	0.055555556

1496238675704	-0.026112443	0.017452704	0.06314948

1496238675716	-0.02504663	0.013056221	0.058886223

1496238675725	-0.02504663	0.0119904075	0.06434852

1496238675734	-0.021715961	0.0065281107	0.058886223

1496238675746	-0.017452704	0.019584332	0.058886223

1496238675755	-0.017452704	0.022781774	0.05995204

1496238675769	-0.022781774	0.017452704	0.055555556

1496238675786	-0.017452704	0.023980815	0.057687182

1496238675787	-0.016253663	0.030508926	0.05662137

1496238675795	-0.0065281107	0.019584332	0.061017852

1496238675804	-0.00532907	0.017452704	0.05995204

1496238675818	-0.00532907	0.009725553	0.054489743

1496238675824	0.002131628	0.0075939246	0.052358113

1496238675835	0.009725553	0.0075939246	0.057687182

1496238675846	-0.002131628	0.015187849	0.05662137

1496238675855	0.009725553	0.017452704	0.054489743

1496238675867	0.004263256	0.016253663	0.053423926

1496238675882	0.00532907	0.0	0.051159073

1496238675885	-0.001065814	-0.004263256	0.044630963

1496238675895	0.001065814	-0.008659739	0.052358113

