1496523715589	9.117906	33.766586	-17.305355

1496523715591	-9.368772	-34.009857	17.347988

1496523715622	0.013056221	0.054489743	-0.29443112

1496523715631	0.0075939246	0.053423926	-0.29229948

1496523715631	0.010791367	0.05009326	-0.29669598

1496523715657	0.015187849	0.053423926	-0.2977618

1496523715661	0.015187849	0.053423926	-0.2977618

1496523715664	0.0119904075	0.055555556	-0.3032241

1496523715671	0.0119904075	0.06541433	-0.31081802

1496523715691	0.013056221	0.05009326	-0.3042899

1496523715695	0.013056221	0.05009326	-0.3042899

1496523715704	0.014122035	0.043565147	-0.29882762

1496523715714	0.016253663	0.029443111	-0.29229948

1496523715725	0.02504663	-0.002131628	-0.28030908

1496523715731	0.03157474	-0.032640554	-0.2704503

1496523715742	0.035971224	-0.062083665	-0.2584599

1496523715752	0.04023448	-0.09046096	-0.2475353

1496523715774	0.019584332	-0.10684785	-0.16906475

1496523715791	-0.09152678	-0.08832934	-0.062083665

1496523715813	-0.09152678	-0.08832934	-0.062083665

1496523715814	26.306555	-0.13415934	-0.48974153

1496523715814	26.306555	-0.13415934	-0.48974153

1496523715855	-26.200773	0.31294963	-0.48974153

1496523715856	0.33693045	0.40460965	-0.76125765

1496523715856	0.4765521	0.4188649	-0.91073805

1496523715857	0.59992003	0.46243006	-1.0514256

1496523715864	0.7406075	0.6293632	-1.3056222

1496523715914	0.56501466	1.0776712	-1.2631228

1496523715930	0.56501466	1.0776712	-1.2631228

1496523715931	0.56501466	1.0776712	-1.2631228

1496523715931	0.56501466	1.0776712	-1.2631228

1496523715932	0.56501466	1.0776712	-1.2631228

1496523715933	0.5257128	0.84638953	-1.1605382

1496523715934	0.53663737	0.63908875	-1.0514256

1496523715941	0.6129763	0.46789235	-0.9216627

1496523715962	0.767919	0.30535573	-0.79296565

1496523715974	0.90860647	0.23114842	-0.7067679

1496523715975	1.0285106	0.24540368	-0.6522782

1496523715983	1.1485479	0.22795098	-0.6064482

1496523715991	1.2150279	0.21702638	-0.56061816

1496523716002	1.2063682	0.20063949	-0.5311751

1496523716011	1.1496136	0.1438849	-0.53663737

1496523716021	1.0917932	0.023980815	-0.53770316

1496523716031	1.0732747	-0.196243	-0.470024

1496523716042	1.0961897	-0.46576074	-0.38062882

1496523716051	1.0995203	-0.5780709	-0.30748734

1496523716064	1.1626699	-0.50932586	-0.069810815

1496523716072	1.405942	-0.4537703	0.087263525

1496523716082	1.7005062	-0.23221423	0.28350654

1496523716091	1.80842	0.11670663	0.43298694

1496523716102	1.6164402	0.3959499	0.41340262

1496523716114	1.1572076	0.46136424	0.21476153

1496523716124	0.68491876	0.14614974	-0.046895817

1496523716131	0.2933653	-0.30642152	-0.26179057

1496523716141	-0.02504663	-0.7176925	-0.39914736

1496523716151	-0.24433786	-0.99040765	-0.46682653

1496523716163	-0.28896883	-0.9980016	-0.4864109

1496523716171	-0.15267786	-0.60751396	-0.53330666

1496523716182	0.43298694	-0.402478	-0.57047695

1496523716191	1.4583	-0.80602187	-0.46789235

1496523716203	1.7179589	-1.2511324	-0.36424193

1496523716212	0.7536637	-0.72861713	-0.11231015

1496523716222	-0.5038636	0.3347988	0.3032241

1496523716232	-1.3590461	1.0754063	0.538769

1496523716241	-1.7190248	1.4583	0.4886757

1496523716251	-1.732081	1.5466293	0.31521448

1496523716262	-1.2565948	0.49626964	0.13189448

1496523716271	-0.5452971	-1.1649348	0.1897149

1496523716281	0.3272049	-2.9680257	0.29229948

1496523716292	0.89115375	-3.5810018	0.3839595

1496523716302	1.1605382	-3.1534772	0.48094857

1496523716315	1.3252065	-2.4957368	0.5770051

1496523716322	1.428857	-1.7278178	0.6325606

1496523716332	1.5019984	-1.0013323	0.561684

1496523716342	1.54996	-0.44830802	0.31081802

1496523716352	1.5543565	-0.13522515	-0.07847056

1496523716368	1.3928857	-0.1329603	-0.71009856

1496523716382	1.2259526	-0.30748734	-0.88129497

1496523716392	1.0438316	-0.44830802	-1.0285106

1496523716403	0.8998135	-0.41766587	-1.1943778

1496523716423	0.79296565	-0.046895817	-1.3721023

1496523716433	0.6664002	0.070876636	-1.2095656

1496523716442	0.45590195	0.07513989	-0.95656806

1496523716452	0.2071676	0.08180123	-0.7569944

1496523716462	-0.39261925	0.062083665	-0.7536637

1496523716471	-0.69144684	0.003197442	-0.77551293

1496523716481	-0.964162	-0.04143352	-0.8148148

1496523716491	-1.2019718	-0.06541433	-0.88569146

1496523716503	-1.4070077	-0.07513989	-0.941247

1496523716512	-1.5586197	-0.080602184	-0.9576339

1496523716521	-1.6458833	-0.12643218	-0.9357847

1496523716531	-1.6502798	-0.22142287	-0.88675725

1496523716542	-1.54996	-0.35011992	-0.7961631

1496523716552	-1.283773	-0.45257127	-0.62603253

1496523716563	-0.8758327	-0.44830802	-0.3839595

1496523716572	-0.264988	-0.56061816	-0.1787903

1496523716582	0.44937384	-0.86384225	-0.06434852

1496523716592	1.0089262	-1.2848388	-0.0065281107

1496523716603	1.3132161	-1.8346657	0.029443111

1496523716612	1.3569145	-2.531708	0.15161204

1496523716621	1.1201705	-3.3770318	0.46576074

1496523716631	0.6478817	-4.159073	1.0253131

1496523716641	0.018518519	-4.1634693	1.7909672

1496523716651	-0.7875033	-2.980016	2.5349054

1496523716663	-2.213163	-0.54636294	3.1534772

1496523716672	-2.4215295	0.15707435	3.2188916

1496523716682	-2.721423	0.56501466	3.1185718

1496523716692	-3.0269117	0.3730349	2.904743

1496523716703	-2.9876099	-0.2715161	2.6244338

1496523716717	-2.304823	-0.9925393	2.3265388

1496523716725	-1.0732747	-1.5652812	2.1532109

1496523716731	0.111244336	-2.3212097	2.0659473

1496523716741	0.8038902	-3.2178257	1.8804955

1496523716751	0.8846256	-3.199174	1.3459898

1496523716762	0.6947775	-2.661471	0.77005064

1496523716771	0.54756194	-2.3986144	0.47442046

1496523716786	0.33373302	-2.4421797	0.5169198

1496523716791	0.19304556	-2.630962	0.71875834

1496523716805	0.070876636	-2.3614442	0.75153214

1496523716814	0.0119904075	-1.9492406	0.2519318

1496523716825	0.029443111	-1.5979216	0.2519318

1496523716831	0.062083665	-1.2412736	0.15161204

1496523716841	0.10471623	-1.0253131	0.09259259

1496523716851	0.15707435	-0.89768183	0.035971224

1496523716866	0.16466826	-0.64894754	-0.08606448

1496523716871	0.08832934	-0.5301092	-0.15480949

1496523716881	0.0119904075	-0.46576074	-0.24966693

1496523716891	-0.013056221	-0.53770316	-0.3555822

1496523716906	0.07194245	-0.7067679	-0.4765521

1496523716914	0.22688515	-0.82240874	-0.5627498

1496523716922	0.41220358	-0.85398346	-0.63589126

1496523716936	0.59765524	-0.84532374	-0.6969091

1496523716941	0.76458836	-0.84972024	-0.75153214

1496523716951	0.895417	-0.8551825	-0.80602187

1496523716967	0.9773514	-0.86930454	-0.85944575

1496523716971	1.018785	-0.90421	-0.8846256

1496523716992	1.0373034	-0.88236076	-0.8703704

1496523716995	1.0427657	-0.78417265	-0.8234745

1496523717002	1.0285106	-0.6718625	-0.804956

1496523717012	0.99480414	-0.55302423	-0.8136158

1496523717021	0.9685585	-0.40900612	-0.8005596

1496523717031	0.9761524	-0.2813749	-0.76671994

1496523717041	1.0175859	-0.14934719	-0.7078337

1496523717051	1.032907	-0.019584332	-0.6664002

1496523717062	0.96203035	0.17226219	-0.44497734

1496523717072	0.895417	0.061017852	-0.3446576

1496523717081	0.84532374	-0.101385556	-0.27378097

1496523717091	0.8333333	-0.2693845	-0.18758327

1496523717103	0.82560617	-0.42752466	-0.12430056

1496523717112	0.8016254	-0.5213163	-0.080602184

1496523717121	0.7395417	-0.5572875	-0.07194245

1496523717131	0.6380229	-0.54636294	-0.08832934

1496523717142	0.4994671	-0.5343725	-0.12976286

1496523717151	0.3555822	-0.538769	-0.20610179

1496523717163	0.25632828	-0.49840128	-0.2933653

1496523717172	0.2410072	-0.44710898	-0.40674126

1496523717182	0.29229948	-0.35225153	-0.49520382

1496523717197	0.3261391	-0.2136957	-0.5518252

1496523717203	0.3217426	-0.08180123	-0.5114575

1496523717212	0.33373302	-0.008659739	-0.3665068

1496523717221	0.41007194	-0.111244336	-0.15267786

1496523717231	0.47548628	-0.31947774	0.013056221

1496523717241	0.41660005	-0.5812683	0.09592326

1496523717251	0.26179057	-0.77871037	0.12643218

1496523717264	0.1842526	-0.82134295	0.27804422

1496523717275	0.1613376	-0.5867306	0.36424193

1496523717281	-0.07953637	-0.34572342	0.30748734

1496523717291	-0.45590195	-0.3326672	0.09152678

1496523717302	-0.7864375	-0.50066614	-0.16679989

1496523717314	-1.0133227	-0.63589126	-0.40354383

1496523717322	-1.2576605	-0.51478815	-0.59765524

1496523717332	-1.4660271	-0.11670663	-0.7406075

1496523717342	-1.534639	0.42539302	-0.8190781

1496523717352	-1.4179323	1.0263789	-0.8529177

1496523717362	-0.94244605	1.2511324	-0.78856915

1496523717374	-0.002131628	0.5114575	-0.5736744

1496523717382	0.8834266	-0.31841195	-0.39808154

1496523717392	1.3491874	-0.35011992	-0.29882762

1496523717403	1.5183853	0.1613376	-0.18212096

1496523717413	1.7135625	0.34132695	0.22142287

1496523717421	1.9110045	0.196243	0.022781774

1496523717431	2.0724754	-0.16786571	0.055555556

1496523717445	2.173861	-1.0667466	0.09925393

1496523717453	2.173861	-1.0667466	0.19304556

1496523717465	1.8226752	-1.3001599	0.25632828

1496523717472	1.5303757	-1.2990941	0.23114842

1496523717481	1.1855849	-1.2990941	0.14281908

1496523717491	0.8234745	-1.3022915	0.04796163

1496523717502	0.48747668	-1.3209432	-0.043565147

1496523717511	0.21156408	-1.3426592	-0.11990408

1496523717521	0.014122035	-1.3491874	-0.1842526

1496523717532	-0.12976286	-1.3449241	-0.24860112

1496523717541	-0.24860112	-1.2652545	-0.23661071

1496523717552	-0.3381295	-1.1147082	-0.19197975

1496523717564	-0.3839595	-0.9227285	-0.19304556

1496523717571	-0.37410071	-0.68718356	-0.24540368

1496523717581	-0.3282707	-0.47548628	-0.2868372

1496523717591	-0.2868372	-0.2977618	-0.2759126

1496523717603	-0.2584599	-0.18864909	-0.2246203

1496523717613	-0.22568612	-0.1951772	-0.13962163

1496523717622	-0.17985612	-0.30202505	-0.093791634

1496523717632	-0.21156408	-0.45150545	-0.051159073

1496523717642	-0.34026113	-0.56061816	-0.026112443

1496523717652	-0.82240874	-0.63482547	0.015187849

1496523717662	-0.8485212	-0.75153214	0.021715961

1496523717671	-0.91073805	-0.8016254	0.045696776

1496523717681	-0.91953105	-0.82560617	0.09046096

1496523717691	-0.90421	-0.83439916	0.13082866

1496523717702	-0.8714362	-0.83106846	0.15267786

1496523717717	-0.8562483	-0.7296829	0.1624034

1496523717721	-0.8846256	-0.4416467	0.19730882

1496523717731	-0.91953105	-0.04143352	0.27804422

1496523717742	-0.84972024	0.21049827	0.3665068

1496523717751	-0.6020517	0.13189448	0.40021315

1496523717763	-0.23994137	-0.14281908	0.41340262

1496523717772	0.15707435	-0.57047695	0.4416467

1496523717782	0.45257127	-1.3449241	0.52358115

1496523717791	0.45150545	-2.3113508	0.6794564

1496523717803	0.09698907	-2.9428458	0.8932854

1496523717816	-0.43192112	-2.804423	1.1430855

1496523717830	-0.89661604	-2.0146549	1.4256594

1496523717833	-1.2848388	-1.1430855	1.655742

1496523717842	-1.6502798	-0.7275513	1.8182787

1496523717852	-2.0146549	-0.44391152	2.0876632

1496523717868	-2.2873702	-0.03157474	2.1183054

1496523717871	-2.2142286	-0.3032241	2.090994

1496523717882	-1.952438	-0.8289369	2.0407674

1496523717892	-1.5630163	-1.094058	1.9120704

1496523717902	-1.0591527	-0.99360514	1.6961098

1496523717917	-0.35984546	-1.0122569	1.5226486

1496523717922	0.45803356	-1.3645084	1.3590461

1496523717931	1.0885957	-1.5881962	1.0907274

1496523717941	1.3840927	-1.4572343	0.74820143

1496523717951	1.3775647	-1.4103384	0.4373834

1496523717963	1.2402078	-1.4561684	0.28896883

1496523717971	1.1496136	-1.4507061	0.28577137

1496523717982	1.1037836	-1.444178	0.30095923

1496523717993	1.0034639	-1.4136691	0.1951772

1496523718004	0.8202771	-1.2631228	-0.026112443

1496523718013	0.6129763	-0.9401812	-0.26392218

1496523718021	0.42206234	-0.48747668	-0.4864109

1496523718031	0.21596056	0.017452704	-0.7122302

1496523718041	0.009725553	0.47442046	-0.93698376

1496523718051	-0.12096989	0.79842794	-1.3001599

1496523718063	-0.083932854	1.2619238	-1.4583

1496523718074	-0.03810285	1.4038103	-1.6164402

1496523718082	0.002131628	1.4856116	-1.7997602

1496523718092	0.029443111	1.50413	-1.9492406

1496523718103	0.07633893	1.5009326	-1.9862777

1496523718112	0.16906475	1.5369039	-1.8782307

1496523718121	0.3042899	1.6109779	-1.6699973

1496523718131	0.45803356	1.6687983	-1.3874234

1496523718141	0.59445775	1.6807888	-1.069944

1496523718151	0.6434852	1.6819878	-0.7580602

1496523718165	0.5802025	1.6492139	-0.54209965

1496523718173	0.44058087	1.467093	-0.4537703

1496523718183	0.27924326	1.1277645	-0.45909938

1496523718200	0.13629097	0.8617106	-0.5103917

1496523718204	0.018518519	0.84425795	-0.5213163

1496523718216	-0.015187849	1.2915001	-0.39914736

1496523718231	0.04023448	1.4114043	-0.29443112

1496523718241	0.16027178	1.337197	-0.21476153

1496523718252	0.31947774	1.2238209	-0.18651745

1496523718262	0.70343727	1.1397549	-0.13522515

1496523718271	0.9031442	0.9477751	-0.08180123

1496523718281	1.0863309	0.62603253	0.023980815

1496523718291	1.1529443	0.19304556	0.19957368

1496523718303	0.9260591	0.017452704	0.31294963

1496523718313	0.4940048	0.5856648	0.30095923

1496523718322	0.10031974	1.184519	0.20943245

1496523718332	-0.054489743	1.0438316	0.19078071

1496523718342	0.02824407	0.25739408	0.29549694

1496523718351	0.10684785	-0.5780709	0.45043966

1496523718362	0.12976286	-1.1779909	0.6325606

1496523718371	0.13735679	-1.5663469	0.86930454

1496523718381	0.08180123	-2.0691447	0.9172662

1496523718391	-0.16906475	-1.8662404	0.5955236

1496523718401	-0.4014122	-1.2728484	0.39914736

1496523718413	-0.52358115	-0.74713564	0.34678924

1496523718421	-0.6510791	-0.08499867	0.27924326

1496523718432	-0.76565415	0.38502532	0.15161204

1496523718442	-0.69584334	0.51811886	0.013056221

1496523718451	-0.2759126	0.36424193	-0.04143352

1496523718464	1.1506795	-0.22248867	-0.027178258

1496523718471	1.6601386	-0.2759126	-0.05009326

1496523718481	1.8750333	-0.2464695	-0.15920597

1496523718492	1.7604584	-0.35984546	-0.35771382

1496523718502	1.3623768	-0.54103386	-0.6129763

1496523718513	0.9914735	-0.38276047	-0.78856915

1496523718522	0.75472957	-0.16786571	-0.8430589

1496523718533	0.52358115	-0.18212096	-0.85078603

1496523718541	0.26179057	-0.2715161	-0.85731417

1496523718552	0.053423926	-0.39701572	-0.8932854

1496523718562	-0.09152678	-0.46243006	-0.95004

1496523718571	-0.2071676	-0.37410071	-1.0067946

1496523718581	-0.3282707	-0.18531841	-1.064615

1496523718591	-0.42965627	0.067545965	-1.1223022

1496523718601	-0.47881696	0.3347988	-1.138689

1496523718614	-0.5082601	0.59339195	-0.96522784

1496523718632	-0.53770316	0.6184386	-0.83546495

1496523718643	-0.5627498	0.6249667	-0.66320276

1496523718651	-0.59445775	0.62283504	-0.5802025

1496523718662	-0.57047695	0.45696777	-0.48321342

1496523718671	-0.54209965	0.3555822	-0.3675726

1496523718681	-0.5311751	0.23887557	-0.2519318

1496523718691	-0.51918465	0.070876636	-0.15161204

1496523718701	-0.48534507	-0.1951772	-0.035971224

1496523718719	-0.42965627	-0.55622166	0.12323475

1496523718727	-0.39155343	-0.8779643	0.24207301

1496523718731	-0.38928857	-1.0961897	0.33693045

1496523718741	-0.38276047	-1.2042366	0.43844923

1496523718751	-0.34026113	-1.3535838	0.5496936

1496523718762	-0.23447908	-1.6382893	0.699174

1496523718771	-0.010791367	-2.0266454	0.84532374

1496523718781	0.58459896	-2.7400746	0.96642685

1496523718794	1.3972821	-3.7958965	1.1430855

1496523718803	1.8292032	-4.316147	1.6067146

1496523718812	1.4593658	-3.9617639	2.1749268

1496523718822	0.13082866	-3.047562	2.554623

1496523718831	-1.7179589	-1.5226486	2.5960565

1496523718841	-3.0410337	-0.22022381	2.477085

1496523718851	-3.1566746	0.31841195	2.2055688

1496523718862	-3.093392	0.85837996	2.1542766

1496523718871	-2.6930456	0.4820144	2.1008527

1496523718881	-2.0582201	-0.13082866	1.9185984

1496523718891	-1.2673861	-0.39155343	1.5663469

1496523718902	-0.58459896	-0.5802025	1.2478018

1496523718912	-0.18531841	-0.69038105	1.1649348

1496523718921	0.003197442	-0.7721822	1.147482

1496523718931	0.21702638	-1.0307754	1.0274447

1496523718942	0.46576074	-1.2488676	0.81694645

1496523718951	0.7504663	-1.3852918	0.64455104

1496523718963	1.0013323	-1.4103384	0.492939

1496523718972	1.1801226	-1.4233946	0.37623236

1496523718982	1.2467359	-1.4343193	0.18212096

1496523718992	1.216227	-1.375433	-0.067545965

1496523719004	1.1452172	-1.2336798	-0.31081802

1496523719028	1.0013323	-0.6806555	-0.63482547

1496523719032	0.8987477	-0.3446576	-0.79842794

1496523719041	0.77990943	-0.017452704	-0.9630962

1496523719051	0.5955236	0.5551559	-1.3132161

1496523719067	0.5671463	0.65880626	-1.4757527

1496523719074	0.5824674	0.745004	-1.5760725

1496523719081	0.62603253	0.7744471	-1.6338929

1496523719091	0.61617374	0.90967226	-1.6982414

1496523719101	0.53224087	1.1899813	-1.7724487

1496523719112	0.39475086	1.5739409	-1.8553158

1496523719122	0.22795098	2.005862	-1.9164668

1496523719131	0.06861178	2.3996801	-1.9404477

1496523719141	-0.026112443	2.6778576	-1.915401

1496523719152	-0.015187849	2.8010924	-1.7964295

1496523719167	0.34359178	2.2775114	-1.3121502

1496523719189	0.5486278	1.8270717	-1.0165201

1496523719193	0.67732483	1.3503864	-0.7406075

1496523719203	0.7307487	0.85944575	-0.54636294

1496523719216	0.7536637	-0.04023448	-0.29669598

1496523719231	0.7809752	-0.28244072	-0.20610179

1496523719241	0.8377298	-0.29003465	-0.1438849

1496523719251	0.9586997	0.19078071	-0.06541433

1496523719267	0.9555023	0.29669598	-0.001065814

1496523719275	0.8900879	0.2464695	0.108979486

1496523719281	0.74820143	0.1100453	0.22248867

1496523719291	0.5398348	-0.09925393	0.35011992

1496523719303	0.31521448	-0.38062882	0.48427925

1496523719318	-0.032640554	-0.19304556	0.56061816

1496523719321	-0.032640554	-0.17452705	0.56061816

1496523719332	-0.19411138	0.62603253	0.41993073

1496523719342	-0.36317614	1.4593658	0.09698907

1496523719352	-0.40567547	1.6994405	-0.2071676

1496523719362	-0.31947774	1.2848388	-0.3391953

1496523719371	-0.16360246	0.84425795	-0.17665868

1496523719381	-0.022781774	0.52464694	0.18531841

1496523719391	0.062083665	-0.046895817	0.5496936

1496523719401	0.034905408	-0.8234745	0.8779643

1496523719412	0.054489743	-1.7593925	1.0579536

1496523719422	0.083932854	-2.4127364	0.88675725

1496523719432	-0.11337597	-1.7430056	0.6239009

1496523719442	-0.927125	0.6947775	0.43631762

1496523719452	-1.1496136	0.86277646	0.35771382

1496523719464	-1.1103117	0.50612843	0.22248867

1496523719471	-0.722089	0.21809219	0.03157474

1496523719482	-0.07847056	0.16906475	-0.117772445

1496523719491	0.5692779	0.20823342	-0.196243

1496523719503	1.1289635	0.1842526	-0.25632828

1496523719512	1.5892619	0.02504663	-0.3032241

1496523719521	1.8161471	-0.1787903	-0.37516654

1496523719531	1.7114309	-0.39808154	-0.47881696

1496523719544	1.4070077	-0.63362646	-0.6129763

1496523719554	1.1409539	-0.5802025	-0.74167335

1496523719567	0.7853717	-0.31947774	-0.92819077

1496523719577	0.7853717	-0.074074075	-0.92819077

1496523719581	0.57047695	0.03810285	-0.98387957

1496523719591	0.36530775	-0.06648015	-0.98814285

1496523719602	0.19411138	-0.31294963	-0.964162

1496523719614	0.07300826	-0.66746604	-0.8791633

1496523719632	0.22022381	-0.71009856	-0.76125765

1496523719641	0.34678924	-0.5780709	-0.3272049

1496523719651	0.31521448	0.002131628	-0.044630963

1496523719662	0.12323475	0.28030908	0.20503597

1496523719671	-0.117772445	0.5257128	0.3446576

1496523719681	-0.3675726	0.76125765	0.36970425

1496523719692	-0.59339195	0.8987477	0.2769784

1496523719702	-0.78856915	0.8518519	0.12323475

1496523719723	-0.9740208	0.6031175	0.002131628

1496523719726	-1.1115108	0.17772448	-0.087263525

1496523719731	-1.2292832	-0.38928857	-0.127498

1496523719741	-1.3569145	-0.88675725	-0.12216893

1496523719751	-1.4834799	-1.1300293	-0.06541433

1496523719762	-1.5532907	-1.2183586	0.03157474

1496523719771	-1.4932054	-1.1735945	0.17226219

1496523719782	-1.3001599	-1.1485479	0.38276047

1496523719791	-1.0133227	-1.4233946	0.5311751

1496523719803	-0.49187317	-2.4520383	0.699174

1496523719829	0.14934719	-3.7065015	1.5095923

1496523719837	-0.12869704	-2.7182255	1.8739675

1496523719842	-1.4713563	-1.0055956	2.0735412

1496523719851	-2.051692	-0.93698376	2.1913135

1496523719862	-2.2709832	-0.6053824	2.356115

1496523719871	-2.189182	-0.09046096	2.4379163

1496523719881	-1.9961364	0.20610179	2.45417

1496523719891	-1.7615241	0.069810815	2.370237

1496523719903	-1.3558487	-0.24540368	2.0865974

1496523719926	-0.26179057	-0.7013056	1.2728484

1496523719933	0.0075939246	-0.98387957	1.1834532

1496523719941	0.15267786	-1.1376232	1.1420197

1496523719951	0.25632828	-1.1310952	1.064615

1496523719962	0.35877964	-1.170397	0.9586997

1496523719972	0.54636294	-1.3415934	0.8377298

1496523719981	0.77111644	-1.5161204	0.66200376

1496523719991	0.86930454	-1.5019984	0.42752466

1496523720003	0.804956	-1.4048761	0.17119637

1496523720012	0.6838529	-1.2467359	-0.06434852

1496523720021	0.5726086	-1.0362377	-0.27378097

1496523720031	0.45150545	-0.767919	-0.4373834

1496523720041	0.3261391	-0.46136424	-0.6510791

1496523720051	0.23221423	0.009725553	-0.7624567

1496523720062	0.2977618	0.10471623	-0.86717296

1496523720071	0.45590195	0.13962163	-0.97069013

1496523720081	0.6642686	0.14068745	-1.055822

1496523720092	0.86277646	0.18651745	-1.1266986

1496523720102	0.987077	0.29549694	-1.2216893

1496523720112	1.0417	0.43192112	-1.3569145

1496523720121	1.0219824	0.6108447	-1.4856116

1496523720131	0.927125	0.8747668	-1.59579

1496523720141	0.7961631	1.193312	-1.6765255

1496523720151	0.64455104	1.4616307	-1.7081002

1496523720165	0.50492936	1.5325073	-1.7081002

1496523720173	0.38169464	1.3874234	-1.686251

1496523720182	0.28577137	1.1540102	-1.6219025

1496523720191	0.21702638	0.9162004	-1.5150546

1496523720203	0.17772448	0.7166267	-1.3874234

1496523720213	0.28350654	0.51372236	-1.0667466

1496523720221	0.28350654	0.34572342	-1.0667466

1496523720232	0.42099655	0.22568612	-0.6718625

1496523720241	0.88569146	0.16786571	-0.7176925

1496523720251	1.1496136	0.045696776	-0.59445775

1496523720262	1.3950173	0.06861178	-0.50612843

1496523720271	1.5772715	0.14721556	-0.4014122

1496523720281	1.6372236	0.22795098	-0.30202505

1496523720292	1.5968559	0.2126299	-0.20943245

1496523720301	1.5030643	0.010791367	-0.117772445

1496523720313	1.3939515	-0.34132695	-0.018518519

1496523720322	1.2685851	-0.71875834	0.09485745

1496523720332	1.1223022	-1.0034639	0.23661071

1496523720344	0.9980016	-1.2292832	0.42419398

1496523720352	0.93365306	-1.2652545	0.6108447

1496523720363	0.8987477	-0.9128697	0.6937117

1496523720372	0.7351452	-0.28457233	0.5213163

1496523720382	0.46682653	0.27378097	0.13962163

1496523720391	0.14614974	0.47988275	-0.27258193

1496523720403	-0.1951772	0.34572342	-0.50932586

1496523720412	-0.48321342	0.08499867	-0.42752466

1496523720421	-0.6969091	-0.3141487	-0.15480949

1496523720431	-0.8245404	-0.8289369	0.12323475

1496523720441	-0.46029842	-1.1191047	0.2529976

1496523720451	-0.04796163	0.20277111	0.018518519

1496523720462	0.45803356	0.7307487	-0.06434852

1496523720472	1.0110579	0.30642152	0.03810285

1496523720481	1.184519	-0.4373834	0.14721556

1496523720491	0.7208899	-0.4373834	0.31188384

1496523720503	0.08499867	-0.07953637	0.51478815

1496523720516	-0.31947774	0.19411138	0.5595524

1496523720527	-0.46682653	0.5257128	0.402478

1496523720532	-0.42859045	0.5824674	0.22022381

1496523720541	-0.22142287	0.054489743	0.12536637

1496523720553	0.23661071	-1.2663202	0.1897149

