1495752970319	-0.756	6.617	-9.557

1495752970327	2.7	3.275	10.975

1495752970341	2.135	3.179	19.048

1495752970351	-1.264	5.152	12.086

1495752970357	-4.089	12.373	11.243

1495752970367	-3.687	12.162	4.309

1495752970377	-3.361	13.599	1.867

1495752970387	-5.008	16.846	-2.394

1495752970398	-7.096	19.566	-4.759

1495752970408	-10.467	19.614	-4.798

1495752970424	-14.097	19.614	-3.208

1495752970427	-15.668	19.614	-1.513

1495752970439	-12.823	19.614	3.246

1495752970448	-5.64	19.614	16.501

1495752970457	-2.691	19.614	16.855

1495752970467	-2.279	19.432	7.565

1495752970477	-1.398	18.206	8.973

1495752970489	-1.743	18.886	6.742

1495752970502	-0.574	18.828	5.87

1495752970509	1.283	17.296	4.711

1495752970521	2.087	14.413	3.658

1495752970527	1.417	11.253	6.253

1495752970539	0.019	8.418	8.638

1495752970548	-1.551	6.129	8.964

1495752970557	-1.829	4.472	8.37

1495752970567	-2.432	3.313	7.422

1495752970577	-2.93	1.637	4.711

1495752970588	-2.853	2.154	-0.296

1495752970600	-1.944	2.375	-2.873

1495752970608	-1.158	1.944	-3.112

1495752970617	-0.392	0.296	-2.355

1495752970627	0.565	-1.235	-1.532

1495752970639	1.158	-1.905	-1.762

1495752970651	1.733	-1.915	-2.442

1495752970663	2.039	-1.915	-3.514

1495752970667	1.982	-2.068	-4.798

1495752970677	2.059	-2.662	-11.109

1495752970687	0.114	-2.346	-2.7

1495752970697	-0.679	-2.288	-1.225

1495752970707	-1.474	-1.426	2.423

1495752970717	-1.331	0.555	8.054

1495752970729	-2.231	2.317	2.269

1495752970744	-3.438	5.056	-0.277

1495752970754	-5.066	9.184	6.512

1495752970759	-8.188	17.516	12.297

1495752970770	-9.213	19.614	14.48

1495752970781	-7.46	19.614	15.831

1495752970797	-5.497	19.614	14.336

1495752970798	-5.612	19.614	11.444

1495752970808	-6.483	19.614	11.243

1495752970817	-6.828	19.614	11.942

1495752970827	-6.186	19.614	12.306

1495752970838	-4.252	18.234	11.779

1495752970854	-2.279	13.542	9.414

1495752970857	-1.216	9.787	7.364

1495752970867	-0.996	7.316	5.813

1495752970878	-0.871	5.861	4.261

1495752970891	-0.871	4.166	3.505

1495752970897	-0.794	4.166	2.604

1495752970907	-0.421	1.886	2.327

1495752970920	0.076	0.373	2.968

1495752970928	0.938	-1.331	3.687

1495752970939	1.934	-2.595	3.122

1495752970946	2.499	-3.639	2.298

1495752970957	2.557	-4.051	0.948

1495752970967	2.509	-4.434	-0.603

1495752970977	2.547	-4.731	-1.216

1495752970987	2.451	-5.142	-1.379

1495752970999	1.934	-5.028	-1.551

1495752971011	1.063	-4.28	-1.867

1495752971018	0.555	-3.658	-2.212

1495752971028	0.076	-3.189	-2.432

1495752971038	-0.028	-2.308	-2.442

1495752971048	-0.134	-1.312	-2.308

1495752971057	-0.967	0.814	-6.253

1495752971067	-2.853	7.834	-17.009

1495752971077	-0.852	8.303	-16.75

1495752971089	4.424	0.316	2.7

1495752971098	5.43	3.304	19.604

1495752971109	1.762	9.165	19.604

1495752971118	-2.461	12.469	1.723

1495752971127	-4.28	12.919	1.934

1495752971137	-7.125	13.906	-1.484

1495752971148	-10.352	16.185	-4.52

1495752971157	-13.283	18.665	-5.736

1495752971167	-14.796	19.614	-5.056

1495752971177	-12.354	19.614	-2.413

1495752971188	-5.564	19.614	10.209

1495752971198	0.526	19.614	19.077

1495752971207	-0.699	19.614	11.138

1495752971217	-3.045	19.614	7.996

1495752971227	-4.175	18.579	7.613

1495752971238	-3.993	15.907	5.439

1495752971248	-2.959	15.112	3.888

1495752971257	-1.599	15.696	3.227

1495752971268	-0.316	16.511	1.292

1495752971277	0.66	16.463	1.944

1495752971299	1.101	14.279	5.372

1495752971301	0.469	11.119	5.372

1495752971308	-0.89	8.159	11.31

1495752971318	-1.992	6.253	11.703

1495752971328	-2.279	5.899	8.341

1495752971340	-1.541	5.803	3.17

1495752971347	-0.584	6.953	-1.053

1495752971358	-0.095	5.506	-3.39

1495752971369	-0.363	2.624	-2.997

1495752971378	-0.105	-0.22	-1.915

1495752971390	0.766	-1.723	-1.34

1495752971398	1.494	-2.02	-1.963

1495752971409	2.03	-2.049	-2.949

1495752971417	2.26	-2.116	-4.376

1495752971427	3.102	-3.476	-13.877

1495752971437	2.106	-3.237	-7.958

1495752971454	0.756	-2.806	-2.164

1495752971458	-0.057	-2.604	-0.823

1495752971467	-0.871	-2.02	0.67

1495752971478	-1.312	-0.708	2.997

1495752971490	-2.442	3.352	1.254

1495752971507	-3.447	6.205	6.196

1495752971518	-5.583	10.305	12.795

1495752971527	-8.849	18.483	14.959

1495752971542	-7.221	19.614	14.787

1495752971546	-4.616	19.614	13.101

1495752971557	-4.012	19.614	10.889

1495752971567	-4.836	19.614	9.481

1495752971577	-5.171	19.614	8.954

1495752971587	-4.616	19.527	9.337

1495752971598	-3.591	16.348	9.854

1495752971607	-2.47	12.201	10.889

1495752971617	-2.068	9.27	11.128

1495752971631	-1.637	7.451	8.734

1495752971644	-1.666	5.909	6.608

1495752971656	-1.599	4.74	5.008

1495752971660	-1.254	4.06	3.974

1495752971668	-0.938	3.045	3.859

1495752971678	-0.402	1.752	3.897

1495752971690	0.45	-0.028	2.068

1495752971697	1.436	-1.398	2.068

1495752971707	2.049	-2.221	1.13

1495752971719	2.135	-2.557	0.459

1495752971729	2.212	-2.93	-0.21

1495752971738	2.25	-3.782	-0.823

1495752971748	2.011	-3.993	-1.398

1495752971757	1.292	-3.457	-1.905

1495752971767	0.852	-2.633	-2.432

1495752971779	0.603	-2.279	-2.844

1495752971791	0.747	-1.57	-2.767

1495752971798	0.833	-0.612	-3.342

1495752971812	-0.574	1.896	-10.333

1495752971819	-1.053	4.654	-14.911

1495752971840	1.656	2.47	-5.937

1495752971842	4.108	0.488	7.929

1495752971848	5.851	3.371	19.604

1495752971857	4.118	6.474	19.068

1495752971867	2.911	10.056	11.454

1495752971877	2.183	12.287	3.696

1495752971887	2.279	13.264	-1.197

1495752971902	1.149	16.568	-5.526

1495752971907	-1.992	19.585	-8.552

1495752971917	-9.816	19.614	-8.657

1495752971928	-18.55	19.614	-6.32

1495752971941	-17.832	19.614	-0.478

1495752971958	-7.489	19.614	14.375

1495752971968	-0.028	19.614	11.31

1495752971978	-0.268	19.585	4.635

1495752971991	-0.833	19.614	3.15

1495752972021	1.082	19.518	4.367

1495752972022	2.423	17.296	6.043

1495752972027	2.288	13.934	4.664

1495752972041	1.245	10.372	5.966

1495752972047	0.105	7.288	7.69

1495752972058	-0.823	6.148	6.617

1495752972067	-1.34	3.61	8.006

1495752972077	-2.049	1.982	7.364

1495752972087	-2.566	1.618	2.968

1495752972097	-2.413	1.513	-1.532

1495752972108	-2.164	0.842	-2.403

1495752972117	-1.379	-0.785	-2.106

1495752972127	-0.402	-1.905	-1.743

1495752972140	0.622	-2.241	-1.618

1495752972148	1.206	-2.317	-2.193

1495752972179	1.494	-2.355	-3.514

1495752972189	1.225	-3.045	-7.565

1495752972192	-1.513	-3.955	-4.29

1495752972195	-3.102	-3.074	-0.794

1495752972197	-4.28	-2.384	2.595

1495752972207	-4.252	0.316	16.482

1495752972217	-2.269	4.51	7.92

1495752972227	-1.733	4.443	-2.154

1495752972241	-0.871	3.61	-1.886

1495752972251	-0.679	5.593	-0.45

1495752972258	-1.915	16.127	0.747

1495752972267	-3.323	19.614	8.178

1495752972277	-4.089	19.614	17.315

1495752972289	-4.884	19.614	17.564

1495752972298	-4.941	19.614	12.603

1495752972308	-6.723	19.614	9.28

1495752972318	-9.471	19.614	9.711

1495752972328	-9.586	19.393	11.253

1495752972350	-3.275	10.956	12.459

1495752972377	-0.794	8.37	10.113

1495752972378	0.287	6.847	7.958

1495752972379	0.823	5.497	6.771

1495752972387	1.12	4.855	6.771

1495752972397	1.158	4.089	3.313

1495752972408	0.823	2.921	2.719

1495752972419	0.909	1.637	2.02

1495752972427	1.302	0.124	1.024

1495752972438	1.953	-0.996	0.258

1495752972448	2.106	-2.135	-0.316

1495752972457	2.26	-2.873	-0.526

1495752972468	2.355	-3.562	-0.469

1495752972478	2.394	-4.07	-0.804

1495752972488	1.819	-4.012	-1.12

1495752972503	0.89	-3.859	-1.896

1495752972508	0.268	-3.639	-2.815

1495752972517	-0.287	-3.256	-3.648

1495752972527	-0.756	-2.681	-3.888

1495752972537	-0.775	-2.078	-3.581

1495752972548	-1.254	-0.114	-8.36

1495752972558	-1.139	2.748	-13.264

1495752972567	1.245	0.737	-5.688

1495752972577	3.189	-1.541	2.068

1495752972589	4.635	0.325	17.21

1495752972598	1.666	1.158	17.21

1495752972609	2.126	8.207	8.265

1495752972645	4.07	12.134	4.769

1495752972647	4.491	15.572	-0.019

1495752972648	1.618	19.614	-4.443

1495752972657	-8.044	19.614	-4.175

1495752972669	-19.096	19.614	-2.231

1495752972679	-19.614	19.614	-0.814

1495752972687	-17.497	19.614	0.823

1495752972697	-5.612	19.614	11.061

1495752972707	2.643	19.614	19.575

1495752972717	4.223	19.144	15.227

1495752972727	2.231	16.903	7.134

1495752972739	-0.287	16.683	5.851

1495752972750	-0.861	16.922	7.067

1495752972757	-0.277	15.888	7.269

1495752972767	0.823	13.331	6.684

1495752972777	1.168	11.09	4.855

1495752972787	1.398	8.485	4.855

1495752972799	1.398	6.234	6.541

1495752972808	1.264	4.3	6.541

1495752972818	-1.331	2.518	4.405

1495752972828	-1.158	0.708	-0.047

1495752972844	-0.881	0.124	-1.848

1495752972849	-0.488	-0.584	-2.087

1495752972862	0.201	-1.599	-1.963

1495752972885	0.804	-2.298	-2.174

1495752972886	1.608	-3.888	-7.383

1495752972888	2.518	-7.431	-14.107

1495752972897	1.685	-5.458	-3.591

1495752972907	0.086	-3.668	2.949

1495752972917	-1.426	-1.867	14.94

1495752972927	-2.47	0.909	12.651

1495752972941	-2.106	3.668	-0.162

1495752972953	-1.216	4.913	-2.691

1495752972957	-0.459	4.031	-1.896

1495752972967	0.114	4.692	-0.67

1495752972977	0.335	12.431	-0.296

1495752972987	-1.015	19.288	0.488

1495752973001	-4.3	19.614	13.34

1495752973018	-6.541	19.614	16.635

1495752973028	-7.364	19.614	10.151

1495752973049	-6.981	19.614	9.682

1495752973050	-4.807	19.403	10.362

1495752973057	-2.183	16.185	10.333

1495752973067	0.229	12.938	10.142

1495752973077	1.771	11.023	8.629

1495752973087	2.298	9.261	7.498

1495752973099	2.106	8.198	6.474

1495752973116	1.589	7.498	4.74

1495752973118	1.187	6.933	3.15

1495752973128	0.842	5.794	2.614

1495752973140	0.545	4.118	2.47

1495752973148	0.019	1.982	2.269

1495752973157	-0.114	-0.335	2.039

1495752973167	-0.114	-2.174	1.608

1495752973177	0.181	-3.284	1.091

1495752973187	0.89	-3.792	0.651

1495752973198	1.637	-4.29	0.181

1495752973207	2.106	-5.449	-0.383

1495752973217	1.752	-5.832	-1.168

1495752973227	0.785	-5.727	-1.618

1495752973241	-0.957	-4.319	-2.892

1495752973249	-1.359	-3.39	-3.754

1495752973258	-1.292	-2.355	-4.118

1495752973280	-1.417	-1.254	-4.644

1495752973281	-2.336	3.083	-12.249

1495752973287	-0.871	5.966	-10.218

1495752973297	1.206	2.068	-2.624

1495752973307	2.164	-1.053	2.02

1495752973317	2.03	0.871	16.147

1495752973327	0.766	4.625	19.604

1495752973339	0.459	10.582	14.605

1495752973348	0.201	13.867	7.862

1495752973357	-0.047	15.945	2.442

1495752973377	-5.171	19.614	-2.614

1495752973401	-12.191	19.614	-4.328

1495752973402	-17.641	19.614	-4.242

1495752973408	-15.926	19.614	-3.294

1495752973417	-7.02	19.614	3.543

1495752973427	2.106	19.614	14.289

1495752973438	4.003	19.614	12.277

1495752973448	3.179	19.499	10.592

1495752973458	1.723	14.183	6.091

1495752973468	2.087	13.685	2.834

1495752973477	2.834	13.886	1.771

1495752973488	2.604	14.011	1.819

1495752973497	1.704	13.139	3.141

1495752973507	0.66	10.927	5.803

1495752973518	-0.249	8.016	7.68

1495752973527	-1.733	5.526	9.05

1495752973545	-4.644	2.949	8.935

1495752973558	-4.52	1.963	6.196

1495752973567	-2.346	1.628	1.13

1495752973577	0.047	1.877	-1.743

1495752973587	0.766	1.762	-1.283

1495752973597	1.216	0.277	-0.967

1495752973607	1.79	-1.225	-1.149

1495752973617	1.972	-1.867	-2.25

1495752973627	2.365	-1.992	-3.553

1495752973643	3.399	-4.874	-8.044

1495752973658	1.79	-3.141	18.953

1495752973668	-0.727	1.225	3.917

1495752973678	-0.536	3.648	-6.119

1495752973689	-0.421	3.591	-4.127

1495752973699	0.009	3.668	-0.9

1495752973708	0.842	9.481	0.574

1495752973721	-0.612	18.052	0.316

1495752973728	-3.715	19.614	7.192

1495752973738	-5.707	19.614	15.38

1495752973748	-5.755	19.614	15.476

1495752973757	-4.175	19.614	11.396

1495752973767	-3.198	19.614	7.719

1495752973777	-3.888	19.614	6.579

1495752973790	-5.88	19.604	7.728

1495752973798	-6.838	16.52	9.308

1495752973809	-5.593	12.287	10.419

1495752973821	-3.035	9.902	10.573

1495752973827	-0.708	9.069	9.069

1495752973838	0.651	8.629	7.91

1495752973848	1.139	7.939	6.426

1495752973857	0.861	7.479	5.803

1495752973868	0.047	5.621	3.888

1495752973879	0.009	3.476	3.917

1495752973892	0.191	1.072	3.878

1495752973897	0.871	-1.12	3.61

1495752973928	1.254	-2.327	2.844

1495752973931	1.436	-2.806	1.963

1495752973941	1.628	-3.246	0.277

1495752973946	1.982	-3.955	-0.689

1495752973958	1.704	-3.84	-1.714

1495752973968	1.168	-3.533	-1.953

1495752973978	0.775	-3.074	-2.269

1495752973992	0.632	-2.499	-2.834

1495752974004	0.402	-1.982	-2.94

1495752974008	0.402	-1.063	-2.94

1495752974017	-1.187	1.963	-12.134

1495752974029	-1.455	5.324	-17.937

1495752974039	2.059	1.034	-5.104

1495752974048	4.319	-0.938	12.115

1495752974057	3.802	2.451	19.604

1495752974067	3.179	5.277	17.832

1495752974077	3.61	8.887	7.632

1495752974097	3.409	17.507	-1.666

1495752974098	2.193	19.614	-3.782

1495752974107	-1.503	19.614	-5.65

1495752974117	-10.783	19.614	-7.154

1495752974127	-18.914	19.614	-5.775

1495752974137	-19.374	19.614	-3.371

1495752974153	-14.164	19.614	0.21

1495752974157	-2.786	19.614	17.037

1495752974167	2.959	19.614	19.479

1495752974178	2.011	17.851	10.582

1495752974189	-0.258	15.562	3.332

1495752974198	-1.829	16.06	1.379

1495752974208	-1.666	16.52	2.748

1495752974217	-0.478	15.189	6.56

1495752974227	-0.028	12.852	7.106

1495752974241	0.076	10.793	5.688

1495752974251	0.526	8.581	6.512

1495752974257	0.43	6.378	8.437

1495752974267	0.699	4.577	11.013

1495752974277	0.699	3.313	10.697

1495752974287	0.948	3.533	4.788

1495752974297	1.321	3.878	-2.231

1495752974307	0.584	1.81	-1.982

1495752974318	0.747	-0.565	-1.446

1495752974328	0.938	-1.819	-1.541

1495752974339	1.321	-1.982	-2.279

1495752974348	2.049	-2.777	-6.426

1495752974357	2.93	-5.324	-13.973

1495752974367	1.771	-3.629	-3.926

1495752974377	0.498	-3.016	-0.038

1495752974388	-0.775	-2.624	2.49

1495752974398	-2.001	-1.905	8.494

1495752974408	-2.02	0.804	3.371

1495752974417	-1.647	3.15	-3.361

1495752974427	-1.436	3.591	-3.304

1495752974439	-1.063	5.669	-0.517

1495752974449	-1.58	16.281	2.748

1495752974457	-3.629	19.614	13.111

1495752974467	-6.033	19.614	19.585

1495752974479	-7.728	19.614	17.076

1495752974494	-7.489	19.614	7.767

1495752974529	-5.947	19.614	8.121

1495752974538	-2.288	17.19	9.538

1495752974540	-0.478	13.532	9.28

1495752974542	0.66	11.387	8.6

1495752974547	1.34	9.644	7.814

1495752974557	1.513	8.992	7.364

1495752974567	1.063	8.609	5.985

1495752974577	0.306	8.226	4.395

1495752974587	-0.632	7.7	4.118

1495752974601	-1.043	6.694	3.572

1495752974607	-0.976	4.357	3.601

1495752974617	-0.383	1.838	3.696

1495752974628	0.593	-0.536	3.782

1495752974640	1.11	-2.365	3.256

1495752974648	1.197	-3.505	2.174

1495752974658	1.264	-3.696	1.015

1495752974668	1.235	-3.524	0.555

1495752974680	1.12	-3.514	-0.134

1495752974695	0.603	-3.17	-2.25

1495752974707	0.478	-2.959	-2.7

1495752974717	0.593	-2.49	-2.892

1495752974727	0.651	-2.087	-3.074

1495752974737	0.306	0.593	-9.557

1495752974752	0.009	2.806	-12.651

1495752974757	0.919	1.992	-5.976

1495752974767	2.059	-0.363	0.344

1495752974778	2.212	-0.009	10.4

1495752974789	3.246	4.386	19.604

1495752974797	4.874	9.05	19.585

1495752974807	4.252	11.138	12.076

1495752974817	2.997	12.967	0.526

1495752974827	1.695	17.928	-4.213

1495752974838	-1.905	19.614	-5.612

1495752974852	-10.237	19.614	-8.37

1495752974857	-16.97	19.614	-9.567

1495752974868	-16.798	19.614	-8.561

1495752974877	-10.937	19.614	-5.411

1495752974888	-5.947	19.614	-0.584

1495752974898	1.829	19.614	17.123

1495752974908	4.108	18.349	19.479

1495752974918	1.312	15.505	8.715

1495752974929	-0.976	15.773	0.909

1495752974958	-0.775	16.721	5.018

1495752974961	0.258	14.777	10.822

1495752974964	1.158	12.124	10.305

1495752974968	1.781	10.027	7.106

1495752974978	0.804	7.671	6.148

1495752975006	-2.011	3.112	6.062

1495752975011	-2.336	1.494	5.037

1495752975018	-1.628	0.861	1.12

1495752975027	-0.612	1.043	-1.388

1495752975039	-0.306	1.245	-1.963

1495752975049	0.095	0.565	-2.049

1495752975057	0.363	-0.986	-1.925

1495752975067	0.191	-2.135	-1.972

1495752975077	0.095	-2.442	-2.7

1495752975087	-0.306	-3.208	-4.759

1495752975097	-0.095	-4.711	-10.017

1495752975110	-0.861	-3.917	-5.545

1495752975124	-2.145	-3.466	-2.02

1495752975128	-2.777	-2.557	-0.124

1495752975139	-0.258	2.106	10.735

1495752975147	-0.258	2.106	3.198

1495752975157	-1.197	3.687	-1.101

1495752975167	-1.723	10.228	-0.842

1495752975177	-2.576	18.732	2.595

1495752975188	-2.825	19.614	12.153

1495752975198	-2.71	19.614	17.727

1495752975211	-2.978	19.614	15.419

1495752975218	-2.834	19.614	11.693

1495752975227	-3.438	19.614	7.958

1495752975239	-6.167	19.614	7.556

1495752975248	-7.671	19.614	9.261

1495752975257	-7.498	17.066	11.588

1495752975276	-4.711	12.402	12.182

1495752975277	-1.589	10.046	10.554

1495752975287	0.201	8.504	8.092

1495752975297	1.034	7.652	6.024

1495752975307	1.149	7.173	4.233

