1495998716239	0.013056221	-0.00532907	0.016253663

1495998716248	0.009725553	-0.004263256	0.022781774

1495998716258	0.0065281107	-0.004263256	0.019584332

1495998716268	0.0065281107	-0.00532907	0.017452704

1495998716278	0.00532907	-0.003197442	0.015187849

1495998716288	0.010791367	0.002131628	0.022781774

1495998716300	0.009725553	0.004263256	0.018518519

1495998716308	0.008659739	0.001065814	0.016253663

1495998716320	0.0119904075	0.003197442	0.021715961

1495998716330	0.0119904075	0.0	0.018518519

1495998716339	0.008659739	-0.0075939246	0.020650147

1495998716348	0.0075939246	-0.004263256	0.02504663

1495998716358	0.0075939246	-0.003197442	0.020650147

1495998716368	0.004263256	-0.00532907	0.017452704

1495998716378	0.009725553	0.0	0.021715961

1495998716391	0.0119904075	0.003197442	0.020650147

1495998716398	0.008659739	-0.0065281107	0.022781774

1495998716408	0.00532907	-0.00532907	0.021715961

1495998716418	0.010791367	-0.001065814	0.019584332

1495998716428	0.0075939246	0.0	0.017452704

1495998716441	0.0075939246	-0.001065814	0.015187849

1495998716448	0.0119904075	0.0	0.021715961

1495998716458	0.010791367	-0.004263256	0.021715961

1495998716468	0.009725553	-0.010791367	0.023980815

1495998716478	0.008659739	-0.004263256	0.018518519

1495998716490	0.009725553	-0.002131628	0.017452704

1495998716498	0.0119904075	-0.002131628	0.018518519

1495998716508	0.010791367	0.002131628	0.017452704

1495998716518	0.013056221	0.003197442	0.019584332

1495998716528	0.010791367	0.002131628	0.019584332

1495998716541	0.014122035	-0.003197442	0.017452704

1495998716548	0.010791367	-0.00532907	0.018518519

1495998716558	0.004263256	-0.00532907	0.022781774

1495998716568	0.00532907	0.0	0.020650147

1495998716578	0.003197442	0.003197442	0.018518519

1495998716591	0.008659739	0.002131628	0.017452704

1495998716598	0.0075939246	-0.003197442	0.018518519

1495998716609	0.0065281107	0.001065814	0.017452704

1495998716619	0.0075939246	0.003197442	0.018518519

1495998716628	0.0119904075	0.003197442	0.018518519

1495998716646	0.013056221	0.0	0.02504663

1495998716654	0.010791367	0.0	0.016253663

1495998716667	0.009725553	0.002131628	0.017452704

1495998716677	0.010791367	0.002131628	0.0119904075

1495998716679	0.010791367	-0.002131628	0.016253663

1495998716691	0.0119904075	-0.004263256	0.018518519

1495998716700	0.00532907	-0.0075939246	0.017452704

1495998716708	0.0065281107	-0.00532907	0.014122035

1495998716718	0.0075939246	-0.004263256	0.018518519

1495998716728	0.0075939246	-0.001065814	0.020650147

1495998716742	0.0075939246	-0.003197442	0.022781774

1495998716748	0.009725553	0.0	0.018518519

1495998716758	0.010791367	0.0075939246	0.019584332

1495998716768	0.0065281107	0.004263256	0.022781774

1495998716778	0.008659739	0.0	0.014122035

1495998716790	0.008659739	-0.001065814	0.019584332

1495998716798	0.004263256	-0.004263256	0.019584332

1495998716809	0.008659739	-0.00532907	0.021715961

1495998716819	0.008659739	-0.00532907	0.022781774

1495998716828	0.00532907	-0.004263256	0.021715961

1495998716841	0.008659739	-0.003197442	0.018518519

1495998716848	0.008659739	-0.003197442	0.017452704

1495998716858	0.009725553	-0.001065814	0.017452704

1495998716869	0.0075939246	0.001065814	0.018518519

1495998716878	0.0075939246	0.002131628	0.017452704

1495998716891	0.0119904075	0.002131628	0.015187849

1495998716898	0.013056221	0.0	0.014122035

1495998716910	0.010791367	0.001065814	0.019584332

1495998716918	0.008659739	0.001065814	0.015187849

1495998716928	0.010791367	0.00532907	0.020650147

1495998716941	0.0119904075	0.0	0.020650147

1495998716948	0.009725553	-0.003197442	0.020650147

1495998716958	0.010791367	-0.004263256	0.017452704

1495998716968	0.0119904075	0.001065814	0.021715961

1495998716978	0.008659739	-0.004263256	0.02504663

1495998716999	0.004263256	-0.003197442	0.020650147

1495998717010	0.0075939246	-0.002131628	0.013056221

1495998717019	0.008659739	-0.2769784	0.020650147

1495998717052	0.00532907	-0.001065814	0.020650147

1495998717053	0.00532907	-0.004263256	0.017452704

1495998717054	0.0075939246	0.001065814	0.020650147

1495998717058	0.0075939246	0.00532907	0.020650147

1495998717068	0.0075939246	0.0	0.018518519

1495998717079	0.009725553	-0.00532907	0.018518519

1495998717090	0.010791367	-0.003197442	0.022781774

1495998717098	0.0075939246	-0.001065814	0.020650147

1495998717108	0.0065281107	0.00532907	0.021715961

1495998717118	0.010791367	-0.003197442	0.019584332

1495998717128	0.013056221	0.0	0.016253663

1495998717141	0.0065281107	-0.001065814	0.019584332

1495998717148	0.0075939246	-0.004263256	0.016253663

1495998717158	0.009725553	-0.0075939246	0.022781774

1495998717168	0.010791367	-0.001065814	0.019584332

1495998717179	0.0065281107	-0.002131628	0.016253663

1495998717191	0.0119904075	-0.001065814	0.019584332

1495998717199	0.0119904075	-0.003197442	0.019584332

1495998717209	0.004263256	-0.00532907	0.018518519

1495998717218	0.008659739	-0.0065281107	0.016253663

1495998717228	0.0119904075	-0.001065814	0.019584332

1495998717242	0.00532907	0.0	0.020650147

1495998717248	0.008659739	0.002131628	0.017452704

1495998717258	0.016253663	0.0	0.017452704

1495998717268	0.008659739	-0.004263256	0.018518519

1495998717278	0.0075939246	-0.003197442	0.015187849

1495998717293	0.0119904075	-0.003197442	0.018518519

1495998717298	0.014122035	-0.004263256	0.013056221

1495998717308	0.013056221	-0.003197442	0.009725553

1495998717318	0.010791367	-0.0065281107	0.018518519

1495998717328	0.008659739	-0.0065281107	0.019584332

1495998717341	0.008659739	-0.004263256	0.018518519

1495998717348	0.0119904075	-0.003197442	0.021715961

1495998717358	0.0065281107	-0.002131628	0.021715961

1495998717368	0.009725553	-0.004263256	0.018518519

1495998717378	0.0075939246	-0.004263256	0.017452704

1495998717390	0.009725553	-0.00532907	0.018518519

1495998717398	0.0075939246	0.0	0.013056221

1495998717408	0.0065281107	-0.002131628	0.023980815

1495998717418	0.008659739	-0.004263256	0.018518519

1495998717428	0.003197442	-0.002131628	0.022781774

1495998717443	0.013056221	0.00532907	0.023980815

1495998717448	0.010791367	-0.001065814	0.017452704

1495998717460	0.00532907	-0.004263256	0.020650147

1495998717468	0.0075939246	-0.002131628	0.010791367

1495998717478	0.00532907	-0.0065281107	0.0119904075

1495998717490	0.008659739	-0.00532907	0.018518519

1495998717498	0.0075939246	0.0	0.016253663

1495998717508	0.002131628	-0.003197442	0.018518519

1495998717518	0.0065281107	-0.002131628	0.017452704

1495998717528	0.008659739	-0.00532907	0.014122035

1495998717543	0.004263256	-0.002131628	0.020650147

1495998717558	0.0065281107	-0.008659739	0.018518519

1495998717568	0.010791367	-0.002131628	0.021715961

1495998717578	0.009725553	0.001065814	0.019584332

1495998717590	0.008659739	-0.0065281107	0.019584332

1495998717598	0.009725553	-0.002131628	0.016253663

1495998717608	0.00532907	-0.0065281107	0.020650147

1495998717618	0.009725553	-0.008659739	0.013056221

1495998717629	0.014122035	-0.004263256	0.017452704

1495998717646	0.013056221	0.002131628	0.017452704

1495998717654	0.010791367	0.002131628	0.021715961

1495998717691	0.008659739	0.0	0.020650147

1495998717693	0.0065281107	-0.001065814	0.020650147

1495998717694	0.0075939246	-0.002131628	0.018518519

1495998717695	0.00532907	-0.003197442	0.017452704

1495998717698	0.008659739	-0.002131628	0.017452704

1495998717708	0.0065281107	-0.003197442	0.018518519

1495998717718	0.00532907	-0.002131628	0.021715961

1495998717728	0.0119904075	-0.0065281107	0.018518519

1495998717743	0.0075939246	-0.002131628	0.014122035

1495998717748	0.0065281107	-0.003197442	0.020650147

1495998717759	0.004263256	-0.0065281107	0.019584332

1495998717768	0.00532907	-0.00532907	0.021715961

1495998717778	0.0065281107	-0.0075939246	0.020650147

1495998717790	0.0075939246	-0.004263256	0.020650147

1495998717798	0.008659739	-0.0065281107	0.018518519

1495998717809	0.001065814	-0.0075939246	0.022781774

1495998717818	0.001065814	-0.0075939246	0.021715961

1495998717828	0.014122035	-0.0075939246	0.026112443

1495998717845	0.003197442	-0.001065814	0.022781774

1495998717850	0.009725553	-0.003197442	0.020650147

1495998717858	0.009725553	-0.009725553	0.02504663

1495998717868	0.00532907	-0.004263256	0.016253663

1495998717878	0.008659739	-0.002131628	0.017452704

1495998717891	0.0119904075	0.0	0.02504663

1495998717898	0.010791367	-0.003197442	0.017452704

1495998717910	0.0075939246	-0.002131628	0.019584332

1495998717918	0.008659739	-0.0065281107	0.021715961

1495998717928	0.008659739	-0.004263256	0.019584332

1495998717942	0.0075939246	0.0	0.013056221

1495998717948	0.008659739	-0.0065281107	0.009725553

1495998717958	0.0119904075	0.002131628	0.015187849

1495998717968	0.0065281107	0.004263256	0.022781774

1495998717978	0.008659739	-0.001065814	0.018518519

1495998717994	0.010791367	0.002131628	0.019584332

1495998718008	0.00532907	-0.002131628	0.023980815

1495998718018	0.00532907	-0.0075939246	0.019584332

1495998718028	0.008659739	-0.003197442	0.026112443

1495998718042	0.008659739	-0.002131628	0.02504663

1495998718048	0.0065281107	0.002131628	0.026112443

1495998718059	0.008659739	-0.00532907	0.023980815

1495998718068	0.010791367	-0.001065814	0.018518519

1495998718078	0.010791367	0.0	0.018518519

1495998718090	0.0075939246	-0.0075939246	0.018518519

1495998718098	0.009725553	-0.004263256	0.016253663

1495998718108	0.008659739	-0.002131628	0.017452704

1495998718118	0.00532907	-0.0065281107	0.022781774

1495998718128	0.00532907	-0.002131628	0.026112443

1495998718143	0.0119904075	-0.001065814	0.016253663

1495998718158	0.008659739	-0.001065814	0.016253663

1495998718168	0.008659739	-0.003197442	0.021715961

1495998718178	0.010791367	-0.002131628	0.022781774

1495998718190	0.013056221	-0.001065814	0.017452704

1495998718198	0.0119904075	-0.00532907	0.017452704

1495998718208	0.010791367	0.0	0.019584332

1495998718218	0.0065281107	0.003197442	0.014122035

1495998718228	0.010791367	0.00532907	0.014122035

1495998718241	0.009725553	0.00532907	0.0119904075

1495998718248	0.0119904075	0.001065814	0.019584332

1495998718258	0.009725553	0.001065814	0.016253663

1495998718268	0.008659739	-0.001065814	0.0075939246

1495998718278	0.009725553	-0.0065281107	0.013056221

1495998718290	0.010791367	-0.009725553	0.017452704

1495998718298	0.008659739	-0.002131628	0.018518519

1495998718308	0.010791367	-0.00532907	0.020650147

1495998718318	0.010791367	-0.004263256	0.022781774

1495998718328	0.0075939246	-0.004263256	0.030508926

1495998718341	0.003197442	-0.003197442	0.03157474

1495998718349	0.004263256	-0.0065281107	0.019584332

1495998718358	0.009725553	-0.008659739	0.019584332

1495998718368	0.009725553	-0.004263256	0.019584332

1495998718379	0.010791367	-0.002131628	0.019584332

1495998718390	0.010791367	-0.0065281107	0.010791367

1495998718398	0.010791367	-0.004263256	0.016253663

1495998718408	0.004263256	0.004263256	0.018518519

1495998718418	0.0075939246	0.004263256	0.020650147

1495998718428	0.0075939246	-0.002131628	0.022781774

1495998718444	0.0075939246	-0.002131628	0.021715961

1495998718448	0.009725553	-0.001065814	0.021715961

1495998718458	0.008659739	-0.002131628	0.023980815

1495998718468	0.010791367	-0.001065814	0.022781774

1495998718478	0.00532907	-0.00532907	0.023980815

1495998718491	0.0065281107	-0.004263256	0.022781774

1495998718498	0.0119904075	-0.002131628	0.021715961

1495998718508	0.0119904075	-0.001065814	0.020650147

1495998718518	0.014122035	-0.001065814	0.017452704

1495998718529	0.009725553	-0.003197442	0.009725553

1495998718543	0.010791367	-0.004263256	0.018518519

1495998718559	0.013056221	-0.001065814	0.018518519

1495998718568	0.008659739	-0.002131628	0.020650147

1495998718578	0.0075939246	-0.00532907	0.019584332

1495998718590	0.0075939246	-0.004263256	0.018518519

1495998718598	0.010791367	-0.003197442	0.023980815

1495998718608	0.008659739	-0.002131628	0.019584332

1495998718618	0.0119904075	0.27804422	0.018518519

1495998718628	0.008659739	0.003197442	0.021715961

1495998718641	0.009725553	-0.002131628	0.02504663

1495998718649	0.0075939246	-0.003197442	0.0119904075

1495998718661	0.009725553	-0.001065814	0.010791367

1495998718668	0.009725553	0.001065814	0.0119904075

1495998718678	0.0075939246	0.004263256	0.018518519

1495998718693	0.0119904075	0.001065814	0.017452704

1495998718698	0.008659739	-0.001065814	0.015187849

1495998718708	0.010791367	-0.002131628	0.017452704

1495998718718	0.008659739	-0.003197442	0.016253663

1495998718728	0.004263256	-0.001065814	0.019584332

1495998718743	0.008659739	0.0	0.020650147

1495998718758	0.004263256	-0.002131628	0.017452704

1495998718768	0.004263256	-0.004263256	0.020650147

1495998718778	0.009725553	0.002131628	0.020650147

1495998718791	0.0075939246	-0.0065281107	0.018518519

1495998718798	0.010791367	0.002131628	0.020650147

1495998718809	0.0119904075	-0.00532907	0.020650147

1495998718818	0.009725553	-0.00532907	0.015187849

1495998718829	0.009725553	0.001065814	0.020650147

1495998718843	0.014122035	0.003197442	0.016253663

1495998718848	0.010791367	-0.003197442	0.020650147

1495998718859	0.0075939246	-0.001065814	0.023980815

1495998718868	0.009725553	-0.001065814	0.021715961

1495998718878	0.0119904075	-0.004263256	0.019584332

1495998718890	0.009725553	-0.0075939246	0.019584332

1495998718898	0.009725553	-0.003197442	0.018518519

1495998718909	0.010791367	0.0	0.016253663

1495998718918	0.0065281107	0.0	0.021715961

1495998718928	0.00532907	-0.003197442	0.022781774

1495998718942	0.0119904075	-0.003197442	0.018518519

1495998718948	0.013056221	-0.001065814	0.016253663

1495998718959	0.0075939246	-0.004263256	0.019584332

1495998718968	0.014122035	-0.0065281107	0.0119904075

1495998718978	0.009725553	-0.004263256	0.0119904075

1495998718996	0.0075939246	-0.0075939246	0.015187849

1495998719008	0.015187849	-0.001065814	0.022781774

1495998719018	0.008659739	0.0	0.022781774

1495998719028	0.008659739	0.0	0.027178258

1495998719041	0.008659739	-0.004263256	0.020650147

1495998719048	0.0065281107	-0.0065281107	0.016253663

1495998719058	0.003197442	-0.0065281107	0.016253663

1495998719069	0.004263256	-0.008659739	0.017452704

1495998719078	0.008659739	-0.003197442	0.015187849

1495998719090	0.010791367	-0.004263256	0.019584332

1495998719099	0.009725553	-0.001065814	0.019584332

1495998719109	0.010791367	0.001065814	0.018518519

1495998719118	0.0119904075	0.003197442	0.022781774

1495998719128	0.010791367	0.004263256	0.022781774

1495998719142	0.003197442	-0.004263256	0.020650147

1495998719148	0.003197442	-0.003197442	0.020650147

1495998719158	0.0075939246	-0.0065281107	0.015187849

1495998719168	0.0119904075	-0.003197442	0.019584332

1495998719178	0.015187849	-0.003197442	0.019584332

1495998719190	0.008659739	-0.003197442	0.021715961

1495998719198	0.0075939246	-0.0075939246	0.016253663

1495998719208	0.010791367	-0.003197442	0.019584332

1495998719218	0.010791367	-0.004263256	0.019584332

1495998719228	0.0075939246	0.001065814	0.016253663

1495998719241	0.0065281107	0.003197442	0.016253663

1495998719248	0.00532907	-0.002131628	0.013056221

1495998719258	0.00532907	-0.001065814	0.018518519

1495998719268	0.0075939246	0.002131628	0.020650147

1495998719279	0.010791367	-0.002131628	0.017452704

1495998719294	0.010791367	-0.001065814	0.017452704

1495998719298	0.008659739	0.002131628	0.016253663

1495998719309	0.004263256	0.001065814	0.015187849

1495998719319	0.00532907	-0.002131628	0.018518519

1495998719328	0.010791367	-0.001065814	0.018518519

1495998719341	0.010791367	-0.003197442	0.014122035

1495998719348	0.0065281107	-0.00532907	0.019584332

1495998719358	0.009725553	-0.0065281107	0.016253663

1495998719368	0.008659739	-0.004263256	0.017452704

1495998719378	0.0075939246	-0.004263256	0.014122035

1495998719390	0.008659739	-0.003197442	0.022781774

1495998719398	0.016253663	0.0	0.022781774

1495998719408	0.008659739	-0.00532907	0.013056221

1495998719418	0.009725553	-0.00532907	0.020650147

1495998719428	0.0065281107	0.0	0.02504663

1495998719442	0.0065281107	-0.0065281107	0.02504663

1495998719448	0.0075939246	-0.0075939246	0.022781774

1495998719459	0.0065281107	-0.00532907	0.019584332

1495998719468	0.0075939246	-0.002131628	0.022781774

1495998719478	0.008659739	-0.002131628	0.02504663

1495998719490	0.009725553	0.001065814	0.023980815

1495998719498	0.0075939246	0.001065814	0.013056221

1495998719508	0.010791367	-0.00532907	0.017452704

1495998719518	0.0119904075	-0.004263256	0.015187849

1495998719528	0.008659739	-0.003197442	0.0119904075

1495998719541	0.009725553	-0.002131628	0.019584332

1495998719549	0.008659739	-0.002131628	0.023980815

1495998719558	0.008659739	-0.004263256	0.020650147

1495998719568	0.009725553	-0.002131628	0.0119904075

1495998719578	0.0065281107	-0.008659739	0.021715961

1495998719592	0.010791367	-0.0065281107	0.02504663

1495998719598	0.0119904075	-0.001065814	0.020650147

1495998719608	0.009725553	-0.002131628	0.015187849

1495998719618	0.009725553	-0.0065281107	0.013056221

1495998719628	0.009725553	-0.004263256	0.018518519

1495998719641	0.0075939246	-0.003197442	0.019584332

1495998719648	0.010791367	-0.00532907	0.019584332

1495998719658	0.0065281107	-0.008659739	0.016253663

1495998719668	0.009725553	-0.003197442	0.016253663

1495998719678	0.010791367	-0.0075939246	0.015187849

1495998719690	0.010791367	-0.004263256	0.020650147

1495998719698	0.009725553	0.0	0.020650147

1495998719708	0.013056221	-0.001065814	0.021715961

1495998719718	0.0065281107	-0.0065281107	0.023980815

1495998719729	0.009725553	-0.003197442	0.023980815

1495998719746	0.010791367	0.002131628	0.019584332

1495998719760	0.010791367	0.004263256	0.020650147

1495998719769	0.008659739	0.002131628	0.020650147

1495998719779	0.010791367	-0.001065814	0.017452704

1495998719795	0.00532907	-0.004263256	0.021715961

1495998719809	0.0075939246	-0.002131628	0.018518519

1495998719818	0.0075939246	-0.002131628	0.02504663

1495998719828	0.003197442	-0.003197442	0.027178258

1495998719841	0.004263256	-0.0065281107	0.016253663

1495998719849	0.0065281107	-0.001065814	0.015187849

1495998719858	0.008659739	-0.00532907	0.019584332

1495998719868	0.008659739	-0.004263256	0.023980815

1495998719878	0.0075939246	-0.0065281107	0.019584332

1495998719892	0.009725553	-0.002131628	0.021715961

1495998719898	0.008659739	0.0	0.021715961

1495998719908	0.004263256	-0.003197442	0.020650147

1495998719918	0.004263256	-0.002131628	0.022781774

1495998719931	0.00532907	-0.002131628	0.014122035

1495998719941	0.00532907	-0.004263256	0.016253663

1495998719948	0.008659739	-0.003197442	0.022781774

1495998719958	0.0065281107	-0.002131628	0.022781774

1495998719968	0.0119904075	-0.002131628	0.019584332

1495998719978	0.008659739	-0.004263256	0.020650147

1495998719994	0.0075939246	-0.008659739	0.018518519

1495998720008	0.0119904075	-0.004263256	0.020650147

1495998720018	0.008659739	0.001065814	0.020650147

1495998720029	0.0075939246	-0.003197442	0.019584332

1495998720050	0.002131628	-0.002131628	0.019584332

1495998720051	0.00532907	-0.002131628	0.019584332

1495998720058	0.008659739	-0.003197442	0.014122035

1495998720074	0.010791367	-0.002131628	0.017452704

1495998720078	0.00532907	-0.002131628	0.014122035

1495998720092	0.0065281107	-0.010791367	0.015187849

1495998720098	0.00532907	-0.004263256	0.020650147

1495998720108	0.010791367	-0.001065814	0.015187849

1495998720118	0.0075939246	-0.002131628	0.016253663

1495998720128	0.0065281107	-0.008659739	0.016253663

1495998720141	0.0065281107	-0.001065814	0.021715961

1495998720148	0.009725553	0.002131628	0.0119904075

1495998720158	0.013056221	-0.00532907	0.015187849

1495998720168	0.010791367	-0.009725553	0.020650147

1495998720178	0.014122035	-0.0065281107	0.019584332

1495998720192	0.014122035	-0.002131628	0.020650147

1495998720198	0.009725553	-0.002131628	0.020650147

1495998720208	0.004263256	-0.00532907	0.022781774

1495998720218	0.008659739	-0.003197442	0.022781774

1495998720228	0.0075939246	-0.001065814	0.023980815

1495998720241	0.009725553	-0.00532907	0.016253663

1495998720248	0.009725553	-0.003197442	0.019584332

1495998720258	0.0065281107	-0.001065814	0.021715961

1495998720268	0.008659739	-0.001065814	0.014122035

1495998720278	0.014122035	-0.001065814	0.008659739

1495998720290	0.0119904075	-0.001065814	0.016253663

1495998720299	0.013056221	-0.003197442	0.018518519

1495998720309	0.0119904075	-0.004263256	0.018518519

1495998720325	0.0119904075	0.001065814	0.022781774

1495998720329	0.013056221	-0.001065814	0.020650147

1495998720341	0.010791367	-0.003197442	0.019584332

1495998720348	0.00532907	-0.002131628	0.020650147

1495998720358	0.00532907	-0.0065281107	0.02504663

1495998720368	0.0065281107	-0.008659739	0.017452704

1495998720378	0.010791367	-0.00532907	0.019584332

1495998720390	0.010791367	-0.0065281107	0.017452704

1495998720398	0.008659739	-0.001065814	0.017452704

1495998720408	0.0075939246	-0.002131628	0.021715961

1495998720418	0.0065281107	-0.003197442	0.016253663

1495998720428	0.004263256	-0.003197442	0.020650147

1495998720442	0.0065281107	-0.001065814	0.0119904075

1495998720448	0.0119904075	0.004263256	0.017452704

1495998720458	0.010791367	-0.002131628	0.019584332

1495998720468	0.010791367	-0.00532907	0.018518519

1495998720478	0.009725553	-0.003197442	0.018518519

1495998720492	0.009725553	-0.004263256	0.02504663

1495998720498	0.015187849	0.001065814	0.019584332

1495998720509	0.009725553	0.001065814	0.018518519

1495998720518	0.008659739	0.0	0.022781774

1495998720528	0.0075939246	-0.0065281107	0.019584332

1495998720541	0.0075939246	-0.002131628	0.022781774

1495998720548	0.010791367	-0.00532907	0.020650147

1495998720558	0.010791367	-0.00532907	0.017452704

1495998720568	0.0065281107	-0.003197442	0.014122035

1495998720578	0.013056221	-0.001065814	0.010791367

1495998720590	0.009725553	-0.00532907	0.014122035

1495998720598	0.0075939246	-0.002131628	0.018518519

1495998720608	0.009725553	-0.00532907	0.013056221

1495998720618	0.013056221	0.001065814	0.016253663

1495998720629	0.0065281107	-0.008659739	0.014122035

1495998720644	0.008659739	-0.0065281107	0.016253663

1495998720648	0.0119904075	-0.002131628	0.023980815

1495998720663	0.0119904075	-0.004263256	0.020650147

1495998720669	0.008659739	-0.004263256	0.0119904075

1495998720684	0.008659739	0.0	0.019584332

1495998720690	0.009725553	-0.00532907	0.022781774

1495998720698	0.009725553	-0.00532907	0.014122035

1495998720708	0.010791367	0.0	0.020650147

1495998720718	0.0065281107	-0.003197442	0.019584332

1495998720728	0.003197442	-0.001065814	0.022781774

1495998720744	0.008659739	-0.004263256	0.021715961

1495998720759	0.008659739	-0.002131628	0.019584332

1495998720768	0.013056221	-0.004263256	0.019584332

1495998720778	0.016253663	-0.001065814	0.015187849

1495998720790	0.0119904075	-0.003197442	0.015187849

1495998720798	0.0119904075	0.001065814	0.016253663

1495998720818	0.0119904075	0.001065814	0.022781774

1495998720828	0.010791367	-0.004263256	0.016253663

1495998720841	0.00532907	-0.002131628	0.019584332

1495998720849	0.003197442	0.0	0.014122035

1495998720858	0.008659739	0.001065814	0.017452704

1495998720868	0.009725553	-0.004263256	0.020650147

1495998720878	0.0075939246	-0.0075939246	0.019584332

1495998720890	0.008659739	-0.001065814	0.014122035

1495998720899	0.013056221	-0.001065814	0.015187849

1495998720908	0.010791367	-0.003197442	0.015187849

1495998720918	0.0075939246	0.0	0.014122035

1495998720928	0.008659739	-0.002131628	0.013056221

1495998720941	0.00532907	-0.00532907	0.014122035

1495998720949	0.0119904075	-0.003197442	0.014122035

1495998720958	0.00532907	-0.003197442	0.018518519

1495998720968	0.008659739	-0.001065814	0.018518519

1495998720978	0.008659739	-0.00532907	0.013056221

1495998720992	0.0119904075	-0.00532907	0.022781774

1495998721008	0.015187849	0.003197442	0.021715961

1495998721018	0.010791367	-0.001065814	0.010791367

1495998721028	0.010791367	-0.002131628	0.016253663

1495998721044	0.009725553	-0.010791367	0.017452704

1495998721052	0.009725553	0.0	0.018518519

1495998721059	0.004263256	-0.003197442	0.018518519

1495998721069	0.010791367	-0.004263256	0.017452704

1495998721078	0.009725553	0.001065814	0.019584332

1495998721090	0.009725553	-0.002131628	0.017452704

1495998721098	0.0065281107	-0.0065281107	0.014122035

1495998721108	0.0065281107	0.0	0.020650147

1495998721118	0.0065281107	-0.004263256	0.02504663

1495998721128	0.008659739	-0.003197442	0.021715961

1495998721141	0.009725553	-0.001065814	0.019584332

1495998721148	0.010791367	0.001065814	0.020650147

1495998721158	0.0065281107	-0.003197442	0.021715961

1495998721168	0.010791367	0.0	0.023980815

1495998721178	0.0119904075	0.001065814	0.019584332

1495998721190	0.009725553	-0.001065814	0.020650147

1495998721198	0.008659739	-0.002131628	0.021715961

1495998721208	0.008659739	-0.27924326	0.015187849

1495998721218	0.016253663	-0.001065814	0.015187849

