1496849519120	-17.52	21.84	6.48

1496849519211	-16.68	21.78	4.92

1496849519283	-15.6	22.56	3.24

1496849519376	-14.76	23.34	3.48

1496849519474	-15.72	22.62	5.46

1496849519589	-15.06	22.32	5.46

1496849519681	-14.46	21.96	5.46

1496849519778	-14.16	21.36	6.18

1496849519881	-13.98	20.4	7.26

1496849519975	-14.16	19.44	8.22

1496849520074	-14.58	18.24	9.36

1496849520182	-15.18	16.68	10.2

1496849520300	-15.72	15.24	10.62

1496849520375	-15.9	14.1	10.92

1496849520474	-16.32	13.5	11.34

1496849520576	-16.08	13.44	11.46

1496849520699	-15.78	13.62	11.64

1496849520774	-15.18	13.8	11.94

1496849520876	-14.4	13.86	12.36

1496849520974	-13.56	14.1	13.08

1496849521074	-12.96	14.28	14.04

1496849521183	-12.96	13.86	14.88

1496849521274	-12.66	13.2	15.6

1496849521374	-12.72	11.88	16.38

1496849521481	-13.02	10.44	17.04

1496849521573	-13.56	8.58	17.64

1496849521674	-14.28	7.56	18.0

1496849521763	-14.46	7.08	18.3

1496849521884	-14.28	7.14	18.78

1496849521975	-13.74	8.34	18.9

1496849522073	-13.08	9.0	18.78

1496849522172	-12.24	10.02	18.96

1496849522274	-11.34	10.92	19.5

1496849522372	-10.56	12.12	20.22

1496849522494	-9.78	12.18	21.24

1496849522572	-9.36	11.7	21.72

1496849522674	-9.42	10.62	22.02

1496849522785	-9.84	8.64	22.44

1496849522874	-10.5	6.96	23.04

1496849522974	-11.4	5.4	23.64

1496849523077	-12.0	4.98	23.7

1496849523172	-12.0	5.04	23.94

1496849523280	-11.7	6.06	23.94

1496849523372	-10.62	7.38	24.06

1496849523472	-9.54	9.0	24.18

1496849523575	-7.8	10.56	24.6

1496849523672	-5.82	11.94	25.32

