1496827743439	22.47548	-16.46838	-21.291487

1496827743441	22.499086	-16.362267	-21.391277

1496827743445	22.525333	-16.256765	-21.485254

1496827743486	22.553957	-16.154314	-21.553167

1496827743490	22.599716	-16.054607	-21.622622

1496827743494	22.665901	-15.957371	-21.685131

1496827743497	22.725468	-15.869858	-21.741388

1496827743501	22.779078	-15.791096	-21.79202

1496827743505	22.817326	-15.727711	-21.83759

1496827743576	22.846748	-15.6781645	-21.895267

1496827743580	22.85323	-15.6510725	-21.943012

1496827743583	22.839062	-15.66169	-21.985983

1496827743587	22.808811	-15.698745	-22.020489

1496827743591	22.754086	-15.759595	-22.064045

1496827743595	22.704832	-15.82686	-22.115744

1496827743598	22.655506	-15.9049	-22.162273

1496827743601	22.613611	-15.992635	-22.20415

1496827743605	22.575905	-16.076595	-22.22934

1496827743608	22.54697	-16.15216	-22.26451

1496827743612	22.523428	-16.21267	-22.291996

1496827743753	22.51224	-16.247128	-22.316734

1496827743755	22.51217	-16.25814	-22.330666

1496827743758	22.51961	-16.253052	-22.334871

1496827743762	22.536304	-16.22347	-22.330322

1496827743766	22.561329	-16.179348	-22.317894

1496827743769	22.59885	-16.117138	-22.323376

1496827743772	22.65262	-16.05865	-22.32831

1496827743776	22.721014	-15.996009	-22.33275

1496827743779	22.802568	-15.929633	-22.328413

1496827743782	22.908466	-15.854896	-22.316177

1496827743786	23.021275	-15.787631	-22.296831

1496827743789	23.140303	-15.734593	-22.271088

1496827743792	23.247427	-15.701859	-22.235416

1496827743795	23.34384	-15.687399	-22.199146

1496827743799	23.43061	-15.681885	-22.162336

1496827743803	23.496206	-15.694422	-22.129208

1496827743806	23.542742	-15.723205	-22.095226

1496827743809	23.557123	-15.78161	-22.064644

1496827743812	23.545067	-15.856674	-22.037117

1496827743815	23.509216	-15.944232	-22.008177

1496827743949	23.45195	-16.043034	-21.98213

1496827743953	23.37791	-16.141954	-21.958689

1496827743957	23.306274	-16.240984	-21.937592

1496827743960	23.236803	-16.34011	-21.91027

1496827743964	23.174278	-16.429325	-21.873182

1496827743967	23.105507	-16.512117	-21.827301

1496827743970	23.038612	-16.58663	-21.77351

1496827743973	22.973408	-16.66119	-21.708431

1496827743976	22.907223	-16.725796	-21.633194

1496827743981	22.850157	-16.783941	-21.548813

1496827743984	22.798796	-16.828772	-21.46037

1496827743987	22.752571	-16.86162	-21.38077

1496827743990	22.69597	-16.883684	-21.309132

1496827743993	22.635029	-16.883541	-21.257158

1496827743996	22.580181	-16.863413	-21.22288

1496827744000	22.530819	-16.815298	-21.212864

1496827744003	22.493893	-16.746994	-21.22885

1496827744007	22.468159	-16.673021	-21.25157

1496827744010	22.454998	-16.593945	-21.284517

1496827744014	22.458153	-16.522776	-21.31417

1496827744149	22.475994	-16.446224	-21.340858

1496827744152	22.51455	-16.364828	-21.352377

1496827744155	22.56175	-16.276571	-21.32941

1496827744158	22.61673	-16.19714	-21.304573

1496827744161	22.678713	-16.138151	-21.273888

1496827744164	22.756996	-16.115063	-21.24627

1496827744167	22.847452	-16.091782	-21.221413

1496827744170	22.948862	-16.055828	-21.207376

1496827744174	23.052631	-16.00347	-21.207243

1496827744177	23.161024	-15.961348	-21.190456

1496827744181	23.273577	-15.943438	-21.179516

1496827744184	23.379875	-15.947319	-21.169668

1496827744187	23.475544	-15.953312	-21.189972

1496827744190	23.559145	-15.928706	-21.212414

1496827744194	23.619387	-15.889061	-21.24511

1496827744197	23.668604	-15.85338	-21.249537

1496827744201	23.7104	-15.846268	-21.224354

1496827744204	23.745516	-15.862366	-21.172522

1496827744207	23.78212	-15.889355	-21.113375

1496827744337	23.815063	-15.908645	-21.076809

1496827744341	23.847214	-15.921005	-21.060566

1496827744345	23.87115	-15.93713	-21.050114

1496827744349	23.90519	-15.974142	-21.007374

1496827744352	23.938326	-16.017452	-20.956408

1496827744356	23.97815	-16.063932	-20.893871

1496827744359	24.02399	-16.103264	-20.83759

1496827744362	24.075247	-16.136162	-20.770267

1496827744366	24.128878	-16.16577	-20.693012

1496827744369	24.177147	-16.202417	-20.590149

1496827744373	24.220589	-16.2454	-20.472572

1496827744376	24.262184	-16.284084	-20.341753

1496827744379	24.30962	-16.3164	-20.199015

1496827744383	24.367313	-16.335485	-20.062218

1496827744387	24.434238	-16.352661	-19.9391

1496827744390	24.50697	-16.37062	-19.828295

1496827744394	24.584929	-16.389284	-19.732737

1496827744396	24.660091	-16.39858	-19.638401

1496827744400	24.735239	-16.389448	-19.549332

1496827744403	24.802872	-16.361229	-19.465004

1496827744619	24.87124	-16.31833	-19.397442

1496827744622	24.932772	-16.272223	-19.349136

1496827744624	24.98815	-16.223225	-19.34316

1496827744626	25.03799	-16.174128	-19.358616

1496827744628	25.082848	-16.114939	-19.38086

1496827744631	25.133219	-16.06167	-19.409212

1496827744634	25.188553	-16.013727	-19.438896

1496827744637	25.255854	-15.975579	-19.482279

1496827744641	25.328924	-15.953746	-19.521322

1496827744644	25.394688	-15.934095	-19.577293

1496827744647	25.453875	-15.91641	-19.627668

1496827744650	25.507143	-15.897994	-19.673006

1496827744653	25.567585	-15.886419	-19.705477

1496827744657	25.624481	-15.878502	-19.743032

1496827744660	25.680689	-15.873877	-19.785166

1496827744663	25.736275	-15.864714	-19.839752

1496827744666	25.788803	-15.841468	-19.909714

1496827744671	25.83858	-15.798046	-19.981012

1496827744673	25.878376	-15.736466	-20.053514

1496827744676	25.921694	-15.666046	-20.118767

1496827744679	25.96068	-15.585167	-20.210829

1496827744683	25.995768	-15.494875	-20.28535

1496827744686	26.019848	-15.388613	-20.35242

1496827744689	26.031517	-15.285477	-20.412785

1496827744693	26.042019	-15.192654	-20.475445

1496827744696	26.051472	-15.109114	-20.53184

1496827744700	26.06498	-15.058928	-20.582594

1496827744704	26.069637	-15.018761	-20.619938

1496827744707	26.07383	-14.990109	-20.611881

1496827744710	26.077602	-14.971824	-20.596298

1496827744714	26.083496	-14.980366	-20.582273

1496827744976	26.093801	-15.018054	-20.577984

1496827744980	26.105577	-15.069474	-20.582457

1496827744983	26.123676	-15.120752	-20.586481

1496827744986	26.134964	-15.151902	-20.58177

1496827744990	26.145123	-15.167438	-20.565031

1496827744993	26.154264	-15.181419	-20.537466

1496827744997	26.169994	-15.211502	-20.508492

1496827745001	26.19665	-15.251077	-20.465746

1496827745005	26.22064	-15.299193	-20.410608

1496827745008	26.242231	-15.342499	-20.335985

1496827745011	26.251663	-15.391474	-20.24799

1496827745014	26.272652	-15.435552	-20.147963

1496827745018	26.299042	-15.487721	-20.037104

1496827745022	26.332792	-15.534674	-19.924831

1496827745025	26.34817	-15.579432	-19.811287

1496827745028	26.339508	-15.622213	-19.696596

1496827745031	26.309214	-15.663218	-19.57254

1496827745035	26.274448	-15.710121	-19.460892

1496827745038	26.25816	-15.752335	-19.360409

1496827745042	26.2585	-15.795327	-19.27414

1496827745046	26.263805	-15.82402	-19.188164

1496827745050	26.24858	-15.849844	-19.106617

1496827745053	26.224878	-15.865585	-19.02906

1496827745056	26.203547	-15.884752	-18.967592

1496827745059	26.199347	-15.904503	-18.937271

1496827745063	26.205566	-15.924779	-18.930815

1496827745067	26.211164	-15.940527	-18.941671

1496827745071	26.206203	-15.939699	-18.95561

1496827745074	26.17924	-15.933954	-18.97232

1496827745077	26.142471	-15.926284	-18.979027

1496827745080	26.106878	-15.929381	-18.98923

1496827745083	26.072346	-15.934669	-18.998411

1496827745090	26.051268	-15.9444275	-19.006676

1496827745094	26.032297	-15.95321	-18.997448

1496827745098	26.020224	-15.966114	-18.951641

1496827745101	25.999357	-15.977728	-18.902082

1496827745105	25.993078	-15.99318	-18.849144

1496827745108	25.989925	-16.009588	-18.801502

1496827745112	25.99709	-16.024355	-18.733624

1496827745116	26.013535	-16.037645	-18.6517

1496827745438	26.035835	-16.029606	-18.557135

1496827745441	26.060907	-16.01487	-18.447025

1496827745445	26.073473	-15.986608	-18.347927

1496827745448	26.082281	-15.951172	-18.242073

1496827745451	26.082708	-15.919279	-18.17597

1496827745454	26.083094	-15.890575	-18.116476

1496827745457	26.080938	-15.872243	-18.0671

1496827745460	26.0765	-15.863243	-17.976828

1496827745463	26.062506	-15.885143	-17.874748

1496827745466	26.01991	-15.922355	-17.757877

1496827745470	25.966576	-15.965844	-17.627693

1496827745473	25.903574	-16.014986	-17.506361

1496827745477	25.83937	-16.059214	-17.384663

1496827745480	25.774088	-16.101517	-17.262634

1496827745483	25.707834	-16.13459	-17.09031

1496827745486	25.648207	-16.159355	-16.926884

1496827745489	25.594542	-16.181644	-16.7798

1496827745492	25.561243	-16.201704	-16.647425

1496827745496	25.531273	-16.224758	-16.54912

1496827745499	25.504301	-16.250507	-16.452312

1496827745503	25.480026	-16.28618	-16.365187

1496827745506	25.458178	-16.330788	-16.270105

1496827745510	25.438515	-16.383434	-16.167866

1496827745513	25.420818	-16.443316	-16.059185

1496827745516	25.407393	-16.502209	-15.944705

1496827745520	25.39531	-16.560213	-15.8250065

1496827745523	25.384434	-16.617416	-15.671444

1496827745526	25.352146	-16.6764	-15.520739

1496827745530	25.318087	-16.736984	-15.385103

1496827745534	25.282434	-16.799011	-15.263032

1496827745537	25.245346	-16.874836	-15.153168

1496827745541	25.189466	-16.955578	-15.05429

1496827745544	25.114176	-17.040745	-14.9653

1496827745547	25.013914	-17.124895	-14.889375

1496827745550	24.906178	-17.20813	-14.808542

1496827745553	24.809216	-17.29054	-14.735792

1496827745557	24.721949	-17.364712	-14.661985

1496827745560	24.62841	-17.436466	-14.587225

1496827745564	24.511726	-17.498545	-14.499107

1496827745567	24.38671	-17.554415	-14.373968

1496827745571	24.269194	-17.599697	-14.215509

1496827745574	24.17343	-17.640451	-14.022897

1496827745577	24.097242	-17.674631	-13.816212

1496827745581	24.041174	-17.710392	-13.626029

1496827745585	23.988213	-17.747578	-13.450697

1496827745587	23.940548	-17.791044	-13.292898

1496827745590	23.89765	-17.830166	-13.146713

1496827745594	23.876541	-17.860374	-13.031814

1496827745927	23.862541	-17.882563	-12.94507

1496827745931	23.849941	-17.90753	-12.871168

1496827745935	23.838602	-17.942501	-12.817156

1496827745938	23.798397	-17.986475	-12.768545

1496827745942	23.732212	-18.038551	-12.741463

1496827745945	23.640146	-18.087921	-12.717088

1496827745949	23.519787	-18.142353	-12.703484

1496827745952	23.373964	-18.188843	-12.695407

1496827745955	23.202724	-18.238184	-12.696471

1496827745960	23.041107	-18.28259	-12.705763

1496827745964	22.895653	-18.335056	-12.701626

1496827745970	22.764744	-18.389776	-12.697903

1496827745975	22.654427	-18.454023	-12.690384

1496827745979	22.547638	-18.521845	-12.67945

1496827745988	22.44903	-18.585386	-12.640444

1496827745999	22.355282	-18.645073	-12.572004

1496827746014	22.26591	-18.696291	-12.477075

1496827746020	22.182974	-18.752388	-12.358306

1496827746037	22.093332	-18.802876	-12.230579

1496827746050	22.002655	-18.858315	-12.115625

1496827746054	21.896046	-18.908209	-12.012167

1496827746058	21.792597	-18.955612	-11.931555

1496827746062	21.686993	-18.988277	-11.871505

1496827746065	21.579449	-19.012674	-11.838292

1496827746069	21.47266	-19.027132	-11.833401

1496827746073	21.376549	-19.047644	-11.837332

1496827746076	21.29505	-19.078606	-11.861704

1496827746080	21.2267	-19.12897	-11.883638

1496827746082	21.162685	-19.189299	-11.903379

1496827746084	21.097572	-19.246094	-11.908647

1496827746086	21.03147	-19.29971	-11.88422

1496827746089	20.961979	-19.345463	-11.837236

1496827746092	20.899437	-19.399141	-11.765785

1496827746094	20.840649	-19.447453	-11.688978

1496827746097	20.78524	-19.490932	-11.603186

1496827746100	20.722874	-19.517565	-11.509306

1496827746103	20.661741	-19.531532	-11.403981

1496827746107	20.601723	-19.544104	-11.309189

1496827746110	20.542706	-19.555418	-11.228042

1496827746114	20.47459	-19.570602	-11.171676

1496827746117	20.405788	-19.589268	-11.116779

1496827746120	20.336365	-19.616066	-11.059039

1496827746124	20.266384	-19.670183	-10.998739

1496827746127	20.188402	-19.74889	-10.952803

1496827746131	20.103218	-19.854725	-10.940627

1496827746138	20.016552	-19.987476	-10.946336

1496827746142	19.938553	-20.139454	-10.951473

1496827746145	19.875853	-20.308733	-10.935265

1496827746149	19.826923	-20.473583	-10.895676

1496827746152	19.780388	-20.624449	-10.860045

1496827746155	19.728506	-20.76273	-10.8446455

1496827746158	19.646812	-20.887182	-10.859952

1496827746161	19.553288	-20.99919	-10.873728

1496827746165	19.459114	-21.084995	-10.86946

1496827746168	19.364359	-21.132221	-10.848952

1496827746171	19.28908	-21.174725	-10.805495

1496827746175	19.221327	-21.212976	-10.766383

1496827746178	19.16035	-21.249905	-10.718683

1496827746181	19.102972	-21.25314	-10.675753

1496827746706	19.083832	-21.23605	-10.599615

1496827746709	19.084103	-21.200668	-10.5227585

1496827746713	19.086847	-21.148827	-10.4327545

1496827746716	19.091818	-21.102169	-10.330917

1496827746720	19.096292	-21.060177	-10.222597

1496827746724	19.100319	-21.054884	-10.108442

1496827746727	19.086443	-21.05012	-10.001536

1496827746730	19.053953	-21.045832	-9.9011545

1496827746733	19.004713	-21.009474	-9.8066435

1496827746737	18.940397	-20.976751	-9.704918

1496827746741	18.872513	-20.944801	-9.600863

1496827746744	18.811419	-20.948545	-9.507215

1496827746746	18.756433	-20.984417	-9.422931

1496827746750	18.711945	-21.0567	-9.35541

1496827746754	18.661905	-21.129253	-9.28214

1496827746757	18.61187	-21.169552	-9.203697

1496827746760	18.561838	-21.180822	-9.120599

1496827746764	18.524311	-21.183466	-9.033311

1496827746767	18.503035	-21.213345	-8.954751

1496827746770	18.496387	-21.257736	-8.842381

1496827746774	18.495403	-21.307688	-8.712081

1496827746777	18.484518	-21.330143	-8.544811

1496827746781	18.467222	-21.342854	-8.365102

1496827746784	18.446655	-21.354294	-8.203363

1496827746787	18.435646	-21.38209	-8.057798

1496827746790	18.428238	-21.417105	-7.9601235

1496827746794	18.42157	-21.45862	-7.8930492

1496827746797	18.408068	-21.498484	-7.895182

1496827746801	18.380917	-21.544361	-7.947102

1496827746804	18.35648	-21.58815	-8.002164

1496827746807	18.336988	-21.63756	-8.060052

1496827746810	18.326944	-21.682028	-8.112151

1496827746813	18.315405	-21.72205	-8.179874

1496827746816	18.30002	-21.75807	-8.207492

1496827746820	18.281174	-21.785488	-8.211514

1496827746823	18.254211	-21.805164	-8.215135

1496827746826	18.234945	-21.810373	-8.218392

1496827746829	18.217606	-21.805061	-8.233825

1496827746832	18.207	-21.800282	-8.256047

1496827746836	18.187458	-21.795979	-8.326047

1496827746839	18.169868	-21.804605	-8.418214

1496827746843	18.149036	-21.81737	-8.534497

1496827746846	18.12529	-21.838856	-8.672485

1496827746849	18.083918	-21.868195	-8.817509

1496827746852	18.046682	-21.912102	-8.952196

1496827746855	18.01817	-21.974117	-9.073415

1496827746858	17.997509	-22.04493	-9.182511

1496827746861	17.976414	-22.108662	-9.276532

1496827746865	17.949928	-22.15852	-9.361151

1496827746868	17.918592	-22.195892	-9.437307

1496827746871	17.890388	-22.222029	-9.526681

1496827746875	17.885006	-22.24555	-9.607118

1496827746878	17.887661	-22.25672	-9.70451

1496827746882	17.89005	-22.281773	-9.817163

1496827746885	17.8847	-22.30432	-9.960218

1496827746888	17.864885	-22.327112	-10.134801

1496827746891	17.832052	-22.340126	-10.337759

1496827746894	17.795004	-22.359339	-10.570421

1496827746897	17.75166	-22.384129	-10.800651

1496827746901	17.702648	-22.39644	-11.024523

1496827746904	17.641039	-22.40752	-11.242676

1496827746907	17.57559	-22.414993	-11.451513

1496827746911	17.506687	-22.43672	-11.639467

1496827746914	17.434673	-22.443771	-11.808625

1496827746917	17.352362	-22.44762	-11.956701

1496827746920	17.260782	-22.448584	-12.106636

1496827746924	17.16086	-22.446949	-12.241577

1496827746927	17.05843	-22.445478	-12.388023

1496827746930	16.966244	-22.439156	-12.532326

1496827746934	16.883276	-22.445965	-12.6788645

1496827746937	16.833605	-22.452093	-12.827415

1496827746940	16.7789	-22.457607	-12.986113

1496827746943	16.729666	-22.457571	-13.170606

1496827746946	16.685354	-22.452538	-13.344983

1496827746949	16.642975	-22.445507	-13.510256

1496827746953	16.604834	-22.436682	-13.654835

1496827746956	16.565506	-22.428738	-13.784956

1496827747538	16.54511	-22.421589	-13.902065

1496827747542	16.504255	-22.417654	-14.015797

1496827747545	16.467485	-22.431614	-14.1389885

1496827747549	16.434393	-22.459177	-14.258194

1496827747553	16.41711	-22.498983	-14.373814

1496827747556	16.414055	-22.54731	-14.486204

1496827747559	16.403805	-22.590803	-14.608189

1496827747563	16.39458	-22.629948	-14.738808

1496827747566	16.386278	-22.660177	-14.873033

1496827747568	16.386307	-22.684885	-14.9938345

1496827747572	16.373833	-22.689621	-15.090055

1496827747575	16.350105	-22.678883	-15.164155

1496827747578	16.31625	-22.664219	-15.226678

1496827747582	16.273281	-22.646023	-15.291282

1496827747585	16.234608	-22.629646	-15.3577585

1496827747588	16.199802	-22.609907	-15.417587

1496827747592	16.175978	-22.59964	-15.454766

1496827747595	16.169535	-22.595402	-15.463228

1496827747599	16.171238	-22.601587	-15.454178

1496827747602	16.18027	-22.617155	-15.437698

1496827747605	16.195898	-22.643663	-15.414534

1496827747607	16.224964	-22.667522	-15.377019

1496827747610	16.266123	-22.683996	-15.318254

1496827747614	16.313166	-22.681322	-15.232034

1496827747617	16.365505	-22.663914	-15.121101

1496827747621	16.41511	-22.638248	-14.996263

1496827747624	16.467255	-22.60515	-14.854742

1496827747627	16.521685	-22.56286	-14.698206

1496827747630	16.58567	-22.4998	-14.519824

1496827747634	16.650759	-22.430544	-14.330113

1496827747637	16.716839	-22.355715	-14.130206

1496827747641	16.783812	-22.278368	-13.9211235

1496827747644	16.876585	-22.181257	-13.682949

1496827747647	16.987581	-22.081356	-13.4185915

1496827747651	17.114979	-21.976446	-13.13067

1496827747654	17.254637	-21.879526	-12.813208

1496827747658	17.41033	-21.774797	-12.481658

1496827747661	17.580452	-21.663042	-12.13743

1496827747664	17.741062	-21.544962	-11.806792

1496827747667	17.893112	-21.43869	-11.509218

1496827747670	18.032455	-21.358046	-11.241402

1496827747674	18.165365	-21.300465	-11.012866

1496827747677	18.287483	-21.263643	-10.803018

1496827747681	18.40489	-21.230503	-10.64332

1496827747684	18.510555	-21.203178	-10.51626

1496827747687	18.605656	-21.176086	-10.435239

1496827747690	18.691246	-21.166702	-10.395654

1496827747693	18.765778	-21.158257	-10.39336

1496827747696	18.832855	-21.150656	-10.424629

1496827747700	18.888226	-21.141314	-10.469438

1496827747708	18.938059	-21.125406	-10.526432

1496827747711	18.980408	-21.11359	-10.56106

1496827747715	19.016024	-21.102957	-10.592225

1496827747719	19.045576	-21.098385	-10.599441

1496827747722	19.072174	-21.089272	-10.6017685

1496827747726	19.098614	-21.08107	-10.566363

1496827747729	19.124907	-21.073689	-10.496998

1496827747732	19.151072	-21.067045	-10.388737

1496827747736	19.17462	-21.066065	-10.245468

1496827747739	19.203312	-21.065182	-10.108193

1496827747743	19.229136	-21.064388	-9.976313

1496827747745	19.254877	-21.053673	-9.865953

1496827747748	19.278046	-21.03903	-9.76663

1496827747752	19.298897	-21.020851	-9.677238

1496827747754	19.317663	-20.99949	-9.588453

1496827747759	19.324553	-20.972767	-9.496046

1496827747790	19.323254	-20.941216	-9.400379

1496827747793	19.307085	-20.90532	-9.30178

1496827747796	19.28503	-20.853012	-9.179707

1496827747800	19.265182	-20.803436	-9.069841

1496827747803	19.247318	-20.756319	-8.970963

1496827747807	19.253742	-20.713913	-8.881971

1496827747811	19.282024	-20.660748	-8.797712

1496827747815	19.339977	-20.597898	-8.730213

1496827747818	19.424635	-20.526335	-8.677796

1496827747822	19.520826	-20.461927	-8.609788

1496827747826	19.6274	-20.42146	-8.54858

1496827747830	19.723316	-20.402538	-8.493493

1496827747833	19.80964	-20.40301	-8.443915

1496827747837	19.877333	-20.405933	-8.365962

1496827747840	19.925755	-20.416065	-8.266637

1496827747844	19.956833	-20.422684	-8.177244

1496827747848	19.969805	-20.441141	-8.096791

1496827747851	19.97648	-20.457752	-8.045217

1496827747855	19.977488	-20.472702	-8.019632

1496827747858	19.973394	-20.481157	-8.046607

1496827747862	19.944712	-20.476265	-8.133385

1496827747866	19.893894	-20.474363	-8.273985

1496827747869	19.82316	-20.47015	-8.463025

1496827747872	19.7095	-20.466358	-8.699828

1496827747875	19.557205	-20.462948	-8.979617

1496827747878	19.37014	-20.467379	-9.298094

1496827747882	19.144283	-20.488867	-9.693056

