1498311303082	-0.12753	0.18639	9.79038

1498311303094	-0.17658	0.15696	9.96696

1498311303102	-0.17658	0.16677	9.80019

1498311303105	-0.1962	0.20601	9.74133

1498311303130	-0.16677	0.14715	9.81981

1498311303135	-0.27468	0.13734	9.829619

1498311303138	-0.16677	0.10791	9.9081

1498311303148	-0.1962	0.17658	9.9081

1498311303160	-0.14715	0.13734	9.81981

1498311303168	-0.11771999	0.14715	9.79038

1498311303184	-0.16677	0.20601	9.78057

1498311303189	-0.14715	0.21582	9.88848

1498311303199	-0.16677	0.22563	9.87867

1498311303211	-0.0981	0.0981	9.868859

1498311303222	-0.21582	0.15696	9.77076

1498311303230	-0.11771999	0.18639	9.92772

1498311303240	-0.12753	0.27468	9.868859

1498311303250	-0.0981	0.1962	9.849239

1498311303261	-0.18639	0.13734	9.81981

1498311303269	-0.16677	0.1962	9.87867

1498311303280	-0.14715	0.20601	9.829619

1498311303290	-0.1962	0.11771999	9.79038

1498311303300	-0.13734	0.15696	9.83943

1498311303313	-0.18639	0.14715	9.76095

1498311303323	-0.17658	0.13734	9.69228

1498311303332	-0.10791	0.12753	9.9571495

1498311303342	-0.13734	0.15696	9.80019

1498311303352	-0.20601	0.11771999	9.81981

1498311303376	-0.16677	0.18639	9.87867

1498311303378	-0.20601	0.26487	9.829619

1498311303383	-0.0981	0.17658	9.69228

1498311303393	-0.0981	0.20601	9.85905

1498311303405	-0.15696	0.16677	9.74133

1498311303415	-0.18639	0.23543999	9.74133

1498311303424	-0.15696	0.20601	9.809999

1498311303433	-0.12753	0.18639	9.87867

1498311303443	-0.14715	0.10791	9.85905

1498311303457	-0.11771999	0.20601	9.88848

1498311303464	-0.11771999	0.20601	9.829619

1498311303473	-0.15696	0.23543999	9.849239

1498311303483	-0.1962	0.0981	9.849239

1498311303493	-0.20601	0.16677	9.81981

1498311303504	-0.11771999	0.18639	9.79038

1498311303515	-0.11771999	0.20601	9.89829

1498311303525	-0.1962	0.16677	9.80019

1498311303534	-0.16677	0.18639	9.868859

1498311303544	-0.13734	0.08829	9.85905

1498311303555	-0.0981	0.15696	9.829619

1498311303570	-0.0981	0.15696	9.88848

1498311303575	-0.0981	0.15696	9.72171

1498311303598	-0.0981	0.13734	9.809999

1498311303600	-0.16677	0.14715	9.81981

1498311303605	-0.18639	0.22563	9.662849

1498311303617	-0.18639	0.11771999	9.85905

1498311303627	-0.13734	0.16677	9.75114

1498311303645	-0.08829	0.1962	9.80019

1498311303656	-0.13734	0.23543999	9.87867

1498311303667	-0.20601	0.1962	9.79038

1498311303676	-0.15696	0.20601	9.87867

1498311303686	-0.14715	0.10791	9.76095

1498311303696	-0.11771999	0.1962	9.80019

1498311303706	-0.16677	0.16677	9.77076

1498311303718	-0.12753	0.20601	9.76095

1498311303728	-0.16677	0.13734	9.76095

1498311303737	-0.18639	0.11771999	9.868859

1498311303751	-0.13734	0.20601	9.85905

1498311303758	-0.10791	0.15696	9.849239

1498311303769	-0.18639	0.17658	9.809999

1498311303792	-0.0981	0.18639	9.92772

1498311303793	-0.17658	0.21582	9.81981

1498311303798	-0.18639	0.0981	9.868859

1498311303807	-0.16677	0.16677	9.80019

1498311303819	-0.15696	0.24524999	9.91791

1498311303829	-0.14715	0.13734	9.83943

1498311303838	-0.21582	0.16677	9.91791

1498311303848	-0.15696	0.11771999	9.88848

1498311303859	-0.13734	0.14715	9.80019

1498311303870	-0.15696	0.15696	9.809999

1498311303879	-0.14715	0.17658	9.809999

1498311303889	-0.13734	0.11771999	9.85905

1498311303899	-0.18639	0.13734	9.75114

1498311303908	-0.17658	0.13734	9.829619

1498311303920	-0.13734	0.14715	9.75114

1498311303930	-0.21582	0.22563	9.83943

1498311303939	-0.12753	0.08829	9.88848

1498311303957	-0.1962	0.14715	9.868859

1498311303960	-0.18639	0.15696	9.80019

1498311303973	-0.10791	0.14715	9.79038

1498311304001	-0.22563	0.17658	9.75114

1498311304002	-0.0981	0.16677	9.85905

1498311304003	-0.14715	0.12753	9.80019

1498311304009	-0.15696	0.14715	9.809999

1498311304021	-0.10791	0.11771999	9.72171

1498311304031	-0.10791	0.13734	9.80019

1498311304039	-0.16677	0.17658	9.93753

1498311304049	-0.16677	0.15696	9.868859

1498311304060	-0.10791	0.14715	9.79038

1498311304071	-0.16677	0.13734	9.80019

1498311304080	-0.21582	0.16677	9.74133

1498311304090	-0.0981	0.15696	9.81981

1498311304100	-0.14715	0.14715	9.89829

1498311304109	-0.10791	0.16677	9.809999

1498311304121	-0.25506	0.24524999	9.76095

1498311304131	-0.12753	0.16677	9.85905

1498311304140	-0.1962	0.16677	9.98658

1498311304150	-0.15696	0.14715	9.88848

1498311304171	-0.17658	0.12753	9.849239

1498311304181	-0.15696	0.20601	9.83943

1498311304187	-0.15696	0.16677	9.829619

1498311304204	-0.12753	0.21582	9.81981

1498311304205	-0.18639	0.14715	9.77076

1498311304212	-0.15696	0.22563	9.79038

1498311304224	-0.12753	0.17658	9.78057

1498311304233	-0.12753	0.17658	9.83943

1498311304252	-0.11771999	0.18639	9.81981

1498311304262	-0.10791	0.16677	9.85905

1498311304273	-0.0981	0.12753	9.81981

1498311304282	-0.21582	0.11771999	9.78057

1498311304292	-0.17658	0.18639	9.80019

1498311304301	-0.17658	0.18639	9.80019

1498311304311	-0.10791	0.11771999	9.76095

1498311304323	-0.14715	0.12753	9.81981

1498311304333	-0.20601	0.13734	9.79038

1498311304342	-0.16677	0.13734	9.87867

1498311304352	-0.21582	0.18639	9.85905

1498311304363	-0.17658	0.17658	9.83943

1498311304386	-0.17658	0.14715	9.80019

1498311304389	-0.10791	0.17658	9.77076

1498311304393	-0.14715	0.13734	9.81981

1498311304403	-0.15696	0.16677	9.80019

1498311304412	-0.17658	0.18639	9.79038

1498311304425	-0.16677	0.13734	9.81981

1498311304434	-0.10791	0.14715	9.77076

1498311304453	-0.13734	0.16677	9.85905

1498311304463	-0.10791	0.13734	9.80019

1498311304474	-0.13734	0.12753	9.809999

1498311304483	-0.17658	0.20601	9.81981

1498311304493	-0.17658	0.18639	9.75114

1498311304503	-0.20601	0.12753	9.809999

1498311304514	-0.15696	0.15696	9.72171

1498311304525	-0.0981	0.23543999	9.74133

1498311304535	-0.18639	0.10791	9.78057

1498311304554	-0.13734	0.22563	9.80019

1498311304564	-0.28449	0.1962	9.85905

1498311304575	-0.17658	0.1962	9.849239

1498311304584	-0.1962	0.13734	9.85905

1498311304594	-0.0981	0.18639	9.73152

1498311304610	-0.18639	0.11771999	9.73152

1498311304615	-0.21582	0.14715	9.81981

1498311304627	-0.15696	0.17658	9.829619

1498311304637	-0.10791	0.20601	9.72171

1498311304656	-0.17658	0.10791	9.868859

1498311304665	-0.10791	0.12753	9.79038

1498311304676	-0.17658	0.15696	9.91791

1498311304685	-0.17658	0.1962	9.78057

1498311304694	-0.14715	0.14715	9.88848

1498311304705	-0.1962	0.14715	9.76095

1498311304715	-0.16677	0.17658	9.74133

1498311304726	-0.0981	0.12753	9.83943

1498311304736	-0.14715	0.16677	9.87867

1498311304755	-0.27468	0.10791	9.78057

1498311304765	-0.11771999	0.21582	9.868859

1498311304776	-0.12753	0.17658	9.72171

1498311304785	-0.08829	0.11771999	9.78057

1498311304795	-0.12753	0.12753	9.829619

1498311304805	-0.15696	0.16677	9.81981

1498311304815	-0.1962	0.22563	9.79038

1498311304834	-0.12753	0.15696	9.83943

1498311304839	-0.18639	0.15696	9.868859

1498311304849	-0.08829	0.08829	9.89829

1498311304856	-0.11771999	0.1962	9.91791

1498311304881	-0.13734	0.20601	9.87867

1498311304883	-0.13734	0.10791	9.85905

1498311304886	-0.10791	0.12753	9.849239

1498311304896	-0.11771999	0.13734	9.809999

1498311304907	-0.14715	0.15696	9.88848

1498311304917	-0.20601	0.14715	9.80019

1498311304928	-0.11771999	0.21582	9.77076

1498311304938	-0.18639	0.24524999	9.829619

1498311304957	-0.16677	0.14715	9.87867

1498311304967	-0.0981	0.18639	9.9081

1498311304978	-0.16677	0.0981	9.809999

1498311304987	-0.10791	0.1962	9.868859

1498311304997	-0.0981	0.15696	9.829619

1498311305007	-0.16677	0.18639	9.79038

1498311305018	-0.11771999	0.17658	9.77076

1498311305029	-0.17658	0.10791	9.89829

1498311305040	-0.21582	0.11771999	9.79038

1498311305062	-0.16677	0.10791	9.92772

1498311305068	-0.14715	0.15696	9.85905

1498311305080	-0.11771999	0.18639	9.74133

1498311305105	-0.16677	0.15696	9.829619

1498311305108	-0.14715	0.12753	9.849239

1498311305109	-0.14715	0.16677	9.74133

1498311305118	-0.11771999	0.14715	9.81981

1498311305129	-0.11771999	0.15696	9.78057

1498311305139	-0.11771999	0.24524999	9.80019

1498311305158	-0.08829	0.12753	9.88848

1498311305168	-0.12753	0.26487	9.85905

1498311305179	-0.07848	0.1962	9.829619

1498311305188	-0.1962	0.17658	9.89829

1498311305199	-0.20601	0.13734	9.78057

1498311305209	-0.17658	0.17658	9.80019

1498311305219	-0.0981	0.11771999	9.83943

1498311305230	-0.15696	0.11771999	9.83943

1498311305240	-0.14715	0.14715	9.87867

1498311305259	-0.15696	0.14715	9.92772

1498311305280	-0.13734	0.16677	9.83943

1498311305290	-0.0981	0.25506	9.79038

1498311305292	-0.16677	0.16677	9.81981

1498311305300	-0.11771999	0.11771999	9.83943

1498311305312	-0.17658	0.1962	9.79038

1498311305321	-0.12753	0.16677	9.85905

1498311305332	-0.10791	0.14715	9.809999

1498311305343	-0.14715	0.22563	9.85905

1498311305361	-0.20601	0.23543999	9.829619

1498311305371	-0.12753	0.16677	9.87867

1498311305382	-0.10791	0.17658	9.868859

1498311305391	-0.13734	0.12753	9.78057

1498311305401	-0.1962	0.16677	9.75114

1498311305411	-0.0981	0.14715	9.75114

1498311305422	-0.16677	0.1962	9.89829

1498311305433	-0.13734	0.17658	9.809999

1498311305443	-0.13734	0.10791	9.79038

1498311305462	-0.12753	0.25506	9.849239

1498311305472	-0.17658	0.25506	9.88848

1498311305483	-0.18639	0.17658	9.85905

1498311305498	-0.10791	0.20601	9.79038

1498311305502	-0.10791	0.1962	9.75114

1498311305511	-0.12753	0.12753	9.74133

1498311305522	-0.11771999	0.21582	9.80019

1498311305545	-0.21582	0.23543999	9.81981

1498311305546	-0.0981	0.14715	9.81981

1498311305562	-0.14715	0.14715	9.996389

1498311305572	-0.15696	0.16677	9.89829

1498311305583	-0.10791	0.13734	9.74133

1498311305592	-0.13734	0.10791	9.80019

1498311305602	-0.10791	0.16677	9.809999

1498311305612	-0.20601	0.23543999	9.78057

1498311305623	-0.11771999	0.1962	9.75114

1498311305634	-0.06867	0.17658	9.75114

1498311305644	-0.14715	0.18639	9.849239

1498311305663	-0.13734	0.11771999	9.9081

1498311305673	-0.0981	0.13734	9.88848

1498311305684	-0.13734	0.1962	9.809999

1498311305693	-0.17658	0.17658	9.829619

1498311305703	-0.12753	0.17658	9.78057

1498311305713	-0.21582	0.14715	9.80019

1498311305723	-0.10791	0.18639	9.78057

1498311305740	-0.12753	0.1962	9.72171

1498311305745	-0.07848	0.22563	9.829619

1498311305763	-0.11771999	0.16677	9.83943

1498311305773	-0.21582	0.1962	9.81981

1498311305785	-0.15696	0.14715	9.83943

1498311305793	-0.13734	0.20601	9.85905

1498311305804	-0.10791	0.21582	9.81981

1498311305814	-0.15696	0.1962	9.80019

1498311305824	-0.13734	0.11771999	9.809999

1498311305836	-0.14715	0.15696	9.829619

1498311305845	-0.04905	0.22563	9.868859

1498311305854	-0.0981	0.1962	9.94734

1498311305864	-0.0981	0.16677	9.87867

1498311305874	-0.16677	0.18639	9.849239

1498311305886	-0.10791	0.11771999	9.88848

1498311305895	-0.21582	0.16677	9.81981

1498311305905	-0.11771999	0.14715	9.809999

1498311305915	-0.13734	0.20601	9.829619

1498311305925	-0.17658	0.12753	9.73152

1498311305942	-0.14715	0.12753	9.85905

1498311305947	-0.0981	0.20601	9.85905

1498311305956	-0.16677	0.16677	9.87867

1498311305983	-0.16677	0.1962	9.83943

1498311305986	-0.0981	0.15696	9.9081

1498311305989	-0.10791	0.12753	9.85905

1498311305996	-0.12753	0.20601	9.73152

1498311306006	-0.13734	0.18639	9.76095

1498311306017	-0.20601	0.1962	9.74133

1498311306027	-0.11771999	0.1962	9.81981

1498311306038	-0.18639	0.12753	9.829619

1498311306049	-0.21582	0.10791	9.809999

1498311306067	-0.15696	0.16677	9.96696

1498311306077	-0.1962	0.14715	9.83943

1498311306088	-0.11771999	0.0981	9.88848

1498311306097	-0.17658	0.17658	9.89829

1498311306106	-0.08829	0.17658	9.809999

1498311306116	-0.22563	0.17658	9.849239

1498311306127	-0.16677	0.17658	9.78057

1498311306138	-0.14715	0.14715	9.809999

1498311306157	-0.11771999	0.15696	9.74133

1498311306167	-0.11771999	0.14715	9.868859

1498311306177	-0.13734	0.23543999	9.849239

1498311306198	-0.11771999	0.15696	9.76095

1498311306199	-0.15696	0.14715	9.87867

1498311306207	-0.10791	0.14715	9.809999

1498311306217	-0.17658	0.16677	9.79038

1498311306228	-0.0981	0.07848	9.829619

1498311306239	-0.18639	0.17658	9.849239

1498311306249	-0.14715	0.15696	9.80019

1498311306268	-0.0981	0.16677	9.80019

1498311306278	-0.10791	0.1962	9.85905

1498311306289	-0.21582	0.1962	9.83943

1498311306298	-0.11771999	0.12753	9.809999

1498311306308	-0.0981	0.17658	9.89829

1498311306318	-0.18639	0.15696	9.80019

1498311306329	-0.11771999	0.20601	9.79038

1498311306340	-0.1962	0.1962	9.80019

1498311306350	-0.14715	0.16677	9.80019

1498311306369	-0.0981	0.17658	9.93753

1498311306383	-0.12753	0.22563	9.80019

1498311306390	-0.11771999	0.0981	9.79038

1498311306399	-0.11771999	0.16677	9.77076

1498311306425	-0.13734	0.17658	9.88848

1498311306426	-0.15696	0.21582	9.72171

1498311306429	-0.11771999	0.12753	9.976769

1498311306440	-0.14715	0.18639	9.76095

1498311306450	-0.15696	0.17658	9.81981

1498311306469	-0.18639	0.11771999	9.87867

1498311306479	-0.14715	0.15696	9.91791

1498311306490	-0.13734	0.13734	9.829619

1498311306499	-0.1962	0.20601	9.849239

1498311306509	-0.0981	0.1962	9.81981

1498311306518	-0.12753	0.23543999	9.80019

1498311306529	-0.14715	0.16677	9.829619

1498311306540	-0.20601	0.15696	9.81981

1498311306550	-0.07848	0.17658	9.78057

1498311306568	-0.13734	0.22563	9.88848

1498311306579	-0.10791	0.14715	9.83943

1498311306600	-0.15696	0.20601	9.809999

1498311306602	-0.14715	0.17658	9.87867

1498311306610	-0.12753	0.15696	9.809999

1498311306619	-0.16677	0.24524999	9.829619

1498311306630	-0.12753	0.18639	9.73152

1498311306641	-0.11771999	0.13734	9.829619

1498311306651	-0.0981	0.15696	9.76095

1498311306670	-0.11771999	0.16677	9.849239

1498311306680	-0.12753	0.18639	9.88848

1498311306691	-0.11771999	0.24524999	9.849239

1498311306700	-0.14715	0.20601	9.868859

1498311306710	-0.1962	0.17658	9.80019

1498311306719	-0.13734	0.18639	9.809999

1498311306729	-0.14715	0.12753	9.868859

1498311306741	-0.12753	0.14715	9.73152

1498311306751	-0.13734	0.18639	9.809999

1498311306759	-0.11771999	0.14715	9.829619

1498311306769	-0.08829	0.10791	9.88848

1498311306780	-0.12753	0.20601	9.868859

1498311306791	-0.10791	0.12753	9.809999

1498311306800	-0.17658	0.1962	9.76095

1498311306814	-0.11771999	0.12753	9.88848

1498311306820	-0.10791	0.14715	9.829619

1498311306830	-0.15696	0.10791	9.83943

1498311306854	-0.1962	0.21582	9.73152

1498311306861	-0.08829	0.12753	9.80019

1498311306862	-0.13734	0.14715	9.976769

1498311306870	-0.14715	0.17658	9.89829

1498311306881	-0.12753	0.21582	9.89829

1498311306892	-0.0981	0.16677	9.83943

1498311306901	-0.10791	0.13734	9.81981

1498311306911	-0.0981	0.0981	9.74133

1498311306921	-0.12753	0.21582	9.849239

1498311306930	-0.14715	0.1962	9.81981

1498311306942	-0.13734	0.11771999	9.91791

1498311306952	-0.20601	0.16677	9.78057

1498311306961	-0.13734	0.17658	9.868859

1498311306970	-0.15696	0.14715	9.809999

1498311306980	-0.17658	0.16677	9.829619

1498311306992	-0.16677	0.21582	9.80019

1498311307001	-0.10791	0.22563	9.83943

1498311307010	-0.12753	0.20601	9.80019

1498311307028	-0.0981	0.15696	9.7119

1498311307031	-0.18639	0.20601	9.829619

1498311307042	-0.0981	0.14715	9.83943

1498311307074	-0.15696	0.13734	9.83943

1498311307075	-0.13734	0.16677	9.9081

1498311307077	-0.15696	0.15696	9.85905

1498311307082	-0.10791	0.10791	9.81981

1498311307093	-0.15696	0.17658	9.88848

1498311307102	-0.13734	0.21582	9.809999

1498311307112	-0.17658	0.22563	9.849239

1498311307122	-0.13734	0.22563	9.868859

1498311307131	-0.1962	0.16677	9.849239

1498311307143	-0.14715	0.23543999	9.80019

1498311307153	-0.1962	0.16677	9.78057

1498311307162	-0.12753	0.17658	9.91791

1498311307172	-0.12753	0.17658	9.809999

1498311307182	-0.058859996	0.17658	9.83943

1498311307194	-0.18639	0.17658	9.809999

1498311307203	-0.10791	0.1962	9.80019

1498311307213	-0.16677	0.14715	9.849239

1498311307223	-0.11771999	0.12753	9.809999

1498311307233	-0.23543999	0.10791	9.92772

1498311307246	-0.16677	0.20601	9.80019

1498311307255	-0.15696	0.1962	9.79038

1498311307274	-0.13734	0.08829	9.85905

1498311307284	-0.22563	0.12753	9.81981

1498311307296	-0.13734	0.1962	9.81981

1498311307303	-0.13734	0.1962	9.81981

1498311307313	-0.15696	0.1962	9.849239

1498311307324	-0.18639	0.0981	9.83943

1498311307334	-0.12753	0.13734	9.83943

1498311307346	-0.11771999	0.1962	9.829619

1498311307355	-0.10791	0.17658	9.89829

1498311307364	-0.0981	0.18639	9.91791

1498311307374	-0.23543999	0.16677	9.849239

1498311307384	-0.13734	0.22563	9.996389

1498311307396	-0.0981	0.14715	9.88848

1498311307405	-0.14715	0.20601	9.829619

1498311307415	-0.07848	0.21582	9.868859

1498311307425	-0.12753	0.20601	9.78057

1498311307435	-0.10791	0.21582	9.76095

1498311307447	-0.0981	0.16677	9.83943

1498311307457	-0.0981	0.15696	9.77076

1498311307470	-0.13734	0.21582	9.87867

1498311307476	-0.16677	0.18639	9.849239

1498311307486	-0.15696	0.16677	9.849239

1498311307512	-0.0981	0.20601	9.83943

1498311307513	-0.12753	0.17658	9.81981

1498311307516	-0.14715	0.0981	9.73152

1498311307526	-0.14715	0.17658	9.868859

1498311307536	-0.18639	0.24524999	9.809999

1498311307548	-0.0981	0.20601	9.81981

1498311307557	-0.14715	0.25506	9.849239

1498311307566	-0.13734	0.13734	9.9081

1498311307576	-0.20601	0.17658	9.85905

1498311307586	-0.0981	0.04905	9.83943

1498311307597	-0.16677	0.15696	9.83943

1498311307605	-0.16677	0.11771999	9.77076

1498311307616	-0.13734	0.22563	9.74133

1498311307626	-0.22563	0.16677	9.829619

1498311307636	-0.0981	0.10791	9.81981

1498311307648	-0.12753	0.17658	9.809999

1498311307658	-0.11771999	0.20601	9.89829

1498311307667	-0.16677	0.14715	9.98658

1498311307683	-0.0981	0.1962	9.83943

1498311307687	-0.14715	0.15696	9.849239

1498311307699	-0.14715	0.16677	9.809999

1498311307708	-0.10791	0.16677	9.91791

1498311307728	-0.12753	0.14715	9.81981

1498311307730	-0.1962	0.13734	9.80019

1498311307738	-0.16677	0.14715	9.80019

1498311307750	-0.11771999	0.20601	9.88848

1498311307760	-0.14715	0.18639	9.79038

1498311307769	-0.13734	0.13734	9.83943

1498311307779	-0.14715	0.17658	9.9571495

1498311307789	-0.08829	0.12753	9.80019

1498311307801	-0.16677	0.14715	9.829619

1498311307809	-0.11771999	0.15696	9.85905

1498311307820	-0.23543999	0.10791	9.77076

1498311307830	-0.14715	0.12753	9.80019

1498311307840	-0.11771999	0.18639	9.868859

1498311307851	-0.16677	0.14715	9.78057

1498311307862	-0.15696	0.18639	9.80019

1498311307871	-0.17658	0.25506	9.9571495

1498311307881	-0.12753	0.22563	9.92772

1498311307898	-0.11771999	0.18639	9.83943

1498311307904	-0.17658	0.1962	9.87867

1498311307912	-0.18639	0.14715	9.77076

1498311307933	-0.14715	0.24524999	9.80019

1498311307934	-0.11771999	0.21582	9.809999

1498311307942	-0.11771999	0.26487	9.79038

1498311307954	-0.23543999	0.12753	9.77076

1498311307963	-0.15696	0.07848	9.74133

1498311307972	-0.16677	0.14715	9.92772

1498311307982	-0.17658	0.10791	9.96696

1498311307992	-0.0981	0.23543999	9.94734

1498311308003	-0.14715	0.18639	9.809999

1498311308012	-0.11771999	0.18639	9.849239

1498311308022	-0.13734	0.21582	9.829619

1498311308032	-0.12753	0.18639	9.83943

1498311308042	-0.13734	0.1962	9.7119

