1498815625019	28.25	-7.75	-21.0

1498815625092	28.25	-7.75	-21.0

1498815625100	28.0	-8.25	-20.75

1498815625140	28.0	-8.25	-20.75

1498815625192	28.5	-8.5	-21.0

1498815625247	28.5	-8.5	-21.0

1498815625291	28.75	-8.5	-21.0

1498815625342	28.75	-8.5	-21.0

1498815625391	29.0	-8.5	-21.25

1498815625444	29.0	-8.5	-21.25

1498815625494	29.0	-8.5	-21.25

1498815625545	29.0	-8.5	-21.25

1498815625595	29.0	-8.5	-21.25

1498815625666	29.0	-8.5	-21.25

1498815625697	28.75	-7.5	-21.25

1498815625748	28.75	-7.5	-21.25

1498815625799	28.5	-7.75	-21.25

1498815625859	28.5	-7.75	-21.25

1498815625898	28.5	-7.5	-21.0

1498815625950	28.5	-7.5	-21.0

1498815626001	28.5	-7.5	-21.0

1498815626063	28.5	-7.5	-21.0

1498815626100	28.25	-7.75	-20.5

1498815626152	28.25	-7.75	-20.5

1498815626200	27.75	-7.5	-20.0

1498815626252	27.75	-7.5	-20.0

1498815626300	28.25	-7.75	-20.25

1498815626352	28.25	-7.75	-20.25

1498815626401	28.5	-7.75	-21.0

1498815626453	28.5	-7.75	-21.0

1498815626517	28.5	-7.75	-21.0

1498815626553	28.5	-7.75	-21.0

1498815626602	28.75	-8.25	-20.75

1498815626658	28.75	-8.25	-20.75

1498815626706	28.5	-8.5	-20.75

1498815626756	28.5	-8.5	-20.75

1498815626807	28.0	-8.5	-21.25

1498815626858	28.0	-8.5	-21.25

1498815626909	28.0	-8.75	-20.75

1498815626959	28.0	-8.75	-20.75

1498815627010	27.75	-8.25	-20.25

1498815627061	27.75	-8.25	-20.25

1498815627116	28.25	-7.75	-20.5

1498815627162	28.25	-7.75	-20.5

1498815627210	28.0	-7.75	-21.25

1498815627262	28.0	-7.75	-21.25

1498815627313	28.25	-8.0	-20.75

1498815627385	28.25	-8.0	-20.75

1498815627414	28.5	-7.5	-20.75

1498815627465	28.5	-7.5	-20.75

1498815627513	28.5	-8.5	-21.25

1498815627566	28.5	-8.5	-21.25

1498815627617	28.75	-8.25	-20.75

1498815627668	28.75	-8.25	-20.75

1498815627719	29.0	-8.25	-21.0

1498815627782	29.0	-8.25	-21.0

1498815627821	28.75	-8.0	-20.75

1498815627872	28.75	-8.0	-20.75

1498815627923	29.0	-8.0	-20.75

1498815627973	29.0	-8.0	-20.75

1498815628034	28.75	-8.25	-21.0

1498815628073	28.75	-8.25	-21.0

1498815628124	28.5	-8.0	-20.75

1498815628174	28.5	-8.0	-20.75

1498815628222	28.25	-8.0	-20.5

1498815628274	28.25	-8.0	-20.5

1498815628322	28.25	-8.0	-20.5

1498815628374	28.25	-8.0	-20.5

1498815628436	28.25	-8.0	-20.5

1498815628476	28.25	-8.0	-20.5

1498815628525	28.25	-8.0	-20.5

1498815628577	28.25	-8.0	-20.5

1498815628628	28.25	-8.0	-20.5

1498815628690	28.25	-8.0	-20.5

1498815628727	28.25	-8.0	-20.5

1498815628779	28.25	-8.0	-20.5

1498815628829	28.25	-8.0	-20.5

1498815628883	28.25	-8.0	-20.5

1498815628931	28.25	-8.0	-20.5

1498815628979	28.25	-8.0	-20.5

1498815629030	28.25	-8.0	-20.5

1498815629080	28.25	-8.0	-20.5

1498815629131	28.25	-8.0	-20.5

1498815629182	28.25	-8.0	-20.5

1498815629233	28.25	-8.0	-20.5

1498815629283	28.25	-8.0	-20.5

1498815629334	28.25	-8.0	-20.5

1498815629384	28.25	-8.0	-20.5

1498815629434	28.25	-8.0	-20.5

1498815629772	28.25	-8.0	-20.5

1498815629804	28.25	-8.0	-20.5

1498815629820	28.25	-8.0	-20.5

1498815629845	28.25	-8.0	-20.5

1498815629874	28.25	-8.0	-20.5

1498815629882	28.25	-8.0	-20.5

1498815629890	28.25	-8.0	-20.5

1498815629897	28.25	-8.0	-20.5

1498815629907	28.25	-8.0	-20.5

1498815629938	28.25	-8.0	-20.5

