1496010794857	30.9	6.24	-26.4

1496010794939	30.84	6.84	-26.64

1496010795039	30.96	7.14	-26.76

1496010795141	30.84	7.38	-27.12

1496010795243	30.66	7.38	-27.42

1496010795341	30.36	7.68	-27.48

1496010795441	30.42	7.98	-27.72

1496010795543	30.24	7.86	-28.14

1496010795641	30.0	8.04	-28.14

1496010795741	30.0	7.68	-28.32

1496010795842	30.06	7.44	-28.14

1496010795941	30.06	6.9	-28.2

1496010796042	29.88	6.96	-28.02

1496010796141	29.94	6.96	-28.2

1496010796241	29.82	6.96	-28.32

1496010796341	29.88	6.9	-27.96

1496010796442	29.82	6.9	-27.96

1496010796541	29.88	7.02	-27.66

1496010796646	29.76	6.96	-27.78

1496010796742	29.94	7.26	-27.78

1496010796847	30.06	7.14	-27.54

1496010796941	30.0	7.02	-27.54

1496010797042	29.88	6.96	-27.54

1496010797142	29.7	7.08	-27.72

1496010797241	29.82	7.14	-27.6

1496010797341	29.64	7.2	-27.9

1496010797441	29.52	7.32	-28.2

1496010797543	29.4	7.38	-28.26

1496010797641	29.4	7.32	-28.44

1496010797741	29.46	7.2	-28.14

1496010797843	29.52	7.02	-28.14

1496010797941	29.76	7.08	-28.02

1496010798042	29.58	7.14	-28.26

1496010798143	29.76	7.14	-28.26

1496010798241	29.82	7.2	-27.84

1496010798341	29.76	7.26	-27.72

1496010798443	29.82	7.26	-27.72

1496010798549	29.88	7.38	-27.78

1496010798641	30.0	7.44	-27.66

1496010798743	29.7	7.32	-27.78

1496010798841	29.82	7.32	-27.78

1496010798947	29.52	7.2	-27.42

1496010799039	29.52	7.26	-27.54

1496010799139	29.7	7.26	-27.6

1496010799241	29.58	7.26	-27.72

1496010799341	29.46	7.44	-27.9

1496010799449	29.4	7.32	-27.84

1496010799541	29.64	7.44	-27.84

1496010799741	29.88	7.44	-27.9

