1495997437176	0.114	-0.105	9.682

1495997437181	0.143	-0.143	9.701

1495997437195	0.153	-0.114	9.682

1495997437199	0.143	-0.114	9.672

1495997437209	0.143	-0.057	9.682

1495997437219	0.114	-0.067	9.692

1495997437232	0.086	-0.047	9.682

1495997437243	0.076	-0.028	9.672

1495997437251	0.067	-0.047	9.644

1495997437260	0.067	-0.057	9.672

1495997437269	0.076	-0.038	9.701

1495997437279	0.076	-0.067	9.653

1495997437289	0.067	-0.047	9.625

1495997437299	0.086	-0.086	9.663

1495997437311	0.114	-0.095	9.663

1495997437319	0.105	-0.067	9.663

1495997437329	0.134	-0.057	9.711

1495997437341	0.114	-0.057	9.711

1495997437350	0.153	-0.076	9.73

1495997437361	0.114	-0.057	9.644

1495997437369	0.095	-0.047	9.692

1495997437379	0.124	-0.057	9.672

1495997437391	0.143	-0.086	9.72

1495997437399	0.095	-0.057	9.634

1495997437413	0.124	-0.095	9.653

1495997437419	0.105	-0.076	9.653

1495997437429	0.134	-0.105	9.672

1495997437441	0.095	-0.105	9.682

1495997437450	0.114	-0.086	9.692

1495997437459	0.134	-0.114	9.682

1495997437469	0.114	-0.076	9.644

1495997437479	0.095	-0.095	9.711

1495997437491	0.095	-0.076	9.663

1495997437500	0.134	-0.076	9.672

1495997437510	0.114	-0.086	9.692

1495997437522	0.134	-0.076	9.701

1495997437529	0.162	-0.057	9.701

1495997437544	0.134	-0.067	9.672

1495997437550	0.095	-0.057	9.625

1495997437559	0.095	-0.057	9.663

1495997437569	0.076	-0.047	9.663

1495997437579	0.086	-0.057	9.663

1495997437596	0.086	-0.086	9.644

1495997437607	0.047	-0.067	9.644

1495997437609	0.086	-0.105	9.644

1495997437619	0.095	-0.095	9.653

1495997437629	0.105	-0.095	9.682

1495997437641	0.143	-0.086	9.701

1495997437651	0.134	-0.076	9.701

1495997437661	0.153	-0.086	9.692

1495997437670	0.134	-0.067	9.692

1495997437679	0.134	-0.057	9.692

1495997437691	0.162	-0.057	9.701

1495997437699	0.124	-0.057	9.653

1495997437709	0.143	-0.086	9.682

1495997437719	0.124	-0.086	9.672

1495997437729	0.086	-0.067	9.644

1495997437741	0.086	-0.067	9.615

1495997437750	0.086	-0.067	9.701

1495997437760	0.067	-0.067	9.644

1495997437770	0.086	-0.095	9.644

1495997437779	0.114	-0.105	9.644

1495997437791	0.086	-0.067	9.644

1495997437799	0.105	-0.057	9.692

1495997437810	0.105	-0.057	9.663

1495997437819	0.114	-0.067	9.653

1495997437829	0.114	-0.086	9.653

1495997437846	0.134	-0.067	9.711

1495997437851	0.143	-0.086	9.711

1495997437861	0.143	-0.047	9.682

1495997437880	0.124	-0.057	9.653

1495997437882	0.143	-0.076	9.692

1495997437891	0.095	-0.067	9.692

1495997437899	0.124	-0.067	9.663

1495997437909	0.095	-0.086	9.653

1495997437919	0.114	-0.076	9.692

1495997437932	0.047	-0.057	9.634

1495997437942	0.057	-0.057	9.672

1495997437950	0.086	-0.076	9.672

1495997437959	0.086	-0.067	9.663

1495997437969	0.134	-0.086	9.701

1495997437979	0.105	-0.067	9.663

1495997437997	0.095	-0.067	9.653

1495997437999	0.105	-0.057	9.663

1495997438009	0.124	-0.076	9.692

1495997438019	0.143	-0.067	9.692

1495997438029	0.134	-0.076	9.672

1495997438042	0.114	-0.057	9.682

1495997438052	0.105	-0.067	9.663

1495997438061	0.124	-0.095	9.701

1495997438069	0.114	-0.095	9.692

1495997438079	0.134	-0.076	9.692

1495997438091	0.076	-0.067	9.653

1495997438099	0.086	-0.067	9.672

1495997438109	0.095	-0.095	9.711

1495997438119	0.095	-0.067	9.625

1495997438129	0.114	-0.067	9.692

1495997438144	0.105	-0.067	9.653

1495997438151	0.124	-0.095	9.634

1495997438163	0.114	-0.047	9.682

1495997438169	0.105	-0.057	9.692

1495997438179	0.095	-0.038	9.672

1495997438191	0.105	-0.057	9.692

1495997438199	0.114	-0.038	9.682

1495997438209	0.105	-0.028	9.663

1495997438219	0.105	-0.028	9.682

1495997438229	0.076	-0.038	9.672

1495997438241	0.095	-0.057	9.711

1495997438250	0.095	-0.105	9.692

1495997438260	0.095	-0.114	9.682

1495997438269	0.134	-0.124	9.672

1495997438279	0.143	-0.134	9.692

1495997438292	0.134	-0.124	9.692

1495997438299	0.134	-0.095	9.672

1495997438319	0.143	-0.076	9.672

1495997438320	0.114	-0.067	9.701

1495997438329	0.105	-0.009	9.692

1495997438341	0.067	0.0	9.663

1495997438350	0.086	-0.038	9.682

1495997438359	0.114	-0.067	9.644

1495997438369	0.076	-0.028	9.672

1495997438379	0.076	-0.019	9.615

1495997438391	0.076	-0.038	9.692

1495997438399	0.095	-0.076	9.634

1495997438410	0.076	-0.076	9.692

1495997438419	0.105	-0.086	9.653

1495997438429	0.067	-0.076	9.682

1495997438444	0.124	-0.095	9.672

1495997438450	0.114	-0.095	9.672

1495997438459	0.134	-0.095	9.672

1495997438469	0.114	-0.067	9.692

1495997438479	0.105	-0.067	9.634

1495997438491	0.134	-0.086	9.682

1495997438499	0.143	-0.076	9.672

1495997438509	0.086	-0.047	9.663

1495997438519	0.095	-0.047	9.663

1495997438529	0.095	-0.057	9.672

1495997438541	0.095	-0.067	9.644

1495997438550	0.067	-0.047	9.644

1495997438560	0.028	-0.038	9.596

1495997438569	0.047	-0.057	9.625

1495997438579	0.057	-0.057	9.663

1495997438597	0.057	-0.067	9.644

1495997438602	0.076	-0.067	9.625

1495997438617	0.076	-0.057	9.682

1495997438619	0.105	-0.067	9.701

1495997438629	0.114	-0.086	9.644

1495997438641	0.114	-0.057	9.672

1495997438651	0.134	-0.057	9.711

1495997438659	0.114	-0.057	9.672

1495997438669	0.114	-0.047	9.663

1495997438681	0.114	-0.047	9.701

1495997438697	0.114	-0.067	9.73

1495997438709	0.086	-0.114	9.682

1495997438719	0.124	-0.105	9.73

1495997438729	0.105	-0.086	9.692

1495997438743	0.095	-0.095	9.711

1495997438750	0.095	-0.095	9.682

1495997438759	0.086	-0.067	9.625

1495997438769	0.067	-0.047	9.653

1495997438779	0.095	-0.067	9.682

1495997438792	0.105	-0.067	9.663

1495997438799	0.124	-0.057	9.653

1495997438809	0.067	-0.047	9.672

1495997438819	0.124	-0.076	9.682

1495997438829	0.095	-0.057	9.672

1495997438841	0.134	-0.067	9.682

1495997438850	0.067	-0.047	9.653

1495997438863	0.124	-0.067	9.692

1495997438869	0.076	-0.067	9.682

1495997438879	0.114	-0.076	9.682

1495997438891	0.086	-0.076	9.653

1495997438899	0.076	-0.086	9.653

1495997438909	0.105	-0.057	9.72

1495997438919	0.095	-0.047	9.663

1495997438929	0.086	-0.095	9.653

1495997438941	0.114	-0.086	9.701

1495997438951	0.095	-0.057	9.644

1495997438960	0.095	-0.057	9.653

1495997438969	0.114	-0.067	9.73

1495997438979	0.114	-0.057	9.692

1495997438999	0.124	-0.067	9.72

1495997439019	0.114	-0.086	9.692

1495997439029	0.105	-0.057	9.653

1495997439042	0.105	-0.086	9.682

1495997439052	0.105	-0.067	9.663

1495997439060	0.114	-0.076	9.682

1495997439069	0.114	-0.086	9.692

1495997439079	0.095	-0.076	9.672

1495997439092	0.124	-0.105	9.711

1495997439099	0.134	-0.105	9.672

1495997439109	0.153	-0.076	9.711

1495997439119	0.143	-0.086	9.682

1495997439129	0.134	-0.057	9.72

1495997439141	0.124	-0.067	9.692

1495997439150	0.114	-0.067	9.672

1495997439160	0.114	-0.067	9.682

1495997439169	0.124	-0.057	9.701

1495997439179	0.095	-0.047	9.663

1495997439191	0.105	-0.047	9.644

1495997439199	0.086	-0.047	9.682

1495997439209	0.095	-0.086	9.653

1495997439219	0.095	-0.086	9.672

1495997439229	0.124	-0.086	9.682

1495997439242	0.095	-0.095	9.653

1495997439251	0.114	-0.095	9.672

1495997439259	0.124	-0.086	9.739

1495997439269	0.114	-0.076	9.672

1495997439279	0.134	-0.076	9.692

1495997439293	0.124	-0.067	9.672

1495997439300	0.114	-0.076	9.72

1495997439309	0.105	-0.057	9.682

1495997439320	0.067	-0.057	9.644

1495997439330	0.114	-0.057	9.701

1495997439341	0.134	-0.086	9.682

1495997439351	0.105	-0.105	9.653

1495997439359	0.124	-0.095	9.692

1495997439369	0.067	-0.076	9.644

1495997439379	0.095	-0.067	9.692

1495997439391	0.067	-0.086	9.634

1495997439399	0.076	-0.067	9.644

1495997439410	0.114	-0.086	9.672

1495997439419	0.134	-0.086	9.682

1495997439429	0.134	-0.095	9.692

1495997439442	0.134	-0.076	9.672

1495997439450	0.134	-0.076	9.701

1495997439460	0.134	-0.067	9.663

1495997439469	0.143	-0.076	9.672

1495997439479	0.134	-0.067	9.701

1495997439492	0.124	-0.057	9.73

1495997439500	0.095	-0.067	9.711

1495997439510	0.105	-0.038	9.682

1495997439519	0.057	-0.057	9.625

1495997439529	0.076	-0.047	9.653

1495997439542	0.067	-0.057	9.653

1495997439550	0.067	-0.057	9.663

1495997439559	0.067	-0.057	9.634

1495997439569	0.086	-0.067	9.663

1495997439579	0.076	-0.067	9.663

1495997439593	0.086	-0.067	9.625

1495997439600	0.114	-0.076	9.663

1495997439612	0.172	-0.124	9.72

1495997439620	0.143	-0.095	9.711

1495997439631	0.124	-0.086	9.663

1495997439641	0.153	-0.086	9.711

1495997439650	0.124	-0.067	9.663

1495997439659	0.114	-0.076	9.663

1495997439669	0.153	-0.067	9.682

1495997439679	0.076	-0.057	9.653

1495997439692	0.047	-0.057	9.634

1495997439699	0.067	-0.057	9.634

1495997439710	0.057	-0.067	9.644

1495997439719	0.047	-0.057	9.672

1495997439729	0.038	-0.038	9.653

1495997439742	0.047	-0.038	9.605

1495997439750	0.047	-0.047	9.605

1495997439759	0.105	-0.057	9.692

1495997439772	0.047	-0.019	9.672

1495997439779	0.086	-0.057	9.663

1495997439791	0.124	-0.086	9.653

1495997439799	0.143	-0.086	9.653

1495997439819	0.124	-0.095	9.692

1495997439829	0.114	-0.105	9.692

1495997439841	0.124	-0.095	9.692

1495997439850	0.134	-0.114	9.672

1495997439859	0.105	-0.095	9.644

1495997439869	0.105	-0.076	9.701

1495997439879	0.086	-0.086	9.692

1495997439893	0.076	-0.067	9.653

1495997439899	0.076	-0.038	9.701

1495997439909	0.076	-0.047	9.663

1495997439919	0.095	-0.038	9.672

1495997439929	0.086	-0.028	9.663

1495997439941	0.086	-0.057	9.682

1495997439951	0.067	-0.067	9.653

1495997439960	0.086	-0.057	9.634

1495997439969	0.124	-0.076	9.653

1495997439979	0.095	-0.067	9.644

1495997439996	0.105	-0.086	9.672

1495997439999	0.134	-0.095	9.701

1495997440009	0.114	-0.086	9.701

1495997440021	0.124	-0.086	9.682

1495997440029	0.124	-0.076	9.701

1495997440047	0.105	-0.105	9.682

1495997440049	0.105	-0.067	9.644

1495997440060	0.124	-0.086	9.692

1495997440069	0.086	-0.076	9.672

1495997440079	0.076	-0.038	9.634

1495997440094	0.105	-0.057	9.682

1495997440099	0.067	-0.038	9.644

1495997440109	0.095	-0.057	9.663

1495997440119	0.105	-0.057	9.692

1495997440129	0.095	-0.057	9.672

1495997440141	0.114	-0.047	9.672

1495997440151	0.134	-0.076	9.644

1495997440166	0.095	-0.076	9.653

1495997440169	0.095	-0.076	9.663

1495997440178	0.105	-0.067	9.672

1495997440193	0.124	-0.086	9.663

1495997440199	0.105	-0.086	9.701

1495997440209	0.095	-0.076	9.625

1495997440223	0.095	-0.067	9.701

1495997440229	0.124	-0.067	9.672

1495997440241	0.105	-0.057	9.692

1495997440251	0.095	-0.067	9.634

1495997440259	0.114	-0.057	9.605

1495997440269	0.124	-0.047	9.692

1495997440279	0.067	-0.067	9.634

1495997440291	0.105	-0.057	9.663

1495997440299	0.057	-0.047	9.653

1495997440309	0.086	-0.067	9.663

1495997440320	0.076	-0.057	9.663

1495997440329	0.095	-0.067	9.653

1495997440341	0.124	-0.076	9.682

1495997440349	0.124	-0.086	9.663

1495997440359	0.095	-0.067	9.663

1495997440369	0.076	-0.067	9.663

1495997440379	0.086	-0.067	9.653

1495997440391	0.124	-0.076	9.711

1495997440399	0.114	-0.076	9.682

1495997440409	0.105	-0.076	9.672

1495997440419	0.057	-0.047	9.596

1495997440429	0.076	-0.057	9.663

1495997440441	0.105	-0.067	9.653

1495997440450	0.095	-0.057	9.672

1495997440459	0.095	-0.067	9.644

1495997440469	0.095	-0.067	9.653

1495997440479	0.134	-0.067	9.701

1495997440493	0.105	-0.076	9.682

1495997440502	0.076	-0.057	9.672

1495997440517	0.086	-0.047	9.682

1495997440520	0.105	-0.067	9.701

1495997440529	0.114	-0.057	9.701

1495997440541	0.105	-0.095	9.682

1495997440551	0.095	-0.076	9.682

1495997440559	0.076	-0.076	9.653

1495997440569	0.095	-0.057	9.653

1495997440579	0.124	-0.086	9.672

1495997440593	0.114	-0.067	9.682

1495997440599	0.105	-0.067	9.682

1495997440609	0.114	-0.067	9.672

1495997440620	0.086	-0.057	9.672

1495997440629	0.076	-0.057	9.644

1495997440647	0.067	-0.047	9.625

1495997440650	0.076	-0.076	9.634

1495997440659	0.067	-0.057	9.692

1495997440669	0.076	-0.057	9.672

1495997440679	0.076	-0.067	9.615

1495997440691	0.086	-0.086	9.634

1495997440699	0.105	-0.076	9.663

1495997440709	0.114	-0.086	9.663

1495997440719	0.134	-0.124	9.701

1495997440729	0.114	-0.086	9.653

1495997440743	0.134	-0.057	9.672

1495997440750	0.124	-0.086	9.682

1495997440759	0.124	-0.067	9.672

1495997440769	0.086	-0.038	9.682

1495997440779	0.076	-0.038	9.672

1495997440791	0.076	-0.028	9.605

1495997440799	0.095	-0.028	9.663

1495997440809	0.047	-0.047	9.672

1495997440819	0.067	-0.086	9.653

1495997440829	0.067	-0.067	9.682

1495997440841	0.105	-0.114	9.692

1495997440857	0.105	-0.114	9.682

1495997440859	0.134	-0.095	9.653

1495997440869	0.153	-0.114	9.711

1495997440879	0.124	-0.076	9.682

1495997440891	0.114	-0.067	9.672

1495997440899	0.134	-0.057	9.73

1495997440909	0.143	-0.057	9.711

1495997440919	0.105	-0.019	9.711

1495997440929	0.114	-0.057	9.692

1495997440941	0.095	-0.047	9.701

1495997440950	0.124	-0.067	9.672

1495997440964	0.114	-0.086	9.672

1495997440969	0.095	-0.076	9.682

1495997440979	0.095	-0.086	9.672

1495997440996	0.086	-0.134	9.663

1495997440999	0.114	-0.134	9.701

1495997441009	0.086	-0.124	9.692

1495997441019	0.095	-0.095	9.682

1495997441029	0.114	-0.086	9.692

1495997441044	0.162	-0.086	9.682

1495997441051	0.114	-0.067	9.672

1495997441060	0.114	-0.028	9.711

1495997441069	0.095	-0.047	9.682

1495997441079	0.124	-0.076	9.711

1495997441091	0.105	-0.057	9.653

1495997441099	0.134	-0.095	9.692

1495997441109	0.114	-0.095	9.682

1495997441119	0.105	-0.105	9.663

1495997441130	0.095	-0.105	9.682

1495997441144	0.105	-0.114	9.663

1495997441152	0.105	-0.095	9.653

1495997441177	0.086	-0.086	9.682

1495997441180	0.076	-0.086	9.682

1495997441183	0.095	-0.057	9.682

1495997441191	0.076	-0.057	9.625

1495997441199	0.095	-0.038	9.692

1495997441209	0.124	-0.047	9.692

1495997441219	0.134	-0.067	9.682

1495997441229	0.114	-0.067	9.692

1495997441247	0.095	-0.047	9.672

1495997441256	0.095	-0.067	9.644

1495997441259	0.095	-0.076	9.72

1495997441269	0.114	-0.076	9.711

1495997441279	0.086	-0.086	9.672

1495997441291	0.114	-0.076	9.663

1495997441299	0.105	-0.076	9.682

1495997441309	0.067	-0.057	9.634

1495997441319	0.095	-0.095	9.682

1495997441329	0.105	-0.076	9.682

1495997441344	0.105	-0.076	9.701

1495997441351	0.086	-0.057	9.701

1495997441359	0.105	-0.086	9.644

1495997441369	0.124	-0.067	9.701

1495997441379	0.114	-0.067	9.663

1495997441391	0.114	-0.067	9.682

1495997441411	0.105	-0.067	9.682

1495997441419	0.114	-0.086	9.682

1495997441429	0.095	-0.067	9.644

1495997441441	0.086	-0.057	9.596

1495997441451	0.086	-0.076	9.634

1495997441463	0.076	-0.047	9.672

1495997441468	0.057	-0.076	9.625

1495997441479	0.076	-0.057	9.634

1495997441491	0.095	-0.076	9.663

1495997441505	0.095	-0.067	9.701

1495997441509	0.076	-0.057	9.625

1495997441530	0.086	-0.047	9.634

1495997441535	0.076	-0.057	9.625

1495997441546	0.076	-0.067	9.634

1495997441556	0.143	-0.076	9.682

1495997441559	0.095	-0.067	9.672

1495997441569	0.124	-0.038	9.653

1495997441579	0.086	-0.067	9.663

1495997441591	0.105	-0.047	9.701

1495997441599	0.095	-0.086	9.663

1495997441609	0.124	-0.086	9.73

1495997441619	0.095	-0.095	9.653

1495997441629	0.105	-0.086	9.672

1495997441644	0.067	-0.067	9.672

1495997441650	0.095	-0.067	9.682

1495997441659	0.095	-0.076	9.692

1495997441669	0.086	-0.057	9.663

1495997441679	0.105	-0.047	9.672

1495997441691	0.095	-0.057	9.701

1495997441699	0.095	-0.057	9.663

1495997441709	0.114	-0.047	9.692

1495997441719	0.114	-0.067	9.672

1495997441729	0.086	-0.057	9.701

1495997441741	0.095	-0.076	9.682

1495997441750	0.114	-0.067	9.634

1495997441759	0.134	-0.086	9.672

1495997441771	0.124	-0.105	9.701

1495997441779	0.114	-0.076	9.682

1495997441791	0.114	-0.095	9.692

1495997441799	0.095	-0.067	9.653

1495997441809	0.105	-0.076	9.72

1495997441819	0.105	-0.067	9.701

1495997441829	0.105	-0.076	9.682

1495997441841	0.114	-0.067	9.634

1495997441849	0.114	-0.076	9.682

1495997441861	0.105	-0.067	9.692

1495997441869	0.105	-0.076	9.692

1495997441879	0.114	-0.086	9.682

1495997441891	0.124	-0.076	9.653

1495997441899	0.124	-0.095	9.663

1495997441909	0.095	-0.086	9.663

1495997441919	0.143	-0.095	9.711

1495997441929	0.105	-0.076	9.672

1495997441943	0.095	-0.105	9.711

1495997441950	0.086	-0.076	9.653

1495997441960	0.086	-0.067	9.672

1495997441969	0.095	-0.086	9.672

1495997441979	0.086	-0.076	9.644

1495997441996	0.076	-0.067	9.634

1495997441999	0.105	-0.057	9.663

1495997442009	0.057	-0.067	9.653

1495997442019	0.095	-0.067	9.663

1495997442029	0.105	-0.057	9.663

1495997442042	0.114	-0.076	9.653

1495997442051	0.095	-0.076	9.663

1495997442060	0.086	-0.057	9.672

1495997442069	0.114	-0.076	9.644

1495997442079	0.114	-0.086	9.653

1495997442091	0.105	-0.067	9.682

1495997442099	0.134	-0.095	9.692

1495997442109	0.114	-0.086	9.663

1495997442119	0.086	-0.067	9.663

1495997442131	0.095	-0.095	9.692

1495997442142	0.086	-0.076	9.634

1495997442150	0.086	-0.047	9.634

1495997442159	0.105	-0.057	9.663

