1496166425599	-4.348	-15.811	-0.459

1496166425640	-4.616	-15.342	-2.566

1496166425655	-6.177	-13.733	-1.925

1496166425672	-6.273	-12.641	-1.024

1496166425680	-5.889	-12.182	-0.833

1496166425723	-4.836	-13.273	-2.308

1496166425730	-2.557	-13.388	-3.581

1496166425757	-1.848	-12.546	-3.945

1496166425758	-2.327	-11.818	-4.606

1496166425776	-3.39	-10.697	-2.183

1496166425812	-3.658	-10.151	-2.183

1496166425814	-3.668	-11.559	-1.695

1496166425832	-3.668	-11.559	-1.35

1496166425853	-2.499	-10.276	-0.718

1496166425854	-3.007	-9.462	-0.603

1496166425856	-3.476	-9.356	-0.727

1496166425900	-3.438	-8.763	-0.555

1496166425903	-2.978	-8.389	-0.498

1496166425905	-2.71	-8.59	-0.708

1496166426233	-2.978	-8.245	-0.574

1496166426280	-2.777	-7.92	-0.287

1496166426286	-2.566	-7.853	-0.277

1496166426303	-2.375	-7.709	-0.421

1496166426324	-2.269	-7.623	-0.555

1496166426326	-2.212	-7.374	-0.134

1496166426331	-2.279	-6.818	0.201

1496166426361	-2.528	-6.55	0.229

1496166426381	-2.844	-6.196	0.21

1496166426407	-2.786	-6.033	0.316

1496166426413	-2.585	-5.937	0.488

1496166426428	-2.604	-5.88	0.306

1496166426430	-2.815	-5.995	0.593

1496166426431	-3.284	-6.167	0.919

1496166426436	-3.562	-6.502	1.072

1496166426453	-2.49	-6.656	1.101

1496166426462	-2.652	-6.847	0.737

1496166426476	-3.352	-6.914	0.134

1496166426478	-3.304	-7.067	-0.919

1496166426479	-2.758	-6.502	-0.459

1496166426486	-2.432	-6.071	-0.296

1496166426502	-2.49	-6.78	1.139

1496166426504	-2.959	-7.01	0.603

1496166426509	-3.581	-7.144	-0.047

1496166426511	-4.089	-7.259	0.22

1496166426527	-3.802	-7.269	0.565

1496166426533	-3.371	-7.431	-0.095

1496166426554	-3.371	-7.575	0.038

1496166426576	-3.294	-7.632	1.024

1496166426583	-3.265	-7.585	-0.114

1496166426607	-3.179	-7.632	-0.258

1496166426624	-2.624	-8.293	1.762

1496166426626	-3.648	-9.49	1.647

1496166426631	-5.727	-10.707	0.66

1496166426633	-7.173	-11.53	1.158

1496166426671	-6.292	-12.143	2.585

1496166426682	-6.33	-12.842	3.17

1496166426697	-6.608	-13.494	3.591

1496166426698	-6.148	-14.049	4.29

1496166426703	-6.569	-14.997	3.572

1496166426705	-7.048	-15.189	2.834

1496166426720	-6.138	-15.237	3.179

1496166426726	-5.784	-14.777	2.317

1496166426728	-5.813	-13.791	1.982

1496166426755	-4.817	-12.986	2.116

1496166426768	-4.721	-12.986	1.647

1496166426772	-4.903	-12.344	1.79

1496166426782	-4.568	-12.593	1.321

1496166426784	-4.223	-11.473	1.407

1496166426794	-3.763	-10.362	1.522

1496166426795	-3.725	-9.538	1.465

1496166426796	-4.031	-8.724	1.905

1496166426798	-3.878	-8.006	2.662

1496166426806	-2.882	-7.872	3.495

1496166426818	-5.842	-8.456	2.154

1496166426843	-4.3	-8.581	2.279

1496166426850	-2.758	-8.724	2.47

1496166426856	-1.781	-8.504	3.256

1496166426879	-2.461	-8.236	2.288

1496166426881	-2.652	-7.68	1.541

1496166426886	-2.231	-7.46	2.106

1496166426901	-2.212	-7.115	1.829

1496166426903	-2.068	-6.522	1.676

1496166426904	-2.097	-6.205	1.484

1496166426906	-2.02	-6.138	1.944

1496166426938	-1.235	-6.895	1.743

1496166426962	-0.976	-6.368	2.145

1496166426977	-1.168	-6.713	1.953

1496166426978	-1.369	-6.953	1.599

1496166426980	-1.733	-7.01	1.589

1496166426986	-2.221	-6.818	1.896

1496166427007	-2.537	-6.617	2.106

1496166427008	-2.863	-6.531	2.212

1496166427010	-3.083	-6.378	2.346

1496166427023	-3.198	-6.273	2.403

1496166427026	-3.026	-6.311	2.394

1496166427027	-2.834	-6.32	2.26

1496166427032	-2.729	-6.349	2.049

1496166427034	-2.509	-6.359	1.752

1496166427049	-2.336	-6.349	1.407

1496166427050	-2.308	-6.33	1.235

1496166427052	-2.212	-6.464	1.015

1496166427061	-2.059	-6.541	0.89

1496166427073	-2.03	-6.454	0.823

1496166427074	-1.857	-6.435	1.34

1496166427097	-1.915	-6.359	1.647

1496166427098	-2.059	-6.426	2.059

1496166427099	-2.202	-6.34	2.327

1496166427105	-2.432	-6.234	2.576

1496166427107	-2.882	-6.253	2.758

1496166427120	-3.275	-6.732	2.853

1496166427122	-3.648	-7.221	3.112

1496166427123	-3.792	-7.508	3.304

1496166427128	-3.993	-7.814	3.332

1496166427143	-4.252	-8.217	3.332

1496166427145	-4.472	-8.533	3.562

1496166427147	-4.731	-8.715	3.687

1496166427148	-4.846	-8.839	3.792

1496166427153	-4.999	-8.964	3.754

1496166427155	-5.219	-9.059	3.562

1496166427156	-5.324	-9.184	3.447

1496166427168	-5.095	-10.812	4.146

1496166427170	-5.918	-11.913	3.294

1496166427171	-5.918	-13.024	2.672

1496166427172	-6.359	-14.001	4.865

1496166427178	-8.657	-14.049	3.553

1496166427180	-8.504	-14.097	-4.328

1496166427182	-4.051	-13.044	-10.64

1496166427195	0.488	-10.688	-9.337

1496166427196	1.35	-11.406	5.669

1496166427198	-4.405	-14.739	9.759

1496166427199	-4.175	-13.427	-0.565

1496166427204	-1.532	-11.818	-4.434

1496166427221	-1.771	-11.904	-5.956

1496166427222	-3.131	-12.498	-4.376

1496166427228	-3.562	-12.325	-1.283

1496166427230	-4.462	-12.881	-0.9

1496166427244	-4.309	-12.488	-2.394

1496166427246	-3.38	-12.785	-3.016

1496166427247	-2.47	-12.632	-3.955

1496166427248	-1.321	-12.565	-2.988

1496166427250	-1.522	-12.162	-2.853

1496166427255	-2.106	-12.277	-2.432

1496166427270	-2.394	-11.866	-2.068

1496166427271	-2.346	-11.119	-1.628

1496166427273	-2.164	-10.372	-1.771

1496166427274	-1.896	-9.308	-1.599

1496166427276	-1.331	-8.6	-1.034

1496166427296	-1.388	-8.207	-1.398

1496166427297	-1.283	-7.949	-1.091

1496166427299	-1.053	-7.546	-0.67

1496166427300	-1.532	-7.565	-0.43

1496166427301	-1.79	-7.7	-0.268

1496166427303	-1.896	-7.623	-0.239

1496166427308	-1.972	-7.604	-0.354

1496166427311	-2.202	-7.594	-0.459

1496166427325	-2.126	-7.508	-0.67

1496166427327	-2.068	-7.441	-0.909

1496166427328	-2.154	-7.46	-1.13

1496166427329	-2.241	-7.518	-1.13

1496166427336	-2.327	-7.546	-1.177

1496166427351	-2.49	-7.671	-1.235

1496166427352	-2.767	-7.786	-1.35

1496166427353	-2.767	-7.862	-1.369

1496166427355	-2.796	-8.006	-1.35

1496166427375	-3.007	-8.006	-1.494

1496166427376	-3.064	-8.198	-1.8

1496166427378	-3.275	-8.437	-2.001

1496166427379	-3.505	-8.801	-1.877

1496166427380	-3.524	-9.395	-1.331

1496166427386	-3.38	-8.705	-0.402

1496166427403	-3.581	-10.19	-0.957

1496166427404	-3.15	-10.927	-0.747

1496166427408	-2.413	-11.004	-0.747

1496166427415	-2.777	-10.946	-0.593

1496166427429	-3.572	-11.099	-1.177

1496166427430	-3.993	-11.157	-0.871

1496166427432	-4.434	-10.755	-0.632

1496166427433	-4.673	-10.841	-0.114

1496166427434	-4.807	-11.54	0.335

1496166427436	-4.683	-11.396	0.718

1496166427441	-4.683	-11.846	0.44

1496166427488	-4.644	-13.101	0.191

1496166427489	-3.131	-14.087	0.067

1496166427491	-2.49	-12.881	-0.861

1496166427497	-3.179	-13.618	-1.589

1496166427512	-3.648	-14.059	-1.187

1496166427514	-3.399	-13.302	0.181

1496166427515	-2.585	-12.546	1.015

1496166427520	-1.283	-11.703	0.996

1496166427522	-0.258	-11.119	0.057

1496166427524	0.373	-11.32	-0.555

1496166427535	0.651	-11.885	-0.747

1496166427537	0.459	-12.153	-1.465

1496166427538	-0.344	-12.431	-1.474

1496166427540	-1.292	-12.23	-1.034

1496166427542	-2.106	-12.019	-0.469

1496166427547	-2.413	-11.779	-0.114

1496166427622	-2.403	-11.53	0.162

1496166427631	-2.355	-11.396	0.038

1496166427649	-2.739	-9.835	-1.12

1496166427651	-3.562	-9.318	-2.279

1496166427652	-2.853	-8.734	-1.379

1496166427653	-2.308	-8.102	-0.909

1496166427655	-1.647	-7.508	-0.316

1496166427657	-1.637	-7.412	-0.363

1496166427676	-1.283	-7.202	-0.948

1496166427677	-0.871	-6.454	-1.072

1496166427679	0.249	-4.932	0.009

1496166427680	-1.925	-6.589	0.411

1496166427682	-1.982	-6.847	0.44

1496166427686	-1.13	-7.192	0.689

1496166427688	0.22	-6.943	1.187

