1495397738678	-1.2216893	0.78417265	1.1027179

1495397738685	-1.2980282	0.6053824	1.3230748

1495397738696	-1.5935252	0.42312816	1.534639

1495397738705	-1.929523	0.22568612	1.5074607

1495397738717	-2.1454837	0.54209965	1.1125766

1495397738725	-2.1454837	0.54209965	0.99360514

1495397738743	-1.7398082	1.2608579	0.9521716

1495397738745	-1.6153743	1.5183853	0.92059684

1495397738757	-1.490008	1.4746869	0.9172662

1495397738765	-1.3405275	1.2871037	0.8659739

1495397738775	-1.1998401	1.1277645	0.7721822

1495397738787	-1.0492939	1.0067946	0.6806555

1495397738795	-0.9172662	0.89115375	0.6510791

1495397738806	-0.77005064	0.7635225	0.6664002

1495397738817	-0.6085798	0.6270983	0.7057021

1495397738830	-0.44937384	0.5486278	0.7536637

1495397738835	-0.29549694	0.53663737	0.7864375

1495397738845	-0.12536637	0.6096456	0.79842794

1495397738855	0.020650147	0.7275513	0.7744471

1495397738875	0.16027178	0.83546495	0.7296829

1495397738876	0.29882762	0.85944575	0.6642686

1495397738885	0.42206234	0.81148416	0.5692779

1495397738895	0.5692779	0.74167335	0.45257127

1495397738906	1.0133227	0.42539302	0.24540368

1495397738915	1.0133227	0.42539302	0.1438849

1495397738925	1.6067146	-0.115507595	0.055555556

1495397738935	1.8378631	-0.24433786	0.0065281107

1495397738945	1.885958	-0.17013057	0.023980815

1495397738955	1.786704	0.06861178	0.07194245

1495397738974	1.5827339	0.24966693	0.021715961

1495397738975	1.1889155	0.32387424	-0.18212096

1495397738985	0.47442046	0.5671463	-0.47122303

1495397738995	-0.41660005	1.0198507	-0.26711965

1495397739005	-1.1037836	1.3481215	0.26392218

1495397739015	-1.3100187	1.0667466	0.64575005

1495397739025	-1.116973	0.6108447	0.7525979

1495397739035	-0.7864375	0.40354383	0.6838529

1495397739045	-0.44391152	0.24966693	0.52464694

1495397739055	-0.18864909	0.083932854	0.23661071

1495397739067	0.23661071	-0.08180123	-0.49626964

1495397739075	0.111244336	-0.20610179	-0.49626964

1495397739085	0.40794033	-0.40794033	-0.70889956

1495397739100	0.61191046	-0.722089	-0.6424194

1495397739106	0.10351719	-0.51372236	0.004263256

1495397739115	0.10351719	-0.51372236	0.2300826

1495397739125	0.39475086	-0.07633893	0.40900612

1495397739135	0.44497734	-0.27258193	0.35664803

1495397739145	0.3162803	-0.561684	0.051159073

1495397739155	0.39701572	-0.8943512	-0.28030908

1495397739165	0.6707967	-1.2772449	-0.51811886

1495397739179	0.9784173	-1.6056488	-0.7689848

1495397739185	1.1344258	-1.6950439	-1.1626699

1495397739195	1.1626699	-1.6917133	-1.6121769

1495397739206	1.2314149	-1.7179589	-1.9044764

1495397739216	1.292566	-1.5695443	-2.0996537

1495397739225	1.2772449	-1.2139622	-2.1139088

1495397739235	1.2412736	-0.86823875	-1.885958

1495397739245	1.2150279	-0.71329606	-1.5009326

1495397739255	1.1660005	-0.67732483	-1.1878498

1495397739283	1.1758593	-0.6151079	-0.9761524

1495397739284	1.2019718	-0.47335464	-0.74713564

1495397739286	1.1975753	-0.42099655	-0.52025044

1495397739295	1.207434	-0.46349588	-0.4014122

1495397739305	1.2521982	-0.50173193	-0.37729818

1495397739315	1.3197442	-0.46682653	-0.37410071

1495397739325	1.3481215	-0.20943245	-0.41007194

1495397739335	1.3874234	-0.015187849	-0.492939

1495397739345	1.4244604	0.15161204	-0.5802025

1495397739355	1.4147348	0.2246203	-0.6468159

1495397739367	1.3634425	0.20063949	-0.6783906

1495397739374	1.3001599	0.12430056	-0.6969091

1495397739385	1.2478018	0.032640554	-0.69038105

1495397739395	1.2238209	-0.12216893	-0.6806555

1495397739405	1.2107648	-0.26831868	-0.6544098

1495397739416	1.184519	-0.35877964	-0.6577405

1495397739435	1.1452172	-0.43298694	-0.6718625

1495397739438	1.092859	-0.51918465	-0.7166267

1495397739445	1.069944	-0.598721	-0.7504663

1495397739455	1.0722089	-0.6282974	-0.78310686

1495397739465	1.0524913	-0.60751396	-0.8093525

1495397739475	0.9761524	-0.57154274	-0.84092724

1495397739485	0.85078603	-0.49187317	-0.8649081

1495397739495	0.7275513	-0.32494006	-0.88569146

1495397739506	0.52358115	0.017452704	-0.6981082

1495397739516	0.42645884	0.16027178	-0.57047695

1495397739535	0.35877964	0.035971224	-0.47122303

1495397739536	0.2715161	-0.15161204	-0.3141487

1495397739547	0.17452705	-0.28350654	-0.173328

1495397739565	0.062083665	-0.3665068	-0.087263525

1495397739567	-0.08286704	-0.40794033	-0.022781774

1495397739575	-0.21049827	-0.42539302	0.052358113

1495397739585	-0.3228084	-0.42206234	0.15374367

1495397739595	-0.49840128	-0.3490541	0.27924326

1495397739605	-0.7176925	-0.25406343	0.42206234

1495397739615	-0.9576339	-0.14281908	0.5770051

1495397739625	-1.2511324	0.015187849	0.7395417

1495397739635	-1.5608846	0.14614974	0.91953105

1495397739645	-1.8193445	0.2933653	1.0896616

1495397739655	-2.081135	0.5071942	1.207434

1495397739667	-2.2982948	0.59445775	1.3405275

1495397739675	-2.431255	0.4864109	1.3405275

1495397739685	-2.5578203	0.31521448	1.41247

1495397739695	-2.6505463	0.1613376	1.4364508

1495397739706	-2.3931522	-0.020650147	1.3438582

1495397739715	-1.9425793	0.12323475	1.2402078

1495397739725	-1.541167	0.31081802	1.115774

1495397739735	-1.360112	0.45257127	1.115774

1495397739745	-1.3623768	0.63042897	1.3306688

1495397739757	-1.4954703	0.76458836	1.5150546

1495397739766	-1.732081	0.66200376	1.467093

1495397739775	-1.90008	0.48094857	1.2172928

1495397739785	-1.863043	0.759126	1.0612843

1495397739795	-1.7375433	1.1594725	0.96096456

1495397739806	-1.564082	1.4637623	0.88236076

1495397739816	-1.3743671	1.6143086	0.84425795

1495397739825	-1.2248868	1.5215827	0.81588066

1495397739835	-1.1464162	1.3306688	0.7330136

1495397739845	-1.0754063	1.1223022	0.6140421

1495397739855	-0.96522784	0.89661604	0.48534507

1495397739865	-0.87370104	0.6827871	0.40354383

1495397739875	-0.7809752	0.50612843	0.38169464

1495397739885	-0.6751932	0.37729818	0.41660005

1495397739895	-0.5671463	0.3097522	0.48747668

1495397739906	-0.3228084	0.30095923	0.5824674

1495397739917	-0.18651745	0.3391953	0.6270983

1495397739926	-0.033706367	0.39155343	0.6554756

1495397739947	0.09485745	0.42539302	0.64455104

1495397739955	0.20503597	0.42539302	0.59339195

1495397739957	0.33160138	0.41007194	0.5103917

1495397739971	0.4820144	0.40794033	0.40674126

1495397739974	0.6642686	0.42645884	0.30642152

1495397739985	0.8703704	0.379563	0.21702638

1495397739995	1.092859	0.26392218	0.14068745

1495397740006	1.2793765	0.16906475	0.09925393

1495397740016	1.383027	0.14068745	0.07513989

1495397740029	1.3590461	0.22142287	0.10245137

1495397740035	1.2576605	0.33693045	0.12869704

1495397740045	1.0307754	0.3511857	0.05009326

1495397740055	0.5584865	0.33373302	-0.13629097

1495397740065	-0.107913665	0.515854	-0.16679989

1495397740075	-0.73834264	0.804956	0.17452705

1495397740085	-1.0841993	0.8377298	0.5627498

1495397740095	-1.0318412	0.50612843	0.76019186

1495397740107	-0.5038636	0.38715693	0.59339195

1495397740115	-0.2519318	0.26831868	0.34132695

1495397740125	-0.11231015	0.04796163	-0.0065281107

1495397740135	-0.043565147	-0.15267786	-0.35771382

1495397740145	0.19411138	-0.52358115	-0.62283504

1495397740154	0.37077004	-1.0656807	-0.58899546

1495397740165	0.062083665	-1.2456701	-0.28457233

1495397740175	-0.32494006	-0.46456167	0.026112443

1495397740185	-0.13962163	-0.09925393	0.2246203

1495397740195	0.287903	-0.3162803	0.35984546

1495397740205	0.2464695	-0.42206234	0.13962163

1495397740216	0.05662137	-0.6293632	-0.22355449

1495397740225	0.29882762	-1.0459633	-0.5289102

1495397740235	0.7504663	-1.5423661	-0.7744471

1495397740245	1.161604	-1.94591	-1.018785

1495397740255	1.3808953	-2.0266454	-1.4189981

1495397740268	1.3176125	-1.9742873	-2.0626166

1495397740295	1.2860378	-1.6612043	-2.166267

1495397740297	1.2805755	-1.3022915	-2.0419664

1495397740306	1.2456701	-0.76671994	-1.1975753

1495397740315	1.2597922	-0.6249667	-0.92379427

1495397740325	1.2194245	-0.43631762	-0.7624567

1495397740335	1.1998401	-0.30868638	-0.57913667

1495397740345	1.1855849	-0.23661071	-0.42752466

1495397740355	1.1779909	-0.2126299	-0.39808154

1495397740365	1.2259526	-0.20503597	-0.42859045

1495397740375	1.3165468	-0.111244336	-0.46682653

1495397740385	1.3994138	0.021715961	-0.51811886

1495397740395	1.4551026	0.17119637	-0.59445775

1495397740405	1.4746869	0.3261391	-0.6642686

1495397740415	1.4768186	0.45150545	-0.7351452

1495397740430	1.4528377	0.49520382	-0.7776446

1495397740435	1.4092726	0.44710898	-0.7853717

1495397740445	1.3721023	0.30535573	-0.7732481

1495397740455	1.3415934	0.117772445	-0.7536637

1495397740465	1.292566	-0.12869704	-0.74713564

1495397740475	1.2444711	-0.2998934	-0.74273914

1495397740485	1.1987743	-0.3904876	-0.745004

1495397740495	1.1605382	-0.44604316	-0.78417265

1495397740506	1.1310952	-0.48427925	-0.8987477

1495397740520	1.1092459	-0.4308553	-0.9315215

1495397740525	1.0492939	-0.34572342	-0.94897413

1495397740535	0.95004	-0.2126299	-0.9357847

1495397740545	0.8322675	-0.067545965	-0.90527576

1495397740564	0.70889956	0.087263525	-0.81694645

1495397740566	0.57593924	0.2410072	-0.6739941

1495397740575	0.44058087	0.30535573	-0.5398348

1495397740585	0.2998934	0.21809219	-0.39475086

1495397740596	0.1449507	0.06648015	-0.26392218

1495397740606	-0.001065814	-0.046895817	-0.17772448

1495397740616	-0.16573408	-0.10471623	-0.12976286

1495397740636	-0.32387424	-0.16027178	-0.067545965

1495397740637	-0.46029842	-0.22022381	0.05009326

1495397740645	-0.62283504	-0.21702638	0.23114842

1495397740655	-0.8551825	-0.11990408	0.45803356

1495397740665	-1.1191047	-0.032640554	0.69144684

1495397740675	-1.3852918	0.032640554	0.964162

1495397740685	-1.655742	0.111244336	1.2172928

1495397740695	-1.9197975	0.22795098	1.3950173

1495397740706	-2.3669064	0.39475086	1.5466293

1495397740715	-2.5174527	0.34239274	1.5881962

1495397740725	-2.5981882	0.21156408	1.59579

1495397740735	-2.600453	0.003197442	1.4976019

1495397740745	-2.4814816	-0.20503597	1.3590461

1495397740755	-2.2077005	-0.2126299	1.2118305

1495397740766	-1.8739675	0.026112443	1.0362377

1495397740786	-1.5947242	0.32933652	0.89115375

1495397740787	-1.4507061	0.45150545	0.90860647

1495397740795	-1.4866773	0.39914736	1.1060485

1495397740805	-1.6841193	0.3904876	1.2980282

1495397740817	-1.9732214	0.2933653	1.3001599

1495397740825	-2.1793232	0.31841195	1.1310952

1495397740835	-2.189182	0.6697309	0.9816147

1495397740848	-2.0407674	0.9980016	0.8758327

1495397740855	-1.832534	1.2871037	0.81254995

1495397740865	-1.6176392	1.5062617	0.8377298

1495397740875	-1.3994138	1.5051959	0.8802292

1495397740885	-1.1975753	1.3645084	0.86277646

1495397740895	-1.0427657	1.2042366	0.79842794

1495397740906	-0.79949373	0.89221954	0.7111644

1495397740915	-0.69038105	0.78417265	0.7046363

1495397740932	-0.5726086	0.70023984	0.7395417

1495397740935	-0.45803356	0.6108447	0.7776446

1495397740945	-0.3282707	0.5572875	0.7918998

1495397740955	-0.18318678	0.5824674	0.79509723

1495397740965	-0.034905408	0.6140421	0.77990943

1495397740975	0.118838266	0.598721	0.7492673

1495397740986	0.24207301	0.6020517	0.6664002

1495397740995	0.34359178	0.5398348	0.54316545

1495397741007	0.46789235	0.41993073	0.41220358

1495397741020	0.85078603	0.12869704	0.1384226

1495397741035	1.0873967	-0.049027443	0.049027443

1495397741045	1.3535838	-0.2584599	-0.009725553

1495397741056	1.5903277	-0.3904876	-0.023980815

1495397741065	1.6939782	-0.33586463	-0.003197442

1495397741075	1.6132427	-0.10031974	0.043565147

1495397741085	1.428857	0.13962163	0.017452704

1495397741095	1.1813216	0.2410072	-0.117772445

1495397741105	0.022781774	0.5540901	-0.46349588

1495397741117	-0.7460698	0.9826805	-0.14175327

1495397741125	-1.2194245	1.2107648	0.32494006

1495397741135	-1.2597922	1.0318412	0.57474023

1495397741145	-0.9696243	0.7231548	0.5921929

1495397741155	-0.6282974	0.48427925	0.47442046

1495397741165	-0.38276047	0.23994137	0.21596056

1495397741179	-0.2529976	-0.032640554	-0.12323475

1495397741185	-0.14934719	-0.29669598	-0.4820144

1495397741195	0.101385556	-0.5900613	-0.7492673

1495397741206	0.42859045	-0.9118039	-0.8387956

1495397741215	0.42859045	-1.0688782	-0.6697309

1495397741225	0.11670663	-0.76671994	-0.3904876

1495397741235	-0.058886223	-0.17119637	-0.1951772

1495397741245	0.08286704	-0.069810815	0.009725553

1495397741255	0.3141487	-0.33160138	0.12536637

1495397741269	0.30535573	-0.9816147	-0.2464695

1495397741296	0.37410071	-1.2194245	-0.44830802

1495397741298	0.5584865	-1.4954703	-0.62163603

1495397741307	0.98934186	-1.5892619	-1.1855849

1495397741318	1.0154543	-1.490008	-1.6077805

1495397741325	1.0688782	-1.444178	-1.8565148

1495397741335	1.1594725	-1.2565948	-1.952438

1495397741345	1.2150279	-0.94351184	-1.8674394

1495397741355	1.2139622	-0.598721	-1.5510259

1495397741365	1.1855849	-0.44830802	-1.2084999

1495397741375	1.124567	-0.42859045	-0.9532374

1495397741385	1.0885957	-0.41446844	-0.7864375

1495397741395	1.0907274	-0.37410071	-0.6195044

1495397741405	1.0972556	-0.38062882	-0.46456167

1495397741417	1.0961897	-0.46895817	-0.38928857

1495397741425	1.1201705	-0.53330666	-0.3675726

1495397741435	1.1769252	-0.5442313	-0.39475086

1495397741445	1.2368772	-0.48321342	-0.41993073

1495397741455	1.2696509	-0.30535573	-0.45483613

1495397741465	1.2990941	-0.05662137	-0.51918465

1495397741475	1.3274714	0.17772448	-0.59339195

1495397741485	1.3230748	0.31947774	-0.6642686

1495397741495	1.2816414	0.33693045	-0.7492673

1495397741506	1.1899813	0.21702638	-0.74713564

1495397741515	1.138689	0.05662137	-0.7122302

1495397741525	1.1212363	-0.12869704	-0.6739941

1495397741535	1.1344258	-0.24207301	-0.6468159

1495397741557	1.1550759	-0.287903	-0.6424194

1495397741564	1.1823875	-0.24966693	-0.6653344

1495397741566	1.1987743	-0.15374367	-0.71009856

1495397741575	1.1943778	-0.107913665	-0.782041

1495397741585	1.1813216	-0.074074075	-0.87370104

1495397741595	1.1344258	-0.004263256	-0.9347189

1495397741607	1.0219824	0.14828138	-0.91073805

1495397741616	0.8846256	0.1787903	-0.895417

1495397741625	0.7340794	0.1897149	-0.84972024

1495397741636	0.58792967	0.22795098	-0.75153214

1495397741645	0.44058087	0.27378097	-0.56061816

1495397741655	0.30535573	0.2071676	-0.379563

1495397741665	0.16679989	-0.001065814	-0.22568612

1495397741675	-0.027178258	-0.2410072	-0.101385556

1495397741685	-0.28457233	-0.4188649	0.003197442

1495397741695	-0.54636294	-0.46895817	0.40460965

1495397741705	-1.048228	-0.33160138	0.6205702

1495397741717	-1.3022915	-0.080602184	0.8758327

1495397741733	-1.5314416	0.09152678	1.092859

1495397741735	-1.7768452	0.21049827	1.2543299

1495397741745	-2.0201173	0.31081802	1.3743671

1495397741755	-2.264455	0.44830802	1.4332534

1495397741765	-2.4869437	0.44710898	1.4189981

1495397741775	-2.7029042	0.3610445	1.4147348

1495397741785	-2.8555822	0.24966693	1.4179323

1495397741795	-2.8633094	0.07513989	1.3579803

1495397741806	-2.6364243	-0.057687182	1.2652545

1495397741815	-2.213163	0.004263256	1.1430855

1495397741825	-1.8073541	0.16466826	1.0089262

1495397741835	-1.5379696	0.34026113	0.9544364

1495397741845	-1.4103384	0.51918465	1.0448974

1495397741855	-1.4605649	0.6718625	1.2423395

1495397741882	-1.7899014	0.561684	1.3743671

1495397741887	-1.8956834	0.46682653	1.1965095

1495397741895	-1.8477218	0.6249667	0.9914735

1495397741905	-1.4244604	1.2009059	0.9805489

1495397741918	-1.2423395	1.4648281	1.0110579

1495397741925	-1.0602185	1.4976019	1.0339729

1495397741935	-0.90207833	1.4572343	1.009992

1495397741945	-0.78417265	1.3775647	0.96642685

1495397741955	-0.6882494	1.3230748	0.9260591

1495397741965	-0.6009859	1.2347455	0.88569146

1495397741975	-0.48534507	1.147482	0.88236076

1495397741985	-0.3381295	1.0907274	0.88129497

1495397741995	-0.19730882	1.0841993	0.8779643

1495397742005	-0.08832934	1.1496136	0.8605116

1495397742018	0.00532907	1.2608579	0.83000267

1495397742025	0.087263525	1.3623768	0.83000267

1495397742035	0.15707435	1.4311218	0.8136158

1495397742046	0.23447908	1.4168665	0.767919

1495397742055	0.32387424	1.2980282	0.70343727

1495397742066	0.44830802	1.0907274	0.6270983

1495397742075	0.6468159	0.81694645	0.5736744

1495397742085	0.8485212	0.5595524	0.4994671

1495397742095	1.2128963	-0.08180123	0.37623236

1495397742105	1.2903011	-0.28896883	0.40354383

1495397742117	1.2358114	-0.2126299	0.47775114

1495397742129	1.0219824	-0.013056221	0.5027978

1495397742135	0.6369571	0.25632828	0.39475086

1495397742145	0.12430056	0.57047695	0.30868638

1495397742155	-0.3675726	0.83106846	0.40900612

1495397742165	-0.7067679	0.93804955	0.6184386

1495397742175	-0.8551825	0.93258727	0.73727685

1495397742185	-0.7765787	0.8529177	0.69584334

1495397742195	-0.5682121	0.77005064	0.5856648

1495397742205	-0.3228084	0.6577405	0.46349588

1495397742216	-0.07300826	0.58459896	0.35877964

1495397742225	0.17452705	0.561684	0.31841195

1495397742235	0.41007194	0.50612843	0.28244072

1495397742245	0.6751932	0.26605383	0.20503597

1495397742255	0.9761524	-0.1624034	0.09152678

1495397742267	1.2282175	-1.5259792	-0.19850786

1495397742285	0.8234745	-2.394218	-0.13189448

1495397742301	-0.22355449	-0.79509723	-0.1100453

1495397742305	-0.08832934	0.08499867	-0.0075939246

1495397742317	0.054489743	0.6609379	-0.037037037

1495397742325	0.1329603	0.55302423	-0.20943245

1495397742335	0.3904876	-0.18212096	-0.4864109

1495397742345	0.7067679	-1.0285106	-0.83986145

1495397742355	0.94897413	-1.5161204	-1.2128963

1495397742373	1.0001333	-1.8641087	-1.4201971

1495397742376	0.95989877	-2.2447376	-1.5815347

1495397742385	1.0013323	-2.485878	-1.7801758

1495397742395	1.0417	-2.3723688	-1.8836931

1495397742405	1.0459633	-2.0779376	-1.9273914

1495397742417	1.0623502	-1.7364775	-1.8553158

1495397742425	1.0688782	-1.4757527	-1.5924593

1495397742435	1.1180389	-1.2521982	-1.2936318

1495397742445	1.2270184	-0.81588066	-1.0722089

1495397742455	1.3329337	-0.2998934	-0.8747668

1495397742466	1.4866773	-0.06541433	-0.64894754

1495397742475	1.6296296	-0.030508926	-0.49733546

1495397742485	1.678657	0.0075939246	-0.48321342

1495397742495	1.5249134	0.21049827	-0.6468159

1495397742505	1.4496403	0.264988	-0.6969091

1495397742517	1.4103384	0.2933653	-0.7275513

1495397742525	1.3798295	0.28577137	-0.7395417

1495397742535	1.3339995	0.36530775	-0.7252864

1495397742546	1.2717825	0.52358115	-0.74167335

1495397742571	1.1987743	0.6108447	-0.8333333

1495397742572	1.1103117	0.5584865	-0.92819077

1495397742577	1.0350386	0.40900612	-0.9511058

1495397742585	0.9685585	0.23661071	-0.9008793

1495397742595	0.91073805	0.09925393	-0.8365308

1495397742605	0.8834266	-0.035971224	-0.77551293

1495397742617	0.88782305	-0.15267786	-0.73727685

1495397742625	0.9063416	-0.20503597	-0.7231548

1495397742641	0.9063416	-0.17665868	-0.71875834

1495397742645	0.90207833	-0.06434852	-0.7351452

1495397742655	0.90527576	0.074074075	-0.74820143

1495397742665	0.8998135	0.23114842	-0.7624567

1495397742675	0.8779643	0.3446576	-0.7864375

1495397742685	0.7973621	0.49626964	-0.7122302

1495397742695	0.58899546	0.47881696	-0.53770316

1495397742705	0.44497734	0.31294963	-0.46243006

1495397742717	0.28577137	0.10031974	-0.42965627

1495397742730	0.14614974	-0.12869704	-0.41553423

1495397742735	0.042499334	-0.36424193	-0.41113776

1495397742745	-0.06861178	-0.5572875	-0.3904876

1495397742755	-0.196243	-0.6664002	-0.3162803

1495397742765	-0.36530775	-0.7067679	-0.17772448

1495397742775	-0.60751396	-0.69584334	0.015187849

1495397742786	-0.8900879	-0.6249667	0.23994137

1495397742795	-1.2019718	-0.52464694	0.48321342

1495397742805	-1.5205169	-0.42539302	0.7776446

1495397742831	-1.7942979	-0.34785506	1.0591527

1495397742834	-2.035305	-0.287903	1.3220091

1495397742839	-2.248068	-0.17452705	1.5019984

1495397742845	-2.4476418	-0.08180123	1.5913936

1495397742855	-2.6406875	-0.03810285	1.609912

1495397742867	-2.7454038	-0.29229948	1.5739409

1495397742885	-2.5273116	-0.68718356	1.1954436

1495397742896	-1.8914202	-0.7023714	1.1910472

1495397742905	-1.6067146	-0.31947774	1.069944

1495397742917	-1.398348	0.019584332	1.0841993

1495397742925	-1.3852918	0.06648015	1.2053025

1495397742935	-1.5466293	0.08606448	1.3394618

1495397742945	-1.7572608	0.16360246	1.4757527

1495397742954	-1.9547029	0.053423926	1.389555

1495397742965	-1.9906741	0.03810285	1.1855849

1495397742975	-1.9143353	0.24860112	1.055822

1495397742985	-1.8651745	0.6838529	0.9925393

1495397742995	-1.7146283	1.0285106	0.9740208

1495397743005	-1.4910738	1.3132161	1.0045297

1495397743017	-1.3012257	1.5488942	1.0307754

1495397743025	-1.1452172	1.5488942	1.0242473

1495397743035	-1.0154543	1.4822809	1.0230483

1495397743045	-0.86384225	1.3721023	0.99360514

1495397743055	-0.71875834	1.2444711	0.9630962

1495397743067	-0.46243006	1.0001333	0.91406876

1495397743085	-0.23554489	0.94897413	0.827871

1495397743095	-0.14828138	0.9914735	0.7689848

1495397743104	-0.07513989	0.99480414	0.69038105

1495397743115	0.008659739	0.9544364	0.6031175

1495397743125	0.13629097	0.89661604	0.51265657

1495397743135	0.29549694	0.8202771	0.4351186

1495397743145	0.4940048	0.6739941	0.3555822

1495397743155	0.74380493	0.44284573	0.28350654

1495397743168	1.0133227	0.15707435	0.2071676

1495397743175	1.2717825	-0.16466826	0.17559285

1495397743186	1.4910738	-0.3839595	0.20943245

1495397743195	1.6001865	-0.402478	0.28577137

1495397743205	1.5881962	-0.28577137	0.36530775

1495397743217	1.4244604	-0.13962163	0.35438317

1495397743225	1.0579536	-0.045696776	0.173328

1495397743235	0.51478815	-0.051159073	-0.03157474

1495397743246	-0.107913665	0.12869704	-0.054489743

1495397743255	-0.6554756	0.46029842	0.14175327

1495397743265	-0.9544364	0.6577405	0.3282707

1495397743275	-0.9031442	0.61191046	0.3610445

1495397743285	-0.6598721	0.515854	0.29669598

1495397743295	-0.150413	0.23994137	0.1384226

1495397743304	0.018518519	0.018518519	-0.10351719

1495397743316	0.23114842	-0.3391953	-0.3446576

1495397743330	0.6108447	-0.85944575	-0.6020517

1495397743335	1.1452172	-1.3252065	-0.87263525

1495397743345	1.5303757	-1.6895816	-0.93804955

1495397743355	1.3907541	-2.0495603	-0.64455104

1495397743366	0.7046363	-1.7211564	-0.2628564

1495397743375	0.10031974	-0.4994671	0.2628564

1495397743385	0.11444178	-0.3959499	0.64028776

1495397743395	0.098054886	-0.42965627	0.6270983

1495397743405	-0.11337597	-0.42752466	0.19078071

1495397743417	-0.083932854	-0.7013056	-0.28457233

1495397743430	0.17452705	-1.0448974	-0.598721

1495397743436	0.5082601	-1.3645084	-0.9401812

1495397743445	0.82134295	-1.6067146	-1.3165468

1495397743455	0.9685585	-1.7278178	-1.6219025

1495397743467	1.2292832	-1.8597122	-2.0321076

1495397743485	1.2456701	-1.5564882	-1.9317878

1495397743495	1.2204902	-1.1921129	-1.6841193

1495397743505	1.1464162	-1.1256329	-1.3645084

1495397743517	1.170397	-0.88675725	-1.1485479

1495397743525	1.1965095	-0.47988275	-0.95004

1495397743535	1.2347455	-0.264988	-0.7122302

1495397743545	1.2990941	-0.196243	-0.59445775

1495397743555	1.329603	-0.13629097	-0.58899546

1495397743566	1.3438582	-0.033706367	-0.561684

1495397743578	1.3798295	0.077404745	-0.53770316

1495397743585	1.435385	0.150413	-0.5518252

1495397743595	1.4561684	0.15707435	-0.6413536

1495397743605	1.4746869	0.18105516	-0.7307487

1495397743617	1.4866773	0.2584599	-0.80708766

1495397743625	1.4431121	0.3730349	-0.8605116

1495397743636	1.3874234	0.42539302	-0.8998135

1495397743645	1.3306688	0.31947774	-0.91953105

1495397743655	1.2936318	0.11444178	-0.92379427

1495397743666	1.2030376	-0.23447908	-0.92059684

