1498224058788	0.17658	0.10791	10.0062

1498224058795	0.03924	0.029429998	9.89829

1498224058805	0.08829	0.03924	9.98658

1498224058817	0.15696	0.10791	9.98658

1498224058827	0.10791	0.10791	9.83943

1498224058851	0.22563	0.0981	9.91791

1498224058852	0.11771999	0.10791	9.809999

1498224058857	-0.01962	0.0	9.809999

1498224058867	0.13734	0.11771999	9.88848

1498224058885	0.08829	0.029429998	9.76095

1498224058889	0.08829	0.03924	9.80019

1498224058898	0.07848	0.0981	9.78057

1498224058908	0.12753	0.06867	9.829619

1498224058919	0.04905	0.0981	9.85905

1498224058929	0.17658	0.10791	10.07487

1498224058940	0.12753	0.0	9.94734

1498224058949	0.14715	0.058859996	9.849239

1498224058959	0.08829	0.07848	9.92772

1498224058969	0.14715	0.04905	9.77076

1498224058979	0.0981	0.13734	9.809999

1498224058991	0.14715	0.11771999	9.849239

1498224059000	0.058859996	0.08829	9.79038

1498224059010	0.16677	0.00981	9.76095

1498224059022	0.07848	0.12753	9.80019

1498224059045	0.04905	0.06867	9.83943

1498224059050	0.01962	0.14715	9.809999

1498224059060	0.03924	0.10791	9.78057

1498224059086	0.04905	0.10791	9.78057

1498224059087	0.14715	0.058859996	9.80019

1498224059091	0.11771999	0.0981	9.809999

1498224059100	0.01962	0.04905	9.89829

1498224059110	0.03924	0.08829	9.78057

1498224059122	0.07848	0.10791	9.83943

1498224059142	0.06867	0.04905	9.829619

1498224059150	0.029429998	0.06867	9.88848

1498224059160	0.03924	0.029429998	9.7119

1498224059169	0.10791	0.10791	9.81981

1498224059180	0.18639	0.04905	9.81981

1498224059191	0.13734	0.01962	9.849239

1498224059200	0.08829	0.01962	9.87867

1498224059210	0.14715	0.03924	9.87867

1498224059222	0.12753	0.10791	9.78057

1498224059251	0.16677	0.17658	9.976769

1498224059254	0.06867	0.029429998	9.868859

1498224059260	0.11771999	0.07848	9.80019

1498224059270	0.0981	0.0981	9.849239

1498224059294	0.03924	0.07848	9.809999

1498224059296	0.01962	0.0981	9.89829

1498224059300	0.08829	0.11771999	9.829619

1498224059310	0.10791	0.029429998	9.79038

1498224059322	0.0981	0.06867	9.829619

1498224059341	0.06867	0.01962	9.96696

1498224059350	0.15696	0.058859996	9.85905

1498224059360	0.10791	0.04905	9.849239

1498224059370	0.07848	0.04905	9.76095

1498224059381	0.058859996	0.06867	9.87867

1498224059392	0.13734	0.12753	9.868859

1498224059401	0.10791	0.14715	9.85905

1498224059411	0.11771999	0.08829	9.87867

1498224059423	0.03924	0.06867	9.83943

1498224059452	0.029429998	0.01962	9.91791

1498224059455	0.12753	0.07848	9.9081

1498224059461	0.11771999	0.06867	9.87867

1498224059494	0.06867	0.0981	9.87867

1498224059495	0.13734	0.08829	9.78057

1498224059497	0.07848	0.12753	9.85905

1498224059502	0.08829	0.058859996	9.77076

1498224059512	0.10791	0.06867	9.81981

1498224059524	0.07848	0.058859996	9.79038

1498224059544	0.07848	0.058859996	9.94734

1498224059552	0.1962	0.058859996	9.83943

1498224059562	0.15696	0.04905	9.77076

1498224059572	0.11771999	0.10791	9.87867

1498224059583	0.12753	0.0	9.849239

1498224059594	0.15696	0.11771999	9.81981

1498224059603	0.0981	0.0981	9.868859

1498224059613	0.18639	0.0981	9.79038

1498224059625	0.11771999	0.058859996	9.809999

1498224059650	0.14715	0.12753	9.849239

1498224059654	0.10791	0.06867	9.849239

1498224059664	0.06867	0.12753	9.849239

1498224059684	0.0981	0.03924	9.72171

1498224059685	0.14715	0.10791	9.868859

1498224059695	0.12753	0.058859996	9.829619

1498224059703	0.14715	0.10791	9.74133

1498224059714	0.15696	0.08829	9.89829

1498224059725	0.07848	0.14715	9.809999

1498224059734	0.10791	0.01962	9.89829

1498224059747	0.16677	0.07848	9.87867

1498224059754	0.14715	0.15696	9.80019

1498224059764	0.14715	0.0	9.89829

1498224059774	0.14715	0.0	9.89829

1498224059784	0.15696	0.058859996	9.809999

1498224059795	0.029429998	0.029429998	9.809999

1498224059804	0.14715	0.11771999	9.81981

1498224059814	0.058859996	0.04905	9.76095

1498224059826	0.029429998	0.14715	9.76095

1498224059852	0.16677	0.03924	9.87867

1498224059854	0.12753	0.00981	9.91791

1498224059864	0.14715	0.10791	9.849239

1498224059891	0.14715	0.08829	9.85905

1498224059894	0.03924	0.10791	9.79038

1498224059897	0.10791	0.01962	9.91791

1498224059904	0.12753	0.06867	9.809999

1498224059914	0.11771999	0.10791	9.87867

1498224059925	0.0981	0.04905	9.829619

1498224059934	0.12753	0.00981	9.9571495

1498224059946	0.06867	0.01962	9.829619

1498224059955	0.10791	-0.058859996	9.83943

1498224059965	0.17658	0.04905	9.829619

1498224059975	0.058859996	0.058859996	9.81981

1498224059985	0.01962	0.08829	9.83943

1498224059996	0.10791	0.11771999	9.83943

1498224060005	0.04905	0.11771999	9.868859

1498224060015	0.11771999	0.0981	9.89829

1498224060027	0.0981	0.03924	9.809999

1498224060048	0.0981	0.0	9.92772

1498224060055	0.14715	0.15696	9.92772

1498224060065	0.15696	0.07848	9.76095

1498224060075	0.10791	0.10791	9.85905

1498224060085	0.13734	0.10791	9.85905

1498224060097	0.14715	0.10791	9.85905

1498224060105	0.0981	0.058859996	9.72171

1498224060120	0.14715	0.10791	9.77076

1498224060126	0.14715	0.058859996	9.89829

1498224060135	0.0981	0.029429998	10.07487

1498224060146	0.08829	0.07848	10.07487

1498224060157	0.03924	0.04905	9.93753

1498224060165	0.04905	0.0981	9.89829

1498224060175	0.15696	0.04905	9.868859

1498224060186	0.00981	0.13734	9.80019

1498224060196	0.07848	0.00981	9.74133

1498224060205	0.08829	0.058859996	9.62361

1498224060215	0.04905	0.11771999	9.65304

1498224060227	0.13734	0.10791	9.7119

1498224060248	0.058859996	0.058859996	9.89829

1498224060255	0.08829	0.06867	9.98658

1498224060265	0.07848	0.058859996	9.702089

1498224060275	0.14715	0.10791	9.809999

1498224060286	0.12753	0.06867	9.83943

1498224060297	0.04905	0.04905	9.81981

1498224060306	0.0	0.04905	9.67266

1498224060328	0.10791	0.058859996	9.73152

1498224060330	0.04905	0.08829	9.88848

1498224060348	0.029429998	0.04905	9.91791

1498224060367	0.0981	0.07848	9.94734

1498224060370	0.03924	0.07848	9.868859

1498224060376	0.12753	0.12753	9.74133

1498224060386	0.0981	0.06867	9.80019

1498224060398	0.32373	0.10791	9.81981

1498224060406	0.23543999	-0.03924	9.89829

1498224060416	0.1962	0.10791	10.08468

1498224060428	0.06867	0.15696	9.829619

1498224060437	0.04905	0.13734	9.9571495

1498224060449	0.13734	0.14715	9.93753

1498224060458	0.058859996	0.01962	9.89829

1498224060468	0.058859996	0.10791	9.78057

1498224060478	0.14715	0.10791	9.702089

1498224060488	0.04905	0.04905	9.78057

1498224060500	0.04905	0.06867	9.9081

1498224060508	0.13734	0.10791	9.92772

1498224060523	0.12753	0.03924	9.849239

1498224060530	0.10791	0.058859996	9.868859

1498224060539	0.23543999	0.12753	9.849239

1498224060551	0.12753	0.0981	9.85905

1498224060572	0.0	0.0981	9.79038

1498224060573	0.13734	0.0	9.829619

1498224060580	0.029429998	0.08829	9.72171

1498224060590	0.11771999	0.00981	9.75114

1498224060602	0.01962	0.04905	9.73152

1498224060609	0.12753	0.0981	9.85905

1498224060620	0.18639	0.04905	9.78057

1498224060631	0.01962	0.06867	9.77076

1498224060640	0.08829	-0.01962	9.89829

1498224060652	0.16677	0.08829	9.87867

1498224060660	0.029429998	0.03924	9.89829

1498224060670	0.11771999	0.07848	9.868859

1498224060680	0.0981	0.0981	9.79038

1498224060690	0.14715	0.08829	9.868859

1498224060702	0.10791	0.11771999	9.83943

1498224060710	0.01962	0.03924	9.83943

1498224060725	0.14715	0.00981	9.9081

1498224060733	-0.029429998	0.12753	9.9081

1498224060740	0.07848	0.11771999	9.976769

1498224060753	0.11771999	0.0981	9.89829

1498224060767	0.06867	0.06867	9.93753

1498224060770	0.16677	0.12753	9.80019

1498224060781	0.0981	0.058859996	9.849239

1498224060791	0.08829	0.15696	9.809999

1498224060803	0.17658	0.13734	9.89829

1498224060811	0.07848	0.04905	9.809999

1498224060822	0.15696	0.10791	9.78057

1498224060833	0.16677	0.0	9.78057

1498224060842	0.16677	0.04905	9.89829

1498224060854	0.10791	0.06867	9.87867

1498224060862	0.11771999	0.08829	9.809999

1498224060872	0.17658	0.10791	9.93753

1498224060882	0.04905	0.06867	9.78057

1498224060892	0.08829	0.12753	9.78057

1498224060904	0.04905	0.06867	9.809999

1498224060912	-0.00981	0.01962	9.74133

1498224060923	0.12753	0.03924	9.72171

1498224060934	0.15696	0.04905	9.682469

1498224060948	0.12753	0.08829	9.93753

1498224060955	0.14715	0.03924	9.79038

1498224060964	0.15696	0.10791	9.849239

1498224060979	0.0	0.12753	9.7119

1498224060984	0.029429998	0.00981	9.9081

1498224060994	0.18639	0.00981	9.78057

1498224061005	0.058859996	0.0981	9.63342

1498224061014	0.07848	0.08829	9.81981

1498224061024	0.04905	0.0981	9.4764595

1498224061036	-0.04905	0.058859996	9.85905

1498224061056	0.1962	0.14715	9.91791

1498224061064	0.18639	0.11771999	10.13373

1498224061074	0.17658	0.04905	9.91791

1498224061084	0.12753	0.06867	9.85905

1498224061094	0.16677	0.10791	9.75114

1498224061105	0.11771999	0.13734	9.75114

1498224061114	0.058859996	0.00981	9.79038

1498224061124	0.0981	0.058859996	9.72171

1498224061136	0.058859996	0.0981	9.849239

1498224061157	0.16677	0.0981	9.96696

1498224061164	0.11771999	0.04905	9.89829

1498224061175	0.18639	0.10791	9.83943

1498224061218	0.14715	0.058859996	9.81981

1498224061220	0.07848	0.10791	9.92772

1498224061226	0.13734	0.06867	9.74133

1498224061231	0.15696	0.04905	9.77076

1498224061233	0.10791	0.01962	9.85905

1498224061261	0.11771999	0.10791	9.89829

1498224061265	0.10791	0.04905	9.868859

1498224061267	0.1962	0.08829	9.80019

1498224061275	0.16677	0.12753	9.92772

1498224061284	0.15696	0.0981	9.80019

1498224061295	0.0981	0.029429998	9.9571495

1498224061306	0.1962	0.14715	9.868859

1498224061315	0.16677	0.058859996	9.74133

1498224061325	0.15696	0.10791	9.81981

1498224061337	0.22563	0.10791	9.868859

1498224061346	0.13734	0.04905	9.976769

1498224061358	0.058859996	0.07848	9.9081

1498224061366	0.07848	0.04905	9.868859

1498224061377	0.10791	0.0981	9.83943

1498224061398	0.15696	0.06867	9.849239

1498224061400	0.13734	0.0981	9.83943

1498224061408	0.10791	0.10791	9.87867

1498224061443	0.06867	0.03924	9.89829

1498224061444	0.21582	0.03924	9.809999

1498224061446	0.029429998	0.03924	9.829619

1498224061448	0.18639	0.03924	9.9081

1498224061460	0.11771999	0.0981	9.92772

1498224061468	0.10791	0.03924	9.809999

1498224061478	0.0	-0.0981	10.05525

1498224061488	0.24524999	0.16677	10.44765

1498224061498	0.058859996	0.10791	10.06506

1498224061509	0.07848	0.06867	9.63342

1498224061518	0.00981	0.10791	9.28026

1498224061528	-0.00981	0.06867	9.702089

1498224061540	0.13734	0.08829	9.83943

1498224061559	0.11771999	0.00981	10.35936

1498224061568	0.13734	0.01962	9.73152

1498224061578	0.11771999	0.058859996	9.74133

1498224061592	0.0981	-0.01962	9.78057

1498224061599	0.13734	0.08829	9.702089

1498224061610	0.15696	-0.029429998	9.6138

1498224061631	0.12753	0.12753	9.87867

1498224061637	0.11771999	-0.01962	9.83943

1498224061641	0.14715	0.10791	9.849239

1498224061660	0.0981	0.058859996	9.69228

1498224061669	0.0981	0.08829	9.9081

1498224061679	0.16677	0.03924	9.73152

1498224061689	0.13734	0.10791	9.88848

1498224061699	0.16677	0.029429998	9.72171

1498224061711	0.10791	0.07848	9.62361

1498224061720	0.17658	0.08829	9.85905

1498224061730	0.08829	0.08829	9.78057

1498224061741	0.1962	0.08829	9.9081

1498224061751	0.00981	-0.029429998	9.93753

1498224061763	0.13734	0.03924	9.85905

1498224061771	0.13734	0.03924	9.85905

1498224061781	0.1962	0.0981	9.81981

1498224061791	0.0981	0.06867	9.79038

1498224061802	0.0981	0.029429998	9.83943

1498224061813	0.11771999	0.08829	9.88848

1498224061837	0.11771999	0.15696	9.976769

1498224061838	0.13734	0.10791	9.89829

1498224061844	0.10791	-0.00981	9.81981

1498224061864	0.11771999	0.00981	9.81981

1498224061872	0.03924	0.03924	9.9081

1498224061882	0.029429998	0.04905	9.74133

1498224061893	0.23543999	0.13734	9.98658

1498224061903	-0.06867	0.08829	9.63342

1498224061914	0.0981	0.06867	9.63342

1498224061923	0.06867	0.07848	9.69228

1498224061933	0.03924	0.0981	9.92772

1498224061945	0.10791	0.0981	9.93753

1498224061954	0.07848	0.01962	10.08468

1498224061966	0.07848	0.15696	9.88848

1498224061974	0.14715	0.04905	10.016009

1498224061985	0.10791	0.0981	9.849239

1498224061995	0.14715	0.0981	9.9081

1498224062005	0.08829	0.00981	9.868859

1498224062020	0.13734	0.01962	10.02582

1498224062025	0.16677	0.06867	9.85905

1498224062036	0.16677	0.00981	10.016009

1498224062047	0.12753	0.08829	9.83943

1498224062068	0.0981	0.08829	10.06506

1498224062071	0.10791	0.10791	9.849239

1498224062077	0.1962	-0.00981	9.87867

1498224062087	0.11771999	0.10791	9.83943

1498224062097	0.11771999	0.08829	9.87867

1498224062107	0.11771999	0.0981	9.829619

1498224062119	0.10791	0.07848	9.91791

1498224062127	0.11771999	0.03924	9.81981

1498224062136	0.16677	0.11771999	9.83943

1498224062148	0.11771999	0.06867	9.868859

1498224062157	0.18639	0.058859996	9.94734

1498224062169	0.10791	-0.00981	10.0062

1498224062176	0.10791	0.07848	9.54513

1498224062187	0.18639	0.08829	9.6138

1498224062197	0.20601	0.11771999	9.829619

1498224062207	0.10791	0.10791	9.74133

1498224062218	0.058859996	0.0981	9.9081

1498224062233	0.10791	0.04905	9.849239

1498224062237	0.17658	0.06867	10.016009

1498224062250	0.07848	0.07848	10.07487

1498224062272	0.058859996	0.15696	9.89829

1498224062274	0.20601	0.20601	9.849239

1498224062277	0.03924	-0.03924	9.868859

1498224062288	0.1962	0.0981	9.73152

1498224062298	0.16677	0.00981	9.79038

1498224062308	0.15696	0.04905	9.85905

1498224062320	0.13734	0.06867	9.91791

1498224062328	0.00981	0.11771999	9.87867

1498224062338	0.11771999	0.0981	9.89829

1498224062349	0.0981	0.0981	9.87867

1498224062358	0.21582	0.08829	9.849239

1498224062370	0.12753	0.10791	9.87867

1498224062378	0.10791	0.058859996	9.81981

1498224062387	0.17658	0.01962	9.829619

1498224062398	0.12753	0.0981	9.868859

1498224062408	0.11771999	0.03924	9.85905

1498224062419	0.06867	0.058859996	9.89829

1498224062428	0.08829	0.00981	9.78057

1498224062443	0.04905	0.06867	9.78057

1498224062450	0.06867	0.11771999	9.81981

1498224062488	0.12753	0.058859996	9.92772

1498224062489	0.18639	0.12753	9.9081

1498224062493	0.13734	0.04905	9.92772

1498224062498	0.12753	-0.00981	9.88848

1498224062508	0.13734	0.10791	9.81981

1498224062519	0.13734	0.00981	9.849239

1498224062528	0.10791	0.10791	9.80019

1498224062538	-0.00981	0.06867	9.87867

1498224062550	0.13734	0.12753	9.76095

1498224062559	0.14715	0.16677	9.91791

1498224062571	0.08829	0.07848	9.829619

1498224062579	-0.00981	0.06867	9.81981

1498224062590	0.15696	0.11771999	9.809999

1498224062601	0.08829	0.06867	9.80019

1498224062610	0.12753	0.07848	9.809999

1498224062622	0.17658	0.10791	9.849239

1498224062630	0.07848	0.04905	9.94734

1498224062640	0.16677	0.10791	9.809999

1498224062651	-0.04905	-0.00981	9.85905

1498224062670	0.23543999	0.12753	9.94734

1498224062676	0.0981	0.10791	9.88848

1498224062680	0.07848	0.06867	9.89829

1498224062712	0.13734	0.0981	9.849239

1498224062713	0.14715	0.16677	9.829619

1498224062714	0.0981	0.058859996	9.85905

1498224062723	0.0981	0.07848	9.83943

1498224062731	0.12753	0.0981	9.849239

1498224062741	0.11771999	0.06867	9.91791

1498224062753	0.14715	0.06867	9.79038

1498224062761	0.16677	0.12753	9.96696

1498224062773	0.16677	0.12753	9.96696

1498224062781	0.0	0.03924	9.87867

1498224062791	0.11771999	0.10791	9.809999

1498224062801	0.12753	0.0981	9.829619

1498224062811	0.08829	0.12753	9.89829

1498224062823	0.13734	0.03924	9.76095

1498224062831	0.12753	0.16677	9.88848

1498224062841	0.08829	0.029429998	9.75114

1498224062853	0.11771999	0.03924	9.83943

1498224062862	0.13734	0.058859996	9.93753

1498224062885	0.0981	0.10791	9.88848

1498224062886	0.07848	0.07848	9.88848

1498224062893	0.11771999	0.058859996	9.868859

1498224062903	0.07848	0.13734	9.88848

1498224062916	0.08829	0.03924	9.92772

1498224062925	0.0	0.04905	9.85905

1498224062934	0.21582	0.08829	9.7119

1498224062944	0.04905	0.11771999	9.829619

1498224062956	0.04905	0.06867	9.829619

1498224062976	0.06867	0.08829	9.87867

1498224062984	0.1962	0.06867	9.849239

1498224062994	0.13734	0.058859996	9.87867

1498224063004	0.15696	0.029429998	9.849239

1498224063014	0.10791	0.058859996	9.81981

1498224063025	0.01962	0.01962	9.89829

1498224063034	0.13734	0.08829	9.88848

1498224063044	0.06867	0.07848	9.77076

1498224063056	0.13734	0.029429998	9.78057

1498224063076	0.06867	0.0981	9.868859

1498224063084	0.17658	0.04905	9.829619

1498224063101	0.01962	0.01962	9.80019

1498224063104	0.06867	0.10791	9.87867

1498224063114	0.23543999	-0.01962	9.9081

1498224063126	-0.03924	0.07848	9.91791

1498224063147	0.17658	0.04905	9.78057

1498224063148	0.16677	0.00981	9.87867

1498224063156	0.17658	0.11771999	9.81981

1498224063166	0.10791	0.03924	9.87867

1498224063177	0.15696	0.04905	9.91791

1498224063186	0.11771999	0.0981	9.94734

1498224063196	0.08829	0.058859996	9.78057

1498224063206	0.14715	0.10791	9.809999

1498224063216	0.15696	0.13734	9.85905

1498224063230	0.17658	0.029429998	9.89829

1498224063237	0.11771999	0.029429998	9.83943

1498224063247	0.13734	0.04905	9.868859

1498224063259	0.1962	-0.029429998	9.829619

1498224063279	0.08829	0.06867	10.035629

1498224063287	0.0981	0.04905	9.81981

1498224063297	0.10791	0.07848	9.9081

1498224063307	0.0981	0.10791	9.9081

1498224063321	0.16677	0.01962	9.81981

1498224063328	0.0981	0.10791	9.829619

1498224063337	0.08829	0.14715	9.83943

1498224063347	0.08829	0.01962	9.87867

1498224063368	0.0981	0.06867	9.78057

1498224063379	0.12753	0.08829	9.9081

1498224063387	0.10791	0.058859996	9.849239

1498224063397	0.16677	0.08829	9.9081

1498224063407	0.12753	0.10791	9.85905

1498224063417	0.15696	0.10791	9.88848

1498224063429	0.01962	0.10791	9.88848

1498224063438	0.0981	0.08829	9.87867

1498224063448	0.13734	0.058859996	9.809999

1498224063459	0.07848	0.058859996	9.849239

1498224063479	0.14715	0.04905	9.96696

1498224063488	0.11771999	0.06867	9.976769

1498224063498	0.12753	0.058859996	9.809999

1498224063508	0.08829	0.029429998	9.868859

1498224063518	0.15696	0.03924	9.88848

1498224063530	0.15696	0.11771999	9.83943

1498224063544	0.14715	0.07848	9.849239

1498224063549	0.14715	0.01962	9.77076

1498224063560	0.15696	0.0981	9.88848

1498224063580	0.1962	0.08829	9.98658

1498224063583	0.11771999	0.11771999	9.89829

1498224063589	-0.01962	0.12753	9.9081

1498224063599	0.0	0.07848	9.87867

1498224063609	0.0981	0.0981	9.85905

1498224063619	0.07848	0.10791	9.79038

1498224063631	0.17658	0.07848	9.868859

1498224063639	0.10791	0.06867	9.87867

1498224063650	0.12753	0.10791	9.88848

1498224063661	0.11771999	0.01962	9.9571495

1498224063670	0.04905	0.06867	9.829619

1498224063682	0.12753	-0.029429998	9.868859

1498224063691	0.12753	0.08829	9.9081

1498224063701	0.13734	0.029429998	9.81981

1498224063711	0.03924	0.12753	9.81981

1498224063721	0.12753	0.04905	9.829619

1498224063733	0.11771999	0.08829	9.809999

1498224063741	0.058859996	0.06867	9.74133

1498224063755	0.16677	0.058859996	9.79038

