1495249107971	0.162	-0.114	9.644

1495249107977	0.191	-0.134	9.72

1495249107979	0.162	-0.162	9.672

1495249107990	0.21	-0.134	9.692

1495249107998	0.143	-0.134	9.634

1495249108011	0.181	-0.143	9.672

1495249108019	0.153	-0.134	9.644

1495249108029	0.162	-0.162	9.701

1495249108042	0.181	-0.134	9.701

1495249108049	0.191	-0.143	9.692

1495249108058	0.143	-0.143	9.672

1495249108070	0.172	-0.134	9.653

1495249108079	0.172	-0.143	9.634

1495249108089	0.191	-0.153	9.653

1495249108101	0.172	-0.143	9.672

1495249108108	0.153	-0.134	9.663

1495249108121	0.191	-0.153	9.692

1495249108130	0.181	-0.134	9.692

1495249108140	0.162	-0.134	9.692

1495249108150	0.181	-0.172	9.672

1495249108158	0.162	-0.153	9.653

1495249108169	0.162	-0.134	9.653

1495249108178	0.172	-0.124	9.692

1495249108189	0.162	-0.134	9.663

1495249108202	0.191	-0.124	9.663

1495249108208	0.181	-0.153	9.672

1495249108219	0.172	-0.143	9.672

1495249108228	0.162	-0.143	9.625

1495249108239	0.153	-0.134	9.625

1495249108249	0.143	-0.124	9.615

1495249108258	0.172	-0.124	9.682

1495249108270	0.172	-0.114	9.663

1495249108279	0.201	-0.143	9.653

1495249108289	0.153	-0.124	9.634

1495249108299	0.153	-0.153	9.682

1495249108309	0.162	-0.134	9.682

1495249108319	0.153	-0.124	9.644

1495249108328	0.181	-0.134	9.634

1495249108340	0.181	-0.153	9.692

1495249108348	0.172	-0.143	9.653

1495249108358	0.153	-0.124	9.692

1495249108371	0.162	-0.124	9.663

1495249108377	0.134	-0.134	9.663

1495249108389	0.134	-0.124	9.663

1495249108399	0.172	-0.134	9.672

1495249108408	0.153	-0.134	9.644

1495249108419	0.153	-0.114	9.711

1495249108428	0.172	-0.134	9.653

1495249108440	0.172	-0.153	9.692

1495249108449	0.191	-0.153	9.653

1495249108458	0.162	-0.143	9.672

1495249108471	0.172	-0.153	9.682

1495249108489	0.162	-0.114	9.672

1495249108491	0.153	-0.134	9.634

1495249108499	0.181	-0.124	9.692

1495249108508	0.162	-0.124	9.682

1495249108519	0.162	-0.143	9.672

1495249108528	0.181	-0.124	9.672

1495249108538	0.201	-0.143	9.663

1495249108548	0.191	-0.134	9.692

1495249108558	0.191	-0.134	9.701

1495249108570	0.143	-0.134	9.692

1495249108578	0.172	-0.124	9.682

1495249108588	0.191	-0.143	9.73

1495249108598	0.162	-0.124	9.701

1495249108609	0.162	-0.143	9.663

1495249108619	0.162	-0.162	9.663

1495249108629	0.181	-0.134	9.692

1495249108640	0.153	-0.143	9.672

1495249108649	0.201	-0.162	9.692

1495249108672	0.181	-0.124	9.682

1495249108676	0.162	-0.134	9.672

1495249108683	0.162	-0.114	9.682

1495249108693	0.143	-0.143	9.663

1495249108698	0.143	-0.114	9.672

1495249108710	0.172	-0.134	9.692

1495249108719	0.153	-0.124	9.663

1495249108729	0.153	-0.143	9.672

1495249108740	0.134	-0.143	9.692

1495249108748	0.153	-0.124	9.615

1495249108759	0.153	-0.114	9.634

1495249108769	0.153	-0.124	9.625

1495249108778	0.134	-0.114	9.672

1495249108788	0.172	-0.114	9.644

1495249108798	0.172	-0.143	9.634

1495249108810	0.181	-0.143	9.653

1495249108836	0.172	-0.143	9.663

1495249108839	0.162	-0.124	9.682

1495249108841	0.134	-0.134	9.653

1495249108849	0.172	-0.153	9.672

1495249108877	0.143	-0.124	9.682

1495249108878	0.162	-0.124	9.653

1495249108886	0.191	-0.124	9.672

1495249108888	0.172	-0.143	9.682

1495249108899	0.153	-0.114	9.663

1495249108908	0.191	-0.124	9.653

1495249108919	0.153	-0.124	9.644

1495249108936	0.162	-0.134	9.682

1495249108941	0.181	-0.143	9.672

1495249108949	0.162	-0.124	9.644

1495249108958	0.134	-0.105	9.644

1495249108971	0.181	-0.134	9.663

1495249108988	0.172	-0.162	9.682

1495249108998	0.172	-0.134	9.663

1495249109008	0.181	-0.143	9.692

1495249109019	0.162	-0.143	9.692

1495249109029	0.124	-0.124	9.663

1495249109040	0.162	-0.124	9.672

1495249109049	0.181	-0.153	9.682

1495249109058	0.162	-0.162	9.672

1495249109069	0.191	-0.162	9.701

1495249109079	0.172	-0.143	9.653

1495249109088	0.134	-0.124	9.653

1495249109098	0.162	-0.134	9.663

1495249109110	0.181	-0.153	9.653

1495249109127	0.201	-0.134	9.682

1495249109171	0.172	-0.153	9.72

1495249109173	0.172	-0.143	9.701

1495249109174	0.153	-0.134	9.663

1495249109176	0.201	-0.153	9.653

1495249109188	0.172	-0.153	9.682

1495249109198	0.172	-0.143	9.701

1495249109209	0.134	-0.124	9.653

1495249109222	0.191	-0.143	9.682

1495249109229	0.172	-0.124	9.682

1495249109240	0.172	-0.143	9.653

1495249109249	0.162	-0.143	9.672

1495249109258	0.172	-0.143	9.672

1495249109271	0.162	-0.124	9.663

1495249109278	0.153	-0.124	9.644

1495249109288	0.191	-0.134	9.711

1495249109298	0.172	-0.134	9.672

1495249109308	0.181	-0.143	9.701

1495249109319	0.181	-0.143	9.672

1495249109329	0.172	-0.143	9.682

1495249109340	0.181	-0.124	9.682

1495249109349	0.153	-0.143	9.682

1495249109358	0.153	-0.153	9.663

1495249109369	0.181	-0.143	9.653

1495249109379	0.172	-0.134	9.663

1495249109388	0.143	-0.134	9.663

1495249109398	0.153	-0.124	9.644

1495249109410	0.172	-0.143	9.692

1495249109426	0.181	-0.153	9.644

1495249109433	0.153	-0.134	9.682

1495249109448	0.201	-0.172	9.692

1495249109449	0.162	-0.153	9.653

1495249109458	0.162	-0.134	9.653

1495249109469	0.181	-0.143	9.634

1495249109477	0.172	-0.124	9.682

1495249109489	0.191	-0.162	9.672

1495249109498	0.181	-0.114	9.672

1495249109520	0.181	-0.124	9.653

1495249109528	0.162	-0.134	9.653

1495249109540	0.162	-0.124	9.682

1495249109548	0.172	-0.143	9.672

1495249109558	0.191	-0.162	9.711

1495249109570	0.172	-0.143	9.653

1495249109589	0.181	-0.153	9.692

1495249109599	0.143	-0.134	9.644

1495249109609	0.162	-0.134	9.711

1495249109619	0.162	-0.124	9.653

1495249109628	0.201	-0.162	9.692

1495249109640	0.162	-0.143	9.663

1495249109649	0.201	-0.143	9.682

1495249109658	0.181	-0.124	9.672

1495249109669	0.172	-0.134	9.672

1495249109679	0.153	-0.143	9.644

1495249109689	0.143	-0.114	9.634

1495249109699	0.172	-0.143	9.672

1495249109709	0.172	-0.143	9.682

1495249109719	0.181	-0.153	9.692

1495249109728	0.153	-0.134	9.634

1495249109739	0.162	-0.124	9.634

1495249109748	0.172	-0.124	9.653

1495249109758	0.172	-0.134	9.692

1495249109769	0.181	-0.114	9.682

1495249109778	0.181	-0.143	9.682

1495249109788	0.162	-0.134	9.663

1495249109800	0.181	-0.134	9.672

1495249109810	0.201	-0.124	9.701

1495249109833	0.191	-0.134	9.701

1495249109836	0.172	-0.153	9.653

1495249109838	0.162	-0.143	9.692

1495249109850	0.191	-0.162	9.692

1495249109859	0.172	-0.105	9.682

1495249109868	0.172	-0.143	9.644

1495249109879	0.181	-0.153	9.682

1495249109896	0.191	-0.143	9.682

1495249109898	0.191	-0.143	9.644

1495249109918	0.172	-0.143	9.682

1495249109919	0.172	-0.143	9.701

1495249109929	0.191	-0.143	9.711

1495249109940	0.181	-0.143	9.692

1495249109949	0.181	-0.153	9.701

1495249109958	0.21	-0.153	9.711

1495249109969	0.153	-0.124	9.644

1495249109979	0.153	-0.124	9.625

1495249109988	0.162	-0.143	9.663

1495249109998	0.191	-0.162	9.711

1495249110008	0.153	-0.124	9.711

1495249110019	0.143	-0.134	9.653

1495249110028	0.153	-0.143	9.653

1495249110039	0.172	-0.114	9.701

1495249110048	0.143	-0.114	9.653

1495249110058	0.191	-0.124	9.672

1495249110069	0.153	-0.124	9.653

1495249110078	0.153	-0.143	9.672

1495249110088	0.172	-0.153	9.663

1495249110098	0.181	-0.143	9.692

1495249110108	0.181	-0.143	9.663

1495249110121	0.181	-0.124	9.701

1495249110129	0.181	-0.143	9.701

1495249110146	0.162	-0.134	9.663

1495249110159	0.172	-0.143	9.682

1495249110160	0.181	-0.134	9.672

1495249110169	0.191	-0.134	9.711

1495249110178	0.191	-0.134	9.672

1495249110188	0.181	-0.172	9.672

1495249110198	0.143	-0.134	9.586

1495249110208	0.181	-0.153	9.634

1495249110218	0.181	-0.143	9.653

1495249110229	0.181	-0.162	9.663

1495249110240	0.162	-0.134	9.682

1495249110258	0.162	-0.134	9.672

1495249110269	0.172	-0.153	9.692

1495249110279	0.172	-0.153	9.653

1495249110288	0.181	-0.134	9.672

1495249110298	0.191	-0.153	9.663

1495249110310	0.162	-0.134	9.663

1495249110324	0.172	-0.143	9.634

1495249110340	0.181	-0.143	9.682

1495249110351	0.201	-0.153	9.682

1495249110361	0.181	-0.124	9.72

1495249110375	0.162	-0.134	9.711

1495249110378	0.181	-0.134	9.682

1495249110400	0.181	-0.134	9.692

1495249110401	0.191	-0.143	9.692

1495249110408	0.191	-0.143	9.701

1495249110421	0.162	-0.124	9.663

1495249110428	0.191	-0.143	9.672

1495249110440	0.201	-0.124	9.644

1495249110451	0.181	-0.143	9.653

1495249110458	0.201	-0.143	9.692

1495249110469	0.191	-0.153	9.672

1495249110478	0.172	-0.153	9.644

1495249110488	0.191	-0.143	9.701

1495249110498	0.181	-0.153	9.72

1495249110509	0.201	-0.153	9.682

1495249110519	0.172	-0.143	9.663

1495249110529	0.143	-0.134	9.701

1495249110540	0.162	-0.143	9.682

1495249110549	0.191	-0.153	9.682

1495249110558	0.162	-0.134	9.653

1495249110569	0.191	-0.162	9.711

1495249110579	0.172	-0.134	9.672

1495249110588	0.162	-0.134	9.682

1495249110598	0.172	-0.114	9.672

1495249110611	0.153	-0.134	9.634

1495249110630	0.143	-0.124	9.653

1495249110636	0.162	-0.153	9.644

1495249110640	0.191	-0.153	9.663

1495249110653	0.181	-0.134	9.663

1495249110658	0.181	-0.124	9.663

1495249110669	0.153	-0.124	9.644

1495249110678	0.172	-0.153	9.644

1495249110688	0.172	-0.172	9.644

1495249110698	0.191	-0.162	9.682

1495249110708	0.153	-0.134	9.644

1495249110722	0.172	-0.124	9.672

1495249110740	0.201	-0.153	9.72

1495249110749	0.172	-0.172	9.692

1495249110758	0.153	-0.143	9.663

1495249110769	0.143	-0.134	9.634

1495249110778	0.181	-0.143	9.663

1495249110789	0.172	-0.153	9.672

1495249110799	0.181	-0.153	9.692

1495249110808	0.153	-0.134	9.692

1495249110819	0.172	-0.124	9.663

1495249110830	0.172	-0.134	9.653

1495249110839	0.181	-0.134	9.672

1495249110849	0.21	-0.162	9.644

1495249110859	0.172	-0.153	9.672

1495249110870	0.162	-0.143	9.692

1495249110878	0.181	-0.143	9.711

1495249110888	0.21	-0.172	9.682

1495249110898	0.191	-0.134	9.653

1495249110919	0.181	-0.134	9.72

1495249110922	0.162	-0.143	9.692

1495249110940	0.181	-0.153	9.692

1495249110950	0.181	-0.143	9.682

1495249110959	0.181	-0.124	9.634

1495249110969	0.162	-0.153	9.653

1495249110978	0.172	-0.124	9.634

1495249110988	0.153	-0.143	9.663

1495249111006	0.153	-0.105	9.682

1495249111008	0.181	-0.143	9.672

1495249111021	0.181	-0.124	9.692

1495249111029	0.162	-0.153	9.663

1495249111037	0.172	-0.143	9.682

1495249111050	0.162	-0.134	9.682

1495249111058	0.162	-0.114	9.692

1495249111068	0.153	-0.124	9.644

1495249111079	0.172	-0.134	9.692

1495249111089	0.153	-0.134	9.663

1495249111098	0.191	-0.134	9.682

1495249111108	0.181	-0.134	9.672

1495249111119	0.162	-0.143	9.701

1495249111128	0.153	-0.134	9.663

1495249111138	0.181	-0.143	9.692

1495249111149	0.22	-0.134	9.711

1495249111159	0.172	-0.162	9.663

1495249111176	0.134	-0.114	9.653

1495249111179	0.153	-0.143	9.634

1495249111194	0.172	-0.153	9.663

1495249111199	0.153	-0.114	9.682

1495249111209	0.172	-0.143	9.701

1495249111219	0.162	-0.124	9.672

1495249111228	0.181	-0.134	9.653

1495249111238	0.153	-0.134	9.682

1495249111250	0.153	-0.134	9.672

1495249111258	0.153	-0.124	9.653

1495249111271	0.191	-0.172	9.663

1495249111279	0.181	-0.143	9.692

1495249111289	0.181	-0.162	9.692

1495249111298	0.153	-0.153	9.672

1495249111308	0.172	-0.134	9.682

1495249111319	0.181	-0.143	9.682

1495249111328	0.172	-0.134	9.644

1495249111338	0.162	-0.162	9.682

1495249111349	0.181	-0.143	9.663

1495249111358	0.153	-0.153	9.653

1495249111369	0.181	-0.134	9.653

1495249111379	0.172	-0.143	9.701

1495249111388	0.153	-0.162	9.663

1495249111399	0.181	-0.134	9.644

1495249111408	0.201	-0.162	9.663

1495249111420	0.172	-0.105	9.682

1495249111429	0.172	-0.124	9.672

1495249111449	0.162	-0.134	9.682

1495249111458	0.181	-0.153	9.692

1495249111469	0.172	-0.162	9.682

1495249111482	0.191	-0.153	9.682

1495249111488	0.162	-0.134	9.682

1495249111498	0.181	-0.143	9.701

1495249111508	0.181	-0.153	9.701

1495249111519	0.162	-0.143	9.692

1495249111529	0.21	-0.134	9.663

1495249111550	0.191	-0.143	9.663

1495249111558	0.172	-0.134	9.672

1495249111571	0.191	-0.143	9.692

1495249111578	0.181	-0.134	9.711

1495249111588	0.181	-0.134	9.692

1495249111598	0.191	-0.153	9.701

1495249111609	0.162	-0.153	9.625

1495249111619	0.201	-0.143	9.692

1495249111629	0.172	-0.143	9.682

1495249111639	0.191	-0.162	9.72

1495249111650	0.181	-0.124	9.663

1495249111658	0.134	-0.134	9.672

1495249111669	0.181	-0.143	9.663

1495249111678	0.172	-0.143	9.653

1495249111688	0.201	-0.162	9.701

1495249111698	0.172	-0.153	9.672

1495249111708	0.172	-0.124	9.653

1495249111719	0.153	-0.134	9.672

1495249111729	0.162	-0.143	9.634

1495249111739	0.191	-0.172	9.625

1495249111749	0.143	-0.124	9.672

1495249111759	0.172	-0.143	9.644

1495249111769	0.153	-0.143	9.663

1495249111779	0.181	-0.134	9.672

1495249111788	0.153	-0.134	9.663

1495249111798	0.162	-0.143	9.663

1495249111809	0.172	-0.134	9.644

1495249111822	0.153	-0.124	9.634

1495249111845	0.181	-0.162	9.644

1495249111849	0.172	-0.134	9.653

1495249111910	0.153	-0.124	9.625

1495249111912	0.162	-0.143	9.663

1495249111913	0.172	-0.124	9.663

1495249111916	0.143	-0.143	9.605

1495249111917	0.172	-0.143	9.653

1495249111918	0.172	-0.143	9.672

1495249111919	0.181	-0.143	9.634

1495249111929	0.172	-0.124	9.682

1495249111938	0.162	-0.143	9.692

1495249111950	0.191	-0.162	9.701

1495249111959	0.191	-0.134	9.682

1495249111969	0.134	-0.124	9.653

1495249111978	0.162	-0.134	9.682

1495249111988	0.181	-0.143	9.672

1495249111998	0.143	-0.124	9.672

1495249112008	0.162	-0.124	9.625

1495249112029	0.124	-0.134	9.672

1495249112034	0.181	-0.124	9.682

1495249112042	0.191	-0.124	9.663

1495249112049	0.201	-0.162	9.692

1495249112059	0.191	-0.153	9.682

1495249112069	0.172	-0.134	9.644

1495249112078	0.181	-0.153	9.692

1495249112088	0.172	-0.143	9.682

1495249112098	0.162	-0.124	9.701

1495249112109	0.172	-0.143	9.682

1495249112123	0.143	-0.143	9.644

1495249112130	0.143	-0.143	9.663

1495249112155	0.162	-0.134	9.692

1495249112158	0.153	-0.134	9.653

1495249112172	0.172	-0.143	9.644

1495249112174	0.153	-0.143	9.644

1495249112177	0.162	-0.124	9.644

1495249112188	0.181	-0.153	9.692

1495249112205	0.181	-0.134	9.672

1495249112209	0.181	-0.153	9.692

1495249112220	0.143	-0.134	9.672

1495249112229	0.172	-0.134	9.644

1495249112238	0.143	-0.124	9.644

1495249112250	0.153	-0.124	9.682

1495249112258	0.181	-0.134	9.672

1495249112269	0.172	-0.134	9.682

1495249112279	0.172	-0.143	9.663

1495249112289	0.153	-0.153	9.634

1495249112298	0.153	-0.124	9.634

1495249112311	0.143	-0.134	9.644

1495249112318	0.162	-0.143	9.682

1495249112331	0.162	-0.134	9.615

1495249112339	0.143	-0.134	9.682

1495249112349	0.191	-0.153	9.682

1495249112358	0.201	-0.162	9.682

1495249112369	0.181	-0.143	9.644

1495249112379	0.201	-0.143	9.644

1495249112389	0.162	-0.153	9.653

1495249112398	0.181	-0.143	9.644

1495249112408	0.162	-0.124	9.653

1495249112419	0.181	-0.153	9.692

1495249112428	0.114	-0.114	9.692

1495249112438	0.153	-0.134	9.644

1495249112449	0.172	-0.124	9.663

1495249112458	0.181	-0.124	9.663

1495249112472	0.172	-0.134	9.644

1495249112479	0.172	-0.124	9.644

1495249112489	0.201	-0.162	9.605

1495249112506	0.162	-0.124	9.653

1495249112508	0.153	-0.124	9.625

1495249112519	0.172	-0.124	9.644

1495249112529	0.143	-0.134	9.644

1495249112538	0.162	-0.143	9.634

1495249112549	0.172	-0.153	9.653

1495249112558	0.172	-0.124	9.692

1495249112569	0.162	-0.143	9.644

1495249112579	0.162	-0.124	9.634

1495249112588	0.162	-0.114	9.653

1495249112598	0.191	-0.172	9.653

1495249112609	0.143	-0.124	9.653

1495249112619	0.134	-0.105	9.644

1495249112629	0.162	-0.162	9.672

1495249112638	0.143	-0.134	9.644

1495249112649	0.153	-0.124	9.672

1495249112659	0.162	-0.124	9.653

1495249112669	0.153	-0.134	9.634

1495249112679	0.153	-0.114	9.663

1495249112695	0.172	-0.143	9.672

1495249112699	0.191	-0.114	9.634

1495249112709	0.162	-0.124	9.682

1495249112719	0.172	-0.143	9.663

1495249112729	0.191	-0.124	9.672

1495249112738	0.172	-0.134	9.625

1495249112749	0.162	-0.143	9.682

1495249112758	0.191	-0.124	9.663

1495249112774	0.162	-0.153	9.692

1495249112778	0.172	-0.153	9.701

1495249112789	0.172	-0.134	9.663

1495249112798	0.181	-0.143	9.634

1495249112808	0.181	-0.153	9.644

1495249112819	0.172	-0.143	9.682

1495249112829	0.162	-0.143	9.663

1495249112838	0.172	-0.153	9.672

1495249112850	0.162	-0.124	9.701

1495249112861	0.181	-0.143	9.653

1495249112869	0.172	-0.143	9.663

1495249112878	0.162	-0.143	9.682

1495249112889	0.153	-0.124	9.711

1495249112899	0.201	-0.172	9.72

1495249112909	0.162	-0.134	9.644

1495249112919	0.172	-0.134	9.653

1495249112929	0.181	-0.124	9.653

1495249112939	0.201	-0.143	9.682

1495249112950	0.162	-0.134	9.672

