1495250267212	0.010791367	-0.002131628	0.014122035

1495250267230	0.010791367	-0.00532907	0.018518519

1495250267244	0.010791367	-0.003197442	0.022781774

1495250267268	0.010791367	-0.004263256	0.020650147

1495250267280	0.010791367	-0.004263256	0.019584332

1495250267295	0.014122035	-0.004263256	0.016253663

1495250267299	0.008659739	0.0	0.019584332

1495250267318	0.008659739	-0.003197442	0.016253663

1495250267328	0.0075939246	-0.004263256	0.015187849

1495250267338	0.0075939246	-0.008659739	0.016253663

1495250267348	0.0119904075	-0.004263256	0.020650147

1495250267358	0.009725553	-0.003197442	0.014122035

1495250267367	0.0075939246	-0.0065281107	0.020650147

1495250267379	0.0075939246	-0.002131628	0.020650147

1495250267387	0.0075939246	-0.001065814	0.016253663

1495250267398	0.00532907	0.0	0.020650147

1495250267412	0.00532907	-0.004263256	0.023980815

1495250267418	0.008659739	-0.004263256	0.020650147

1495250267427	0.010791367	0.002131628	0.021715961

1495250267437	0.010791367	0.0	0.015187849

1495250267448	0.0075939246	-0.0065281107	0.010791367

1495250267458	0.0065281107	-0.001065814	0.019584332

1495250267468	0.010791367	-0.002131628	0.02504663

1495250267477	0.0119904075	-0.003197442	0.017452704

1495250267487	0.010791367	-0.001065814	0.017452704

1495250267499	0.010791367	-0.002131628	0.018518519

1495250267519	0.008659739	0.0	0.017452704

1495250267528	0.013056221	-0.003197442	0.016253663

1495250267538	0.010791367	-0.0075939246	0.0119904075

1495250267547	0.009725553	-0.00532907	0.019584332

1495250267557	0.0075939246	-0.003197442	0.020650147

1495250267568	0.0065281107	-0.003197442	0.017452704

1495250267578	0.010791367	-0.003197442	0.016253663

1495250267587	0.010791367	-0.002131628	0.019584332

1495250267599	0.010791367	-0.0065281107	0.017452704

1495250267609	0.009725553	0.0	0.018518519

1495250267623	0.00532907	-0.001065814	0.023980815

1495250267628	0.008659739	-0.004263256	0.02504663

1495250267638	0.010791367	-0.003197442	0.020650147

1495250267648	0.0075939246	-0.002131628	0.020650147

1495250267657	0.0075939246	-0.004263256	0.017452704

1495250267670	0.0075939246	-0.0075939246	0.020650147

1495250267677	0.00532907	-0.00532907	0.020650147

1495250267687	0.0065281107	-0.002131628	0.022781774

1495250267698	0.0075939246	-0.00532907	0.021715961

1495250267707	0.0075939246	-0.001065814	0.020650147

1495250267718	0.0119904075	-0.003197442	0.015187849

1495250267728	0.010791367	-0.0065281107	0.015187849

1495250267739	0.009725553	-0.00532907	0.019584332

1495250267748	0.013056221	0.001065814	0.018518519

1495250267757	0.0075939246	-0.002131628	0.016253663

1495250267768	0.00532907	-0.004263256	0.016253663

1495250267777	0.009725553	-0.004263256	0.021715961

1495250267788	0.008659739	0.0	0.020650147

1495250267799	0.003197442	-0.001065814	0.023980815

1495250267807	0.0065281107	-0.001065814	0.021715961

1495250267818	0.010791367	-0.0065281107	0.020650147

1495250267829	0.00532907	-0.004263256	0.019584332

1495250267838	0.0065281107	-0.0065281107	0.018518519

1495250267849	0.008659739	-0.003197442	0.015187849

1495250267858	0.008659739	-0.004263256	0.016253663

1495250267868	0.008659739	-0.00532907	0.0119904075

1495250267878	0.009725553	-0.00532907	0.017452704

1495250267888	0.010791367	-0.003197442	0.018518519

1495250267900	0.009725553	-0.001065814	0.020650147

1495250267918	0.008659739	-0.0065281107	0.017452704

1495250267928	0.008659739	-0.0075939246	0.020650147

1495250267937	0.009725553	-0.002131628	0.020650147

1495250267947	0.0119904075	-0.0065281107	0.014122035

1495250267957	0.009725553	-0.0075939246	0.014122035

1495250267971	0.010791367	-0.0075939246	0.016253663

1495250267978	0.010791367	-0.0065281107	0.022781774

1495250267988	0.008659739	-0.0075939246	0.018518519

1495250267999	0.00532907	-0.008659739	0.017452704

1495250268008	0.008659739	-0.003197442	0.019584332

1495250268018	0.009725553	-0.002131628	0.009725553

1495250268027	0.0065281107	-0.0075939246	0.013056221

1495250268037	0.00532907	-0.004263256	0.016253663

1495250268047	0.009725553	0.0	0.022781774

1495250268057	0.0065281107	-0.003197442	0.016253663

1495250268068	0.010791367	0.0	0.015187849

1495250268078	0.0065281107	-0.003197442	0.019584332

1495250268088	0.0065281107	-0.009725553	0.020650147

1495250268099	0.008659739	0.001065814	0.021715961

1495250268118	0.008659739	-0.002131628	0.019584332

1495250268127	0.010791367	-0.003197442	0.019584332

1495250268138	0.00532907	-0.004263256	0.018518519

1495250268147	0.0065281107	-0.004263256	0.016253663

1495250268157	0.010791367	-0.002131628	0.017452704

1495250268168	0.009725553	-0.003197442	0.020650147

1495250268178	0.008659739	-0.004263256	0.022781774

1495250268188	0.0075939246	0.0	0.015187849

1495250268199	0.009725553	-0.001065814	0.0119904075

1495250268207	0.009725553	-0.00532907	0.016253663

1495250268221	0.0065281107	-0.00532907	0.020650147

1495250268227	0.0075939246	-0.003197442	0.016253663

1495250268237	0.008659739	-0.0065281107	0.017452704

1495250268247	0.0075939246	-0.008659739	0.017452704

1495250268257	0.008659739	-0.0065281107	0.017452704

1495250268268	0.009725553	-0.0075939246	0.017452704

1495250268278	0.008659739	0.0	0.020650147

1495250268288	0.009725553	0.001065814	0.022781774

1495250268298	0.010791367	-0.002131628	0.016253663

1495250268307	0.009725553	-0.00532907	0.017452704

1495250268318	0.0119904075	-0.003197442	0.013056221

1495250268328	0.009725553	-0.00532907	0.014122035

1495250268337	0.008659739	-0.002131628	0.018518519

1495250268347	0.009725553	-0.0065281107	0.020650147

1495250268358	0.008659739	-0.003197442	0.019584332

1495250268371	0.0119904075	-0.0065281107	0.017452704

1495250268378	0.008659739	-0.0075939246	0.017452704

1495250268391	0.009725553	-0.003197442	0.019584332

1495250268399	0.010791367	-0.002131628	0.020650147

1495250268407	0.0065281107	-0.00532907	0.017452704

1495250268418	0.0065281107	-0.004263256	0.022781774

1495250268427	0.010791367	-0.001065814	0.019584332

1495250268437	0.009725553	0.0	0.017452704

1495250268447	0.009725553	-0.003197442	0.019584332

1495250268457	0.010791367	-0.003197442	0.019584332

1495250268468	0.0075939246	-0.0075939246	0.019584332

1495250268478	0.00532907	-0.003197442	0.020650147

1495250268487	0.008659739	-0.00532907	0.016253663

1495250268499	0.008659739	-0.004263256	0.014122035

1495250268520	0.010791367	-0.004263256	0.018518519

1495250268527	0.009725553	0.002131628	0.018518519

1495250268538	0.008659739	0.002131628	0.017452704

1495250268549	0.0119904075	-0.003197442	0.016253663

1495250268558	0.014122035	-0.00532907	0.016253663

1495250268568	0.0075939246	-0.0065281107	0.018518519

1495250268578	0.008659739	-0.00532907	0.019584332

1495250268587	0.0075939246	-0.00532907	0.018518519

1495250268598	0.008659739	-0.0065281107	0.021715961

1495250268608	0.0065281107	-0.004263256	0.018518519

1495250268618	0.004263256	-0.001065814	0.017452704

1495250268628	0.0075939246	-0.001065814	0.013056221

1495250268638	0.0075939246	-0.003197442	0.021715961

1495250268649	0.010791367	-0.00532907	0.019584332

1495250268658	0.009725553	-0.00532907	0.017452704

1495250268668	0.008659739	-0.00532907	0.017452704

1495250268677	0.0075939246	-0.002131628	0.016253663

1495250268687	0.0065281107	0.002131628	0.022781774

1495250268699	0.0075939246	-0.004263256	0.021715961

1495250268718	0.013056221	-0.003197442	0.019584332

1495250268727	0.0119904075	0.002131628	0.023980815

1495250268737	0.0075939246	-0.008659739	0.019584332

1495250268748	0.009725553	-0.001065814	0.020650147

1495250268758	0.004263256	-0.0065281107	0.016253663

1495250268769	0.0065281107	-0.008659739	0.017452704

1495250268778	0.013056221	-0.004263256	0.017452704

1495250268788	0.0119904075	-0.002131628	0.021715961

1495250268799	0.008659739	-0.00532907	0.020650147

1495250268808	0.008659739	-0.001065814	0.023980815

1495250268824	0.0119904075	-0.00532907	0.015187849

1495250268838	0.010791367	-0.00532907	0.013056221

1495250268848	0.008659739	-0.0075939246	0.018518519

1495250268858	0.0119904075	-0.002131628	0.018518519

1495250268869	0.008659739	-0.001065814	0.017452704

1495250268878	0.013056221	-0.004263256	0.016253663

1495250268888	0.0119904075	-0.003197442	0.015187849

1495250268900	0.009725553	-0.004263256	0.016253663

1495250268918	0.013056221	0.002131628	0.015187849

1495250268928	0.0065281107	-0.0065281107	0.015187849

1495250268939	0.009725553	0.002131628	0.0119904075

1495250268947	0.008659739	-0.001065814	0.018518519

1495250268957	0.009725553	-0.00532907	0.019584332

1495250268968	0.010791367	0.0	0.023980815

1495250268978	0.0119904075	-0.004263256	0.018518519

1495250268987	0.0065281107	-0.003197442	0.017452704

1495250268999	0.0065281107	-0.003197442	0.018518519

1495250269007	0.009725553	-0.003197442	0.014122035

1495250269018	0.0119904075	-0.003197442	0.019584332

1495250269028	0.0075939246	-0.004263256	0.019584332

1495250269038	0.009725553	-0.003197442	0.021715961

1495250269047	0.0119904075	-0.004263256	0.023980815

1495250269057	0.0065281107	-0.004263256	0.018518519

1495250269068	0.0075939246	-0.00532907	0.016253663

1495250269078	0.00532907	-0.004263256	0.015187849

1495250269087	0.00532907	-0.00532907	0.016253663

1495250269099	0.009725553	-0.0075939246	0.019584332

1495250269109	0.013056221	-0.0075939246	0.014122035

1495250269137	0.00532907	0.0	0.019584332

1495250269139	0.0065281107	-0.002131628	0.018518519

1495250269148	0.010791367	-0.002131628	0.018518519

1495250269157	0.0075939246	-0.004263256	0.018518519

1495250269168	0.008659739	-0.004263256	0.019584332

1495250269177	0.008659739	-0.002131628	0.021715961

1495250269187	0.008659739	-0.002131628	0.014122035

1495250269198	0.008659739	-0.002131628	0.017452704

1495250269208	0.013056221	0.002131628	0.020650147

1495250269218	0.008659739	-0.001065814	0.020650147

1495250269227	0.0075939246	-0.00532907	0.022781774

1495250269238	0.009725553	-0.001065814	0.014122035

1495250269247	0.009725553	0.001065814	0.019584332

1495250269257	0.0065281107	-0.004263256	0.015187849

1495250269268	0.0065281107	-0.009725553	0.015187849

1495250269277	0.003197442	-0.00532907	0.016253663

1495250269288	0.009725553	0.0	0.021715961

1495250269299	0.009725553	0.001065814	0.018518519

1495250269322	0.010791367	-0.003197442	0.017452704

1495250269328	0.0119904075	-0.00532907	0.016253663

1495250269355	0.0065281107	-0.008659739	0.016253663

1495250269357	0.009725553	-0.0065281107	0.016253663

1495250269368	0.0065281107	-0.002131628	0.014122035

1495250269377	0.0065281107	-0.004263256	0.017452704

1495250269387	0.0065281107	-0.008659739	0.026112443

1495250269399	0.010791367	-0.0065281107	0.017452704

1495250269407	0.0119904075	-0.004263256	0.015187849

1495250269420	0.00532907	0.0	0.026112443

1495250269429	0.0075939246	-0.004263256	0.022781774

1495250269438	0.008659739	-0.008659739	0.016253663

1495250269447	0.0065281107	-0.0119904075	0.019584332

1495250269457	0.0119904075	-0.00532907	0.02504663

1495250269468	0.009725553	-0.00532907	0.017452704

1495250269479	0.010791367	-0.0075939246	0.015187849

1495250269488	0.0065281107	-0.0075939246	0.018518519

1495250269498	0.004263256	-0.00532907	0.020650147

1495250269507	0.00532907	-0.00532907	0.017452704

1495250269518	0.013056221	-0.00532907	0.015187849

1495250269527	0.009725553	-0.00532907	0.019584332

1495250269537	0.008659739	-0.002131628	0.018518519

1495250269547	0.00532907	-0.002131628	0.020650147

1495250269559	0.00532907	0.0	0.018518519

1495250269573	0.009725553	-0.003197442	0.021715961

1495250269578	0.009725553	-0.0075939246	0.022781774

1495250269589	0.0119904075	-0.0065281107	0.015187849

1495250269599	0.009725553	-0.001065814	0.019584332

1495250269608	0.009725553	-0.002131628	0.019584332

1495250269618	0.008659739	0.0	0.021715961

1495250269628	0.0075939246	0.0	0.02504663

1495250269637	0.009725553	0.003197442	0.020650147

1495250269647	0.008659739	-0.001065814	0.022781774

1495250269657	0.010791367	-0.002131628	0.021715961

1495250269670	0.0119904075	-0.0075939246	0.016253663

1495250269678	0.0119904075	-0.008659739	0.016253663

1495250269688	0.008659739	0.0	0.019584332

1495250269699	0.0065281107	0.0	0.02504663

1495250269718	0.0065281107	-0.0075939246	0.015187849

1495250269727	0.008659739	-0.002131628	0.016253663

1495250269737	0.0075939246	0.003197442	0.020650147

1495250269747	0.008659739	-0.0065281107	0.017452704

1495250269758	0.009725553	-0.003197442	0.019584332

1495250269768	0.0075939246	0.003197442	0.019584332

1495250269777	0.0075939246	-0.004263256	0.014122035

1495250269787	0.008659739	-0.003197442	0.017452704

1495250269798	0.009725553	-0.004263256	0.021715961

1495250269807	0.0119904075	-0.003197442	0.027178258

1495250269818	0.009725553	-0.001065814	0.026112443

1495250269829	0.0065281107	-0.003197442	0.017452704

1495250269843	0.004263256	-0.00532907	0.016253663

1495250269848	0.003197442	-0.003197442	0.017452704

1495250269858	0.010791367	-0.00532907	0.016253663

1495250269869	0.009725553	-0.004263256	0.017452704

1495250269878	0.010791367	-0.002131628	0.021715961

1495250269889	0.010791367	0.004263256	0.018518519

1495250269899	0.014122035	-0.0065281107	0.019584332

1495250269918	0.0065281107	-0.003197442	0.023980815

1495250269927	0.0119904075	0.001065814	0.015187849

1495250269937	0.001065814	-0.004263256	0.015187849

1495250269947	0.001065814	-0.0065281107	0.018518519

1495250269957	0.0065281107	0.001065814	0.019584332

1495250269971	0.008659739	0.002131628	0.020650147

1495250269978	0.008659739	-0.001065814	0.019584332

1495250269990	0.0065281107	-0.004263256	0.020650147

1495250269999	0.008659739	-0.004263256	0.019584332

1495250270008	0.0075939246	-0.002131628	0.016253663

1495250270018	0.009725553	-0.003197442	0.020650147

1495250270028	0.0119904075	-0.004263256	0.016253663

1495250270038	0.0065281107	-0.008659739	0.0119904075

1495250270048	0.0075939246	-0.0065281107	0.016253663

1495250270057	0.009725553	-0.003197442	0.018518519

1495250270068	0.009725553	-0.0065281107	0.013056221

1495250270077	0.013056221	-0.00532907	0.018518519

1495250270087	0.0119904075	-0.002131628	0.018518519

1495250270098	0.013056221	-0.002131628	0.014122035

1495250270107	0.0075939246	0.002131628	0.018518519

1495250270118	0.0119904075	-0.004263256	0.026112443

1495250270128	0.009725553	-0.0065281107	0.015187849

1495250270139	0.010791367	-0.003197442	0.013056221

1495250270148	0.008659739	-0.001065814	0.018518519

1495250270157	0.009725553	0.0	0.015187849

1495250270169	0.009725553	-0.004263256	0.017452704

1495250270177	0.0075939246	-0.003197442	0.014122035

1495250270187	0.008659739	-0.001065814	0.014122035

1495250270199	0.0075939246	-0.003197442	0.018518519

1495250270207	0.0065281107	-0.0065281107	0.013056221

1495250270219	0.004263256	-0.008659739	0.023980815

1495250270228	0.013056221	-0.0065281107	0.021715961

1495250270238	0.009725553	0.0	0.018518519

1495250270252	0.009725553	0.001065814	0.014122035

1495250270258	0.009725553	-0.004263256	0.00532907

1495250270270	0.009725553	-0.00532907	0.016253663

1495250270287	0.0119904075	-0.003197442	0.015187849

1495250270299	0.0075939246	-0.009725553	0.020650147

1495250270318	0.00532907	-0.002131628	0.009725553

1495250270328	0.004263256	-0.00532907	0.019584332

1495250270338	0.004263256	-0.0065281107	0.018518519

1495250270347	0.0075939246	-0.00532907	0.013056221

1495250270357	0.008659739	-0.0065281107	0.014122035

1495250270369	0.009725553	-0.002131628	0.018518519

1495250270378	0.0119904075	-0.002131628	0.017452704

1495250270388	0.010791367	-0.003197442	0.0119904075

1495250270398	0.008659739	-0.002131628	0.009725553

1495250270408	0.0075939246	-0.003197442	0.018518519

1495250270419	0.009725553	-0.003197442	0.018518519

1495250270428	0.00532907	-0.003197442	0.016253663

1495250270439	0.008659739	-0.004263256	0.022781774

1495250270447	0.0075939246	0.001065814	0.022781774

1495250270457	0.010791367	0.0	0.018518519

1495250270468	0.015187849	0.003197442	0.019584332

1495250270477	0.013056221	-0.003197442	0.017452704

1495250270487	0.009725553	-0.0065281107	0.020650147

1495250270499	0.0075939246	0.001065814	0.018518519

1495250270519	0.0065281107	0.0	0.016253663

1495250270528	0.013056221	0.0	0.015187849

1495250270538	0.013056221	-0.002131628	0.020650147

1495250270547	0.013056221	-0.004263256	0.022781774

1495250270557	0.014122035	-0.001065814	0.021715961

1495250270570	0.009725553	-0.004263256	0.018518519

1495250270578	0.0075939246	-0.001065814	0.017452704

1495250270587	0.008659739	-0.002131628	0.019584332

1495250270599	0.009725553	-0.001065814	0.019584332

1495250270609	0.009725553	0.001065814	0.018518519

1495250270618	0.0075939246	-0.008659739	0.021715961

1495250270627	0.00532907	-0.0075939246	0.015187849

1495250270637	0.008659739	-0.004263256	0.020650147

1495250270647	0.009725553	-0.0075939246	0.017452704

1495250270657	0.0119904075	-0.00532907	0.017452704

1495250270668	0.009725553	-0.004263256	0.015187849

1495250270678	0.0065281107	-0.00532907	0.018518519

1495250270688	0.008659739	-0.004263256	0.019584332

1495250270698	0.008659739	-0.004263256	0.018518519

1495250270707	0.0065281107	-0.0075939246	0.019584332

1495250270718	0.010791367	0.001065814	0.021715961

1495250270728	0.013056221	-0.0065281107	0.018518519

1495250270737	0.008659739	-0.00532907	0.021715961

1495250270747	0.0075939246	-0.004263256	0.022781774

1495250270758	0.0065281107	-0.0065281107	0.016253663

1495250270773	0.013056221	-0.0065281107	0.019584332

1495250270780	0.008659739	-0.002131628	0.022781774

1495250270788	0.010791367	0.001065814	0.016253663

1495250270798	0.010791367	-0.002131628	0.020650147

1495250270825	0.009725553	0.001065814	0.020650147

1495250270828	0.015187849	0.001065814	0.017452704

1495250270839	0.009725553	-0.0075939246	0.016253663

1495250270848	0.004263256	-0.0075939246	0.015187849

1495250270858	0.008659739	-0.004263256	0.021715961

1495250270869	0.0065281107	-0.0065281107	0.016253663

1495250270878	0.014122035	0.0	0.013056221

1495250270889	0.0119904075	-0.003197442	0.017452704

1495250270898	0.008659739	-0.0075939246	0.017452704

1495250270908	0.008659739	-0.002131628	0.018518519

1495250270918	0.0119904075	-0.002131628	0.016253663

1495250270927	0.008659739	-0.00532907	0.017452704

1495250270937	0.009725553	-0.008659739	0.020650147

1495250270947	0.0065281107	-0.004263256	0.015187849

1495250270957	0.008659739	-0.0065281107	0.02504663

1495250270969	0.00532907	-0.008659739	0.020650147

1495250270985	0.010791367	-0.0065281107	0.020650147

1495250270988	0.009725553	-0.003197442	0.021715961

1495250270997	0.008659739	-0.001065814	0.020650147

1495250271009	0.014122035	-0.003197442	0.016253663

1495250271018	0.010791367	0.0	0.018518519

1495250271028	0.008659739	-0.004263256	0.019584332

1495250271037	0.0065281107	-0.004263256	0.019584332

1495250271047	0.009725553	-0.003197442	0.019584332

1495250271058	0.014122035	-0.003197442	0.015187849

1495250271070	0.009725553	-0.008659739	0.019584332

1495250271078	0.010791367	-0.00532907	0.022781774

1495250271088	0.009725553	-0.003197442	0.02504663

1495250271097	0.010791367	-0.002131628	0.021715961

1495250271109	0.0075939246	-0.008659739	0.017452704

1495250271118	0.0065281107	0.0	0.016253663

1495250271127	0.004263256	-0.0065281107	0.019584332

1495250271137	0.0075939246	-0.009725553	0.009725553

1495250271148	0.0065281107	-0.002131628	0.013056221

1495250271158	0.008659739	-0.003197442	0.02504663

1495250271170	0.014122035	0.0	0.020650147

1495250271177	0.0075939246	-0.002131628	0.019584332

1495250271188	0.0065281107	-0.002131628	0.016253663

1495250271197	0.0065281107	-0.003197442	0.018518519

1495250271208	0.0075939246	-0.0075939246	0.015187849

1495250271218	0.0075939246	-0.0065281107	0.016253663

1495250271228	0.010791367	-0.003197442	0.018518519

1495250271238	0.013056221	0.0	0.022781774

1495250271247	0.010791367	-0.001065814	0.019584332

1495250271257	0.013056221	-0.004263256	0.020650147

1495250271268	0.015187849	-0.00532907	0.017452704

1495250271278	0.008659739	-0.004263256	0.014122035

1495250271288	0.009725553	0.002131628	0.015187849

1495250271298	0.008659739	-0.001065814	0.018518519

1495250271309	0.0065281107	0.002131628	0.019584332

1495250271319	0.010791367	0.0	0.019584332

1495250271328	0.0075939246	0.002131628	0.022781774

1495250271344	0.008659739	-0.003197442	0.018518519

1495250271348	0.0065281107	-0.003197442	0.019584332

1495250271358	0.0065281107	-0.003197442	0.017452704

1495250271368	0.010791367	-0.002131628	0.017452704

1495250271377	0.014122035	0.0	0.018518519

1495250271388	0.013056221	0.0	0.022781774

1495250271397	0.0119904075	-0.002131628	0.023980815

1495250271409	0.008659739	-0.004263256	0.021715961

1495250271421	0.0075939246	-0.001065814	0.018518519

1495250271428	0.0075939246	-0.002131628	0.020650147

1495250271438	0.008659739	-0.001065814	0.019584332

1495250271448	0.010791367	-0.003197442	0.015187849

1495250271458	0.008659739	-0.00532907	0.0119904075

1495250271468	0.0065281107	-0.003197442	0.020650147

1495250271477	0.009725553	-0.004263256	0.015187849

1495250271488	0.0065281107	-0.00532907	0.015187849

1495250271497	0.009725553	-0.004263256	0.015187849

1495250271508	0.008659739	-0.003197442	0.016253663

1495250271518	0.010791367	-0.004263256	0.014122035

1495250271527	0.0075939246	-0.004263256	0.018518519

1495250271537	0.003197442	-0.009725553	0.020650147

1495250271548	0.0065281107	-0.0065281107	0.019584332

1495250271557	0.008659739	-0.009725553	0.016253663

1495250271568	0.009725553	-0.00532907	0.018518519

1495250271577	0.0119904075	-0.001065814	0.026112443

1495250271588	0.009725553	-0.00532907	0.020650147

1495250271598	0.009725553	-0.0065281107	0.014122035

1495250271609	0.010791367	-0.008659739	0.015187849

1495250271618	0.0075939246	-0.0065281107	0.018518519

1495250271628	0.009725553	-0.0075939246	0.019584332

1495250271637	0.0075939246	-0.008659739	0.019584332

1495250271648	0.008659739	-0.002131628	0.017452704

1495250271658	0.010791367	-0.002131628	0.019584332

1495250271669	0.009725553	0.0	0.018518519

1495250271678	0.00532907	-0.003197442	0.018518519

1495250271689	0.0075939246	0.0	0.013056221

1495250271700	0.010791367	-0.003197442	0.021715961

1495250271709	0.008659739	-0.001065814	0.019584332

1495250271722	0.00532907	0.0	0.017452704

1495250271727	0.008659739	-0.001065814	0.020650147

1495250271737	0.008659739	0.0	0.017452704

1495250271747	0.00532907	-0.0075939246	0.014122035

1495250271757	0.0065281107	-0.004263256	0.023980815

1495250271769	0.009725553	-0.002131628	0.019584332

1495250271778	0.009725553	-0.00532907	0.020650147

1495250271788	0.00532907	-0.004263256	0.021715961

1495250271797	0.0075939246	-0.002131628	0.020650147

1495250271808	0.010791367	-0.002131628	0.018518519

1495250271818	0.010791367	-0.003197442	0.018518519

1495250271832	0.003197442	-0.0065281107	0.020650147

1495250271837	0.0075939246	-0.00532907	0.023980815

1495250271848	0.0119904075	-0.0065281107	0.017452704

1495250271858	0.010791367	-0.0075939246	0.014122035

1495250271926	0.009725553	-0.002131628	0.017452704

1495250271928	0.010791367	-0.004263256	0.021715961

1495250271929	0.0065281107	-0.0075939246	0.019584332

1495250271946	0.004263256	-0.0075939246	0.021715961

1495250271947	0.010791367	-0.002131628	0.018518519

1495250271948	0.008659739	-0.004263256	0.014122035

1495250271950	0.008659739	-0.002131628	0.018518519

1495250271951	0.0065281107	-0.002131628	0.015187849

1495250271952	0.0075939246	-0.004263256	0.010791367

1495250271958	0.003197442	-0.002131628	0.016253663

1495250271968	0.004263256	-0.00532907	0.018518519

1495250271978	0.0065281107	-0.003197442	0.018518519

1495250271989	0.008659739	-0.001065814	0.020650147

1495250271998	0.010791367	-0.004263256	0.023980815

1495250272009	0.013056221	-0.002131628	0.020650147

1495250272019	0.0119904075	-0.004263256	0.021715961

1495250272029	0.0075939246	-0.00532907	0.02504663

1495250272037	0.00532907	-0.0065281107	0.023980815

1495250272048	0.013056221	-0.004263256	0.020650147

1495250272058	0.009725553	-0.00532907	0.019584332

1495250272069	0.00532907	-0.0065281107	0.019584332

1495250272077	0.010791367	-0.003197442	0.017452704

1495250272088	0.009725553	-0.0075939246	0.015187849

1495250272097	0.009725553	-0.0065281107	0.015187849

1495250272108	0.00532907	-0.002131628	0.017452704

1495250272118	0.0075939246	-0.001065814	0.015187849

1495250272128	0.0075939246	-0.00532907	0.015187849

1495250272138	0.0075939246	-0.003197442	0.018518519

1495250272147	0.009725553	-0.0075939246	0.016253663

1495250272158	0.0119904075	-0.0075939246	0.020650147

1495250272168	0.013056221	-0.0065281107	0.023980815

1495250272177	0.010791367	-0.0065281107	0.017452704

1495250272188	0.008659739	-0.003197442	0.0119904075

1495250272197	0.009725553	-0.002131628	0.015187849

