1498489780929	69.0	-59.75	-71.25

1498489780976	69.0	-59.75	-71.25

1498489781029	69.25	-60.5	-71.75

1498489781077	69.25	-60.5	-71.75

1498489781127	69.75	-60.0	-71.25

1498489781177	69.75	-60.0	-71.25

1498489781229	69.75	-59.75	-71.25

1498489781278	69.75	-59.75	-71.25

1498489781329	70.0	-60.0	-71.75

1498489781380	70.0	-60.0	-71.75

1498489781431	69.5	-59.75	-72.0

1498489781480	69.5	-59.75	-72.0

1498489781531	69.75	-59.75	-71.75

1498489781581	69.75	-59.75	-71.75

1498489781653	69.75	-60.0	-71.75

1498489781682	69.75	-60.0	-71.75

1498489781732	69.5	-60.0	-71.75

1498489781782	69.5	-60.0	-71.75

1498489781845	69.5	-60.0	-71.75

1498489781884	69.5	-60.0	-71.75

1498489781935	69.5	-60.0	-71.75

1498489781986	69.5	-60.0	-71.75

1498489782045	69.5	-60.0	-71.75

1498489782087	69.5	-60.0	-71.75

1498489782138	69.5	-60.0	-71.75

1498489782188	69.5	-60.0	-71.75

1498489782239	69.5	-60.0	-71.75

1498489782290	69.5	-60.0	-71.75

1498489782341	69.5	-60.0	-71.75

1498489782391	69.5	-60.0	-71.75

1498489782446	69.5	-60.0	-71.75

1498489782491	69.5	-60.0	-71.75

1498489782542	69.5	-60.0	-71.75

1498489782593	69.5	-60.0	-71.75

1498489782643	69.5	-60.0	-71.75

1498489782693	69.5	-60.0	-71.75

1498489782744	69.5	-60.0	-71.75

1498489782794	69.5	-60.0	-71.75

1498489782845	69.5	-60.0	-71.75

1498489782933	69.5	-60.0	-71.75

1498489782995	69.5	-60.0	-71.75

1498489783021	69.5	-60.0	-71.75

1498489783070	69.5	-60.0	-71.75

1498489783122	69.5	-60.0	-71.75

1498489783171	69.5	-60.0	-71.75

1498489783222	69.5	-60.0	-71.75

1498489783271	70.5	-60.0	-71.75

1498489783323	70.5	-60.0	-71.75

1498489783373	70.5	-59.5	-71.75

1498489783425	70.5	-59.5	-71.75

1498489783474	70.25	-59.75	-71.75

1498489783525	70.25	-59.75	-71.75

1498489783582	70.25	-59.75	-71.0

1498489783627	70.25	-59.75	-71.0

1498489783677	70.0	-60.25	-71.5

1498489783729	70.0	-60.25	-71.5

1498489783778	70.25	-59.75	-72.25

1498489783829	70.25	-59.75	-72.25

1498489783878	70.5	-60.0	-71.75

1498489783930	70.5	-60.0	-71.75

1498489783979	70.5	-59.75	-71.0

1498489784030	70.5	-59.75	-71.0

1498489784079	70.5	-59.5	-71.0

1498489784131	70.5	-59.5	-71.0

1498489784180	70.25	-60.0	-71.75

1498489784231	70.25	-60.0	-71.75

1498489784281	70.0	-60.0	-71.25

1498489784332	70.0	-60.0	-71.25

1498489784381	70.0	-59.75	-71.25

1498489784434	70.0	-59.75	-71.25

1498489784491	69.75	-59.75	-71.5

1498489784541	69.75	-59.75	-71.5

1498489784592	70.25	-60.0	-71.25

1498489784642	70.25	-60.0	-71.25

1498489784693	70.0	-60.0	-71.25

1498489784743	70.0	-60.0	-71.25

1498489784794	69.75	-60.0	-71.25

1498489784851	69.75	-60.0	-71.25

1498489784897	69.75	-60.0	-71.5

1498489784946	69.75	-60.0	-71.5

1498489784997	69.75	-60.0	-71.5

1498489785048	69.75	-60.0	-71.5

1498489785099	69.75	-60.0	-71.5

1498489785150	69.75	-60.0	-71.5

1498489785201	69.75	-60.0	-71.5

1498489785251	69.75	-60.0	-71.5

1498489785311	69.75	-60.0	-71.5

1498489785354	69.75	-60.0	-71.5

1498489785403	69.75	-60.0	-71.5

1498489785453	69.75	-60.0	-71.5

1498489785504	69.75	-60.0	-71.5

1498489785553	69.75	-60.0	-71.5

1498489785604	69.75	-60.0	-71.5

1498489785655	69.75	-60.0	-71.5

1498489785713	69.75	-60.0	-71.5

1498489785761	69.75	-60.0	-71.5

1498489785808	69.75	-60.0	-71.5

