1496235877281	0.114	-4.175	8.897

1496235877291	0.105	-4.884	7.834

1496235877293	-0.526	-3.658	8.063

1496235877306	0.095	-5.229	7.096

1496235877307	-0.038	-4.855	8.849

1496235877318	-0.181	-4.319	8.6

1496235877325	0.201	-4.951	8.552

1496235877335	0.229	-3.725	9.04

1496235877348	0.067	-5.688	8.619

1496235877356	0.287	-4.597	8.341

1496235877366	0.143	-4.606	7.604

1496235877375	-0.545	-4.654	7.824

1496235877385	0.45	-4.702	8.427

1496235877395	0.517	-4.951	9.682

1496235877408	0.258	-4.75	8.456

1496235877415	0.172	-5.391	8.992

1496235877425	0.421	-4.616	8.743

1496235877435	0.555	-4.137	8.37

1496235877445	0.0	-4.558	8.676

1496235877458	0.22	-6.263	8.198

1496235877468	-0.411	-3.725	8.092

1496235877475	0.009	-4.989	8.514

1496235877485	0.536	-5.42	9.031

1496235877495	0.344	-5.554	9.127

1496235877505	0.249	-3.562	8.207

1496235877517	0.584	-3.754	9.194

1496235877530	0.718	-7.269	9.337

1496235877535	0.277	-3.85	8.083

1496235877545	0.191	-5.985	7.958

1496235877556	-0.335	-3.371	8.743

1496235877567	0.574	-6.33	8.399

1496235877575	-0.105	-4.529	8.696

1496235877585	0.383	-4.395	8.676

1496235877596	1.091	-5.88	9.864

1496235877605	0.632	-4.357	8.897

1496235877619	0.469	-4.846	7.987

1496235877625	-0.009	-4.405	7.7

1496235877635	0.536	-5.296	8.351

1496235877645	0.191	-4.328	8.13

1496235877656	0.66	-5.545	9.538

1496235877669	0.306	-5.956	8.542

1496235877676	-0.383	-3.744	9.328

1496235877685	1.149	-3.964	7.125

1496235877695	0.775	-5.621	8.763

1496235877705	0.775	-4.731	8.782

1496235877717	0.651	-4.156	8.14

1496235877725	0.086	-4.587	8.561

1496235877735	0.478	-4.376	9.337

1496235877745	1.312	-5.008	8.763

1496235877756	0.43	-4.175	8.274

1496235877767	0.852	-5.439	7.757

1496235877775	0.775	-4.711	9.059

1496235877787	0.814	-4.367	7.987

1496235877797	1.101	-4.836	8.38

1496235877806	0.469	-5.075	8.734

1496235877817	0.584	-4.893	8.581

1496235877825	0.612	-3.85	8.226

1496235877838	0.632	-6.407	8.303

1496235877846	0.545	-4.003	8.456

1496235877857	1.063	-4.999	9.146

1496235877869	0.622	-4.146	7.862

1496235877891	0.861	-5.976	8.629

1496235877893	1.12	-4.874	8.399

1496235877895	0.296	-3.112	8.763

1496235877905	0.766	-5.573	7.996

1496235877919	0.651	-5.717	8.542

1496235877925	1.13	-5.2	8.686

1496235877935	0.574	-4.597	8.561

1496235877947	0.325	-4.319	8.121

1496235877956	0.756	-4.549	8.839

1496235877969	1.034	-5.401	8.609

1496235877974	0.593	-4.539	8.686

1496235877985	0.593	-5.277	8.667

1496235877995	0.498	-4.52	8.504

1496235878005	0.306	-4.731	8.475

1496235878017	0.584	-5.372	8.897

1496235878026	0.689	-5.018	8.772

1496235878035	0.976	-4.826	9.213

1496235878045	1.053	-5.018	8.36

1496235878057	0.766	-4.75	8.59

1496235878067	0.708	-4.376	8.552

1496235878076	0.536	-5.612	9.347

1496235878085	0.632	-5.104	8.418

1496235878095	0.565	-4.156	9.069

1496235878106	0.632	-5.181	9.222

1496235878119	0.43	-4.539	8.178

1496235878130	0.679	-4.654	8.667

1496235878135	0.689	-4.462	7.996

1496235878145	1.676	-5.736	8.83

1496235878156	0.833	-4.319	8.753

1496235878169	0.469	-5.2	9.232

1496235878175	0.747	-4.328	8.169

1496235878185	0.555	-5.181	8.475

1496235878196	1.082	-5.439	8.715

1496235878205	0.938	-5.506	8.351

1496235878217	0.89	-3.179	8.226

1496235878226	0.814	-5.248	8.609

1496235878235	1.206	-5.842	8.791

1496235878245	1.216	-4.376	8.447

1496235878255	0.45	-4.328	8.696

1496235878268	1.053	-5.095	8.207

1496235878283	0.632	-4.415	8.619

1496235878285	0.574	-4.74	7.891

1496235878295	1.331	-5.267	7.728

1496235878305	1.197	-4.3	8.178

1496235878317	1.216	-4.692	8.169

1496235878325	1.168	-5.008	8.878

1496235878335	0.842	-4.395	8.37

1496235878345	1.494	-5.66	9.213

1496235878356	1.034	-4.137	8.303

1496235878367	0.708	-5.162	8.169

1496235878387	1.302	-4.788	8.303

1496235878388	0.622	-3.984	8.791

1496235878395	0.986	-5.018	7.546

1496235878405	1.494	-5.401	8.514

1496235878417	0.689	-3.648	8.782

1496235878425	0.747	-5.277	9.337

1496235878435	1.158	-5.248	9.682

1496235878445	0.737	-4.28	8.255

1496235878456	0.804	-4.194	8.6

1496235878473	1.168	-6.32	8.14

1496235878483	0.622	-4.482	8.925

1496235878485	1.79	-4.415	8.494

1496235878495	1.024	-5.056	9.845

1496235878505	1.551	-5.679	9.088

1496235878517	0.967	-5.075	8.15

1496235878525	0.536	-3.859	8.782

1496235878537	0.66	-4.692	8.322

1496235878545	0.785	-5.775	9.155

1496235878555	0.421	-5.305	8.571

1496235878567	0.775	-4.778	8.992

1496235878575	1.312	-4.462	8.255

1496235878585	1.13	-5.449	8.619

1496235878595	1.292	-4.874	8.456

1496235878605	1.455	-4.951	8.676

1496235878617	0.823	-4.29	8.715

1496235878633	1.254	-5.794	9.203

1496235878635	0.498	-4.932	9.174

1496235878645	0.584	-4.711	7.92

1496235878657	0.727	-4.233	7.996

1496235878667	1.321	-5.334	9.184

1496235878676	0.603	-4.702	8.839

1496235878685	1.369	-5.439	9.031

1496235878695	0.641	-5.085	8.514

1496235878713	1.11	-4.395	8.035

1496235878719	0.373	-4.568	9.155

1496235878729	0.708	-4.625	9.605

1496235878735	1.57	-5.545	8.657

1496235878745	0.651	-3.878	8.763

1496235878756	0.747	-5.554	7.326

1496235878769	0.785	-4.529	8.83

1496235878775	0.584	-3.802	8.236

1496235878785	0.44	-4.855	8.897

1496235878803	0.909	-6.665	9.308

1496235878806	0.383	-4.233	9.376

1496235878823	0.498	-3.802	8.705

1496235878963	1.436	-6.435	7.795

1496235878965	-0.019	-4.194	8.073

1496235878966	1.656	-5.229	8.389

1496235878968	0.852	-5.928	8.887

1496235878969	0.861	-4.319	9.692

1496235878970	0.306	-3.629	7.805

1496235878972	0.584	-6.454	7.968

1496235878976	0.507	-4.826	7.498

1496235878987	0.708	-2.681	8.217

1496235878999	0.316	-4.137	7.843

1496235879012	1.139	-5.947	8.006

1496235879015	-0.105	-4.376	7.144

1496235879025	0.928	-3.083	7.69

1496235879037	0.268	-4.07	7.661

1496235879059	0.469	-4.319	7.996

1496235879068	0.747	-3.974	7.728

1496235879075	0.287	-4.079	7.767

1496235879086	0.517	-5.363	6.771

1496235879100	0.43	-3.495	7.977

1496235879113	0.153	-3.016	7.508

1496235879115	1.302	-5.794	7.853

1496235879125	0.612	-4.166	7.479

1496235879135	0.287	-3.457	8.054

1496235879145	0.756	-3.955	7.7

1496235879166	0.919	-4.395	7.929

1496235879168	0.153	-4.51	7.163

1496235879175	0.459	-3.332	8.044

1496235879185	0.124	-3.945	7.767

1496235879197	0.632	-4.96	7.661

1496235879205	0.593	-4.376	7.508

1496235879217	0.622	-3.39	8.245

1496235879225	0.469	-3.074	7.776

1496235879238	0.737	-5.861	7.585

1496235879245	0.239	-3.763	7.987

1496235879256	0.555	-4.357	7.805

1496235879266	0.181	-4.587	7.527

1496235879277	0.775	-3.936	7.757

1496235879286	0.593	-3.706	7.575

1496235879296	0.632	-3.782	8.006

1496235879306	0.861	-5.209	7.977

1496235879316	0.162	-3.754	7.977

1496235879326	0.421	-2.949	7.862

1496235879336	0.545	-4.865	8.303

1496235879346	0.21	-4.826	7.441

1496235879360	0.0	-2.978	8.054

1496235879371	0.191	-3.897	7.862

1496235879375	-0.086	-4.482	7.642

1496235879385	0.21	-4.501	7.336

1496235879395	0.957	-3.715	8.14

1496235879405	0.316	-3.246	8.054

1496235879415	0.105	-4.597	7.479

1496235879428	0.67	-3.792	7.556

1496235879435	-0.162	-3.907	7.642

1496235879445	-0.067	-4.51	8.447

1496235879455	0.153	-4.185	7.642

1496235879468	0.172	-3.189	7.853

1496235879476	0.325	-4.146	7.01

1496235879486	0.335	-4.443	8.437

1496235879495	-0.028	-3.179	7.47

1496235879505	0.277	-4.233	8.648

1496235879517	-0.028	-4.041	8.188

1496235879543	-0.44	-3.897	7.623

1496235879545	-0.105	-3.438	7.24

1496235879546	0.344	-4.137	7.881

1496235879555	0.124	-3.304	7.834

1496235879568	-0.277	-4.309	7.632

1496235879575	0.421	-4.156	7.604

1496235879585	0.153	-3.936	8.475

1496235879598	0.536	-3.811	8.178

1496235879605	0.296	-3.945	7.968

1496235879615	0.057	-3.888	7.527

1496235879625	0.114	-3.993	8.466

1496235879636	0.019	-4.242	7.355

1496235879645	0.105	-4.079	7.106

1496235879655	0.124	-3.438	7.575

1496235879668	0.296	-3.677	8.245

1496235879680	0.134	-4.012	7.556

1496235879686	0.392	-4.06	8.629

1496235879702	0.632	-3.945	8.006

1496235879705	0.306	-3.869	7.527

1496235879715	-0.076	-3.39	7.498

1496235879725	0.258	-4.089	8.169

1496235879735	0.229	-4.166	8.121

1496235879755	0.306	-3.294	8.533

1496235879756	1.043	-4.855	7.288

1496235879767	0.43	-3.792	8.226

1496235879775	0.258	-3.438	7.786

1496235879787	1.005	-3.811	8.437

1496235879802	0.44	-3.782	7.929

1496235879809	0.363	-4.558	8.14

1496235879822	0.249	-3.409	7.939

1496235879826	0.249	-4.74	7.537

1496235879837	0.44	-3.514	8.935

1496235879846	0.823	-4.348	7.508

1496235879855	0.306	-4.204	7.91

1496235879870	1.072	-3.562	8.389

1496235879881	1.139	-4.711	8.734

1496235879885	0.124	-3.246	8.083

1496235879895	0.574	-3.763	9.117

1496235879905	0.373	-4.118	8.169

1496235879916	0.459	-4.951	7.968

1496235879925	0.66	-3.093	7.843

1496235879943	0.727	-3.696	8.59

1496235879945	-0.287	-4.252	7.824

1496235879955	-0.095	-4.587	8.236

1496235879968	1.139	-3.093	8.906

1496235879975	0.469	-4.989	9.088

1496235879985	0.421	-3.964	8.849

1496235879995	0.421	-3.648	8.494

1496235880005	0.603	-3.246	7.901

1496235880015	0.766	-3.457	9.05

1496235880039	0.881	-5.142	8.6

1496235880043	-0.067	-3.658	8.418

1496235880047	0.632	-4.166	9.28

1496235880056	0.555	-4.893	8.906

1496235880073	-0.402	-3.476	8.878

1496235880077	0.507	-4.711	9.337

1496235880086	0.852	-3.706	8.657

1496235880096	-0.134	-3.706	8.561

1496235880108	0.296	-5.114	8.925

1496235880117	0.814	-5.181	8.466

1496235880125	-0.737	-2.968	8.207

1496235880135	0.105	-4.711	8.916

1496235880145	1.225	-5.066	8.581

1496235880155	0.057	-3.83	8.973

1496235880168	0.019	-4.635	8.935

1496235880180	-0.354	-4.051	8.447

1496235880204	0.277	-3.859	8.178

1496235880219	-0.737	-3.342	7.69

1496235880226	0.967	-5.583	9.251

1496235880235	-0.134	-4.491	8.81

1496235880246	-0.201	-3.811	9.471

1496235880255	0.766	-4.673	8.791

1496235880267	-0.316	-3.198	8.293

1496235880275	-0.038	-4.204	7.929

1496235880285	0.766	-4.462	9.318

1496235880299	0.114	-3.878	8.035

1496235880307	0.335	-4.261	8.322

1496235880323	0.43	-4.29	8.868

1496235880325	0.373	-4.472	9.404

1496235880335	-0.095	-4.683	8.351

1496235880345	0.047	-4.118	8.619

1496235880355	0.249	-2.604	8.715

1496235880367	0.507	-4.472	8.657

1496235880375	0.584	-5.238	8.514

1496235880388	0.124	-3.39	8.418

1496235880396	0.162	-4.453	8.523

1496235880405	0.651	-4.597	8.743

1496235880417	0.919	-4.07	9.72

1496235880425	0.229	-4.357	8.715

1496235880435	0.028	-4.099	8.389

1496235880445	0.067	-4.079	8.36

1496235880455	0.162	-3.773	8.715

1496235880467	0.316	-4.3	9.165

1496235880477	0.727	-4.539	9.117

1496235880497	-0.201	-4.156	8.303

1496235880499	0.0	-4.051	9.031

1496235880506	0.603	-4.74	8.724

1496235880516	0.392	-4.367	8.303

1496235880526	0.402	-3.658	8.964

1496235880535	0.861	-5.047	8.887

1496235880545	0.057	-3.83	8.676

1496235880555	-0.354	-4.424	8.475

1496235880568	0.383	-3.993	8.897

1496235880575	0.201	-3.993	8.207

1496235880585	0.641	-4.817	9.002

1496235880595	0.344	-4.06	8.341

1496235880605	0.038	-3.964	8.456

1496235880615	0.593	-4.798	8.734

1496235880626	-0.009	-3.696	8.629

1496235880641	0.191	-3.198	9.481

1496235880646	0.584	-5.602	8.753

1496235880656	0.316	-3.754	8.14

1496235880667	-0.057	-3.802	8.427

1496235880676	0.363	-4.079	8.638

1496235880685	0.306	-4.242	8.37

1496235880695	0.057	-3.869	9.021

1496235880705	0.45	-5.066	8.609

1496235880715	0.296	-3.802	9.088

1496235880725	0.067	-4.079	8.437

1496235880737	0.258	-3.715	8.763

1496235880745	0.105	-4.271	8.753

1496235880755	0.45	-3.897	8.696

1496235880767	0.469	-4.51	8.504

1496235880775	0.411	-4.118	8.418

1496235880785	0.411	-3.725	9.165

1496235880795	0.421	-4.242	9.194

1496235880806	0.105	-4.213	9.232

1496235880815	-0.009	-4.491	8.427

1496235880835	0.43	-3.208	8.676

1496235880836	0.45	-4.683	8.341

1496235880845	-0.038	-4.031	9.031

1496235880855	-0.469	-3.926	7.834

1496235880865	0.258	-3.687	9.232

1496235880875	0.21	-5.181	8.839

1496235880885	0.459	-4.453	9.184

1496235880895	0.153	-3.486	8.925

1496235880905	0.727	-2.988	8.906

1496235880915	0.258	-4.635	8.322

1496235880932	0.229	-4.587	9.251

1496235880936	-0.565	-3.782	8.724

1496235880946	-0.565	-3.926	8.724

1496235880955	0.411	-4.913	9.337

1496235880968	-0.229	-4.175	8.772

1496235880975	0.172	-3.782	8.772

1496235880985	0.699	-5.008	9.098

1496235880995	0.162	-3.782	9.222

1496235881006	-0.153	-3.792	7.872

1496235881020	0.66	-4.252	9.079

1496235881025	0.143	-3.993	8.447

1496235881035	-0.632	-3.945	8.054

1496235881046	0.488	-4.415	8.638

1496235881055	0.22	-4.156	9.012

1496235881070	-0.498	-4.462	8.724

1496235881078	0.076	-4.424	9.49

1496235881086	0.057	-3.725	7.958

1496235881097	-0.067	-3.763	8.14

1496235881108	0.459	-3.821	8.887

1496235881125	-0.44	-3.773	8.581

1496235881135	0.134	-4.692	8.475

1496235881145	-0.057	-3.715	8.561

1496235881155	0.316	-4.711	8.475

1496235881177	0.507	-4.099	9.443

1496235881178	-0.038	-3.878	7.901

1496235881185	-0.076	-3.62	8.657

1496235881195	0.076	-4.204	9.069

1496235881205	0.239	-4.568	8.925

1496235881215	-0.469	-3.964	7.929

1496235881226	0.038	-3.371	8.82

1496235881238	-0.153	-4.472	8.025

1496235881247	-0.325	-4.405	8.983

1496235881256	0.258	-4.003	9.28

1496235881267	-0.153	-3.696	8.753

1496235881276	-0.143	-4.75	8.552

1496235881285	0.459	-4.166	8.542

1496235881295	-0.086	-3.304	8.581

1496235881305	0.009	-3.917	9.289

1496235881315	-0.038	-4.692	8.035

1496235881327	0.306	-3.993	8.399

1496235881337	0.134	-4.079	8.667

1496235881345	0.143	-4.348	8.523

1496235881355	-0.105	-3.543	8.925

1496235881365	0.373	-4.51	8.561

1496235881378	-0.028	-3.936	8.686

1496235881386	0.114	-3.984	7.891

1496235881395	-0.019	-4.415	9.261

1496235881406	-0.536	-4.022	8.121

1496235881416	-0.047	-3.811	8.15

1496235881426	0.019	-4.204	8.38

1496235881461	0.028	-4.501	8.81

1496235881463	0.316	-4.127	8.772

1496235881467	0.344	-3.581	9.098

1496235881469	-0.191	-4.233	7.949

1496235881475	0.268	-3.773	8.954

1496235881485	0.325	-3.543	8.629

1496235881495	-0.44	-3.907	8.159

1496235881505	0.296	-4.97	8.437

1496235881515	0.507	-3.419	8.657

1496235881529	0.047	-5.219	9.433

1496235881536	-0.009	-4.156	8.753

1496235881545	0.249	-3.026	9.002

1496235881555	0.162	-4.635	8.035

1496235881568	-0.057	-4.003	8.006

1496235881575	0.009	-3.687	8.399

1496235881585	-0.181	-3.945	8.198

1496235881596	0.373	-4.223	8.925

1496235881605	0.249	-3.984	8.743

1496235881616	-0.478	-4.357	7.728

1496235881625	0.526	-4.338	9.05

1496235881635	-0.124	-3.974	8.341

1496235881645	-0.507	-3.639	8.265

1496235881655	-0.114	-3.917	8.552

1496235881668	-0.057	-3.543	8.255

1496235881678	0.038	-5.171	9.021

1496235881687	-0.249	-4.041	8.791

1496235881695	-0.229	-3.466	7.575

1496235881705	-0.028	-3.553	8.312

1496235881715	0.478	-4.395	9.366

1496235881725	0.268	-4.309	8.878

1496235881735	-0.047	-3.744	8.073

1496235881745	0.009	-3.677	8.715

1496235881755	0.076	-4.079	8.408

1496235881773	-0.794	-3.83	8.178

1496235881774	-0.086	-4.3	8.772

1496235881786	0.469	-4.491	8.236

1496235881797	-0.268	-3.438	8.245

1496235881805	-0.239	-5.142	8.609

1496235881815	0.095	-3.974	9.376

1496235881825	-0.268	-3.677	8.676

1496235881835	-0.009	-3.83	9.184

1496235881845	0.191	-4.788	9.127

1496235881855	0.181	-3.447	8.878

1496235881866	-0.622	-4.52	8.427

1496235881875	0.019	-3.926	8.638

1496235881887	-0.057	-3.792	8.772

1496235881896	-0.344	-4.089	8.772

1496235881906	0.392	-3.505	9.596

1496235881917	0.22	-4.606	9.031

1496235881926	0.067	-4.252	8.38

1496235881936	-0.201	-3.792	8.312

1496235881946	-0.057	-3.533	8.83

1496235881955	-0.143	-5.2	8.063

1496235881970	0.258	-3.993	8.686

1496235881980	0.095	-4.558	8.772

1496235881985	-0.66	-4.233	7.881

1496235881995	0.095	-4.711	8.312

1496235882005	0.134	-3.821	8.427

1496235882015	-0.028	-4.405	8.763

1496235882028	0.277	-4.194	8.648

1496235882035	0.373	-4.166	8.389

1496235882045	-0.181	-3.466	7.968

1496235882055	-0.181	-4.386	7.776

1496235882074	-0.105	-3.687	7.949

1496235882086	-0.316	-4.319	8.006

1496235882096	0.172	-3.419	8.006

1496235882108	-0.028	-3.782	8.6

1496235882116	0.258	-4.031	8.226

1496235882143	0.047	-3.668	7.383

1496235882147	-0.229	-2.988	7.604

1496235882150	-0.239	-4.166	8.207

1496235882155	-0.086	-4.462	7.862

1496235882167	-0.861	-3.687	8.38

1496235882175	-0.143	-3.122	7.987

1496235882185	0.0	-4.874	8.37

1496235882197	0.105	-3.782	7.479

1496235882206	-0.028	-3.304	8.447

1496235882215	0.134	-4.012	8.418

1496235882225	0.383	-4.146	7.939

1496235882235	0.258	-3.62	8.217

1496235882246	0.191	-3.648	9.826

1496235882255	0.201	-4.395	8.753

