1496214050728	4.2	-13.02	-9.72

1496214050827	4.08	-13.44	-9.66

1496214050929	3.96	-13.56	-9.84

1496214051032	3.84	-13.62	-9.72

1496214051127	3.96	-13.56	-9.96

1496214051227	3.84	-13.74	-9.9

1496214051427	3.72	-13.44	-10.14

1496214051536	3.84	-13.32	-10.2

1496214051627	3.78	-13.2	-9.9

1496214051728	3.78	-13.14	-9.78

1496214051827	3.9	-13.32	-9.96

1496214051928	3.84	-13.38	-9.6

1496214052027	3.78	-13.14	-9.84

1496214052129	3.84	-13.32	-9.6

1496214052229	3.72	-13.62	-9.66

1496214052329	3.72	-13.68	-9.54

1496214052427	3.84	-13.5	-9.9

1496214052528	3.96	-13.5	-10.02

1496214052627	3.84	-13.38	-10.08

1496214052728	3.72	-13.02	-10.32

1496214052829	3.78	-13.26	-10.02

1496214052934	3.66	-13.08	-10.26

1496214053030	3.78	-13.14	-10.14

1496214053128	3.66	-13.08	-10.26

1496214053232	3.6	-13.38	-10.2

1496214053327	3.48	-13.32	-10.08

1496214053429	3.36	-13.38	-9.96

1496214053519	3.3	-13.68	-9.96

1496214053635	3.36	-13.38	-10.26

1496214053728	3.3	-13.74	-10.02

1496214053828	3.3	-13.62	-10.26

1496214053938	3.36	-13.98	-9.9

1496214054045	3.24	-13.86	-9.9

1496214054127	3.18	-13.68	-9.78

1496214054229	3.24	-13.68	-9.48

1496214054328	3.48	-13.44	-9.3

1496214054428	3.36	-13.74	-8.94

1496214054529	3.48	-13.62	-9.12

1496214054650	3.48	-13.68	-9.0

1496214054737	3.48	-13.32	-9.36

1496214054838	3.54	-13.2	-9.36

1496214054937	3.66	-13.62	-9.42

1496214055037	3.66	-13.74	-9.78

1496214055139	3.54	-13.98	-9.78

1496214055240	3.48	-13.92	-10.2

1496214055337	3.24	-13.74	-10.38

1496214055438	3.24	-13.62	-10.5

1496214055557	3.18	-13.8	-10.32

