1495261369330	-16.98	-2.88	-25.44

1495261369421	-16.8	-2.88	-25.56

1495261369522	-16.98	-2.7	-25.62

1495261369621	-17.1	-2.64	-25.62

1495261369721	-16.98	-2.46	-25.74

1495261369819	-17.1	-2.4	-25.74

1495261369921	-17.1	-2.34	-25.68

1495261370019	-17.16	-2.4	-25.86

1495261370126	-17.28	-2.4	-26.04

1495261370220	-17.1	-2.28	-26.04

1495261370319	-17.04	-2.04	-25.92

1495261370422	-17.16	-1.8	-25.74

1495261370519	-17.16	-1.62	-25.68

1495261370619	-17.28	-1.74	-25.68

1495261370731	-17.52	-1.8	-25.62

1495261370819	-17.46	-1.74	-25.32

1495261370919	-17.52	-1.68	-25.2

1495261371027	-17.94	-1.74	-25.14

1495261371130	-17.88	-1.86	-25.2

1495261371228	-18.0	-2.1	-25.2

1495261371328	-18.0	-2.52	-25.2

1495261371430	-18.18	-2.4	-25.2

1495261371529	-17.76	-2.4	-25.32

1495261371628	-17.7	-2.58	-25.26

1495261371728	-17.58	-2.34	-25.32

1495261371830	-17.46	-2.16	-25.44

1495261371928	-17.46	-2.16	-25.32

1495261372027	-17.4	-1.74	-25.32

1495261372128	-17.52	-1.38	-25.44

1495261372227	-17.46	-1.56	-25.38

1495261372329	-17.76	-1.5	-25.32

1495261372427	-17.7	-1.62	-25.5

1495261372528	-17.52	-1.68	-25.26

1495261372629	-17.4	-1.92	-25.26

1495261372730	-17.52	-2.04	-25.44

1495261372830	-17.64	-2.52	-25.5

1495261372928	-17.52	-2.64	-25.26

1495261373029	-17.46	-2.58	-25.32

1495261373228	-17.46	-2.4	-25.08

1495261373328	-17.52	-2.4	-25.32

1495261373428	-17.64	-2.34	-25.08

1495261373528	-17.46	-2.4	-25.02

1495261373629	-17.46	-2.22	-24.9

1495261373729	-17.28	-2.1	-25.08

1495261373831	-17.22	-2.1	-25.14

1495261373928	-17.22	-2.04	-25.2

1495261374028	-17.22	-2.1	-25.26

1495261374129	-17.34	-2.22	-25.32

1495261374237	-17.52	-2.28	-25.56

