1495753156468	-4.183187	-2.0386357	1.2391421

1495753156477	-3.952971	-2.8763657	0.77871037

1495753156492	-3.4337864	-4.361977	0.06541433

1495753156497	-2.660405	-5.283773	-0.57593924

1495753156508	-2.1520116	-4.657607	-0.7111644

1495753156523	-2.134559	-3.5210497	-0.3217426

1495753156528	-2.3168132	-2.7628565	0.16027178

1495753156537	-2.3746336	-2.608047	0.46789235

1495753156547	-2.310285	-2.5480947	0.5780709

1495753156556	-2.1564083	-2.1847856	0.50932586

1495753156566	-1.869571	-1.5161204	0.37516654

1495753156577	-1.4583	-0.79842794	0.28350654

1495753156586	-1.0339729	-0.2769784	0.2071676

1495753156596	-0.6151079	-0.09485745	0.07633893

1495753156607	-0.16360246	-0.23554489	-0.09925393

1495753156617	0.29443112	-0.36424193	-0.2584599

1495753156627	0.6794564	-0.31734613	-0.38928857

1495753156639	0.9685585	-0.10471623	-0.45483613

1495753156647	1.1867839	0.2769784	-0.45257127

1495753156657	1.2827072	0.84092724	-0.3860911

1495753156667	1.3001599	1.6338929	-0.039168663

1495753156677	1.078737	2.7541966	0.15161204

1495753156697	1.0067946	2.5720756	0.31521448

1495753156707	1.1180389	2.3713028	0.29003465

1495753156718	1.2314149	2.0594192	0.24313882

1495753156727	1.2772449	1.686251	0.2126299

1495753156737	1.283773	1.1943778	0.19730882

1495753156746	1.2860378	0.6249667	0.22248867

1495753156756	0.85944575	-0.63362646	0.31081802

1495753156766	-1.5837996	-5.283773	0.53330666

1495753156776	-4.25846	-10.059286	1.048228

1495753156790	-2.4890754	-6.190248	0.9315215

1495753156796	-0.0119904075	-0.97948307	0.43844923

1495753156806	0.6577405	0.8104183	0.41993073

1495753156816	0.53224087	1.1746603	0.66200376

1495753156826	0.30748734	1.1779909	0.66746604

1495753156837	0.31081802	0.9315215	0.32387424

1495753156847	0.55622166	0.76458836	-0.40674126

1495753156857	0.89768183	0.5802025	-1.4015454

1495753156866	1.032907	0.51478815	-2.5676792

1495753156877	1.1060485	2.7628565	-2.4072742

1495753156887	2.2863042	5.981881	-1.9197975

1495753156897	3.7511325	7.958433	-1.2946975

1495753156907	3.9912071	5.5750065	-0.51372236

1495753156917	3.2744472	1.8739675	-0.035971224

1495753156927	2.8665068	0.35331735	0.09152678

1495753156939	3.2123635	1.0143884	0.09046096

1495753156947	3.7588596	2.128031	0.06861178

1495753156968	3.9399147	2.6713295	0.06861178

1495753156968	3.5919266	2.4749534	-0.001065814

1495753156976	2.796696	1.7692512	-0.23661071

1495753156986	1.9589661	1.1943778	-0.55622166

1495753156997	1.5325073	1.0492939	-0.7569944

1495753157007	1.5150546	0.99360514	-0.79509723

1495753157017	1.6219025	0.8529177	-0.7340794

1495753157027	1.6262989	0.68598455	-0.6522782

1495753157039	1.4790834	0.470024	-0.7111644

1495753157046	1.2619238	0.14614974	-0.7111644

1495753157056	0.99480414	-0.17452705	-0.66320276

1495753157066	0.71436185	-0.3381295	-0.2519318

1495753157076	0.35225153	0.12643218	0.1624034

1495753157086	0.32933652	0.6314948	0.5812683

1495753157097	0.35011992	1.1277645	0.804956

1495753157117	0.12536637	0.59992003	0.81254995

1495753157127	-0.43298694	-2.1378896	0.64894754

1495753157138	-0.92379427	-3.5013323	0.4014122

1495753157146	-1.1180389	-2.1378896	0.17452705

1495753157156	-1.863043	-1.3558487	0.023980815

1495753157166	-2.950573	-1.6208366	0.0075939246

1495753157177	-3.7216892	-1.527045	0.173328

1495753157189	-4.248601	-0.84425795	0.41446844

1495753157197	-4.62057	-0.15267786	0.6882494

1495753157207	-4.9237943	0.07194245	1.1649348

1495753157218	-5.149614	-0.5595524	1.7255529

1495753157227	-4.5997868	-1.7299494	1.9906741

1495753157241	-2.5142553	-4.9074073	0.46349588

1495753157256	-1.603384	-7.100986	-0.83439916

1495753157266	-1.1027179	-7.405276	-0.70023984

1495753157276	-1.8106848	-3.8852918	0.14175327

1495753157286	-2.1357582	-2.7378097	0.6664002

1495753157297	-2.1749268	-2.218625	0.767919

1495753157309	-2.0266454	-1.8258727	0.6239009

1495753157317	-1.8018918	-1.292566	0.41113776

1495753157327	-1.5564882	-0.7057021	0.19730882

1495753157337	-1.2368772	-0.39914736	-0.015187849

1495753157346	-0.86717296	-0.41553423	-0.24860112

1495753157356	-0.47442046	-0.5812683	-0.4886757

1495753157366	-0.07953637	-0.7340794	-0.66853184

1495753157376	0.2704503	-0.71329606	-0.75472957

1495753157389	0.5770051	-0.47122303	-0.78856915

1495753157417	0.8834266	0.083932854	-0.8333333

1495753157419	1.1452172	0.895417	-0.89221954

1495753157420	1.3132161	1.8706368	-0.86384225

1495753157426	1.352518	2.7945642	-0.64575005

1495753157437	1.2139622	3.3105516	-0.29549694

1495753157447	0.94244605	3.3148148	0.05995204

1495753157457	0.7231548	2.9909406	0.2977618

1495753157466	0.6565414	2.5218492	0.2977618

1495753157476	0.95989877	1.1584066	0.24860112

1495753157487	1.2216893	0.19730882	0.2715161

1495753157496	1.3209432	-0.8617106	0.3490541

1495753157507	0.6108447	-2.873035	0.5398348

1495753157517	-1.1746603	-6.85012	1.0754063

1495753157526	-1.8041567	-8.312817	1.4572343

1495753157539	-0.07633893	-3.4598987	0.82134295

1495753157547	0.79949373	0.5572875	0.3326672

1495753157557	-0.11990408	0.48534507	0.42752466

1495753157571	-0.53770316	0.51372236	0.41340262

1495753157576	-0.16573408	1.9503064	-0.17665868

1495753157586	0.29003465	3.109779	-1.1693312

1495753157597	0.5257128	2.8971488	-2.2306156

1495753157606	0.61191046	2.143352	-3.1326938

1495753157617	0.55302423	1.5325073	-3.665068

1495753157627	0.40460965	1.5205169	-3.5843325

1495753157648	1.467093	5.2423396	-1.982947

1495753157675	2.6406875	7.290834	-0.55622166

1495753157679	3.148015	3.1108446	-0.26605383

1495753157681	2.9472423	0.83546495	-0.38715693

1495753157690	3.1425526	0.74820143	-0.4188649

1495753157697	3.3770318	1.5030643	-0.29443112

1495753157707	3.28324	1.885958	-0.150413

1495753157718	2.7705836	1.6470823	-0.20397016

1495753157727	2.0397015	1.2728484	-0.4940048

1495753157743	1.3558487	1.1670663	-0.82680523

1495753157755	0.83000267	1.4757527	-0.95989877

1495753157756	0.561684	2.1902478	-0.9292566

1495753157766	0.5856648	2.7607248	-0.759126

1495753157776	0.71875834	2.4890754	-0.40567547

1495753157786	0.7875033	1.5989875	-0.037037037

1495753157796	0.7252864	0.81694645	0.27258193

1495753157806	0.5671463	0.38276047	0.51811886

1495753157818	0.38276047	0.2410072	0.7330136

1495753157826	0.23661071	0.3490541	0.90967226

1495753157838	0.077404745	0.6577405	1.1397549

1495753157846	0.077404745	1.0841993	1.1397549

1495753157856	-0.09046096	1.4158007	1.1420197

1495753157867	-1.3994138	-2.232747	0.736211

1495753157876	-2.0702105	-3.5908606	0.39155343

1495753157886	-2.134559	-2.0451639	0.25406343

1495753157897	-2.4531043	-0.90207833	0.29669598

1495753157907	-3.1785238	-0.895417	0.47775114

1495753157917	-3.8896883	-0.9521716	0.73727685

1495753157927	-4.4111376	-1.3045564	1.0219824

1495753157942	-4.643485	-2.3222754	1.3197442

1495753157947	-4.210365	-2.888356	1.609912

1495753157957	-3.465361	-3.2046363	1.6885159

1495753157966	-2.8959498	-4.440581	1.3012257

1495753157977	-2.280842	-6.0243807	0.5343725

1495753157987	-1.534639	-6.5010657	-0.08939515

1495753157997	-1.1561418	-5.464828	-0.11670663

1495753158007	-1.3840927	-3.9344525	0.36970425

1495753158017	-1.8477218	-2.7760458	0.83000267

1495753158026	-2.2447376	-2.096456	0.9826805

1495753158038	-2.4924061	-1.3449241	0.5223821

1495753158047	-2.4924061	-1.184519	0.5223821

1495753158057	-2.3418598	-0.736211	0.18758327

1495753158066	-1.4822809	-0.33693045	-0.42206234

1495753158077	-0.90860647	-0.42419398	-0.79949373

1495753158087	-0.2628564	-0.5213163	-1.0405009

1495753158096	0.36317614	-0.42859045	-1.124567

1495753158107	0.92819077	-0.05662137	-1.1191047

1495753158117	1.3972821	0.56501466	-1.0841993

1495753158126	1.7463362	1.2892352	-1.0154543

1495753158137	1.982947	2.0277112	-0.80602187

1495753158147	2.0430322	2.529443	-0.43192112

1495753158156	1.9437783	2.645084	0.034905408

1495753158166	1.8029577	2.5643485	0.46895817

1495753158176	1.6841193	2.3332002	0.7776446

1495753158186	1.5171863	2.157474	0.90207833

1495753158196	1.3001599	2.0081267	0.8943512

1495753158206	1.0951239	1.7833734	0.7961631

1495753158217	0.9292566	1.4485744	0.6522782

1495753158227	0.8016254	1.0165201	0.5627498

1495753158248	-3.4228618	-9.261924	1.018785

1495753158257	-3.4228618	-9.293499	0.7460698

1495753158267	0.4537703	-0.48974153	0.31081802

1495753158277	0.6981082	1.2282175	0.34132695

1495753158292	-0.052358113	0.90207833	0.4014122

1495753158296	-0.46789235	0.58459896	0.32387424

1495753158306	-0.47335464	0.7525979	-0.077404745

1495753158317	-0.38928857	0.62163603	-0.9172662

1495753158326	-0.23447908	0.3784972	-1.9513723

1495753158337	-0.12323475	0.7460698	-2.6406875

1495753158349	-0.026112443	2.0594192	-2.6364243

1495753158357	0.63362646	4.5583534	-2.0091927

1495753158366	2.1040502	7.677991	-1.2619238

1495753158377	3.5133226	9.277112	-0.6806555

1495753158387	4.1165733	7.524247	-0.29669598

1495753158396	3.663869	2.7236876	-0.22248867

1495753158408	3.0727417	-0.4014122	-0.34785506

1495753158417	3.2569945	-0.22688515	-0.46682653

1495753158428	3.6878498	1.2238209	-0.515854

1495753158438	3.0181189	1.9469757	-0.62603253

1495753158456	1.9240607	1.2227551	-0.8474554

1495753158467	0.598721	1.5215827	-0.97508657

1495753158477	0.48534507	2.0233147	-0.8474554

1495753158489	0.61617374	2.2175593	-0.68491876

1495753158497	0.8419931	1.7855049	-0.52025044

1495753158508	0.89221954	0.88129497	-0.37077004

1495753158518	0.72422063	0.28350654	-0.196243

1495753158527	0.470024	0.22355449	0.080602184

1495753158538	0.22248867	0.41766587	0.42099655

1495753158546	0.037037037	0.7296829	0.7536637

1495753158556	-0.055555556	1.0907274	0.99040765

1495753158566	-0.115507595	1.3819611	1.0743406

1495753158576	-0.29443112	1.4866773	1.0983213

1495753158593	-0.71009856	0.8714362	1.048228

1495753158596	-1.4485744	-1.2673861	0.8245404

1495753158606	-2.189182	-2.9985344	0.50173193

1495753158617	-2.529443	-2.736744	0.2813749

1495753158626	-2.4596324	-1.2204902	0.17985612

1495753158638	-3.3617105	-0.2933653	0.34026113

1495753158656	-4.0261126	-0.02504663	0.88129497

1495753158667	-4.851852	-1.9448441	1.1125766

1495753158677	-4.514788	-3.306155	1.3274714

1495753158687	-3.154543	-3.4948041	1.2292832

1495753158696	-1.9131361	-4.8234744	0.6108447

1495753158707	-1.0972556	-6.85012	-0.23221423

1495753158717	-0.6806555	-7.2777777	-0.59445775

1495753158727	-0.83000267	-5.756062	-0.093791634

1495753158741	-1.3819611	-3.936584	0.6827871

1495753158747	-1.9633627	-2.6734612	1.1235012

1495753158757	-2.2905676	-2.0331736	1.0852652

1495753158767	-2.3212097	-1.7234212	0.7395417

1495753158777	-2.1488142	-1.3819611	0.3206768

1495753158786	-1.8411937	-0.99480414	-0.049027443

1495753158796	-1.4147348	-0.759126	-0.3784972

1495753158806	-0.927125	-0.65880626	-0.6478817

1495753158817	-0.43844923	-0.76671994	-0.93911535

1495753158827	0.061017852	-0.89221954	-1.1310952

1495753158849	1.4103384	0.29229948	-0.83546495

1495753158857	1.6895816	0.29229948	-0.71009856

1495753158867	1.8826272	1.686251	-0.49733546

1495753158877	1.9305888	2.3767653	-0.15161204

1495753158888	1.8041567	2.6799893	0.2300826

1495753158897	1.5913936	2.6898482	0.5692779

1495753158906	1.4082068	2.5949907	0.7776446

1495753158917	1.2478018	2.4335198	0.8202771

1495753158926	1.1452172	2.167333	0.7776446

1495753158937	1.1365575	1.6819878	0.7307487

1495753158948	1.2053025	1.032907	0.6707967

1495753158956	1.2587264	0.32933652	0.57047695

1495753158966	1.2597922	-0.2813749	0.49187317

1495753158977	0.46136424	-2.106315	0.49840128

1495753158989	-2.2011724	-7.9071407	0.9784173

1495753158998	-1.8248068	-7.2504663	1.1397549

1495753159007	0.3904876	-1.6513456	0.50492936

1495753159017	1.0503597	1.0154543	0.264988

1495753159027	0.5627498	1.3361311	0.39701572

1495753159042	-1.0972556	-0.18105516	-0.196243

1495753159047	-1.0852652	0.2246203	-1.0885957

1495753159056	-1.0852652	0.2246203	-2.035305

1495753159066	-0.093791634	2.676792	-2.334266

1495753159076	0.052358113	3.1589396	-1.9240607

1495753159086	0.1624034	3.3497202	-1.3001599

1495753159097	0.972955	4.4666934	-0.895417

1495753159108	2.599254	6.2152944	-0.89115375

1495753159117	3.5526245	5.347056	-0.8202771

1495753159127	3.5002666	2.4629629	-0.61617374

1495753159138	3.1949108	0.40900612	-0.5071942

1495753159146	3.3312018	0.39808154	-0.54209965

1495753159156	3.6344259	1.4038103	-0.5223821

1495753159166	3.6169732	2.0472956	-0.45909938

1495753159176	3.1490808	1.8117507	-0.5682121

1495753159187	2.3593125	1.1409539	-0.88236076

1495753159197	1.5750066	1.0373034	-1.2358114

1495753159206	1.064615	1.4822809	-1.4485744

1495753159217	0.79842794	1.7364775	-1.4070077

1495753159226	0.7275513	1.4822809	-1.161604

1495753159238	1.0339729	0.9555023	-0.5169198

1495753159247	1.1921129	0.9555023	-0.37410071

1495753159257	0.9128697	0.6794564	-0.28457233

1495753159267	0.7340794	0.40567547	-0.117772445

1495753159277	0.36970425	0.7536637	0.15814015

1495753159290	0.16466826	1.161604	0.47881696

1495753159297	0.10578204	1.5150546	0.7580602

1495753159307	0.083932854	1.7484679	0.9118039

1495753159329	-0.020650147	1.6056488	0.9980016

1495753159338	-0.39475086	0.093791634	1.048228

1495753159340	-0.9544364	-2.5054624	0.92059684

1495753159346	-1.2521982	-2.7760458	0.67292833

1495753159356	-1.6143086	-1.7964295	0.42539302

1495753159366	-2.377831	-1.7976285	0.26831868

1495753159376	-3.1642685	-2.1694643	0.24966693

1495753159398	-3.787237	-1.9928057	0.4014122

1495753159400	-4.328271	-1.4485744	0.63042897

1495753159407	-4.688116	-1.0873967	0.88236076

1495753159417	-4.8987474	-1.5794032	1.2915001

1495753159427	-4.673994	-2.7716494	1.8411937

1495753159438	-2.6385558	-4.7242208	1.5074607

1495753159456	-0.7275513	-6.241407	-0.5824674

1495753159466	-0.6565414	-5.8193445	-0.402478

1495753159476	-1.1899813	-4.4296565	0.34359178

1495753159486	-1.7310152	-2.9571009	0.9008793

1495753159496	-1.961231	-1.9175327	1.0350386

1495753159507	-2.022249	-1.0427657	0.8605116

1495753159517	-1.9622968	-0.29229948	0.45150545

1495753159527	-1.6687983	0.09925393	0.004263256

1495753159537	-1.1758593	0.10471623	-0.31081802

1495753159547	-0.5965894	-0.09259259	-0.45150545

1495753159556	0.022781774	-0.38502532	-0.4820144

1495753159566	0.6554756	-0.54316545	-0.40354383

1495753159577	1.207434	-0.35984546	-0.27258193

1495753159586	1.6143086	0.15480949	-0.19957368

1495753159596	1.8597122	0.87689847	-0.2464695

1495753159607	1.9622968	1.6950439	-0.31734613

1495753159616	1.9076738	2.5077271	-0.2715161

1495753159626	1.6382893	3.0956569	-0.08832934

1495753159638	0.69584334	3.0901945	0.30202505

1495753159666	0.46029842	2.2764456	0.50612843

1495753159667	0.50612843	1.8880895	0.59339195

1495753159676	0.6369571	1.36664	0.6718625

1495753159688	0.85944575	0.6205702	0.71436185

1495753159696	1.0951239	-0.20063949	0.7504663

1495753159707	1.1540102	-0.86930454	0.782041

1495753159716	0.30202505	-2.7258193	0.76458836

1495753159727	-2.7192912	-8.575806	0.9630962

1495753159738	-3.6596057	-9.6055155	1.3470557

1495753159746	-1.3022915	-3.5428991	1.314282

1495753159757	0.39368504	1.0678124	1.2172928

1495753159767	0.9696243	3.5307753	0.85837996

1495753159777	0.80708766	4.503864	0.08606448

1495753159790	-0.00532907	3.3465228	-1.7070343

1495753159807	-0.26711965	2.0636823	-2.3332002

1495753159817	-0.46029842	0.97508657	-2.7716494

1495753159828	-0.64455104	0.49840128	-2.9625633

1495753159838	0.31081802	3.1959765	-2.1029842

1495753159856	2.9734879	5.9415135	-0.43844923

1495753159866	3.7839062	6.6995735	-0.15374367

1495753159876	3.6846523	2.871969	-0.35877964

1495753159886	3.1490808	-0.50492936	-0.6249667

1495753159896	3.1402879	-0.95989877	-0.6981082

1495753159907	3.4239275	0.13735679	-0.6249667

1495753159916	3.4916067	1.1441513	-0.42859045

1495753159926	3.1970425	1.490008	-0.27924326

1495753159938	2.5666134	1.1584066	-0.31734613

1495753159946	1.8367972	0.8998135	-0.51918465

1495753159956	1.207434	1.2827072	-0.6981082

1495753159967	0.76671994	2.1652012	-0.70343727

1495753159977	0.6020517	3.0225153	-0.5780709

1495753160005	0.6314948	2.9571009	0.080602184

1495753160009	0.538769	2.1608047	0.45257127

1495753160016	0.38928857	1.4189981	0.7078337

1495753160027	0.19304556	1.0110579	0.88236076

1495753160037	0.003197442	0.80708766	0.96642685

1495753160047	-0.13189448	0.7176925	1.0165201

1495753160056	-0.18531841	1.0198507	1.0951239

1495753160066	-0.2246203	0.89661604	1.0722089

1495753160077	-0.44058087	0.2584599	0.9544364

1495753160087	-1.0133227	-1.6262989	0.6314948

1495753160096	-1.7528644	-2.9766853	0.32387424

1495753160106	-2.4269917	-2.871969	0.34785506

1495753160117	-3.0530243	-2.1444178	0.64455104

1495753160126	-3.5820677	-1.4004797	1.0175859

1495753160137	-4.033706	-1.1365575	1.405942

1495753160146	-4.498401	-1.6231015	1.8499867

1495753160157	-4.2300825	-1.7386091	2.1029842

1495753160166	-3.3006928	-1.512923	1.8607781

1495753160177	-2.7378097	-3.0967226	1.0820677

1495753160187	-2.348388	-5.3939514	0.14721556

1495753160196	-1.9284573	-6.4563017	-0.40460965

1495753160207	-1.5434319	-5.792033	-0.34678924

1495753160216	-1.3733014	-4.4830804	0.05009326

1495753160226	-1.4332534	-3.5101252	0.41553423

1495753160238	-1.5249134	-3.1490808	0.40674126

1495753160247	-1.5249134	-3.1490808	0.10351719

1495753160256	-1.541167	-2.483613	-0.25632828

1495753160266	-1.50413	-1.8586464	-0.538769

1495753160276	-1.4015454	-1.1572076	-0.6893152

1495753160288	-1.2259526	-0.81148416	-0.8190781

1495753160296	-0.96642685	-0.73834264	-0.92499334

1495753160306	-0.6598721	-0.8093525	-1.048228

1495753160317	-0.3217426	-0.8834266	-1.1910472

1495753160327	0.054489743	-0.7307487	-1.3121502

1495753160338	0.4864109	-0.2628564	-1.3764988

1495753160347	0.9826805	0.48321342	-1.3907541

1495753160358	1.4648281	1.2673861	-1.3470557

1495753160367	1.8521183	1.8378631	-1.2172928

1495753160377	2.1248336	2.0167866	-1.0001333

1495753160388	2.3506527	1.8346657	-0.6969091

1495753160397	2.5676792	1.5171863	-0.36530775

1495753160407	2.6778576	1.3045564	-0.14614974

1495753160417	2.576339	1.292566	-0.046895817

1495753160427	2.2611244	1.4485744	0.04143352

1495753160437	1.8226752	1.6132427	0.1613376

1495753160447	1.2324806	1.3655742	0.41007194

1495753160456	-4.220224	-9.362244	1.115774

1495753160466	-2.904743	-6.967892	1.3022915

1495753160477	-0.45257127	-1.5291767	0.9532374

1495753160488	0.32494006	0.5780709	0.89661604

1495753160497	0.2300826	1.0634159	1.1987743

1495753160507	0.07513989	1.0219824	1.3535838

1495753160517	0.057687182	0.26059154	0.7732481

1495753160527	0.33040234	-0.8387956	-0.6064482

1495753160537	0.85078603	-2.0560884	-2.2688515

1495753160547	1.1409539	-2.7880363	-2.8916867

1495753160556	1.0667466	-1.7517985	-2.12923

1495753160566	1.2728484	1.4692246	-1.0285106

1495753160576	2.0996537	6.6341596	-0.44284573

1495753160588	2.666933	9.056755	-0.3282707

1495753160598	2.7302158	7.881961	-0.44937384

1495753160612	2.2545962	3.784972	-0.6478817

1495753160617	2.0714095	-0.30868638	-0.84092724

1495753160626	2.8174794	-1.7997602	-0.86823875

1495753160637	4.0097256	-1.3012257	-0.78310686

1495753160646	4.8201437	-0.41340262	-0.63589126

1495753160657	3.5984545	-0.8605116	-0.5692779

1495753160666	1.6710632	-1.5390354	-0.8322675

1495753160676	0.1100453	-0.75579536	-1.2434052

1495753160689	-0.6085798	1.048228	-1.4277911

1495753160697	-0.77111644	2.370237	-1.3274714

1495753160714	-0.804956	2.2928324	-1.0612843

1495753160717	-0.89115375	0.9467093	-0.73181456

1495753160726	-0.9357847	-0.53770316	-0.4014122

1495753160738	-0.77111644	-1.2248868	-0.05662137

1495753160746	-0.45483613	-1.1027179	0.287903

1495753160756	-0.17013057	-0.7046363	0.6239009

1495753160770	0.021715961	-0.17985612	0.9401812

1495753160777	0.080602184	0.39155343	1.2009059

1495753160786	-0.045696776	0.83546495	1.3394618

1495753160796	-0.39701572	0.83000267	1.3329337

1495753160807	-1.3045564	-0.83439916	1.0503597

1495753160816	-2.4902744	-3.2483346	0.54756194

1495753160826	-2.789102	-3.3858247	0.12976286

1495753160842	-2.0091927	-0.264988	-0.653344

1495753160847	-2.666933	-0.264988	-0.6510791

1495753160857	-3.2756462	0.077404745	-0.43951505

1495753160867	-3.6312284	0.28030908	-0.1449507

1495753160877	-3.7370105	-0.4014122	0.21596056

1495753160886	-3.5690114	-2.2110312	0.8605116

1495753160896	-2.233946	-3.9115374	1.5760725

1495753160906	-0.2912337	-4.8321342	1.5989875

1495753160916	0.93804955	-5.0907273	0.97188914

1495753160926	1.064615	-4.667466	0.6020517

1495753160937	0.1624034	-3.4108713	0.8998135

1495753160952	-1.0350386	-1.809619	1.3329337

1495753160956	-1.9034106	-0.42859045	1.4986677

1495753160966	-2.2993605	0.48427925	1.3491874

1495753160976	-2.2371435	0.8900879	0.97069013

1495753160988	-1.8531841	0.94244605	0.5289102

1495753161007	-0.8190781	0.098054886	-0.18531841

1495753161017	-0.41113776	-0.48427925	-0.4537703

1495753161027	-0.10351719	-0.83439916	-0.6783906

1495753161038	0.21476153	-0.6739941	-0.99360514

1495753161047	0.21476153	-0.6739941	-1.018785

1495753161056	0.23221423	0.5824674	-0.98494536

1495753161066	0.23554489	1.4299227	-0.9445777

1495753161076	0.2715161	2.158673	-0.8791633

1495753161086	0.31081802	2.6112444	-0.74820143

1495753161096	0.3206768	2.712763	-0.54103386

1495753161107	0.3042899	2.4814816	-0.27378097

1495753161116	0.24433786	2.1454837	0.002131628

1495753161126	0.14828138	1.7789768	0.20823342

1495753161144	0.19411138	0.49187317	0.4765521

1495753161172	0.1558753	-0.63589126	0.57154274

1495753161174	-0.95989877	-3.5755396	0.84092724

1495753161177	-2.4084733	-6.8763657	1.5652812

1495753161187	-1.0339729	-4.4580336	1.877165

1495753161197	0.3610445	-0.9544364	1.405942

1495753161207	0.5169198	1.0230483	0.97508657

1495753161220	-0.034905408	1.9393818	0.79296565

1495753161226	-0.66200376	2.3222754	0.56061816

1495753161237	-2.3200107	1.8870237	-1.2968292

1495753161246	-2.294964	-0.5311751	-2.106315

1495753161257	-0.39368504	2.213163	-1.9535038

1495753161266	0.27378097	3.6344259	-1.3590461

1495753161276	0.20943245	3.9540367	-0.79509723

1495753161287	0.19197975	4.0413003	-0.2933653

1495753161297	0.35771382	4.1318946	0.07953637

1495753161307	0.66200376	4.6172395	0.13082866

1495753161316	1.564082	5.822542	-0.118838266

1495753161326	2.9909406	7.4642954	-0.28350654

1495753161337	3.8701038	7.0955234	-0.14175327

1495753161346	3.442446	2.6723955	-0.101385556

1495753161356	2.4585664	-1.1048495	-0.108979486

1495753161366	2.2022383	-1.2717825	-0.061017852

1495753161377	2.2851052	0.21809219	-0.173328

1495753161392	1.2150279	1.6143086	-0.86930454

1495753161409	-0.18651745	1.5335732	-1.055822

1495753161417	-0.19078071	1.6580069	-1.055822

1495753161433	-0.23447908	2.158673	-0.84092724

1495753161438	0.81801224	2.5480947	-0.40567547

1495753161446	1.0448974	2.5480947	-0.1384226

1495753161456	0.972955	0.4351186	0.19957368

