1495535938898	-5.669	1.379	-7.508

1495535938906	-5.669	1.379	-7.661

1495535938956	-5.822	1.379	-7.661

1495535938977	-5.822	1.379	-7.508

1495535938986	-5.822	1.379	-7.661

1495535939006	-5.669	1.379	-7.661

1495535939016	-5.822	1.379	-7.661

1495535939036	-5.669	1.379	-7.661

1495535939046	-5.822	1.379	-7.661

1495535939056	-5.669	1.379	-7.508

1495535939066	-5.669	1.379	-7.661

1495535939106	-5.822	1.379	-7.661

1495535939116	-5.822	1.379	-7.508

1495535939136	-5.822	1.379	-7.661

1495535939146	-5.822	1.379	-7.508

1495535939156	-5.822	1.379	-7.661

1495535939166	-5.822	1.379	-7.508

1495535939176	-5.669	1.379	-7.508

1495535939196	-5.822	1.379	-7.508

1495535939206	-5.669	1.379	-7.661

1495535939246	-5.822	1.379	-7.661

1495535939275	-5.822	1.379	-7.508

1495535939286	-5.669	1.379	-7.661

1495535939296	-5.822	1.379	-7.508

1495535939306	-5.669	1.379	-7.508

1495535939326	-5.669	1.379	-7.661

1495535939356	-5.669	1.379	-7.508

1495535939366	-5.669	1.379	-7.661

1495535939416	-5.669	1.379	-7.508

1495535939436	-5.822	1.379	-7.661

1495535939466	-5.669	1.379	-7.661

1495535939506	-5.822	1.379	-7.661

1495535939556	-5.822	1.379	-7.508

1495535939566	-5.669	1.379	-7.508

1495535939586	-5.822	1.379	-7.661

1495535939596	-5.669	1.379	-7.661

1495535939625	-5.822	1.379	-7.661

1495535939656	-5.669	1.379	-7.661

1495535939676	-5.822	1.379	-7.508

1495535939700	-5.669	1.379	-7.508

1495535939703	-5.669	1.379	-7.661

1495535939706	-5.822	1.379	-7.661

1495535939716	-5.822	1.379	-7.508

1495535939756	-5.669	1.379	-7.508

1495535939775	-5.669	1.379	-7.661

1495535939826	-5.669	1.225	-7.661

1495535939837	-5.669	1.379	-7.661

1495535939846	-5.822	1.225	-7.661

1495535939856	-5.822	1.379	-7.661

1495535939876	-5.822	1.225	-7.508

1495535939886	-5.822	1.379	-7.508

1495535939896	-5.822	1.379	-7.661

1495535939916	-5.669	1.379	-7.661

1495535939926	-5.822	1.379	-7.661

1495535939936	-5.822	1.379	-7.508

1495535939946	-5.669	1.379	-7.508

1495535939969	-5.669	1.379	-7.661

1495535939996	-5.822	1.379	-7.661

1495535940016	-5.822	1.379	-7.508

1495535940042	-5.822	1.379	-7.661

1495535940066	-5.822	1.225	-7.661

1495535940076	-5.669	1.225	-7.661

1495535940086	-5.976	1.225	-7.661

1495535940096	-5.669	1.225	-7.814

1495535940106	-5.669	1.379	-7.661

1495535940125	-5.822	1.379	-7.661

1495535940136	-5.669	1.379	-7.661

1495535940146	-5.822	1.379	-7.661

1495535940166	-5.822	1.379	-7.508

1495535940175	-5.669	1.379	-7.508

1495535940186	-5.822	1.379	-7.508

1495535940196	-5.669	1.379	-7.508

1495535940216	-5.669	1.379	-7.661

1495535940259	-5.822	1.379	-7.661

1495535940276	-5.669	1.379	-7.661

1495535940296	-5.822	1.379	-7.661

1495535940306	-5.669	1.379	-7.661

1495535940326	-5.669	1.379	-7.508

1495535940336	-5.669	1.379	-7.661

1495535940396	-5.669	1.225	-7.661

1495535940406	-5.669	1.225	-7.508

1495535940416	-5.669	1.379	-7.661

1495535940426	-5.669	1.225	-7.661

1495535940446	-5.669	1.379	-7.661

1495535940456	-5.822	1.379	-7.508

1495535940466	-5.669	1.379	-7.508

1495535940476	-5.822	1.379	-7.508

1495535940486	-5.669	1.379	-7.508

1495535940496	-5.669	1.532	-7.508

1495535940516	-5.669	1.532	-7.661

1495535940536	-5.669	1.379	-7.661

1495535940571	-5.822	1.379	-7.661

1495535940573	-5.669	1.379	-7.661

1495535940586	-5.669	1.225	-7.661

1495535940596	-5.669	1.379	-7.661

1495535940606	-5.669	1.225	-7.661

1495535940636	-5.669	1.379	-7.661

1495535940685	-5.822	1.379	-7.661

1495535940696	-5.669	1.379	-7.661

1495535940706	-5.822	1.379	-7.661

1495535940716	-5.669	1.379	-7.661

1495535940775	-5.822	1.379	-7.508

1495535940786	-5.822	1.379	-7.661

1495535940796	-5.822	1.225	-7.661

1495535940806	-5.669	1.379	-7.661

1495535940816	-5.822	1.225	-7.661

1495535940854	-5.669	1.225	-7.508

1495535940857	-5.669	1.379	-7.661

1495535940866	-5.822	1.379	-7.661

1495535940876	-5.669	1.379	-7.661

1495535940886	-5.822	1.379	-7.508

1495535940896	-5.669	1.379	-7.661

1495535940925	-5.822	1.379	-7.661

1495535940936	-5.822	1.379	-7.508

1495535940976	-5.669	1.379	-7.508

1495535940985	-5.822	1.379	-7.508

1495535941016	-5.669	1.379	-7.661

1495535941026	-5.822	1.379	-7.661

1495535941066	-5.669	1.379	-7.661

1495535941076	-5.822	1.379	-7.661

1495535941116	-5.822	1.379	-7.508

1495535941126	-5.822	1.379	-7.661

1495535941153	-5.822	1.379	-7.508

1495535941236	-5.822	1.379	-7.661

1495535941266	-5.822	1.379	-7.508

1495535941296	-5.822	1.379	-7.661

1495535941306	-5.822	1.379	-7.508

1495535941316	-5.822	1.379	-7.661

1495535941326	-5.822	1.379	-7.508

1495535941461	-5.822	1.379	-7.661

1495535941466	-5.822	1.379	-7.508

1495535941476	-5.822	1.225	-7.508

1495535941486	-5.822	1.379	-7.508

1495535941547	-5.822	1.379	-7.661

1495535941566	-5.822	1.379	-7.508

1495535941635	-5.669	1.225	-7.508

1495535941646	-5.822	1.225	-7.508

1495535941676	-5.822	1.225	-7.661

1495535941696	-5.822	1.379	-7.508

1495535941725	-5.822	1.532	-7.508

1495535941735	-5.822	1.532	-7.355

1495535941776	-5.822	1.532	-7.508

1495535941786	-5.669	1.532	-7.508

1495535941796	-5.822	1.532	-7.508

1495535941816	-5.822	1.379	-7.508

1495535941906	-5.822	1.532	-7.508

1495535941976	-5.669	1.532	-7.508

1495535941996	-5.822	1.532	-7.508

1495535942025	-5.822	1.685	-7.508

1495535942042	-5.669	1.685	-7.508

1495535942113	-5.516	1.685	-7.508

1495535942116	-5.669	1.685	-7.661

1495535942117	-5.822	1.532	-7.661

1495535942119	-5.822	1.379	-7.661

1495535942121	-5.822	1.225	-7.661

1495535942122	-5.976	1.225	-7.661

1495535942136	-5.822	1.072	-7.508

1495535942166	-5.976	1.072	-7.661

1495535942176	-6.129	1.072	-7.661

1495535942185	-5.822	1.225	-7.661

1495535942196	-5.822	1.225	-7.508

1495535942206	-5.976	1.225	-7.355

1495535942216	-5.976	1.225	-7.508

1495535942226	-5.822	1.225	-7.508

1495535942235	-5.822	1.072	-7.508

1495535942246	-5.822	1.072	-7.661

1495535942256	-5.822	1.225	-7.508

1495535942266	-5.822	1.072	-7.508

1495535942286	-5.822	1.072	-7.661

1495535942306	-5.822	0.919	-7.508

1495535942316	-5.822	1.072	-7.508

1495535942326	-5.669	1.072	-7.508

1495535942335	-5.822	1.072	-7.508

1495535942346	-5.822	1.072	-7.661

1495535942366	-5.976	1.072	-7.661

1495535942376	-5.822	1.072	-7.508

1495535942396	-5.822	1.072	-7.661

1495535942406	-5.822	0.919	-7.661

1495535942416	-5.669	1.072	-7.661

1495535942456	-5.669	0.919	-7.661

1495535942485	-5.669	1.072	-7.661

1495535942506	-5.822	1.072	-7.661

1495535942521	-5.822	0.919	-7.661

1495535942536	-5.822	0.919	-7.508

1495535942546	-5.822	0.919	-7.661

1495535942566	-5.669	1.072	-7.661

1495535942606	-5.669	1.225	-7.661

1495535942635	-5.669	1.072	-7.661

1495535942658	-5.822	1.072	-7.661

1495535942666	-5.822	1.072	-7.508

1495535942676	-5.822	1.072	-7.661

1495535942706	-5.822	1.225	-7.508

1495535942716	-5.822	1.225	-7.661

1495535942726	-5.822	1.072	-7.661

1495535942756	-5.822	1.072	-7.508

1495535942766	-5.669	1.072	-7.661

1495535942826	-5.669	1.225	-7.661

1495535942837	-5.669	1.225	-7.814

1495535942847	-5.669	1.225	-7.661

1495535942896	-5.822	1.225	-7.661

1495535942906	-5.822	1.225	-7.508

1495535942916	-5.669	1.225	-7.508

1495535942926	-5.669	1.379	-7.661

1495535942966	-5.669	1.225	-7.661

1495535942985	-5.822	1.225	-7.661

1495535942996	-5.822	1.225	-7.508

1495535943006	-5.669	1.225	-7.661

1495535943025	-5.822	1.225	-7.661

1495535943047	-5.822	1.225	-7.508

1495535943056	-5.669	1.225	-7.661

1495535943072	-5.669	1.072	-7.661

1495535943099	-5.822	1.072	-7.661

1495535943106	-5.669	1.225	-7.508

1495535943111	-5.822	1.225	-7.661

1495535943123	-5.669	1.225	-7.661

1495535943146	-5.822	1.225	-7.661

1495535943166	-5.822	1.225	-7.508

1495535943187	-5.822	1.225	-7.661

1495535943206	-5.822	1.225	-7.661

1495535943213	-5.822	1.225	-7.661

1495535943217	-5.669	1.225	-7.661

1495535943226	-5.822	1.379	-7.661

1495535943242	-5.669	1.379	-7.661

1495535943256	-5.669	1.379	-7.508

1495535943266	-5.669	1.379	-7.661

1495535943346	-5.822	1.379	-7.508

1495535943375	-5.669	1.379	-7.508

1495535943385	-5.822	1.379	-7.661

1495535943406	-5.669	1.379	-7.661

1495535943416	-5.669	1.379	-7.508

1495535943426	-5.822	1.225	-7.661

1495535943435	-5.669	1.225	-7.661

1495535943456	-5.669	1.379	-7.661

1495535943466	-5.822	1.379	-7.661

1495535943496	-5.669	1.379	-7.661

1495535943506	-5.822	1.379	-7.661

1495535943535	-5.822	1.225	-7.661

1495535943546	-5.669	1.225	-7.508

1495535943576	-5.822	1.225	-7.661

1495535943586	-5.669	1.225	-7.661

1495535943606	-5.822	1.225	-7.661

1495535943646	-5.669	1.225	-7.661

1495535943656	-5.822	1.379	-7.661

1495535943665	-5.822	1.225	-7.508

1495535943675	-5.822	1.379	-7.661

1495535943685	-5.822	1.225	-7.508

1495535943696	-5.822	1.225	-7.661

1495535943706	-5.822	1.379	-7.661

1495535943716	-5.822	1.225	-7.661

1495535943756	-5.822	1.379	-7.661

1495535943765	-5.822	1.225	-7.508

1495535943785	-5.822	1.225	-7.661

1495535943796	-5.669	1.225	-7.661

1495535943826	-5.822	1.225	-7.661

1495535943866	-5.822	1.225	-7.508

