1496849429925	0.0	3.6925092	0.0

1496849429930	0.0	3.7425532	0.0

1496849429953	0.0	2.5512664	0.0

1496849429957	0.0	1.6694902	0.0

1496849429960	0.0	1.0173256	0.0

1496849429998	0.0	0.58917034	0.0

1496849430002	0.0	0.3413245	0.0

1496849430005	0.0	0.20429528	0.0

1496849430009	0.0	0.0	0.23679689

1496849430013	0.0	0.0	0.28712922

1496849430017	0.0	0.0	0.33140552

1496849430063	0.0	0.0	0.35838592

1496849430067	0.0	0.0	0.3714104

1496849430073	0.0	0.0	0.37647614

1496849430077	0.0	-0.42906493	0.0

1496849430080	0.0	-0.57145625	0.0

1496849430083	0.0	-0.684268	0.0

1496849430087	0.0	-0.7765429	0.0

1496849430140	0.0	-0.84533775	0.0

1496849430143	0.0	-0.89709085	0.0

1496849430147	0.0	-0.9184083	0.0

1496849430150	0.0	-0.92711395	0.0

1496849430154	0.0	-0.93580985	0.0

1496849430157	0.0	-0.96208215	0.0

1496849430161	0.0	-1.0182402	0.0

1496849430262	0.0	-1.1005341	0.0

1496849430278	0.0	-1.2750984	0.0

1496849430282	0.0	-1.4476855	0.0

1496849430294	0.0	-1.5981534	0.0

1496849430296	0.0	-1.7251796	0.0

1496849430300	0.0	-1.7951066	0.0

1496849430306	0.0	-1.8143519	0.0

1496849430310	0.0	-1.7956184	0.0

1496849430316	0.0	-1.7398964	0.0

1496849430320	0.0	-1.6612997	0.0

1496849430325	0.0	-1.5800831	0.0

1496849430329	0.0	-1.538932	0.0

1496849430333	0.0	-1.4839906	0.0

1496849430339	0.0	-1.4455315	0.0

1496849430344	0.0	-1.3335111	0.0

1496849430348	0.0	-1.1993728	0.0

1496849430351	0.0	-1.1586494	0.0

1496849430356	0.0	-1.1199572	0.0

1496849430359	0.0	-1.1337767	0.0

1496849430363	0.0	-1.072151	0.0

1496849430366	-1.1318798	0.0	0.0

1496849430569	-1.2474015	0.0	0.0

1496849430574	-1.3487325	0.0	0.0

1496849430578	-1.390432	0.0	0.0

1496849430583	-1.3933412	0.0	0.0

1496849430588	-1.3283665	0.0	0.0

1496849430593	-1.2074587	0.0	0.0

1496849430601	0.0	-1.0828819	0.0

1496849430606	0.0	-1.0892009	0.0

1496849430610	0.0	-1.0477093	0.0

1496849430615	0.0	-1.0983684	0.0

1496849430621	0.0	-1.2303941	0.0

1496849430625	0.0	-1.3700032	0.0

1496849430630	0.0	-1.4155331	0.0

1496849430636	0.0	-1.371348	0.0

1496849430642	0.0	-1.276483	0.0

1496849430646	0.0	-1.2024407	0.0

1496849430651	0.0	-1.1710098	0.0

1496849430655	0.0	-1.1669445	0.0

1496849430661	0.0	-1.1769602	0.0

1496849430666	0.0	-1.2046347	0.0

1496849430671	0.0	-1.2240068	0.0

1496849430676	0.0	-1.4361676	0.0

1496849430683	0.0	-1.6966903	0.0

1496849430688	0.0	-1.7508484	0.0

1496849430694	0.0	-1.6089469	0.0

1496849430700	0.0	-1.1672735	0.0

1496849430706	0.0	0.0	-0.8006239

1496849430711	-1.1858339	0.0	0.0

1496849430715	-1.761862	0.0	0.0

1496849430720	-2.4628148	0.0	0.0

1496849430725	-2.8141508	0.0	0.0

1496849430731	-2.7149854	0.0	0.0

1496849430737	0.0	-2.465675	0.0

1496849430743	0.0	-2.5793743	0.0

1496849430749	0.0	-2.7327714	0.0

1496849430753	0.0	-3.0068893	0.0

1496849430758	0.0	-2.9796479	0.0

1496849430761	0.0	-2.1419609	0.0

1496849430766	0.0	-1.4580306	0.0

1496849430786	0.0	-1.6238173	0.0

1496849430797	0.0	-2.015972	0.0

1496849430802	0.0	-1.9287341	0.0

1496849430807	0.0	-1.9321814	0.0

1496849430810	0.0	-2.390333	0.0

1496849431132	0.0	-2.7498193	0.0

1496849431135	0.0	-2.9351292	0.0

1496849431139	0.0	-3.163026	0.0

1496849431142	0.0	-3.3428597	0.0

1496849431145	0.0	-3.3244095	0.0

1496849431148	0.0	-3.1410291	0.0

1496849431152	0.0	-2.8708117	0.0

1496849431155	0.0	-2.6432877	0.0

1496849431159	0.0	-2.5086586	0.0

1496849431162	0.0	-2.4557166	0.0

1496849431166	0.0	-2.4352565	0.0

1496849431169	0.0	-2.4486983	0.0

1496849431174	0.0	-2.4804049	0.0

1496849431177	0.0	-2.5081854	0.0

1496849431180	0.0	-2.5081012	0.0

1496849431183	0.0	-2.469156	0.0

1496849431186	0.0	-2.4115107	0.0

1496849431191	0.0	-2.33819	0.0

1496849431195	0.0	-2.2459238	0.0

1496849431198	0.0	-2.1569202	0.0

1496849431202	0.0	-2.0784025	0.0

1496849431210	0.0	-2.0532064	0.0

1496849431226	0.0	-2.0600488	0.0

1496849431230	0.0	-2.0866904	0.0

1496849431233	0.0	-2.1190405	0.0

1496849431236	0.0	-2.14443	0.0

1496849431240	0.0	-2.1567154	0.0

1496849431243	0.0	-2.1983154	0.0

1496849431246	0.0	-2.2440045	0.0

1496849431248	0.0	-2.298149	0.0

1496849431250	0.0	-2.3443813	0.0

1496849431253	0.0	-2.3711886	0.0

1496849431258	0.0	-1.6542816	0.0

1496849431261	0.0	-1.1441303	0.0

1496849431263	0.0	-0.7787192	0.0

1496849431266	0.0	-0.51463735	0.0

1496849431268	0.0	0.0	-0.4197282

1496849431270	0.0	0.0	-0.36068216

1496849431274	0.0	0.0	-0.2759883

1496849431278	0.0	0.0	-0.21043512

1496849431281	0.0	0.0	-0.16013858

1496849431284	0.0	0.0	-0.119777754

1496849431288	0.13526255	0.0	0.0

1496849431291	0.15959315	0.0	0.0

1496849431294	0.18504944	0.0	0.0

1496849431298	0.21128373	0.0	0.0

1496849431301	0.23245047	0.0	0.0

1496849431306	0.2528692	0.0	0.0

1496849431310	0.26436195	0.0	0.0

1496849431313	0.26399863	0.0	0.0

1496849431316	0.28614345	0.0	0.0

1496849431749	0.31281686	0.0	0.0

1496849431752	0.33148825	0.0	0.0

1496849431755	0.34734833	0.0	0.0

1496849431759	0.35566026	0.0	0.0

1496849431762	0.37541738	0.0	0.0

1496849431765	0.38924736	0.0	0.0

1496849431769	0.40727746	0.0	0.0

1496849431773	0.43101376	0.0	0.0

1496849431777	0.43929458	0.0	0.0

1496849431781	0.45342577	0.0	0.0

1496849431784	0.4605406	0.0	0.0

1496849431788	0.4710738	0.0	0.0

1496849431792	0.47844702	0.0	0.0

1496849431796	0.48915625	0.0	0.0

1496849431799	0.4994248	0.0	0.0

1496849431802	0.0	0.0	0.5181585

1496849431807	0.0	0.0	0.56825364

1496849431810	0.0	0.0	0.5607346

1496849431813	0.0	0.0	0.5554713

1496849431817	0.55818176	0.0	0.0

1496849431821	0.5726359	0.0	0.0

1496849431825	0.58827174	0.0	0.0

1496849431829	0.6102376	0.0	0.0

1496849431831	0.62836564	0.0	0.0

1496849431835	0.63555	0.0	0.0

1496849431840	0.6460843	0.0	0.0

1496849431844	0.6699429	0.0	0.0

1496849431847	0.68938684	0.0	0.0

1496849431850	0.7084792	0.0	0.0

1496849431853	0.7218439	0.0	0.0

1496849431858	0.7147382	0.0	0.0

1496849431861	0.70151603	0.0	0.0

1496849431864	0.670209	0.0	0.0

1496849431867	0.65381455	0.0	0.0

1496849431870	0.6423385	0.0	0.0

1496849431874	0.6398208	0.0	0.0

1496849431878	0.65732205	0.0	0.0

1496849431881	0.6832937	0.0	0.0

1496849431885	0.7260877	0.0	0.0

1496849431888	0.7314297	0.0	0.0

1496849431892	0.7187002	0.0	0.0

1496849431895	0.5003407	0.0	0.0

1496849431899	0.361223	0.0	0.0

1496849431901	0.27754173	0.0	0.0

1496849431905	0.23536198	0.0	0.0

1496849431909	0.23034027	0.0	0.0

1496849431913	0.24580655	0.0	0.0

1496849431916	0.24579474	0.0	0.0

1496849431919	0.0	0.0	0.24254358

1496849431922	0.0	0.0	0.2607097

1496849431926	0.0	0.0	0.273426

1496849431929	0.0	0.0	0.26489913

1496849431932	0.0	0.0	0.23570874

1496849431935	0.0	0.0	0.17618102

1496849431941	0.0	0.13128331	0.0

1496849431944	0.0	0.19126822	0.0

1496849431948	0.0	0.22478777	0.0

1496849431951	-0.24313077	0.0	0.0

1496849431955	-0.33731478	0.0	0.0

1496849431960	-0.45984137	0.0	0.0

1496849431968	0.0	0.47078967	0.0

1496849431971	0.0	-0.23782527	0.0

1496849431975	0.75786096	0.0	0.0

1496849431981	0.688161	0.0	0.0

1496849431984	0.0	1.1963624	0.0

1496849431987	0.0	1.9700348	0.0

1496849431993	0.0	1.1564349	0.0

1496849431997	0.0	0.0	-0.41630262

1496849432603	0.0	-0.617428	0.0

1496849432609	0.0	-1.4255145	0.0

1496849432612	0.0	-2.2206817	0.0

1496849432614	0.0	-2.8909893	0.0

1496849432618	0.0	-3.349897	0.0

1496849432621	0.0	-3.5441456	0.0

1496849432624	0.0	-3.5197587	0.0

1496849432629	0.0	-3.550839	0.0

1496849432633	0.0	-3.5725951	0.0

1496849432636	0.0	-3.7714	0.0

1496849432639	0.0	-3.9105632	0.0

1496849432643	0.0	-3.7227912	0.0

1496849432647	0.0	-3.6335237	0.0

1496849432649	0.0	-3.6446908	0.0

1496849432652	0.0	-3.709601	0.0

1496849432655	0.0	-3.7378728	0.0

1496849432675	0.0	-3.774828	0.0

1496849432678	0.0	-3.8494925	0.0

1496849432681	0.0	-3.962336	0.0

1496849432692	0.0	-4.1341734	0.0

1496849432697	0.0	-4.5147457	0.0

1496849432701	0.0	-4.5908318	0.0

1496849432704	0.0	-4.3690367	0.0

1496849432708	0.0	-4.1481752	0.0

1496849432715	0.0	-4.2177644	0.0

1496849432723	0.0	-4.497051	0.0

1496849432728	0.0	-4.8098	0.0

1496849432735	0.0	-5.1282954	0.0

1496849432742	0.0	-5.655815	0.0

1496849432746	0.0	-5.9011116	0.0

1496849432751	0.0	-6.02929	0.0

1496849432758	0.0	-6.4287186	0.0

1496849432764	0.0	-6.7951975	0.0

1496849432770	0.0	-6.564834	0.0

1496849432776	0.0	-6.8148694	0.0

1496849432781	0.0	-7.098834	0.0

1496849432786	0.0	-7.35825	0.0

1496849432792	0.0	-7.659917	0.0

1496849432798	0.0	-7.972693	0.0

1496849432802	0.0	-8.208117	0.0

1496849432807	0.0	-7.922808	0.0

1496849432816	0.0	-6.8199186	0.0

1496849432821	0.0	-4.9636273	0.0

1496849432828	0.0	-3.300056	0.0

1496849432834	0.0	-2.7745657	0.0

1496849432839	0.0	-3.454592	0.0

1496849432849	0.0	-3.7090611	0.0

1496849432856	0.0	-3.25982	0.0

1496849432861	0.0	-1.9909384	0.0

1496849432868	0.0	-0.9680619	0.0

1496849432875	1.3451138	0.0	0.0

1496849432882	2.2079635	0.0	0.0

1496849432889	0.0	0.0	-9.230447

1496849432895	0.0	0.0	-15.638956

1496849432900	0.0	0.0	-20.04797

1496849432904	0.0	0.0	-22.85274

1496849432907	0.0	0.0	-24.61032

1496849432918	0.0	0.0	-25.7314

1496849432928	0.0	0.0	-26.491753

1496849432933	0.0	0.0	-27.00778

1496849432937	0.0	0.0	-27.378143

1496849432951	0.0	0.0	-27.645628

1496849432961	0.0	0.0	-27.86769

1496849432966	0.0	0.0	-28.025791

1496849432969	0.0	0.0	-28.081097

1496849432976	0.0	0.0	-28.070759

1496849432986	0.0	0.0	-28.03663

1496849432995	0.0	0.0	-27.940786

1496849433000	0.0	0.0	-27.75851

1496849433003	0.0	0.0	-27.604576

1496849433014	0.0	0.0	-27.474144

1496849433020	0.0	0.0	-27.460405

1496849433024	0.0	0.0	-27.463657

1496849433028	0.0	0.0	-27.439373

1496849433031	0.0	0.0	-27.478624

1496849433035	0.0	0.0	-27.60551

1496849433040	0.0	0.0	-27.778221

1496849433044	0.0	0.0	-28.007965

1496849433048	0.0	0.0	-28.305437

1496849433058	0.0	0.0	-28.467096

1496849433062	0.0	0.0	-28.524261

1496849433067	0.0	0.0	-28.552563

1496849433091	0.0	0.0	-28.538898

1496849433095	0.0	0.0	-28.333815

1496849433099	0.0	0.0	-27.952942

1496849433104	0.0	0.0	-27.57299

1496849433109	0.0	0.0	-27.27874

1496849433115	0.0	0.0	-27.052305

1496849433127	0.0	0.0	-26.899824

1496849433135	0.0	0.0	-26.82521

1496849433139	0.0	0.0	-26.81694

1496849433143	0.0	0.0	-26.888931

1496849433147	0.0	0.0	-26.999544

1496849433149	0.0	0.0	-27.135944

1496849433153	0.0	0.0	-27.35778

1496849433157	0.0	0.0	-27.627712

1496849433160	0.0	0.0	-27.942654

1496849433162	0.0	0.0	-28.439144

1496849433165	0.0	0.0	-20.215864

1496849433169	0.0	0.0	-14.151105

1496849433172	0.0	0.0	-9.905773

1496849433175	0.0	0.0	-6.934041

1496849433178	0.0	0.0	-4.8538284

1496849433181	0.0	0.0	-3.816548

1496849433185	0.0	0.0	-2.8918326

1496849433190	-2.6554632	0.0	0.0

1496849433194	-2.7117944	0.0	0.0

1496849433199	-2.614111	0.0	0.0

1496849433203	-2.672232	0.0	0.0

1496849433208	-2.6916122	0.0	0.0

1496849433211	-2.6434026	0.0	0.0

1496849433215	-2.8467748	0.0	0.0

1496849433219	-2.7762809	0.0	0.0

1496849433223	-2.835958	0.0	0.0

1496849433227	-2.9789996	0.0	0.0

1496849433232	-3.099594	0.0	0.0

1496849433236	-2.9880958	0.0	0.0

1496849433240	-2.2959561	0.0	0.0

1496849433247	-1.1587939	0.0	0.0

1496849433250	0.0	0.0	0.7861724

1496849433254	0.0	0.0	0.6326007

1496849433259	0.0	-0.6120063	0.0

1496849433263	0.0	-1.0345008	0.0

1496849433275	0.0	-0.6329008	0.0

1496849433281	0.0	-0.5074761	0.0

1496849433285	0.0	-0.6483382	0.0

1496849433288	0.0	-0.85753024	0.0

1496849433290	0.0	-1.2317367	0.0

1496849433292	0.0	-1.7283697	0.0

1496849433296	0.0	-2.2739935	0.0

1496849434390	0.0	-2.6705585	0.0

1496849434393	0.0	-3.156205	0.0

1496849434397	0.0	-3.5751843	0.0

1496849434400	0.0	-3.8538485	0.0

1496849434403	0.0	-4.019651	0.0

1496849434407	0.0	-4.13864	0.0

1496849434411	0.0	-4.2453423	0.0

1496849434415	0.0	-4.3609586	0.0

1496849434418	0.0	-4.459409	0.0

1496849434421	0.0	-4.5341616	0.0

1496849434425	0.0	-4.560211	0.0

1496849434429	0.0	-4.499788	0.0

1496849434434	0.0	-4.3843136	0.0

1496849434448	0.0	-4.310164	0.0

1496849434460	0.0	-4.271614	0.0

1496849434463	0.0	-4.2254133	0.0

1496849434466	0.0	-4.1654663	0.0

1496849434470	0.0	-4.1382527	0.0

1496849434473	0.0	-4.1720233	0.0

1496849434476	0.0	-4.2602725	0.0

1496849434478	0.0	-4.351067	0.0

1496849434480	0.0	-4.4333262	0.0

1496849434482	0.0	-4.484003	0.0

1496849434485	0.0	-4.528021	0.0

1496849434489	0.0	-4.5471473	0.0

1496849434491	0.0	-4.5371475	0.0

1496849434494	0.0	-4.5506134	0.0

1496849434496	0.0	-4.621336	0.0

1496849434498	0.0	-4.7435613	0.0

1496849434500	0.0	-4.869693	0.0

1496849434502	0.0	-5.012847	0.0

1496849434505	0.0	-5.1876926	0.0

1496849434507	0.0	-5.491153	0.0

1496849434510	0.0	-5.742595	0.0

1496849434514	0.0	-5.954626	0.0

1496849434516	0.0	-6.1030474	0.0

1496849434519	0.0	-6.157012	0.0

1496849434522	0.0	-6.1612854	0.0

1496849434525	0.0	-6.1080794	0.0

1496849434528	0.0	-6.0056906	0.0

1496849434532	0.0	-5.8396883	0.0

1496849434535	0.0	-5.634088	0.0

1496849434537	0.0	-5.38851	0.0

1496849434540	0.0	-3.7428014	0.0

1496849434543	0.0	-2.6024725	0.0

1496849434547	0.0	-1.8799024	0.0

1496849434550	0.0	-1.4782255	0.0

1496849434554	0.0	-1.3002154	0.0

1496849434558	0.0	-1.2154194	0.0

1496849434560	0.0	-1.1900336	0.0

1496849434563	0.0	-1.2173256	0.0

1496849434567	0.0	-1.2448481	0.0

1496849434570	0.0	-1.2791325	0.0

1496849434573	0.0	-1.2771777	0.0

1496849434578	1.3789592	0.0	0.0

1496849434580	1.5138345	0.0	0.0

1496849434583	1.6269331	0.0	0.0

1496849434589	1.7024717	0.0	0.0

1496849434592	1.7636569	0.0	0.0

1496849434595	1.8067174	0.0	0.0

1496849434598	1.8453121	0.0	0.0

1496849434601	1.7664137	0.0	0.0

1496849434603	0.0	0.0	-1.7685785

1496849434606	0.0	0.0	-1.9514399

1496849434610	0.0	0.0	-2.1531732

1496849434612	0.0	0.0	-2.3968449

1496849434615	0.0	0.0	-2.699748

1496849434619	0.0	0.0	-2.9780002

1496849434622	0.0	0.0	-3.1767106

1496849434625	0.0	0.0	-3.3158078

1496849434629	0.0	0.0	-3.4173934

1496849434632	0.0	0.0	-3.4437146

1496849434635	0.0	0.0	-3.3533013

1496849434641	0.0	0.0	-3.1557739

1496849434647	0.0	0.0	-2.8619006

1496849434654	0.0	0.0	-2.5059502

1496849434657	0.0	0.0	-2.195012

1496849434660	0.0	0.0	-1.961551

1496849434663	0.0	0.0	-1.754304

1496849434667	0.0	0.0	-1.5689132

1496849434670	0.0	0.0	-1.4716814

1496849434677	0.0	0.0	-1.5203525

1496849434680	1.5381944	0.0	0.0

1496849434685	1.6883864	0.0	0.0

1496849434688	1.9148884	0.0	0.0

1496849434692	2.1572022	0.0	0.0

1496849434696	2.4051106	0.0	0.0

1496849434700	2.6096041	0.0	0.0

1496849434703	2.7520084	0.0	0.0

1496849434707	2.838284	0.0	0.0

1496849434711	2.8170593	0.0	0.0

1496849434715	2.8110209	0.0	0.0

1496849434719	2.8482962	0.0	0.0

1496849434726	2.904998	0.0	0.0

1496849434730	2.9878178	0.0	0.0

1496849434733	3.0893383	0.0	0.0

1496849434737	3.1594691	0.0	0.0

1496849434744	3.1534138	0.0	0.0

1496849434748	3.0968258	0.0	0.0

1496849434751	3.0127404	0.0	0.0

1496849434755	2.9374294	0.0	0.0

1496849434759	2.950429	0.0	0.0

1496849434763	3.0229802	0.0	0.0

1496849434768	3.1262016	0.0	0.0

1496849434771	3.2797806	0.0	0.0

1496849434774	3.4253104	0.0	0.0

1496849434777	3.5690455	0.0	0.0

1496849434781	3.698835	0.0	0.0

1496849434784	3.7757	0.0	0.0

1496849434788	0.0	0.0	-3.9004748

1496849434791	0.0	0.0	-3.9893198

1496849434794	0.0	0.0	-3.9912496

1496849434798	0.0	0.0	-3.9044197

1496849434800	0.0	0.0	-3.7392178

1496849434803	0.0	0.0	-3.4923642

1496849434807	3.4414	0.0	0.0

1496849434811	3.3743436	0.0	0.0

1496849434814	3.28309	0.0	0.0

1496849434818	2.2532814	0.0	0.0

1496849434822	1.5223655	0.0	0.0

1496849434831	1.0157526	0.0	0.0

1496849434836	0.6560953	0.0	0.0

1496849434840	0.44436866	0.0	0.0

1496849434843	0.35292518	0.0	0.0

1496849434847	0.0	-0.5184473	0.0

1496849434851	0.0	-0.9468008	0.0

1496849434854	0.0	-1.410203	0.0

1496849434858	0.0	-1.8021737	0.0

1496849434861	0.0	-2.102176	0.0

1496849434867	0.0	0.0	2.3407867

1496849434870	0.0	0.0	2.6401405

1496849434878	0.0	0.0	2.8941195

1496849434885	0.0	0.0	3.0675206

1496849434889	0.0	0.0	3.1705341

1496849434891	0.0	0.0	3.2051163

1496849434895	0.0	0.0	3.201019

1496849434898	0.0	0.0	3.188871

1496849434901	0.0	0.0	3.1725929

1496849434904	0.0	0.0	3.1187103

1496849434910	0.0	0.0	3.0628517

