1496010111185	0.013056221	-0.002131628	0.022781774

1496010111188	0.008659739	-0.002131628	0.021715961

1496010111199	0.009725553	-0.002131628	0.022781774

1496010111208	0.013056221	-0.001065814	0.018518519

1496010111221	0.0065281107	-0.00532907	0.021715961

1496010111228	0.008659739	0.0	0.020650147

1496010111240	0.015187849	-0.001065814	0.018518519

1496010111250	0.013056221	-0.003197442	0.019584332

1496010111258	0.008659739	-0.004263256	0.020650147

1496010111268	0.008659739	-0.0075939246	0.015187849

1496010111278	0.010791367	-0.0065281107	0.016253663

1496010111289	0.009725553	-0.0065281107	0.022781774

1496010111298	0.009725553	-0.004263256	0.02504663

1496010111308	0.010791367	-0.004263256	0.020650147

1496010111318	0.008659739	-0.0065281107	0.023980815

1496010111329	0.008659739	-0.003197442	0.03157474

1496010111341	0.004263256	-0.0075939246	0.023980815

1496010111358	0.0075939246	-0.001065814	0.017452704

1496010111368	0.00532907	-0.003197442	0.016253663

1496010111378	0.004263256	-0.001065814	0.019584332

1496010111390	0.0075939246	-0.004263256	0.022781774

1496010111398	0.009725553	-0.003197442	0.023980815

1496010111408	0.009725553	-0.0075939246	0.022781774

1496010111418	0.0119904075	-0.004263256	0.019584332

1496010111428	0.010791367	-0.009725553	0.018518519

1496010111441	0.00532907	-0.002131628	0.018518519

1496010111449	0.010791367	0.002131628	0.019584332

1496010111458	0.013056221	-0.004263256	0.023980815

1496010111468	0.004263256	-0.004263256	0.02504663

1496010111478	0.00532907	-0.003197442	0.023980815

1496010111491	0.001065814	-0.003197442	0.021715961

1496010111498	0.004263256	-0.003197442	0.021715961

1496010111508	0.010791367	0.0	0.018518519

1496010111518	0.00532907	-0.002131628	0.016253663

1496010111528	0.0065281107	-0.003197442	0.017452704

1496010111543	0.0119904075	-0.003197442	0.018518519

1496010111560	0.009725553	0.001065814	0.02504663

1496010111568	0.00532907	-0.004263256	0.02504663

1496010111583	0.010791367	-0.001065814	0.022781774

1496010111592	0.010791367	-0.001065814	0.021715961

1496010111614	0.00532907	-0.00532907	0.020650147

1496010111623	0.00532907	-0.00532907	0.020650147

1496010111624	0.008659739	-0.0075939246	0.023980815

1496010111628	0.008659739	0.0	0.02504663

1496010111641	0.008659739	0.0	0.021715961

1496010111649	0.0075939246	-0.001065814	0.019584332

1496010111658	0.009725553	-0.001065814	0.019584332

1496010111668	0.0075939246	-0.0065281107	0.021715961

1496010111678	0.008659739	-0.00532907	0.020650147

1496010111691	0.0065281107	-0.002131628	0.018518519

1496010111698	0.009725553	-0.002131628	0.027178258

1496010111708	0.0075939246	-0.003197442	0.023980815

1496010111718	0.00532907	-0.004263256	0.023980815

1496010111728	0.00532907	-0.004263256	0.022781774

1496010111742	0.008659739	-0.0075939246	0.019584332

1496010111759	0.009725553	-0.009725553	0.021715961

1496010111776	0.00532907	-0.009725553	0.021715961

1496010111779	0.0075939246	-0.003197442	0.02824407

1496010111790	0.010791367	-0.003197442	0.023980815

1496010111798	0.013056221	-0.002131628	0.020650147

1496010111808	0.0065281107	-0.003197442	0.026112443

1496010111819	0.010791367	-0.001065814	0.021715961

1496010111828	0.009725553	0.0	0.019584332

1496010111841	0.00532907	-0.002131628	0.019584332

1496010111849	0.0075939246	-0.001065814	0.021715961

1496010111858	0.0075939246	-0.004263256	0.02504663

1496010111868	0.009725553	-0.003197442	0.021715961

1496010111878	0.0119904075	-0.0065281107	0.017452704

1496010111892	0.008659739	-0.004263256	0.026112443

1496010111899	0.008659739	-0.002131628	0.022781774

1496010111908	0.009725553	0.002131628	0.021715961

1496010111918	0.0119904075	0.0	0.020650147

1496010111929	0.0065281107	-0.002131628	0.023980815

1496010111942	0.010791367	-0.002131628	0.021715961

1496010111958	0.008659739	-0.00532907	0.02504663

1496010111968	0.00532907	-0.00532907	0.026112443

1496010111978	0.014122035	0.001065814	0.021715961

1496010111992	0.0075939246	-0.003197442	0.020650147

1496010112003	0.0119904075	-0.003197442	0.020650147

1496010112008	0.008659739	-0.0065281107	0.02504663

1496010112018	0.009725553	0.0	0.023980815

1496010112028	0.0119904075	-0.003197442	0.020650147

1496010112042	0.009725553	-0.003197442	0.010791367

1496010112048	0.009725553	-0.00532907	0.017452704

1496010112059	0.010791367	0.001065814	0.017452704

1496010112068	0.0119904075	-0.002131628	0.016253663

1496010112078	0.010791367	-0.00532907	0.023980815

1496010112090	0.008659739	-0.00532907	0.020650147

1496010112099	0.008659739	-0.0065281107	0.019584332

1496010112108	0.008659739	0.001065814	0.021715961

1496010112118	0.008659739	0.002131628	0.019584332

1496010112128	0.009725553	0.0	0.021715961

1496010112141	0.0065281107	-0.00532907	0.027178258

1496010112158	0.010791367	0.001065814	0.016253663

1496010112169	0.008659739	-0.0075939246	0.017452704

1496010112178	0.008659739	-0.004263256	0.023980815

1496010112199	0.008659739	-0.003197442	0.019584332

1496010112201	0.008659739	-0.003197442	0.019584332

1496010112208	0.0075939246	-0.00532907	0.022781774

1496010112218	0.008659739	-0.00532907	0.019584332

1496010112228	0.0065281107	-0.00532907	0.023980815

1496010112241	0.004263256	-0.002131628	0.021715961

1496010112248	0.0065281107	-0.002131628	0.023980815

1496010112258	0.008659739	0.002131628	0.026112443

1496010112268	0.008659739	0.001065814	0.018518519

1496010112278	0.0075939246	-0.00532907	0.021715961

1496010112290	0.0119904075	-0.003197442	0.02504663

1496010112298	0.008659739	0.001065814	0.018518519

1496010112310	0.009725553	-0.00532907	0.019584332

1496010112318	0.009725553	-0.002131628	0.021715961

1496010112328	0.009725553	-0.001065814	0.019584332

1496010112341	0.0119904075	-0.008659739	0.019584332

1496010112358	0.010791367	-0.004263256	0.023980815

1496010112368	0.0119904075	0.0	0.020650147

1496010112379	0.013056221	-0.002131628	0.019584332

1496010112391	0.0119904075	0.2759126	0.023980815

1496010112398	0.00532907	0.003197442	0.02504663

1496010112409	0.0075939246	0.002131628	0.021715961

1496010112418	0.00532907	-0.001065814	0.021715961

1496010112428	0.009725553	0.001065814	0.027178258

1496010112441	0.009725553	-0.001065814	0.022781774

1496010112448	0.009725553	0.0	0.019584332

1496010112458	0.0119904075	0.001065814	0.015187849

1496010112468	0.013056221	-0.004263256	0.019584332

1496010112478	0.013056221	-0.001065814	0.019584332

1496010112494	0.0119904075	-0.00532907	0.019584332

1496010112500	0.008659739	-0.0065281107	0.019584332

1496010112508	0.013056221	-0.003197442	0.018518519

1496010112522	0.0075939246	0.001065814	0.023980815

1496010112528	0.010791367	0.003197442	0.020650147

1496010112541	0.0075939246	0.0	0.023980815

1496010112559	0.008659739	-0.003197442	0.022781774

1496010112568	0.004263256	-0.004263256	0.019584332

1496010112578	0.0075939246	0.0	0.015187849

1496010112590	0.009725553	-0.004263256	0.020650147

1496010112598	0.008659739	-0.003197442	0.022781774

1496010112608	0.00532907	-0.004263256	0.020650147

1496010112618	0.00532907	-0.003197442	0.019584332

1496010112628	0.009725553	-0.003197442	0.017452704

1496010112641	0.013056221	-0.001065814	0.021715961

1496010112648	0.008659739	-0.0075939246	0.02504663

1496010112658	0.0075939246	-0.00532907	0.023980815

1496010112668	0.00532907	-0.010791367	0.017452704

1496010112679	0.009725553	-0.001065814	0.017452704

1496010112695	0.00532907	-0.003197442	0.018518519

1496010112700	0.010791367	-0.001065814	0.022781774

1496010112709	0.008659739	-0.001065814	0.018518519

1496010112718	0.009725553	-0.008659739	0.013056221

1496010112728	0.0075939246	-0.0119904075	0.016253663

1496010112743	0.0119904075	-0.003197442	0.020650147

1496010112758	0.013056221	-0.003197442	0.019584332

1496010112768	0.0119904075	-0.00532907	0.022781774

1496010112778	0.010791367	-0.003197442	0.023980815

1496010112790	0.010791367	-0.003197442	0.02504663

1496010112798	0.010791367	-0.001065814	0.017452704

1496010112808	0.013056221	0.002131628	0.014122035

1496010112819	0.008659739	-0.00532907	0.015187849

1496010112828	0.0119904075	-0.003197442	0.015187849

1496010112841	0.009725553	-0.0065281107	0.008659739

1496010112849	0.0075939246	-0.003197442	0.016253663

1496010112858	0.008659739	0.00532907	0.018518519

1496010112868	0.0075939246	0.0	0.013056221

1496010112878	0.00532907	-0.002131628	0.014122035

1496010112890	0.010791367	-0.004263256	0.018518519

1496010112898	0.0075939246	-0.004263256	0.023980815

1496010112908	0.008659739	-0.001065814	0.02504663

1496010112918	0.009725553	0.001065814	0.021715961

1496010112928	0.00532907	-0.00532907	0.022781774

1496010112941	0.008659739	-0.002131628	0.02504663

1496010112958	0.00532907	-0.004263256	0.029443111

1496010112968	0.004263256	-0.003197442	0.02504663

1496010112978	0.009725553	-0.002131628	0.023980815

1496010112994	0.008659739	-0.0065281107	0.021715961

1496010112999	0.0065281107	-0.004263256	0.023980815

1496010113010	0.010791367	-0.001065814	0.026112443

1496010113018	0.009725553	-0.004263256	0.026112443

1496010113030	0.013056221	-0.0075939246	0.020650147

1496010113045	0.0075939246	-0.0065281107	0.022781774

1496010113050	0.010791367	-0.004263256	0.016253663

1496010113062	0.008659739	-0.008659739	0.015187849

1496010113069	0.009725553	-0.00532907	0.014122035

1496010113079	0.0119904075	-0.00532907	0.017452704

1496010113091	0.0119904075	-0.002131628	0.020650147

1496010113099	0.010791367	0.001065814	0.013056221

1496010113112	0.010791367	-0.001065814	0.02504663

1496010113119	0.008659739	-0.002131628	0.023980815

1496010113129	0.009725553	-0.004263256	0.021715961

1496010113141	0.009725553	-0.0065281107	0.02504663

1496010113158	0.008659739	-0.002131628	0.022781774

1496010113168	0.010791367	0.0	0.023980815

1496010113178	0.0065281107	-0.004263256	0.02504663

1496010113199	0.014122035	0.002131628	0.017452704

1496010113202	0.014122035	0.002131628	0.017452704

1496010113209	0.015187849	0.003197442	0.016253663

1496010113219	0.017452704	-0.001065814	0.016253663

1496010113229	0.010791367	0.0	0.015187849

1496010113247	0.017452704	-0.001065814	0.019584332

1496010113259	0.008659739	-0.003197442	0.020650147

1496010113278	0.008659739	-0.003197442	0.02504663

1496010113279	0.00532907	-0.001065814	0.026112443

1496010113290	0.0075939246	-0.003197442	0.02504663

1496010113298	0.008659739	-0.00532907	0.021715961

1496010113308	0.008659739	-0.0065281107	0.020650147

1496010113318	0.008659739	-0.002131628	0.022781774

1496010113328	0.009725553	-0.001065814	0.019584332

1496010113343	0.010791367	-0.003197442	0.016253663

1496010113358	0.0119904075	-0.003197442	0.020650147

1496010113368	0.0075939246	-0.009725553	0.022781774

1496010113378	0.010791367	-0.004263256	0.023980815

1496010113391	0.010791367	-0.0065281107	0.019584332

1496010113399	0.009725553	0.001065814	0.022781774

1496010113408	0.010791367	-0.002131628	0.02504663

1496010113418	0.0119904075	-0.002131628	0.02504663

1496010113428	0.0119904075	0.001065814	0.020650147

1496010113441	0.014122035	0.002131628	0.026112443

1496010113448	0.010791367	-0.002131628	0.02504663

1496010113458	0.010791367	-0.002131628	0.015187849

1496010113468	0.0075939246	-0.004263256	0.018518519

1496010113478	0.00532907	-0.00532907	0.019584332

1496010113490	0.0065281107	-0.0075939246	0.021715961

1496010113498	0.0075939246	-0.009725553	0.022781774

1496010113508	0.010791367	-0.008659739	0.021715961

1496010113518	0.008659739	-0.004263256	0.023980815

1496010113528	0.00532907	-0.00532907	0.020650147

1496010113541	0.008659739	-0.002131628	0.019584332

1496010113558	0.010791367	-0.001065814	0.023980815

1496010113568	0.015187849	0.001065814	0.019584332

1496010113578	0.0075939246	-0.0065281107	0.018518519

1496010113590	0.014122035	-0.001065814	0.020650147

1496010113598	0.0119904075	0.003197442	0.021715961

1496010113608	0.0075939246	-0.00532907	0.013056221

1496010113618	0.00532907	-0.003197442	0.019584332

1496010113628	0.008659739	-0.0065281107	0.023980815

1496010113643	0.010791367	-0.00532907	0.018518519

1496010113648	0.009725553	-0.001065814	0.016253663

1496010113658	0.008659739	-0.001065814	0.018518519

1496010113668	0.008659739	-0.001065814	0.023980815

1496010113678	0.009725553	-0.0065281107	0.022781774

1496010113690	0.0075939246	-0.00532907	0.023980815

1496010113698	0.008659739	0.0	0.020650147

1496010113708	0.010791367	-0.00532907	0.019584332

1496010113718	0.008659739	-0.004263256	0.018518519

1496010113729	0.00532907	-0.004263256	0.022781774

1496010113748	0.0065281107	-0.003197442	0.018518519

1496010113759	0.010791367	-0.0065281107	0.017452704

1496010113769	0.008659739	-0.003197442	0.020650147

1496010113779	0.003197442	-0.003197442	0.015187849

1496010113791	0.0075939246	-0.010791367	0.017452704

1496010113798	0.010791367	0.001065814	0.021715961

1496010113808	0.0075939246	-0.003197442	0.027178258

1496010113819	0.0075939246	0.0	0.016253663

1496010113828	0.0119904075	-0.00532907	0.018518519

1496010113841	0.009725553	-0.002131628	0.02504663

1496010113848	0.010791367	0.0	0.018518519

1496010113858	0.009725553	0.002131628	0.021715961

1496010113868	0.008659739	-0.002131628	0.020650147

1496010113878	0.009725553	-0.00532907	0.018518519

1496010113890	0.0119904075	0.001065814	0.02504663

1496010113898	0.0119904075	0.0	0.02824407

1496010113908	0.014122035	-0.00532907	0.026112443

1496010113918	0.008659739	-0.003197442	0.027178258

1496010113928	0.0065281107	-0.002131628	0.020650147

1496010113943	0.00532907	-0.002131628	0.018518519

1496010113958	0.003197442	-0.003197442	0.022781774

1496010113968	0.0075939246	-0.001065814	0.021715961

1496010113978	0.004263256	-0.0075939246	0.020650147

1496010113992	0.013056221	-0.001065814	0.016253663

1496010114002	0.00532907	-0.003197442	0.027178258

1496010114008	0.0065281107	-0.00532907	0.018518519

1496010114018	0.008659739	-0.003197442	0.021715961

1496010114028	0.0065281107	0.001065814	0.020650147

1496010114042	0.0075939246	-0.008659739	0.022781774

1496010114053	0.00532907	-0.003197442	0.022781774

1496010114058	0.0065281107	-0.001065814	0.02504663

1496010114075	0.009725553	-0.002131628	0.022781774

1496010114078	0.0075939246	-0.003197442	0.020650147

1496010114091	0.010791367	-0.003197442	0.018518519

1496010114098	0.0119904075	-0.004263256	0.013056221

1496010114108	0.010791367	-0.004263256	0.015187849

1496010114118	0.010791367	-0.003197442	0.022781774

1496010114128	0.010791367	-0.0065281107	0.018518519

1496010114143	0.010791367	-0.0075939246	0.017452704

1496010114158	0.0075939246	-0.003197442	0.023980815

1496010114168	0.004263256	-0.00532907	0.029443111

1496010114178	0.0119904075	-0.00532907	0.020650147

1496010114192	0.008659739	-0.00532907	0.021715961

1496010114198	0.008659739	-0.009725553	0.023980815

1496010114208	0.0075939246	-0.008659739	0.019584332

1496010114218	0.009725553	-0.001065814	0.017452704

1496010114228	0.009725553	-0.004263256	0.020650147

1496010114242	0.0119904075	-0.003197442	0.021715961

1496010114248	0.008659739	-0.003197442	0.016253663

1496010114258	0.004263256	-0.002131628	0.020650147

1496010114268	0.010791367	-0.003197442	0.017452704

1496010114278	0.0075939246	-0.008659739	0.020650147

1496010114291	0.00532907	-0.004263256	0.02504663

1496010114299	0.008659739	-0.004263256	0.027178258

1496010114308	0.00532907	-0.004263256	0.021715961

1496010114319	0.0075939246	-0.001065814	0.018518519

1496010114329	0.008659739	0.0	0.017452704

1496010114342	0.0075939246	-0.010791367	0.019584332

1496010114358	0.0119904075	0.0	0.022781774

1496010114368	0.015187849	0.00532907	0.014122035

1496010114378	0.0075939246	-0.004263256	0.021715961

1496010114391	0.0075939246	-0.004263256	0.022781774

1496010114398	0.008659739	-0.009725553	0.022781774

1496010114408	0.009725553	-0.0065281107	0.021715961

1496010114418	0.0065281107	-0.002131628	0.021715961

1496010114428	0.0065281107	-0.001065814	0.021715961

1496010114441	0.003197442	-0.004263256	0.03157474

1496010114449	0.0075939246	-0.004263256	0.02504663

1496010114458	0.010791367	-0.002131628	0.020650147

1496010114468	0.0075939246	-0.003197442	0.021715961

1496010114478	0.008659739	-0.003197442	0.018518519

1496010114492	0.010791367	-0.001065814	0.017452704

1496010114498	0.008659739	-0.0065281107	0.014122035

1496010114508	0.009725553	-0.002131628	0.014122035

1496010114518	0.013056221	0.001065814	0.014122035

1496010114528	0.010791367	-0.004263256	0.020650147

1496010114541	0.009725553	0.003197442	0.02504663

1496010114558	0.008659739	-0.003197442	0.021715961

1496010114568	0.0065281107	-0.002131628	0.026112443

1496010114578	0.00532907	-0.00532907	0.019584332

1496010114590	0.0065281107	-0.002131628	0.019584332

1496010114598	0.0065281107	-0.003197442	0.021715961

1496010114608	0.009725553	-0.00532907	0.020650147

1496010114618	0.010791367	-0.0065281107	0.021715961

1496010114628	0.010791367	-0.004263256	0.021715961

1496010114641	0.013056221	-0.003197442	0.015187849

1496010114648	0.0075939246	-0.0065281107	0.017452704

1496010114658	0.008659739	-0.001065814	0.022781774

1496010114668	0.0075939246	-0.001065814	0.023980815

1496010114678	0.00532907	-0.002131628	0.015187849

1496010114691	0.008659739	-0.003197442	0.021715961

1496010114698	0.00532907	-0.001065814	0.021715961

1496010114708	0.009725553	0.001065814	0.016253663

1496010114718	0.0065281107	-0.0075939246	0.019584332

1496010114728	0.008659739	-0.002131628	0.020650147

1496010114741	0.010791367	-0.001065814	0.017452704

1496010114758	0.0065281107	-0.003197442	0.019584332

1496010114768	0.004263256	0.0	0.021715961

1496010114779	0.014122035	-0.002131628	0.017452704

1496010114800	0.009725553	-0.001065814	0.020650147

1496010114809	0.009725553	-0.002131628	0.018518519

1496010114821	0.009725553	-0.001065814	0.021715961

1496010114842	0.0119904075	-0.00532907	0.015187849

1496010114843	0.010791367	0.0	0.022781774

1496010114848	0.0075939246	0.0	0.02504663

1496010114858	0.0065281107	-0.004263256	0.02504663

1496010114868	0.009725553	-0.001065814	0.027178258

1496010114878	0.0075939246	0.0	0.023980815

1496010114890	0.0075939246	-0.003197442	0.023980815

1496010114898	0.0075939246	-0.00532907	0.021715961

1496010114908	0.00532907	-0.00532907	0.019584332

1496010114918	0.008659739	-0.0065281107	0.015187849

1496010114928	0.010791367	-0.00532907	0.014122035

1496010114941	0.003197442	-0.003197442	0.016253663

1496010114960	0.008659739	-0.002131628	0.021715961

1496010114968	0.013056221	-0.003197442	0.020650147

1496010114978	0.008659739	-0.008659739	0.02504663

1496010114995	0.009725553	-0.003197442	0.022781774

1496010114998	0.009725553	-0.00532907	0.027178258

1496010115008	0.010791367	-0.00532907	0.026112443

1496010115018	0.013056221	-0.0075939246	0.022781774

1496010115028	0.009725553	-0.008659739	0.018518519

1496010115042	0.015187849	-0.0065281107	0.017452704

1496010115053	0.009725553	-0.003197442	0.016253663

1496010115059	0.008659739	-0.001065814	0.019584332

1496010115068	0.0065281107	0.001065814	0.021715961

1496010115078	0.0065281107	-0.00532907	0.020650147

1496010115092	0.009725553	-0.003197442	0.018518519

1496010115191	0.008659739	-0.001065814	0.013056221

1496010115192	0.003197442	-0.0065281107	0.014122035

1496010115193	0.008659739	-0.00532907	0.016253663

1496010115194	0.0075939246	-0.001065814	0.019584332

1496010115195	0.009725553	-0.00532907	0.022781774

1496010115198	0.009725553	-0.001065814	0.027178258

1496010115204	0.0119904075	-0.004263256	0.022781774

1496010115205	0.010791367	-0.00532907	0.021715961

1496010115215	0.009725553	-0.001065814	0.026112443

1496010115216	0.0065281107	-0.004263256	0.02504663

1496010115217	0.00532907	-0.004263256	0.020650147

1496010115219	0.0065281107	-0.002131628	0.020650147

1496010115228	0.0065281107	0.002131628	0.021715961

1496010115241	0.00532907	0.0	0.018518519

1496010115248	0.0075939246	-0.00532907	0.019584332

1496010115259	0.015187849	-0.0065281107	0.008659739

1496010115268	0.013056221	-0.004263256	0.014122035

1496010115278	0.0119904075	-0.0065281107	0.021715961

1496010115290	0.0075939246	-0.001065814	0.022781774

1496010115298	0.0075939246	-0.002131628	0.02504663

1496010115308	0.0119904075	-0.001065814	0.02824407

1496010115318	0.0075939246	-0.004263256	0.026112443

1496010115328	0.0075939246	-0.003197442	0.02504663

1496010115343	0.013056221	-0.003197442	0.021715961

1496010115362	0.010791367	-0.003197442	0.020650147

1496010115368	0.009725553	-0.002131628	0.018518519

1496010115378	0.00532907	-0.002131628	0.013056221

1496010115392	0.0075939246	0.001065814	0.013056221

1496010115398	0.009725553	0.001065814	0.016253663

1496010115408	0.0065281107	-0.002131628	0.018518519

1496010115418	0.0075939246	-0.002131628	0.016253663

1496010115428	0.0065281107	-0.004263256	0.020650147

1496010115441	0.0075939246	0.002131628	0.019584332

1496010115448	0.009725553	-0.003197442	0.021715961

1496010115458	0.010791367	-0.001065814	0.02824407

1496010115468	0.0075939246	-0.004263256	0.02824407

1496010115478	0.0075939246	-0.001065814	0.02824407

1496010115490	0.008659739	-0.004263256	0.020650147

1496010115498	0.008659739	-0.008659739	0.022781774

1496010115510	0.010791367	-0.003197442	0.019584332

1496010115518	0.009725553	0.00532907	0.022781774

1496010115528	0.008659739	-0.001065814	0.018518519

1496010115542	0.0065281107	-0.004263256	0.019584332

1496010115558	0.0075939246	-0.0065281107	0.019584332

1496010115568	0.013056221	0.0	0.022781774

1496010115578	0.0075939246	-0.002131628	0.020650147

1496010115590	0.010791367	-0.003197442	0.015187849

1496010115598	0.008659739	-0.00532907	0.021715961

1496010115610	0.009725553	-0.002131628	0.020650147

1496010115618	0.0119904075	-0.002131628	0.020650147

1496010115628	0.008659739	-0.00532907	0.020650147

1496010115641	0.00532907	-0.00532907	0.021715961

1496010115649	0.008659739	-0.004263256	0.017452704

1496010115658	0.0119904075	-0.009725553	0.021715961

1496010115668	0.015187849	-0.0065281107	0.021715961

1496010115679	0.0119904075	-0.0075939246	0.013056221

1496010115697	0.008659739	-0.002131628	0.019584332

1496010115708	0.0119904075	0.001065814	0.015187849

1496010115719	0.009725553	-0.004263256	0.013056221

1496010115729	0.008659739	-0.008659739	0.017452704

1496010115742	0.008659739	0.0	0.017452704

1496010115758	0.0075939246	-0.002131628	0.018518519

1496010115768	0.010791367	-0.004263256	0.023980815

1496010115778	0.0075939246	-0.00532907	0.020650147

1496010115790	0.014122035	-0.003197442	0.020650147

1496010115798	0.013056221	-0.003197442	0.021715961

1496010115808	0.010791367	-0.00532907	0.026112443

1496010115819	0.010791367	-0.002131628	0.023980815

1496010115828	0.009725553	-0.002131628	0.018518519

1496010115841	0.009725553	-0.0075939246	0.014122035

1496010115848	0.009725553	-0.010791367	0.014122035

1496010115858	0.010791367	-0.0065281107	0.020650147

1496010115868	0.009725553	-0.003197442	0.019584332

1496010115878	0.008659739	-0.003197442	0.018518519

1496010115890	0.009725553	-0.001065814	0.022781774

1496010115898	0.009725553	-0.004263256	0.019584332

1496010115908	0.010791367	-0.0065281107	0.019584332

1496010115918	0.010791367	-0.0075939246	0.02504663

1496010115928	0.009725553	-0.004263256	0.027178258

1496010115944	0.013056221	-0.002131628	0.02504663

1496010115958	0.0119904075	-0.0075939246	0.026112443

1496010115969	0.013056221	0.0	0.021715961

1496010115979	0.010791367	-0.003197442	0.019584332

1496010115998	0.0075939246	-0.004263256	0.016253663

1496010115999	0.009725553	-0.002131628	0.018518519

1496010116008	0.014122035	-0.002131628	0.016253663

1496010116018	0.010791367	-0.003197442	0.021715961

1496010116028	0.0065281107	-0.002131628	0.020650147

1496010116042	0.002131628	-0.002131628	0.022781774

1496010116048	0.002131628	-0.0065281107	0.02504663

1496010116058	0.0065281107	-0.004263256	0.023980815

1496010116075	0.010791367	0.0	0.023980815

1496010116078	0.013056221	0.002131628	0.020650147

1496010116091	0.009725553	0.0	0.023980815

1496010116098	0.008659739	-0.004263256	0.021715961

