1495884818212	-35.82	20.22	-3.84

1495884818313	-35.94	20.22	-4.14

1495884818410	-35.94	20.34	-4.44

1495884818511	-36.18	20.22	-4.74

1495884818612	-36.3	20.04	-4.86

1495884818710	-36.18	19.92	-4.98

1495884818810	-36.3	19.98	-4.92

1495884818920	-36.36	19.8	-5.04

1495884819017	-36.3	19.56	-4.92

1495884819110	-36.12	19.56	-4.86

1495884819210	-36.24	19.38	-4.74

1495884819310	-36.18	19.62	-4.86

1495884819412	-36.12	19.92	-4.8

1495884819511	-36.18	19.92	-4.86

1495884819610	-36.06	19.92	-4.92

1495884819723	-35.88	20.1	-4.92

1495884819810	-36.06	20.22	-4.8

1495884819921	-36.18	20.34	-4.62

1495884820010	-36.24	20.64	-4.38

1495884820120	-36.18	20.76	-3.84

1495884820221	-36.12	20.76	-3.9

1495884820320	-36.12	20.76	-3.6

1495884820420	-36.0	20.76	-3.48

1495884820520	-36.12	21.12	-3.24

1495884820620	-36.12	21.24	-3.48

1495884820820	-36.0	21.42	-3.66

1495884820920	-36.06	21.42	-3.9

1495884821020	-36.18	21.36	-3.66

1495884821120	-36.36	21.6	-3.84

1495884821220	-36.36	21.6	-3.72

1495884821320	-36.36	21.3	-3.96

1495884821422	-36.24	21.36	-3.66

1495884821520	-36.24	21.3	-3.66

1495884821620	-36.12	21.06	-3.48

1495884821729	-35.94	20.88	-3.48

1495884821820	-36.0	21.18	-3.6

1495884821920	-35.94	20.94	-3.84

1495884822020	-36.06	21.24	-3.96

1495884822120	-36.18	21.24	-3.78

1495884822220	-36.3	21.12	-4.08

1495884822320	-36.24	21.24	-3.9

1495884822420	-36.42	21.42	-4.02

1495884822532	-36.54	21.54	-4.08

1495884822620	-36.72	21.36	-4.14

1495884822720	-36.54	21.36	-4.08

1495884822820	-36.54	21.0	-4.08

1495884822920	-36.6	21.24	-4.38

1495884823020	-36.66	21.54	-4.32

