1495313105297	-0.002131628	-0.008659739	0.014122035

1495313105302	-0.002131628	-0.002131628	0.016253663

1495313105313	-0.002131628	0.002131628	0.014122035

1495313105315	0.001065814	-0.0065281107	0.019584332

1495313105324	0.003197442	-0.010791367	0.014122035

1495313105334	0.00532907	-0.008659739	0.015187849

1495313105344	0.0075939246	-0.009725553	0.014122035

1495313105366	0.001065814	-0.0065281107	0.014122035

1495313105368	0.002131628	-0.004263256	0.017452704

1495313105374	0.0075939246	0.0	0.022781774

1495313105385	0.00532907	-0.001065814	0.019584332

1495313105394	0.004263256	-0.001065814	0.021715961

1495313105409	-0.001065814	-0.001065814	0.018518519

1495313105414	0.00532907	0.002131628	0.015187849

1495313105424	0.00532907	0.0	0.018518519

1495313105436	0.004263256	-0.0065281107	0.017452704

1495313105453	0.002131628	0.004263256	0.018518519

1495313105455	-0.001065814	-0.001065814	0.015187849

1495313105464	0.003197442	0.001065814	0.013056221

1495313105474	0.00532907	0.004263256	0.013056221

1495313105486	0.0065281107	0.004263256	0.018518519

1495313105494	0.0065281107	0.003197442	0.015187849

1495313105504	0.0065281107	-0.001065814	0.018518519

1495313105514	0.00532907	0.001065814	0.016253663

1495313105524	-0.003197442	0.003197442	0.017452704

1495313105536	-0.002131628	0.0	0.013056221

1495313105552	0.003197442	0.001065814	0.013056221

1495313105556	0.002131628	-0.003197442	0.016253663

1495313105564	0.003197442	-0.003197442	0.015187849

1495313105574	0.003197442	0.0	0.017452704

1495313105589	0.004263256	-0.004263256	0.015187849

1495313105594	-0.001065814	-0.0065281107	0.017452704

1495313105604	0.003197442	0.003197442	0.013056221

1495313105620	0.003197442	0.002131628	0.018518519

1495313105624	0.003197442	-0.001065814	0.018518519

1495313105636	0.009725553	0.0	0.015187849

1495313105644	0.0065281107	0.0	0.014122035

1495313105656	0.0	-0.001065814	0.010791367

1495313105664	0.010791367	0.010791367	0.008659739

1495313105674	0.0075939246	0.004263256	0.014122035

1495313105694	0.003197442	-0.002131628	0.0119904075

1495313105697	0.00532907	0.004263256	0.0075939246

1495313105705	0.003197442	0.00532907	0.015187849

1495313105714	0.001065814	0.004263256	0.016253663

1495313105724	0.00532907	0.001065814	0.016253663

1495313105736	0.003197442	-0.001065814	0.018518519

1495313105744	0.004263256	0.001065814	0.017452704

1495313105755	0.00532907	0.0065281107	0.017452704

1495313105764	0.0075939246	0.0075939246	0.010791367

1495313105774	0.0075939246	0.0	0.014122035

1495313105788	0.00532907	-0.0075939246	0.0119904075

1495313105794	0.0065281107	-0.002131628	0.009725553

1495313105804	0.00532907	-0.002131628	0.013056221

1495313105815	0.008659739	0.002131628	0.014122035

1495313105824	0.004263256	0.003197442	0.015187849

1495313105842	0.00532907	-0.003197442	0.015187849

1495313105845	0.008659739	0.0	0.018518519

1495313105854	0.009725553	0.0	0.015187849

1495313105866	0.00532907	0.001065814	0.0119904075

1495313105878	0.0065281107	0.001065814	0.017452704

1495313105887	0.004263256	-0.0065281107	0.019584332

1495313105894	0.008659739	-0.001065814	0.019584332

1495313105904	0.00532907	0.00532907	0.020650147

1495313105914	0.0065281107	-0.002131628	0.022781774

1495313105924	0.0065281107	-0.00532907	0.021715961

1495313105936	0.008659739	0.0	0.017452704

1495313105947	0.009725553	0.003197442	0.015187849

1495313105954	0.0065281107	0.003197442	0.018518519

1495313105965	0.001065814	-0.00532907	0.015187849

1495313105974	0.00532907	-0.003197442	0.016253663

1495313105986	0.003197442	-0.008659739	0.013056221

1495313105998	0.004263256	-0.009725553	0.0119904075

1495313106007	0.008659739	-0.0119904075	0.017452704

1495313106014	0.009725553	-0.008659739	0.014122035

1495313106026	0.0075939246	-0.009725553	0.008659739

1495313106043	0.008659739	-0.010791367	0.017452704

1495313106045	0.0065281107	-0.0119904075	0.014122035

1495313106054	0.00532907	-0.0119904075	0.016253663

1495313106066	0.0075939246	-0.010791367	0.0119904075

1495313106074	0.00532907	-0.009725553	0.0119904075

1495313106086	0.009725553	-0.008659739	0.009725553

1495313106101	0.008659739	-0.010791367	0.0065281107

1495313106104	0.010791367	-0.015187849	0.0075939246

1495313106115	0.010791367	-0.018518519	0.009725553

1495313106124	0.0119904075	-0.019584332	0.017452704

1495313106138	0.00532907	-0.015187849	0.016253663

1495313106145	0.009725553	-0.017452704	0.0119904075

1495313106154	0.002131628	-0.013056221	0.018518519

1495313106175	0.002131628	-0.009725553	0.022781774

1495313106176	-0.002131628	-0.010791367	0.022781774

1495313106187	0.003197442	-0.008659739	0.023980815

1495313106194	0.0065281107	-0.014122035	0.020650147

1495313106204	0.0075939246	-0.015187849	0.023980815

1495313106214	0.0119904075	-0.016253663	0.022781774

1495313106224	0.010791367	-0.009725553	0.017452704

1495313106264	0.002131628	-0.0075939246	0.021715961

1495313106268	0.004263256	-0.0065281107	0.020650147

1495313106269	0.008659739	-0.003197442	0.016253663

1495313106270	0.003197442	-0.003197442	0.018518519

1495313106275	0.00532907	-0.0119904075	0.016253663

1495313106286	0.0065281107	-0.0065281107	0.015187849

1495313106294	0.0065281107	-0.00532907	0.013056221

1495313106304	0.00532907	-0.004263256	0.010791367

1495313106314	0.004263256	-0.0065281107	0.014122035

1495313106324	0.00532907	-0.013056221	0.0119904075

1495313106336	0.008659739	-0.0065281107	0.0075939246

1495313106347	0.0065281107	-0.0075939246	0.013056221

1495313106354	0.004263256	-0.009725553	0.015187849

1495313106366	0.004263256	-0.0075939246	0.013056221

1495313106374	0.0065281107	-0.0075939246	0.015187849

1495313106386	0.004263256	-0.008659739	0.016253663

1495313106394	0.008659739	0.001065814	0.014122035

1495313106404	0.004263256	-0.0065281107	0.014122035

1495313106414	0.009725553	0.0	0.017452704

1495313106424	0.0065281107	-0.0065281107	0.015187849

1495313106438	0.0075939246	-0.002131628	0.015187849

1495313106445	0.008659739	-0.002131628	0.0119904075

1495313106454	0.009725553	-0.010791367	0.016253663

1495313106466	0.009725553	-0.00532907	0.020650147

1495313106474	0.013056221	-0.008659739	0.021715961

1495313106486	0.008659739	-0.002131628	0.0119904075

1495313106494	0.0075939246	-0.00532907	0.015187849

1495313106504	0.0119904075	-0.0119904075	0.016253663

1495313106514	0.010791367	-0.0065281107	0.018518519

1495313106524	0.0119904075	-0.0075939246	0.016253663

1495313106537	0.013056221	-0.014122035	0.015187849

1495313106545	0.009725553	-0.013056221	0.021715961

1495313106554	0.009725553	-0.0065281107	0.017452704

1495313106564	0.0075939246	-0.0075939246	0.019584332

1495313106574	0.009725553	-0.008659739	0.017452704

1495313106590	0.008659739	-0.008659739	0.014122035

1495313106594	0.008659739	-0.0119904075	0.020650147

1495313106604	0.008659739	-0.009725553	0.022781774

1495313106614	0.0075939246	-0.013056221	0.009725553

1495313106624	0.0065281107	-0.008659739	0.0119904075

1495313106636	0.0065281107	-0.0075939246	0.016253663

1495313106644	0.00532907	-0.0065281107	0.010791367

1495313106654	0.003197442	0.0	0.014122035

1495313106666	0.0065281107	0.001065814	0.014122035

1495313106674	0.0075939246	-0.002131628	0.018518519

1495313106686	0.004263256	-0.008659739	0.018518519

1495313106694	0.00532907	-0.008659739	0.018518519

1495313106704	0.004263256	-0.0075939246	0.021715961

1495313106714	0.003197442	-0.0065281107	0.015187849

1495313106724	0.00532907	-0.00532907	0.016253663

1495313106738	0.008659739	-0.00532907	0.015187849

1495313106745	0.009725553	-0.0075939246	0.015187849

1495313106754	0.010791367	-0.0075939246	0.015187849

1495313106766	0.010791367	-0.014122035	0.020650147

1495313106774	0.013056221	-0.014122035	0.020650147

1495313106786	0.010791367	-0.010791367	0.019584332

1495313106794	0.008659739	-0.008659739	0.016253663

1495313106804	0.009725553	-0.009725553	0.021715961

1495313106814	0.0065281107	-0.0065281107	0.029443111

1495313106824	0.008659739	-0.0065281107	0.02504663

1495313106864	0.0075939246	-0.003197442	0.018518519

1495313106867	0.008659739	-0.0065281107	0.021715961

1495313106868	0.0119904075	-0.0065281107	0.013056221

1495313106874	0.0119904075	-0.003197442	0.014122035

1495313106886	0.008659739	-0.003197442	0.015187849

1495313106894	0.009725553	-0.0075939246	0.018518519

1495313106904	0.0065281107	-0.0065281107	0.018518519

1495313106914	0.0075939246	-0.0075939246	0.018518519

1495313106924	0.008659739	-0.0075939246	0.021715961

1495313106936	0.0075939246	-0.0065281107	0.014122035

1495313106945	0.0065281107	-0.004263256	0.013056221

1495313106954	0.00532907	-0.004263256	0.017452704

1495313106966	0.0075939246	-0.0065281107	0.0119904075

1495313106974	0.003197442	-0.00532907	0.013056221

1495313106986	0.001065814	-0.0075939246	0.017452704

1495313106999	0.00532907	-0.004263256	0.014122035

1495313107010	0.0119904075	-0.00532907	0.016253663

1495313107026	0.004263256	-0.00532907	0.013056221

1495313107029	0.00532907	-0.0075939246	0.016253663

1495313107039	0.0065281107	-0.00532907	0.015187849

1495313107046	0.0065281107	-0.0065281107	0.013056221

1495313107055	0.00532907	-0.002131628	0.010791367

1495313107066	0.0075939246	-0.001065814	0.015187849

1495313107074	0.010791367	-0.00532907	0.014122035

1495313107087	0.0075939246	-0.010791367	0.016253663

1495313107105	0.0075939246	-0.009725553	0.010791367

1495313107107	0.0065281107	-0.002131628	0.016253663

1495313107115	0.0075939246	-0.004263256	0.020650147

1495313107124	0.0119904075	-0.0075939246	0.018518519

1495313107136	0.009725553	-0.00532907	0.019584332

1495313107145	0.009725553	-0.001065814	0.019584332

1495313107154	0.008659739	-0.001065814	0.017452704

1495313107167	0.010791367	0.003197442	0.0119904075

1495313107174	0.010791367	0.004263256	0.015187849

1495313107187	0.009725553	0.004263256	0.017452704

1495313107194	0.009725553	-0.004263256	0.019584332

1495313107204	0.0075939246	-0.0075939246	0.0119904075

1495313107214	0.0075939246	-0.008659739	0.014122035

1495313107224	0.0065281107	-0.008659739	0.018518519

1495313107237	0.008659739	-0.002131628	0.016253663

1495313107245	0.010791367	-0.00532907	0.016253663

1495313107262	0.00532907	-0.004263256	0.016253663

1495313107266	0.0065281107	-0.004263256	0.013056221

1495313107279	0.010791367	-0.004263256	0.010791367

1495313107295	0.0065281107	-0.009725553	0.014122035

1495313107296	0.0065281107	-0.009725553	0.014122035

1495313107306	0.0065281107	0.001065814	0.015187849

1495313107314	0.008659739	-0.004263256	0.017452704

1495313107324	0.008659739	-0.004263256	0.016253663

1495313107338	0.00532907	-0.0075939246	0.017452704

1495313107344	0.003197442	-0.002131628	0.017452704

1495313107354	0.004263256	-0.001065814	0.018518519

1495313107366	0.00532907	0.002131628	0.0119904075

1495313107374	0.0065281107	0.0	0.015187849

1495313107386	0.002131628	-0.00532907	0.015187849

1495313107394	0.0075939246	-0.003197442	0.010791367

1495313107404	0.0075939246	-0.0075939246	0.008659739

1495313107414	0.004263256	-0.00532907	0.008659739

1495313107424	0.002131628	-0.010791367	0.016253663

1495313107436	0.0065281107	-0.010791367	0.016253663

1495313107444	0.0075939246	-0.00532907	0.016253663

1495313107454	0.0	-0.008659739	0.017452704

1495313107464	0.004263256	-0.00532907	0.016253663

1495313107474	0.0075939246	-0.0065281107	0.020650147

1495313107487	0.008659739	-0.010791367	0.0119904075

1495313107494	0.010791367	-0.014122035	0.014122035

1495313107504	0.0119904075	-0.014122035	0.015187849

1495313107515	0.015187849	-0.0065281107	0.018518519

1495313107524	0.016253663	0.003197442	0.016253663

1495313107536	0.017452704	0.0	0.014122035

1495313107544	0.015187849	-0.001065814	0.014122035

1495313107554	0.014122035	0.003197442	0.014122035

1495313107566	0.018518519	0.00532907	0.0119904075

1495313107574	0.016253663	0.001065814	0.010791367

1495313107588	0.019584332	0.003197442	0.0119904075

1495313107603	0.017452704	0.004263256	0.014122035

1495313107605	0.018518519	0.009725553	0.017452704

1495313107624	0.017452704	0.0119904075	0.019584332

1495313107636	0.016253663	0.010791367	0.023980815

1495313107644	0.013056221	0.008659739	0.023980815

1495313107658	0.0119904075	0.0119904075	0.021715961

1495313107666	0.003197442	0.003197442	0.02504663

1495313107674	0.00532907	0.004263256	0.02504663

1495313107686	-0.002131628	0.0	0.018518519

1495313107694	0.004263256	0.002131628	0.016253663

1495313107704	0.002131628	0.003197442	0.014122035

1495313107714	0.0	0.004263256	0.0075939246

1495313107724	0.002131628	0.001065814	0.00532907

1495313107736	0.001065814	-0.002131628	0.002131628

1495313107747	0.0065281107	-0.003197442	0.001065814

1495313107754	0.00532907	-0.003197442	0.00532907

1495313107765	0.003197442	-0.00532907	0.001065814

1495313107774	0.0065281107	-0.004263256	0.003197442

1495313107786	0.003197442	0.002131628	0.002131628

1495313107795	0.0	-0.001065814	0.0

1495313107804	0.003197442	-0.0075939246	-0.001065814

1495313107814	0.001065814	-0.010791367	0.00532907

1495313107825	0.00532907	-0.010791367	-0.003197442

1495313107838	0.008659739	-0.009725553	0.002131628

1495313107844	0.009725553	-0.010791367	0.003197442

1495313107854	0.008659739	-0.008659739	0.0065281107

1495313107866	0.008659739	-0.009725553	0.00532907

1495313107874	0.008659739	-0.003197442	0.014122035

1495313107888	0.00532907	-0.0075939246	0.015187849

1495313107894	0.002131628	-0.0065281107	0.008659739

1495313107904	0.0065281107	0.0	0.0119904075

1495313107914	0.003197442	-0.003197442	0.017452704

1495313107924	0.0	-0.002131628	0.015187849

1495313107936	0.002131628	0.0	0.015187849

1495313107945	0.008659739	0.0075939246	0.017452704

1495313107954	0.0065281107	0.0065281107	0.018518519

1495313107966	0.0065281107	0.002131628	0.020650147

1495313107974	0.003197442	0.0075939246	0.022781774

1495313107988	0.0075939246	0.008659739	0.019584332

1495313107999	0.0075939246	0.003197442	0.017452704

1495313108036	0.0075939246	-0.001065814	0.019584332

1495313108038	0.008659739	-0.0065281107	0.017452704

1495313108039	0.010791367	0.003197442	0.018518519

1495313108040	0.010791367	0.002131628	0.021715961

1495313108044	0.0119904075	0.004263256	0.022781774

1495313108054	0.0075939246	0.0075939246	0.015187849

1495313108065	0.010791367	0.001065814	0.014122035

1495313108075	0.009725553	0.004263256	0.021715961

1495313108086	0.0075939246	0.0065281107	0.017452704

1495313108104	0.009725553	0.003197442	0.016253663

1495313108107	0.0119904075	0.00532907	0.018518519

1495313108115	0.009725553	0.008659739	0.017452704

1495313108124	0.010791367	0.008659739	0.017452704

1495313108137	0.010791367	0.009725553	0.015187849

1495313108144	0.010791367	0.0119904075	0.010791367

1495313108154	0.013056221	0.009725553	0.0075939246

1495313108166	0.016253663	0.00532907	0.0075939246

1495313108174	0.016253663	0.009725553	0.013056221

1495313108197	0.010791367	0.014122035	0.009725553

1495313108226	0.0065281107	0.016253663	0.014122035

1495313108227	0.00532907	0.014122035	0.014122035

1495313108236	0.0075939246	0.015187849	0.020650147

1495313108244	0.014122035	0.008659739	0.008659739

1495313108254	0.016253663	0.010791367	0.016253663

1495313108266	0.013056221	0.0	0.016253663

1495313108274	0.017452704	0.002131628	0.019584332

1495313108289	0.014122035	0.003197442	0.026112443

1495313108294	0.014122035	0.0119904075	0.029443111

1495313108304	0.009725553	0.0075939246	0.023980815

1495313108314	0.010791367	0.009725553	0.027178258

1495313108324	0.010791367	0.010791367	0.023980815

1495313108336	0.010791367	0.0065281107	0.023980815

1495313108344	0.008659739	0.013056221	0.026112443

1495313108357	0.009725553	0.014122035	0.02504663

1495313108365	0.0075939246	0.013056221	0.021715961

1495313108374	0.004263256	0.0075939246	0.020650147

1495313108386	0.00532907	0.009725553	0.023980815

1495313108395	0.004263256	0.0075939246	0.019584332

1495313108404	0.0	0.0075939246	0.017452704

1495313108414	-0.002131628	0.002131628	0.016253663

1495313108425	-0.001065814	-0.001065814	0.0119904075

1495313108441	-0.001065814	-0.002131628	0.00532907

1495313108445	0.002131628	-0.00532907	-0.002131628

1495313108455	-0.001065814	-0.010791367	-0.001065814

1495313108466	0.0	-0.0119904075	-0.002131628

1495313108493	0.008659739	-0.00532907	0.0

1495313108495	0.003197442	-0.0065281107	0.0

1495313108496	-0.001065814	-0.014122035	-0.002131628

1495313108505	0.0	-0.0119904075	0.002131628

1495313108514	-0.002131628	-0.010791367	0.0

1495313108524	0.001065814	-0.0065281107	0.004263256

1495313108540	0.002131628	-0.008659739	0.00532907

1495313108544	0.00532907	-0.00532907	0.0075939246

1495313108554	0.0065281107	-0.0075939246	0.008659739

1495313108566	0.008659739	-0.0065281107	0.009725553

1495313108574	0.0119904075	-0.010791367	0.016253663

1495313108586	0.0119904075	-0.014122035	0.014122035

1495313108601	0.014122035	-0.0075939246	0.020650147

1495313108604	0.009725553	-0.003197442	0.027178258

1495313108614	0.010791367	-0.003197442	0.019584332

1495313108624	0.009725553	-0.001065814	0.021715961

1495313108636	0.008659739	0.0	0.020650147

1495313108644	0.0119904075	0.00532907	0.019584332

1495313108654	0.013056221	0.004263256	0.019584332

1495313108664	0.008659739	-0.003197442	0.016253663

1495313108674	0.004263256	-0.003197442	0.017452704

1495313108686	0.008659739	-0.00532907	0.021715961

1495313108697	0.014122035	-0.002131628	0.019584332

1495313108704	0.0119904075	0.001065814	0.015187849

1495313108714	0.009725553	-0.003197442	0.0119904075

1495313108724	0.014122035	0.0	0.010791367

1495313108736	0.010791367	-0.0075939246	0.0075939246

1495313108744	0.008659739	-0.017452704	0.003197442

1495313108754	0.013056221	-0.014122035	0.001065814

1495313108766	0.016253663	-0.010791367	0.001065814

1495313108774	0.014122035	-0.010791367	-0.002131628

1495313108789	0.010791367	-0.015187849	-0.003197442

1495313108794	0.015187849	-0.009725553	-0.004263256

1495313108804	0.014122035	-0.00532907	-0.004263256

1495313108814	0.015187849	0.002131628	-0.003197442

1495313108824	0.016253663	0.002131628	-0.003197442

1495313108836	0.017452704	-0.003197442	-0.0075939246

1495313108845	0.008659739	0.002131628	0.009725553

1495313108858	0.004263256	-0.004263256	0.0075939246

1495313108866	0.004263256	-0.003197442	0.010791367

1495313108874	0.003197442	-0.0075939246	0.009725553

1495313108886	-0.003197442	-0.0065281107	0.020650147

1495313108894	-0.003197442	-0.002131628	0.019584332

1495313108904	-0.001065814	0.0	0.018518519

1495313108914	-0.003197442	-0.0075939246	0.020650147

1495313108924	-0.0065281107	-0.0119904075	0.022781774

1495313108942	-0.00532907	-0.008659739	0.029443111

1495313108955	-0.009725553	-0.010791367	0.035971224

1495313108965	-0.0119904075	-0.0119904075	0.034905408

1495313108978	-0.008659739	-0.008659739	0.034905408

1495313108986	-0.0065281107	-0.00532907	0.032640554

1495313108997	-0.008659739	-0.018518519	0.027178258

1495313109005	-0.0075939246	-0.018518519	0.029443111

1495313109014	-0.002131628	-0.020650147	0.018518519

1495313109024	0.0	-0.017452704	0.020650147

1495313109038	0.002131628	-0.022781774	0.014122035

1495313109050	0.008659739	-0.023980815	0.022781774

1495313109054	0.0119904075	-0.020650147	0.021715961

1495313109066	0.015187849	-0.022781774	0.014122035

1495313109074	0.013056221	-0.020650147	0.016253663

1495313109087	0.013056221	-0.014122035	0.019584332

1495313109096	0.016253663	-0.018518519	0.013056221

1495313109108	0.008659739	-0.014122035	0.010791367

1495313109115	0.0119904075	-0.009725553	0.016253663

1495313109124	0.015187849	-0.0119904075	0.013056221

1495313109136	0.0119904075	-0.00532907	0.009725553

1495313109144	0.010791367	-0.004263256	0.010791367

1495313109154	0.0065281107	-0.002131628	0.015187849

1495313109166	0.004263256	-0.00532907	0.010791367

1495313109175	0.001065814	0.0	0.014122035

1495313109187	0.0	-0.004263256	0.0075939246

1495313109202	0.0	-0.003197442	0.016253663

1495313109206	0.003197442	-0.00532907	0.018518519

1495313109214	0.002131628	-0.0075939246	0.019584332

1495313109224	-0.001065814	-0.014122035	0.02504663

1495313109238	0.0	-0.015187849	0.023980815

1495313109244	-0.001065814	-0.010791367	0.023980815

1495313109254	0.0	-0.0065281107	0.03157474

1495313109265	-0.001065814	-0.0075939246	0.030508926

1495313109275	-0.003197442	-0.009725553	0.021715961

1495313109293	0.002131628	-0.010791367	0.027178258

1495313109295	0.009725553	-0.008659739	0.029443111

1495313109304	0.0119904075	-0.0119904075	0.027178258

1495313109314	0.014122035	-0.009725553	0.027178258

1495313109324	0.016253663	-0.008659739	0.019584332

1495313109338	0.009725553	-0.010791367	0.018518519

1495313109344	0.0119904075	-0.009725553	0.020650147

1495313109361	0.0119904075	-0.0119904075	0.020650147

1495313109366	0.0119904075	-0.010791367	0.019584332

1495313109374	0.014122035	-0.00532907	0.023980815

1495313109387	0.014122035	-0.010791367	0.023980815

1495313109394	0.016253663	-0.010791367	0.016253663

1495313109404	0.018518519	-0.004263256	0.018518519

1495313109414	0.017452704	-0.00532907	0.019584332

1495313109424	0.020650147	-0.004263256	0.019584332

1495313109436	0.017452704	-0.001065814	0.018518519

1495313109444	0.014122035	0.002131628	0.019584332

1495313109454	0.013056221	0.003197442	0.022781774

1495313109465	0.0119904075	0.001065814	0.019584332

1495313109474	0.010791367	-0.004263256	0.021715961

1495313109492	0.010791367	-0.003197442	0.022781774

1495313109494	0.013056221	-0.00532907	0.016253663

1495313109504	0.0075939246	-0.0075939246	0.015187849

1495313109514	0.00532907	-0.004263256	0.018518519

1495313109524	0.010791367	-0.003197442	0.015187849

1495313109536	0.008659739	-0.00532907	0.018518519

1495313109544	0.0065281107	-0.002131628	0.020650147

1495313109554	0.008659739	-0.002131628	0.0119904075

1495313109565	0.008659739	-0.00532907	0.019584332

1495313109574	0.010791367	-0.0065281107	0.021715961

1495313109586	0.008659739	-0.009725553	0.020650147

1495313109594	0.0065281107	-0.008659739	0.016253663

1495313109604	0.00532907	-0.004263256	0.018518519

1495313109614	0.00532907	0.001065814	0.023980815

1495313109625	0.0119904075	-0.0065281107	0.029443111

1495313109642	0.013056221	-0.010791367	0.021715961

1495313109667	0.008659739	-0.0075939246	0.019584332

1495313109669	0.008659739	-0.010791367	0.013056221

1495313109674	0.0075939246	-0.0075939246	0.0075939246

1495313109686	0.0065281107	-0.004263256	0.019584332

1495313109694	0.0075939246	-0.0065281107	0.022781774

1495313109704	0.00532907	-0.00532907	0.019584332

1495313109714	0.0075939246	-0.003197442	0.018518519

1495313109724	0.0075939246	-0.004263256	0.010791367

1495313109737	0.004263256	-0.0065281107	0.0119904075

1495313109744	0.00532907	-0.0065281107	0.016253663

1495313109754	0.0065281107	-0.00532907	0.016253663

1495313109765	0.008659739	-0.009725553	0.017452704

1495313109774	0.013056221	-0.0065281107	0.016253663

1495313109786	0.0065281107	-0.009725553	0.0119904075

1495313109801	0.013056221	-0.004263256	0.013056221

1495313109804	0.009725553	-0.014122035	0.015187849

1495313109814	0.0075939246	-0.010791367	0.015187849

1495313109824	0.0119904075	-0.010791367	0.018518519

1495313109836	0.014122035	-0.008659739	0.018518519

1495313109844	0.008659739	-0.004263256	0.018518519

1495313109854	0.014122035	-0.008659739	0.013056221

1495313109864	0.0119904075	-0.0119904075	0.015187849

1495313109874	0.0075939246	-0.010791367	0.014122035

1495313109890	0.0065281107	-0.009725553	0.010791367

1495313109894	0.009725553	-0.0119904075	0.010791367

1495313109904	0.0075939246	-0.004263256	0.009725553

1495313109914	0.008659739	-0.0065281107	0.019584332

1495313109924	0.0075939246	-0.004263256	0.015187849

1495313109938	0.0065281107	-0.00532907	0.017452704

1495313109944	0.009725553	-0.002131628	0.018518519

1495313109954	0.008659739	-0.002131628	0.016253663

1495313109966	0.0065281107	0.0	0.014122035

1495313109974	0.008659739	-0.009725553	0.015187849

1495313109986	0.00532907	-0.0065281107	0.02504663

1495313109996	0.008659739	-0.00532907	0.021715961

1495313110004	0.010791367	-0.004263256	0.022781774

1495313110014	0.0075939246	-0.002131628	0.032640554

1495313110024	0.009725553	-0.001065814	0.019584332

1495313110037	0.009725553	-0.001065814	0.020650147

1495313110053	0.010791367	-0.0065281107	0.021715961

1495313110055	0.0075939246	-0.004263256	0.019584332

1495313110066	0.0065281107	-0.002131628	0.020650147

1495313110074	0.0075939246	-0.001065814	0.014122035

1495313110086	0.009725553	-0.002131628	0.015187849

1495313110094	0.0065281107	-0.002131628	0.018518519

1495313110104	0.0075939246	0.001065814	0.019584332

1495313110115	0.00532907	-0.003197442	0.018518519

1495313110124	0.00532907	-0.001065814	0.013056221

1495313110136	0.008659739	-0.009725553	0.016253663

1495313110144	0.009725553	-0.004263256	0.016253663

1495313110154	0.0065281107	-0.009725553	0.016253663

1495313110165	0.008659739	-0.009725553	0.017452704

1495313110174	0.008659739	0.0	0.021715961

1495313110186	0.008659739	-0.001065814	0.018518519

1495313110194	0.008659739	-0.00532907	0.017452704

1495313110204	0.008659739	0.001065814	0.017452704

1495313110214	0.008659739	-0.00532907	0.018518519

1495313110225	0.010791367	-0.002131628	0.013056221

1495313110238	0.00532907	-0.004263256	0.019584332

1495313110244	0.004263256	0.0075939246	0.017452704

1495313110254	0.003197442	0.003197442	0.020650147

1495313110266	0.0	0.0075939246	0.016253663

1495313110274	0.002131628	-0.003197442	0.015187849

