1495571093149	1.2871037	-3.2090328	0.5780709

1495571093155	1.3089528	-3.2723155	0.6270983

1495571093161	1.2238209	-3.2134292	0.62603253

1495571093171	1.0471623	-3.0891287	0.5812683

1495571093199	0.7330136	-2.813083	0.38062882

1495571093200	0.7330136	-2.813083	0.38062882

1495571093204	0.7721822	-2.8098855	0.1787903

1495571093216	0.99360514	-3.0181189	-0.3347988

1495571093234	1.0448974	-3.5700772	-0.81254995

1495571093242	-0.895417	-1.4921396	-0.9216627

1495571093251	-0.77551293	0.30868638	-1.663336

1495571093264	0.4940048	-0.57047695	-1.3415934

1495571093275	0.9118039	-1.0896616	-0.25739408

1495571093285	0.8245404	-1.4048761	-0.018518519

1495571093293	0.73834264	-1.2761791	-0.115507595

1495571093303	0.85398346	-0.6413536	-0.31188384

1495571093311	1.1572076	-0.1449507	-0.58459896

1495571093328	1.5390354	-0.24313882	-1.0067946

1495571093331	1.6929123	-0.3784972	-1.603384

1495571093345	1.6895816	-0.28350654	-2.3157475

1495571093351	1.9993339	-0.23661071	-3.0454304

1495571093365	2.5	-0.15161204	-3.625766

1495571093371	2.8141487	-0.05662137	-3.9321876

1495571093383	2.9690914	-0.037037037	-3.7839062

1495571093391	3.4686918	-0.2464695	-3.2733812

1495571093407	4.6260324	-0.4820144	-1.3950173

1495571093421	4.202771	-0.118838266	-0.7155609

1495571093431	3.6890488	-0.016253663	-0.34678924

1495571093441	2.7476685	-0.44284573	-0.26605383

1495571093451	2.218625	-0.42965627	-0.2628564

1495571093462	1.6393552	-0.5627498	-0.37623236

1495571093472	1.1855849	-0.49733546	-0.6664002

1495571093481	0.7296829	-0.052358113	-0.8605116

1495571093492	0.098054886	0.35984546	-0.79842794

1495571093501	-0.7067679	0.37623236	-0.68598455

1495571093511	-1.4757527	0.13629097	-0.5038636

1495571093522	-2.0560884	-0.16906475	-0.1624034

1495571093531	-2.446576	-0.379563	0.2704503

1495571093541	-2.606981	-0.36863843	0.6369571

1495571093553	-2.5262456	-0.10351719	0.918332

1495571093562	-2.394218	0.1624034	1.0612843

1495571093572	-2.3277378	0.54756194	1.1005862

1495571093582	-2.242606	1.1550759	1.1081802

1495571093592	-2.2447376	1.7266186	1.0089262

1495571093615	-2.3996801	2.0167866	0.90967226

1495571093630	-2.7575274	2.157474	0.83000267

1495571093632	-3.215561	2.1706634	0.6413536

1495571093634	-4.5354385	3.6344259	0.39261925

1495571093642	-4.114442	3.5297096	0.16573408

1495571093651	-3.0170531	2.7945642	-0.19197975

1495571093669	-2.8152144	2.5523582	-0.37729818

1495571093675	-3.4228618	1.7114309	0.010791367

1495571093681	-4.2136955	0.40354383	0.89221954

1495571093693	-4.3467894	-0.51265657	1.5009326

1495571093701	-3.9966693	-0.7864375	2.0015988

1495571093712	-3.844924	-0.45150545	2.5359712

1495571093722	-3.594058	0.45483613	2.6135092

1495571093742	-1.9143353	1.0907274	2.0047963

1495571093753	-1.3405275	1.428857	1.0263789

1495571093762	-0.96522784	1.9742873	0.54209965

1495571093781	-0.22355449	2.4968026	0.51811886

1495571093794	0.35011992	2.378897	0.9315215

1495571093813	0.6510791	1.009992	0.75579536

1495571093834	1.1452172	0.2071676	0.5595524

1495571093841	1.4419131	-1.6109779	0.51265657

1495571093854	1.64162	-2.2753797	0.39808154

1495571093861	1.7495337	-2.7857714	0.287903

1495571093874	1.7888356	-3.055289	0.23447908

1495571093882	1.7735145	-3.1642685	0.2628564

1495571093895	1.7037038	-3.1981082	0.2769784

1495571093903	1.5663469	-3.0977883	0.27258193

1495571093912	1.3634425	-2.8370638	0.26392218

1495571093924	1.1321609	-2.5218492	0.2519318

1495571093933	0.97508657	-2.3265388	0.23554489

1495571093942	0.9118039	-2.294964	0.20823342

1495571093951	0.79949373	-2.4051425	0.17985612

1495571093962	0.5911271	-2.7454038	0.25952572

1495571093982	0.16906475	-3.1326938	0.44604316

1495571093983	-0.8136158	-1.405942	0.50932586

1495571093993	-0.080602184	-0.3381295	-0.90860647

1495571094002	0.91073805	-1.1572076	-0.90860647

1495571094012	0.84092724	-0.70889956	-0.8148148

1495571094022	0.6064482	-0.3261391	-0.86384225

1495571094032	1.4976019	-0.35438317	-1.2248868

1495571094041	2.2928324	-0.08606448	-1.564082

1495571094051	2.712763	-0.09698907	-2.005862

1495571094061	2.8403943	-0.2584599	-2.5273116

1495571094071	2.8796961	-0.28350654	-3.1589396

1495571094082	3.0061285	-0.021715961	-3.7565947

1495571094093	3.1436183	0.40021315	-4.058753

1495571094101	3.299627	0.6293632	-3.8144152

1495571094111	3.9693577	1.092859	-2.7901678

1495571094121	4.6227016	1.6819878	-1.4092726

1495571094131	4.3980813	0.8093525	-0.56061816

1495571094141	3.8810284	0.039168663	-0.087263525

1495571094151	3.1512125	-0.28350654	0.09592326

1495571094162	2.3363976	-0.3555822	0.21476153

1495571094171	1.7440714	-0.051159073	0.2464695

1495571094181	1.467093	0.287903	0.034905408

1495571094193	1.2488676	0.2519318	-0.6249667

1495571094201	0.9063416	0.045696776	-0.6249667

1495571094212	0.36424193	0.14068745	-1.1005862

1495571094225	-0.2464695	0.11337597	-0.8136158

1495571094231	-1.3579803	-0.30202505	-0.41553423

1495571094242	-1.7942979	-0.46029842	0.09152678

1495571094251	-2.0298429	-0.3730349	0.5627498

1495571094261	-2.1847856	-0.017452704	0.918332

1495571094271	-2.3212097	0.6085798	1.1834532

1495571094281	-2.4127364	1.2827072	1.2587264

1495571094293	-2.455369	1.732081	1.092859

1495571094302	-2.5207834	2.1019185	0.8190781

1495571094312	-2.753131	2.2556622	0.63908875

1495571094322	-3.1829202	2.2360778	0.4537703

1495571094334	-3.7370105	2.3014922	0.24207301

1495571094341	-4.6107116	3.09992	0.08939515

1495571094351	-4.9902744	3.200373	-0.1438849

1495571094361	-4.395817	1.8607781	-0.38928857

1495571094371	-3.8089528	1.389555	-0.115507595

1495571094381	-3.3017585	0.79842794	0.5213163

1495571094393	-3.2090328	-1.4103384	1.3285372

1495571094403	-3.2090328	-1.5205169	1.3285372

1495571094427	-3.6278977	-1.8804955	1.5532907

1495571094429	-4.1743937	-2.0636823	2.6942446

1495571094432	-3.7107646	-0.017452704	3.1131096

1495571094453	-2.182654	0.98814285	2.5010657

1495571094454	-2.182654	0.98814285	2.5010657

1495571094461	-1.1660005	1.3121502	0.9740208

1495571094472	-0.51811886	1.1321609	0.42752466

1495571094481	-0.21049827	1.2631228	0.3032241

1495571094492	0.019584332	1.9732214	0.29882762

1495571094501	0.1613376	2.3876898	0.36970425

1495571094511	0.26059154	2.0506263	0.32387424

1495571094521	0.41446844	1.36664	0.14828138

1495571094531	0.59765524	0.6270983	-0.111244336

1495571094542	0.82240874	-0.10471623	-0.29229948

1495571094556	1.0863309	-0.89115375	-0.38276047

1495571094572	1.3928857	-1.7637889	-0.39808154

1495571094573	1.6546763	-2.3832934	-0.42752466

1495571094581	1.8510525	-2.8305357	-0.40021315

1495571094592	1.9305888	-3.154543	-0.3555822

1495571094601	1.8487877	-3.2723155	-0.3162803

1495571094611	1.6382893	-3.1305623	-0.27924326

1495571094621	1.3950173	-2.8206768	-0.11670663

1495571094632	1.101652	-2.0255795	0.034905408

1495571094642	0.99587	-1.8041567	0.1787903

1495571094655	0.90860647	-1.9579004	0.22568612

1495571094662	0.8377298	-2.54583	0.22688515

1495571094682	0.71329606	-3.762057	0.2715161

1495571094685	-0.31188384	-4.5726085	0.3391953

1495571094692	-1.4431121	-2.4433787	0.20397016

1495571094703	0.2464695	-0.9445777	0.2977618

1495571094712	0.45150545	0.22142287	0.0119904075

1495571094725	-0.13082866	0.054489743	-0.44604316

1495571094731	-0.020650147	-0.39475086	-0.7340794

1495571094741	0.6783906	-0.7231548	-0.8333333

1495571094760	1.5237143	-0.7689848	-0.9990674

1495571094762	2.182654	-0.6598721	-1.4343193

1495571094771	2.4335198	-0.7155609	-2.0331736

1495571094781	2.446576	-0.40900612	-2.77498

1495571094792	2.4608314	0.12216893	-3.594058

1495571094801	2.5393019	0.59765524	-4.476552

1495571094812	2.6364243	0.64455104	-5.27498

1495571094821	3.7948308	0.47122303	-3.9399147

1495571094831	4.501599	1.3764988	-2.0201173

1495571094842	4.618305	0.8430589	-0.82680523

1495571094852	4.309619	0.1438849	-0.22022381

1495571094862	3.6977086	-0.2977618	0.06434852

1495571094872	3.0847323	-0.5398348	0.27258193

1495571094881	2.5491607	-0.32933652	0.32387424

1495571094892	2.0844657	0.07633893	0.070876636

1495571094901	1.5543565	0.20277111	-0.42206234

1495571094911	0.96096456	0.15707435	-0.80602187

1495571094923	0.3097522	0.13629097	-0.9761524

1495571094931	-0.41553423	0.3261391	-1.0089262

1495571094941	-1.0820677	0.24313882	-0.804956

1495571094951	-1.6622702	-0.1329603	-0.33586463

1495571094962	-2.1040502	-0.36424193	0.25406343

1495571094971	-2.3212097	-0.31841195	0.8005596

1495571094982	-2.409539	-0.069810815	1.2095656

1495571094999	-2.6036503	0.7330136	1.5630163

1495571095012	-2.6723955	1.1855849	1.116973

1495571095025	-3.0050626	1.9993339	0.83000267

1495571095039	-3.4381828	2.0298429	0.53770316

1495571095056	-3.9311218	1.8935518	0.2519318

1495571095057	-4.500533	2.126965	-0.001065814

1495571095061	-5.0459633	3.0868638	-0.1787903

1495571095071	-4.568212	2.2043698	-0.4014122

1495571095081	-4.0686116	1.1649348	0.014122035

1495571095093	-3.649747	0.9118039	0.8551825

1495571095101	-3.5656807	-0.001065814	1.4070077

1495571095113	-3.869038	-1.398348	1.6525446

1495571095121	-3.9660273	-1.9928057	1.8062884

1495571095131	-3.9998667	-1.2772449	2.182654

1495571095142	-4.02065	-0.173328	2.477085

1495571095152	-3.548228	0.92499334	2.440048

1495571095162	-2.585132	1.3503864	2.212097

1495571095176	-1.5827339	1.3481215	1.5968559

1495571095182	-0.8562483	1.451772	0.42206234

1495571095195	-0.19957368	1.7440714	0.3141487

1495571095214	-0.002131628	2.1990407	0.35225153

1495571095222	0.37183586	2.2011724	0.3555822

1495571095243	0.52464694	1.6306955	0.29003465

1495571095244	0.69584334	0.96203035	0.12869704

1495571095257	0.9521716	0.2769784	0.05995204

1495571095262	1.2652545	-0.5638156	0.07633893

1495571095273	1.6306955	-1.5455636	0.13415934

1495571095281	1.9928057	-2.273115	0.1787903

1495571095294	2.2152944	-2.6843858	0.16027178

1495571095301	2.3298695	-3.0071943	0.118838266

1495571095311	2.3069544	-3.2178257	0.051159073

1495571095321	2.1117773	-3.2319477	-0.03157474

1495571095331	1.8270717	-2.9886758	-0.093791634

1495571095341	1.5608846	-2.5786037	-0.107913665

1495571095351	1.3689048	-2.0527577	-0.117772445

1495571095361	1.1550759	-1.6885159	-0.052358113

1495571095371	0.92379427	-1.6731948	0.10351719

1495571095381	0.7907008	-2.0190513	0.2300826

1495571095391	0.8474554	-2.5567546	0.20823342

1495571095402	0.97188914	-3.2799094	0.16906475

1495571095411	0.918332	-4.1983747	-0.17559285

1495571095421	-0.8430589	-0.81148416	-0.58459896

1495571095431	-0.083932854	0.83439916	-0.24966693

1495571095442	-0.015187849	1.8685052	0.14721556

1495571095452	0.029443111	1.5423661	0.14175327

1495571095462	0.13415934	0.47228885	-0.023980815

1495571095472	0.76671994	-0.52358115	-0.29549694

1495571095491	1.488809	-0.7809752	-0.63042897

1495571095493	2.0931256	-0.5595524	-1.1834532

1495571095502	2.3658407	-0.44391152	-2.007061

1495571095511	2.3157475	-0.18651745	-2.8229415

1495571095521	2.440048	0.18651745	-3.6322942

1495571095531	2.722622	0.41340262	-4.4166

1495571095541	2.9134026	0.70023984	-4.896483

1495571095553	2.9003463	1.0808686	-4.6695976

1495571095562	3.3868904	1.2063682	-3.5067945

1495571095571	4.372902	0.7864375	-1.9284573

1495571095581	4.704503	0.2126299	-0.73834264

1495571095593	3.7140954	-0.1897149	-0.010791367

1495571095612	3.1043165	-0.34132695	0.11670663

1495571095622	1.863043	0.067545965	-0.093791634

1495571095632	1.3634425	0.05995204	-0.43951505

1495571095642	1.0045297	0.36530775	-0.80602187

1495571095662	-0.2977618	0.1558753	-0.7252864

1495571095672	-1.0514256	-0.15707435	-0.6413536

1495571095682	-1.59579	-0.3730349	-0.3490541

1495571095692	-1.9972023	-0.5595524	0.108979486

1495571095701	-2.2447376	-0.4351186	0.54103386

1495571095711	-2.2873702	0.09698907	0.86717296

1495571095722	-2.2022383	0.6981082	1.1518785

1495571095731	-2.1378896	1.048228	1.361311

1495571095743	-2.1532109	1.3449241	1.3699707

1495571095753	-2.2207568	1.6077805	1.1746603

1495571095761	-2.3986144	1.8782307	0.927125

1495571095771	-2.7803092	1.892486	0.7776446

1495571095781	-3.382494	1.7179589	0.6598721

1495571095792	-4.113376	1.7789768	0.55622166

1495571095804	-5.603384	3.0782042	0.117772445

1495571095812	-4.4329867	1.961231	-0.06314948

1495571095822	-3.1785238	2.2459366	0.43631762

1495571095833	-2.9123368	1.1464162	1.0503597

1495571095841	-3.253797	-0.9914735	1.6023182

1495571095851	-3.6213696	-2.4116707	1.9425793

1495571095861	-3.936584	-2.4869437	2.264455

1495571095871	-4.218092	-1.2892352	2.7171595

1495571095881	-4.0849986	0.2998934	2.6658673

1495571095893	-3.5723422	1.1878498	2.3593125

1495571095909	-1.5139889	0.9969358	1.1289635

1495571095926	-0.67732483	1.3775647	0.055555556

1495571095949	-0.34239274	1.315481	-0.013056221

1495571095951	-0.12643218	1.6143086	0.07847056

1495571095954	0.1624034	2.1008527	0.5223821

1495571095971	0.23447908	1.4311218	0.41113776

1495571095981	0.37516654	0.561684	0.2519318

1495571095993	1.0591527	-1.0339729	0.14175327

1495571096002	1.5924593	-1.7942979	0.13189448

1495571096011	2.150946	-1.7942979	0.108979486

1495571096021	2.2513988	-2.865441	0.029443111

1495571096031	2.2513988	-3.1829202	-0.070876636

1495571096041	2.0931256	-3.3192112	-0.18531841

1495571096052	1.8674394	-3.3541167	-0.26831868

1495571096061	1.6296296	-3.199174	-0.27258193

1495571096071	1.4485744	-2.8240075	-0.19078071

1495571096081	1.2728484	-2.3080204	-0.087263525

1495571096091	1.0448974	-1.9372503	0.003197442

1495571096103	0.83106846	-1.9808153	0.11990408

1495571096111	0.78417265	-2.3374634	0.20610179

1495571096121	0.87689847	-2.8959498	0.22568612

1495571096132	1.0863309	-3.8198774	0.1951772

1495571096141	0.7809752	-4.220224	0.108979486

1495571096152	-0.6325606	-1.7211564	-0.26392218

1495571096162	0.118838266	-0.31841195	-0.6642686

1495571096172	0.5355715	0.19078071	-0.5671463

1495571096182	0.34359178	0.8136158	-0.43405277

1495571096192	0.33040234	0.08832934	-0.6009859

1495571096212	1.8445244	0.09259259	-1.5325073

1495571096215	1.8445244	0.09259259	-1.5325073

1495571096222	2.2240875	0.21702638	-2.4356515

1495571096231	2.3233414	0.41446844	-3.261391

1495571096241	2.3614442	0.77551293	-3.9944046

1495571096254	2.5065281	0.927125	-4.8005595

1495571096263	2.7912338	1.2553957	-5.267386

1495571096271	3.1240342	1.8651745	-4.841993

1495571096281	3.7784438	2.2066348	-3.0782042

1495571096293	4.627098	1.5718092	-1.2259526

1495571096301	4.478684	0.53224087	-0.402478

1495571096311	3.853717	0.17665868	-0.11670663

1495571096321	3.1665335	-0.09046096	0.13735679

1495571096331	2.2819078	-0.15480949	0.34572342

1495571096342	1.54996	-0.09485745	0.3261391

1495571096355	0.9075406	0.14175327	-0.46456167

1495571096378	0.55302423	0.41553423	-0.804956

1495571096382	-0.10684785	0.3261391	-0.84092724

1495571096393	-1.3503864	-0.14614974	-0.5965894

1495571096405	-1.8029577	-0.29549694	-0.15920597

1495571096412	-2.1095123	-0.40460965	0.32387424

1495571096422	-2.272049	-0.17665868	0.7504663

1495571096432	-2.3822277	0.35877964	1.1420197

1495571096443	-2.446576	0.91406876	1.4485744

1495571096451	-2.4585664	1.36664	1.444178

1495571096461	-2.4225953	1.663336	1.2019718

1495571096471	-2.5393019	1.9480416	0.96522784

1495571096481	-2.8665068	1.9568346	0.7263523

1495571096493	-3.3093526	1.7114309	0.49840128

1495571096502	-3.831868	1.4681588	0.20943245

1495571096511	-4.579137	1.8782307	-0.12323475

1495571096521	-5.2640553	2.483613	-0.3391953

1495571096531	-4.9281907	1.5619504	-0.29443112

1495571096541	-4.0173197	1.5520917	0.264988

1495571096552	-3.4152677	1.1496136	0.7624567

1495571096561	-3.5025313	-0.41113776	1.3077538

1495571096571	-3.7490008	-1.9219291	1.8270717

1495571096581	-3.7042365	-2.4661603	2.1084466

1495571096593	-3.3650413	-0.6325606	2.2741807

1495571096602	-3.3650413	-0.6325606	2.1749268

1495571096611	-2.4444444	1.0209166	2.2164934

1495571096621	-1.6819878	0.7275513	1.7081002

1495571096631	-1.0067946	0.79949373	0.1613376

1495571096642	-0.63908875	1.1572076	-0.043565147

1495571096655	-0.29003465	1.3764988	0.32494006

1495571096662	0.0	1.8062884	0.65880626

1495571096672	0.17665868	2.1225686	0.91953105

1495571096686	0.33040234	2.0920596	0.972955

1495571096693	0.4351186	1.7266186	0.91406876

1495571096705	0.6293632	1.1266986	0.80815345

1495571096711	0.94351184	0.42965627	0.7208899

1495571096722	1.3350652	-0.45257127	0.6893152

1495571096731	1.7517985	-1.4082068	0.6598721

1495571096741	1.9786837	-2.0985878	0.5213163

1495571096751	2.0407674	-2.614575	0.37077004

1495571096762	2.021183	-2.971223	0.21156408

1495571096771	2.0037303	-3.1959765	0.11444178

1495571096781	1.9547029	-3.201439	0.06861178

1495571096793	1.5794032	-2.675593	0.05662137

1495571096809	1.315481	-2.3298695	0.069810815

1495571096835	1.0612843	-2.0331736	0.05662137

1495571096837	0.88782305	-1.9372503	0.03810285

1495571096838	0.90207833	-2.1008527	0.034905408

1495571096842	1.0524913	-2.483613	-0.07847056

1495571096852	1.4038103	-3.4392486	-0.23994137

1495571096862	1.2903011	-4.0413003	-0.2246203

1495571096872	-0.30095923	-1.8335998	-0.3784972

1495571096882	-0.16679989	-1.1125766	-1.2358114

1495571096892	0.45590195	-0.9292566	-0.6282974

1495571096905	0.6664002	0.1613376	0.42859045

1495571096912	0.6434852	0.07300826	0.13415934

1495571096921	0.8747668	-0.1951772	-0.47228885

1495571096931	1.2336798	0.062083665	-0.8758327

1495571096941	1.8411937	0.16466826	-1.511724

1495571096951	2.1488142	0.34132695	-2.233946

1495571096961	2.0157208	0.53330666	-2.8633094

1495571096971	2.2655208	0.3162803	-3.6606715

1495571096981	2.6330936	0.13962163	-4.5169196

1495571096993	2.8709033	1.161604	-5.199707

1495571097003	3.2340794	1.8685052	-3.9289901

1495571097012	4.5255795	1.7288835	-1.8138822

1495571097022	5.0034637	0.6380229	-0.43405277

1495571097032	4.202771	0.3511857	-0.004263256

1495571097042	3.260325	0.35011992	0.069810815

1495571097057	2.410605	0.049027443	0.21915801

1495571097063	1.6088463	0.07633893	0.32387424

1495571097085	1.1572076	0.12096989	0.11231015

1495571097087	0.95989877	0.07633893	-0.33373302

1495571097093	0.6783906	0.25952572	-0.7330136

1495571097103	0.13189448	0.36970425	-0.80708766

1495571097111	-0.4994671	0.020650147	-0.77871037

1495571097121	-1.018785	-0.40354383	-0.6739941

1495571097131	-1.4332534	-0.6697309	-0.34572342

1495571097141	-1.7909672	-0.827871	0.11670663

1495571097151	-2.0026646	-0.73727685	0.55622166

1495571097161	-2.1683986	-0.26711965	0.941247

1495571097171	-2.324407	0.38169464	1.2641886

1495571097182	-2.3855581	0.9467093	1.4244604

1495571097193	-2.3004262	1.6710632	1.0961897

1495571097202	-2.3691714	1.7583266	0.8998135

1495571097212	-2.6341593	1.5750066	0.77551293

1495571097222	-3.141487	1.2641886	0.6981082

1495571097232	-3.792566	1.2543299	0.6544098

1495571097250	-4.7711163	2.0310419	0.6020517

1495571097255	-5.5901947	2.7323475	0.33373302

1495571097261	-4.569278	2.0331736	-0.002131628

1495571097272	-2.803224	2.2087662	0.47775114

1495571097281	-2.4345856	0.7307487	1.0961897

1495571097293	-2.8796961	-1.6273648	1.6929123

1495571097301	-3.351985	-3.0879297	2.0647483

1495571097311	-3.5864642	-3.141487	2.2863042

1495571097321	-3.5744739	-1.85425	2.7815082

1495571097331	-3.5995204	-0.074074075	2.9243271

1495571097341	-3.4970691	1.4539036	2.697442

1495571097353	-2.9854784	1.54996	2.5512922

1495571097361	-2.2011724	1.2118305	2.0135891

1495571097371	-1.3558487	1.360112	0.7492673

1495571097381	-0.7307487	1.2434052	-0.09485745

1495571097392	-0.11444178	1.8487877	0.06861178

1495571097401	0.054489743	2.128031	0.21476153

1495571097411	0.173328	1.6819878	0.28244072

1495571097422	0.31947774	1.2259526	0.2912337

1495571097431	0.54316545	0.57474023	0.20063949

1495571097441	0.79403144	-0.18651745	0.117772445

1495571097452	1.0808686	-0.86823875	0.049027443

1495571097462	1.3884892	-1.4551026	-0.029443111

1495571097472	1.6994405	-1.9797496	-0.058886223

1495571097482	1.9273914	-2.3920863	-0.043565147

1495571097493	1.9513723	-2.6418865	-0.042499334

1495571097503	1.8739675	-2.8555822	-0.0065281107

1495571097512	1.777911	-2.9417799	0.06434852

1495571097522	1.678657	-2.888356	0.12096989

1495571097532	1.5161204	-2.713829	0.150413

1495571097542	1.3350652	-2.4629629	0.16786571

1495571097553	1.1954436	-2.248068	0.12643218

1495571097562	1.1452172	-2.2415402	0.042499334

1495571097572	1.1834532	-2.455369	-0.06314948

1495571097594	1.3558487	-2.7705836	-0.2300826

1495571097596	1.7724487	-4.1013856	-0.84972024

1495571097603	0.13189448	-2.3277378	-0.9303224

1495571097612	-0.6249667	-0.10351719	-1.6231015

1495571097622	0.4373834	-0.2136957	-1.2957634

1495571097632	0.7067679	0.043565147	0.04796163

1495571097641	0.43298694	-0.13962163	0.6827871

1495571097655	0.63042897	-0.804956	0.17452705

1495571097664	1.2957634	-1.170397	-0.5213163

1495571097671	1.7266186	-0.40021315	-0.8779643

1495571097681	2.120437	0.5355715	-1.4746869

1495571097693	2.1073809	1.1235012	-2.310285

1495571097701	2.157474	1.2444711	-3.2712498

1495571097711	2.5578203	0.9445777	-4.4361844

1495571097722	2.874234	0.676259	-5.2095656

1495571097731	2.9243271	1.1310952	-5.328404

1495571097741	3.1240342	1.8815614	-4.460165

