1495752839411	-2.212	13.637	7.661

1495752839417	0.105	13.235	5.65

1495752839427	0.411	12.105	3.811

1495752839437	-0.622	11.08	2.403

1495752839449	-1.714	9.787	1.848

1495752839457	-2.403	8.437	1.398

1495752839467	-3.131	6.866	2.001

1495752839478	-2.662	4.587	2.317

1495752839490	-0.545	-0.153	4.376

1495752839508	1.513	-3.601	4.941

1495752839517	2.288	-4.625	3.045

1495752839527	2.892	-4.817	0.679

1495752839537	3.035	-4.597	-1.283

1495752839547	2.806	-4.051	-2.748

1495752839557	2.336	-3.782	-3.591

1495752839567	1.398	-3.687	-4.405

1495752839577	-0.162	-3.936	-5.248

1495752839587	-1.714	-3.735	-5.085

1495752839597	-2.672	-2.71	-4.635

1495752839607	-3.438	-2.068	-3.486

1495752839617	-2.547	-0.976	-2.212

1495752839633	-1.331	0.775	-3.62

1495752839641	-0.871	6.924	-18.866

1495752839657	11.387	3.562	7.709

1495752839658	11.76	4.74	19.604

1495752839667	1.254	4.089	9.328

1495752839677	-4.501	4.079	-3.591

1495752839689	-10.937	13.245	-5.813

1495752839708	-10.496	18.282	-3.284

1495752839718	-9.596	19.614	10.592

1495752839727	-13.293	19.614	12.852

1495752839737	-16.491	19.614	5.248

1495752839747	-14.614	19.614	5.909

1495752839757	-8.418	19.614	9.308

1495752839767	-4.348	19.614	11.032

1495752839779	-2.423	19.575	11.808

1495752839792	-2.585	18.119	9.395

1495752839802	-3.936	15.907	8.169

1495752839827	-4.865	14.959	7.039

1495752839831	-4.319	15.275	5.296

1495752839837	-3.217	14.796	2.681

1495752839838	-2.126	13.053	2.059

1495752839847	-2.25	11.578	1.781

1495752839857	-2.432	10.008	3.754

1495752839867	-2.384	8.188	8.169

1495752839877	-1.915	6.962	10.094

1495752839888	-1.474	6.301	7.862

1495752839897	-1.235	4.338	5.554

1495752839907	-1.57	2.844	1.637

1495752839917	-1.063	2.317	-1.13

1495752839927	-0.498	1.79	-2.26

1495752839937	-0.306	1.302	-2.25

1495752839947	0.095	-0.574	-1.58

1495752839959	0.737	-1.503	-1.149

1495752839968	1.379	-1.666	-2.001

1495752839978	2.068	-1.656	-2.681

1495752839996	2.537	-2.116	-3.83

1495752839999	2.767	-3.495	-6.56

1495752840010	1.877	-3.945	-2.557

1495752840018	-0.689	-4.96	14.748

1495752840028	-2.796	-3.352	6.407

1495752840037	-1.331	-0.996	-5.602

1495752840054	-0.191	-0.153	-4.529

1495752840057	-0.009	0.095	-4.357

1495752840067	-0.66	1.091	-4.424

1495752840077	-4.529	7.479	-4.941

1495752840087	-8.408	17.937	-4.711

1495752840097	-10.19	19.614	-0.335

1495752840107	-10.755	19.614	18.416

1495752840117	-8.935	19.614	19.058

1495752840127	-12.957	19.614	16.961

1495752840139	-17.363	17.152	17.047

1495752840179	-13.455	17.152	12.546

1495752840184	-8.245	8.715	7.767

1495752840187	-3.409	8.581	4.893

1495752840190	-0.823	8.303	3.284

1495752840194	0.22	8.427	2.365

1495752840199	0.172	8.696	1.647

1495752840209	-0.134	8.59	0.335

1495752840218	-0.651	7.786	-0.325

1495752840228	-1.561	6.483	-0.067

1495752840238	-1.522	4.309	0.44

1495752840248	-0.976	2.011	2.25

1495752840258	0.181	-0.392	5.573

1495752840268	1.426	-2.394	7.47

1495752840277	2.241	-3.955	7.192

1495752840289	3.342	-5.219	4.98

1495752840297	3.926	-5.947	1.618

1495752840309	3.907	-5.707	-1.34

1495752840317	3.198	-4.52	-3.505

1495752840327	2.442	-3.419	-4.664

1495752840337	1.819	-2.815	-5.832

1495752840347	0.555	-2.815	-6.474

1495752840357	-0.794	-2.346	-4.769

1495752840367	-2.078	-0.938	-2.595

1495752840379	-1.8	0.957	-5.085

1495752840394	-3.026	7.575	-18.857

1495752840398	6.828	2.921	-3.553

1495752840429	11.176	7.805	19.604

1495752840439	1.177	5.851	13.944

1495752840440	-2.212	6.876	-0.239

1495752840441	-2.537	11.942	-3.744

1495752840447	-2.154	14.02	-3.601

1495752840457	-2.968	17.574	-4.012

1495752840467	-6.196	19.604	-2.633

1495752840477	-11.607	19.614	-1.992

1495752840487	-18.589	19.614	0.488

1495752840498	-19.614	19.614	8.619

1495752840508	-19.269	19.614	14.624

1495752840517	-14.183	19.614	12.775

1495752840529	-7.288	19.614	16.645

1495752840542	-4.261	16.654	2.193

1495752840558	-5.621	16.08	5.142

1495752840568	-6.129	16.424	7.671

1495752840578	-4.616	15.945	4.079

1495752840596	-2.164	12.909	1.494

1495752840603	-0.258	9.864	1.216

1495752840619	0.708	8.063	3.792

1495752840621	1.187	7.077	6.751

1495752840627	1.359	4.721	9.356

1495752840637	-0.114	2.825	8.159

1495752840647	-2.451	1.072	5.832

1495752840658	-3.62	-0.038	2.815

1495752840667	-3.658	-0.047	-1.532

1495752840677	-2.786	-0.019	-3.131

1495752840687	-1.647	-0.354	-3.189

1495752840697	-0.861	-0.747	-3.007

1495752840708	-0.603	-1.139	-2.365

1495752840718	-0.354	-1.877	-1.58

1495752840727	0.239	-2.288	-0.89

1495752840740	0.689	-2.288	-1.024

1495752840759	1.312	-2.298	-1.331

1495752840773	2.25	-2.365	-1.972

1495752840774	3.294	-2.135	-0.842

1495752840777	3.294	-0.632	-0.842

1495752840788	0.086	0.967	-3.859

1495752840797	-0.038	0.651	-4.491

1495752840807	-0.335	0.469	-4.453

1495752840817	-1.925	2.614	-4.635

1495752840827	-5.411	8.935	-6.033

1495752840841	-8.159	17.631	-6.34

1495752840851	-7.891	19.614	-3.83

1495752840858	-6.464	19.614	8.37

1495752840867	-10.448	19.614	18.761

1495752840877	-14.078	19.614	9.222

1495752840888	-19.068	19.614	7.182

1495752840897	-19.614	17.794	14.729

1495752840914	-19.614	10.19	18.752

1495752840917	-16.434	8.188	15.084

1495752840927	-9.002	10.017	9.759

1495752840938	-3.984	11.913	5.755

1495752840948	-1.292	11.818	2.93

1495752840958	-0.823	10.965	1.57

1495752840968	-1.024	10.372	0.316

1495752840979	-1.944	9.289	0.268

1495752840993	-2.681	6.416	0.718

1495752841001	-1.685	6.416	0.21

1495752841010	-0.632	2.49	-0.181

1495752841025	0.354	0.9	0.612

1495752841049	2.049	-0.967	4.462

1495752841050	4.07	-2.978	8.945

1495752841051	5.075	-4.702	6.387

1495752841058	5.928	-5.803	1.656

1495752841067	6.043	-5.162	-1.925

1495752841077	4.951	-4.031	-3.313

1495752841087	4.012	-3.763	-3.61

1495752841097	2.269	-4.079	-4.482

1495752841109	-0.057	-4.951	-5.803

1495752841118	-2.375	-4.118	-6.771

1495752841128	-3.763	-2.806	-5.765

1495752841141	-1.944	2.47	-8.475

1495752841158	-1.13	5.363	-15.582

1495752841167	4.453	2.336	-4.951

1495752841177	14.356	5.018	19.604

1495752841196	3.39	2.614	-0.22

1495752841208	-1.455	3.064	-0.22

1495752841210	-2.518	4.261	-4.146

1495752841219	-1.331	10.573	-4.865

1495752841228	-0.651	15.208	-5.526

1495752841239	-1.934	19.46	-5.056

1495752841248	-5.727	19.614	-3.189

1495752841257	-11.789	19.614	0.708

1495752841267	-18.455	19.614	12.775

1495752841279	-19.614	19.614	17.277

1495752841289	-18.914	19.614	10.621

1495752841297	-11.856	19.614	13.58

1495752841308	-3.342	19.594	15.371

1495752841318	-2.126	18.091	0.957

1495752841327	-2.997	16.903	8.466

1495752841339	-5.075	16.578	12.057

1495752841348	-5.008	15.907	8.743

1495752841358	-2.853	13.475	3.83

1495752841369	-0.747	10.668	-0.028

1495752841379	0.114	9.174	-0.134

1495752841395	-0.67	5.976	9.328

1495752841409	-1.781	3.658	6.282

1495752841427	-2.327	2.576	-1.877

1495752841439	-2.03	0.421	-3.294

1495752841456	-1.12	-0.402	-3.112

1495752841457	-0.641	-1.072	-2.317

1495752841467	-0.478	-1.503	-1.896

1495752841477	-0.047	-2.011	-1.608

1495752841488	0.651	-2.183	-1.695

1495752841497	1.398	-2.269	-2.518

1495752841509	2.221	-2.767	-5.277

1495752841521	1.455	-3.16	-4.97

1495752841528	-0.785	-2.327	-0.699

1495752841542	-2.068	-0.536	10.611

1495752841552	-1.12	1.953	6.1

1495752841559	-0.967	1.953	-6.177

1495752841575	-0.565	1.187	-5.162

1495752841578	-2.528	3.821	-5.66

1495752841587	-6.033	9.481	-6.569

1495752841597	-8.265	17.181	-4.903

1495752841607	-7.556	19.614	9.261

1495752841617	-7.326	19.614	18.579

1495752841627	-7.403	19.614	6.771

1495752841638	-13.379	19.614	6.052

1495752841647	-16.721	19.614	14.547

1495752841657	-15.457	17.803	17.238

1495752841668	-11.76	14.978	14.365

1495752841677	-7.288	13.589	10.707

1495752841689	-3.601	12.737	7.92

1495752841698	-1.599	11.933	5.803

1495752841708	-0.785	10.697	4.156

1495752841718	-0.363	9.5	2.911

1495752841729	-0.66	8.715	1.992

1495752841749	-1.302	5.813	0.22

1495752841758	-0.909	3.744	0.124

1495752841767	-0.737	1.522	1.072

1495752841777	0.095	-0.737	3.447

1495752841787	1.494	-2.796	6.943

1495752841798	2.988	-4.491	7.412

1495752841809	4.175	-5.545	3.735

1495752841818	6.464	-6.809	-1.072

1495752841827	9.577	-7.604	-3.457

1495752841837	8.619	-7.451	-4.079

1495752841848	0.593	-6.464	-3.61

1495752841857	-1.81	-5.698	-3.85

1495752841867	-3.332	-3.83	-3.821

1495752841879	-4.06	-2.279	-4.06

1495752841891	-4.137	-1.426	-3.725

1495752841897	-2.911	-0.153	-2.978

1495752841912	-3.304	5.104	-11.722

1495752841943	-1.417	8.609	-19.135

1495752841947	13.072	4.74	8.217

1495752841949	9.241	7.652	19.604

1495752841952	-0.766	7.479	6.962

1495752841958	-5.142	12.019	-3.428

1495752841967	-7.968	18.129	-4.127

1495752841977	-11.53	19.614	-2.298

1495752841987	-14.969	19.614	14.921

1495752842003	-13.331	19.614	13.273

1495752842008	-17.305	19.614	-5.937

1495752842019	-18.713	19.614	-7.498

1495752842027	-14.777	19.614	-4.874

1495752842039	-3.83	19.614	7.843

1495752842057	3.332	19.614	19.604

1495752842068	-6.809	17.468	1.388

1495752842078	-7.087	17.602	1.877

1495752842087	-5.803	17.746	8.408

1495752842097	-5.162	16.281	10.247

1495752842108	-3.955	13.829	7.795

1495752842117	-3.083	11.818	2.786

1495752842127	-2.49	9.768	0.747

1495752842137	-1.992	8.054	1.676

1495752842148	-0.632	5.87	5.047

1495752842159	-0.124	4.29	8.81

1495752842167	-0.507	2.672	9.644

1495752842177	-1.484	1.024	6.531

1495752842187	-2.442	0.296	0.794

1495752842197	-2.576	0.296	-3.409

1495752842208	-1.8	-0.143	-4.185

1495752842217	-0.919	-0.555	-3.859

1495752842227	-0.277	-1.283	-2.873

1495752842239	0.459	-2.126	-2.106

1495752842251	1.11	-2.25	-2.135

1495752842270	1.685	-2.183	-2.834

1495752842271	2.116	-2.183	-4.213

1495752842287	1.848	-2.413	-4.75

1495752842297	1.407	-2.059	5.88

1495752842308	1.723	0.373	15.198

1495752842317	0.249	1.618	-5.066

1495752842328	-0.095	0.928	-6.282

1495752842342	-0.603	1.158	-5.593

1495752842352	-3.313	4.999	-5.612

1495752842357	-7.154	13.58	-7.096

1495752842367	-9.308	19.614	-6.282

1495752842377	-10.63	19.614	4.903

1495752842387	-13.771	19.614	19.604

1495752842399	-15.016	19.614	15.658

1495752842410	-18.627	19.614	10.372

1495752842417	-19.499	18.847	14.365

1495752842427	-16.424	12.641	14.767

1495752842437	-10.247	10.056	10.649

1495752842448	-5.229	11.08	6.895

1495752842457	-1.541	11.712	3.907

1495752842467	-0.392	11.224	2.499

1495752842479	-0.354	11.052	0.775

1495752842490	-0.9	11.023	0.095

1495752842498	-1.158	10.793	1.513

1495752842511	-2.643	7.776	2.853

1495752842536	-2.71	4.932	4.213

1495752842540	-1.857	2.049	5.305

1495752842541	-0.316	-0.545	5.286

1495752842547	0.756	-2.509	4.166

1495752842557	1.225	-3.84	2.595

1495752842567	1.963	-4.759	1.177

1495752842577	2.672	-4.989	-0.45

1495752842593	3.256	-4.683	-1.886

1495752842599	3.639	-4.261	-2.882

1495752842608	3.237	-4.175	-3.811

1495752842617	2.365	-4.826	-4.51

1495752842628	0.689	-5.755	-4.692

1495752842640	-1.484	-4.999	-4.529

1495752842648	-2.834	-3.198	-3.735

1495752842658	-2.604	-0.976	-4.079

1495752842668	-2.48	4.817	-13.637

1495752842678	-1.551	5.257	-16.683

1495752842688	14.097	0.498	14.835

1495752842697	10.008	3.361	18.771

1495752842707	-0.727	2.288	2.652

1495752842717	-8.743	2.375	-6.56

1495752842727	-10.237	6.723	-5.803

1495752842737	-9.682	15.763	-5.526

1495752842748	-7.096	19.614	-3.399

1495752842758	-7.039	19.614	5.171

1495752842768	-10.496	19.614	11.061

1495752842778	-16.817	19.614	6.857

1495752842788	-19.441	19.614	9.107

1495752842798	-14.959	19.614	12.708

1495752842808	-7.824	19.614	14.921

1495752842819	-2.193	18.474	16.223

1495752842828	-1.053	16.865	3.811

1495752842840	-0.976	16.712	7.393

1495752842848	-3.332	15.744	13.408

1495752842859	-4.539	15.064	11.588

1495752842872	-4.012	13.685	6.062

1495752842877	-2.796	11.779	1.704

1495752842887	-1.647	9.529	-0.229

1495752842897	-1.34	7.996	0.296

1495752842908	-1.599	6.349	4.759

1495752842920	-1.676	4.731	12.862

1495752842930	-2.423	2.758	6.426

1495752842937	-1.752	2.604	-3.112

1495752842947	-1.331	3.687	-5.621

1495752842957	-1.13	2.509	-4.788

1495752842967	-0.545	0.526	-3.83

1495752842977	0.507	-1.292	-2.681

1495752842987	1.225	-2.241	-2.681

1495752842998	1.972	-2.423	-3.83

1495752843008	2.288	-2.566	-4.817

1495752843021	2.921	-4.118	-10.439

1495752843027	2.604	-4.482	-6.359

1495752843037	1.292	-3.696	-0.861

1495752843047	0.967	-3.553	10.755

1495752843057	1.733	-1.561	11.004

1495752843067	-0.507	0.747	-5.171

1495752843079	-0.708	1.417	-6.081

1495752843088	-1.024	1.944	-5.056

1495752843098	-3.84	6.847	-5.19

1495752843109	-7.69	17.076	0.316

1495752843124	-10.132	19.614	19.403

1495752843129	-11.08	19.614	18.627

1495752843147	-12.488	19.614	14.04

1495752843150	-13.379	19.614	11.846

1495752843159	-10.946	18.761	9.51

1495752843169	-7.403	14.145	7.872

1495752843178	-3.581	11.885	7.269

1495752843196	-0.44	11.243	6.387

1495752843197	1.12	11.08	5.401

1495752843209	1.494	11.071	4.099

1495752843218	0.794	10.391	3.821

1495752843227	-0.296	9.538	3.361

1495752843237	-1.072	8.437	2.442

1495752843247	-2.317	6.914	2.614

1495752843257	-2.921	4.759	2.49

1495752843267	-3.131	2.346	2.355

1495752843277	-2.806	0.086	2.844

1495752843296	-1.877	-2.059	4.041

1495752843298	-0.363	-3.869	5.411

1495752843313	1.541	-5.257	5.851

1495752843318	2.7	-6.119	3.754

1495752843327	3.524	-6.522	0.411

1495752843337	3.84	-6.062	-1.829

1495752843351	1.857	-3.16	-4.07

1495752843357	0.89	-3.16	-5.104

1495752843367	-0.488	-0.814	-5.889

1495752843377	-2.221	-0.086	-4.941

1495752843395	-3.696	1.245	-6.1

1495752843398	-8.494	15.476	-19.336

1495752843409	0.191	11.703	-6.704

1495752843417	15.514	18.924	19.604

1495752843427	8.734	16.97	17.42

1495752843439	6.359	10.333	1.944

1495752843448	3.811	5.142	-4.51

1495752843458	0.89	2.269	-6.215

1495752843467	-2.681	1.752	-8.13

1495752843479	-6.483	2.604	-10.228

1495752843489	-10.544	5.114	-10.209

1495752843497	-13.733	9.797	-8.121

1495752843509	-13.676	15.754	-4.798

1495752843518	-12.986	19.537	-1.953

1495752843527	-13.637	19.614	1.771

1495752843537	-14.653	19.614	9.615

1495752843549	-11.08	19.614	19.604

1495752843557	-9.184	19.614	19.039

1495752843567	-11.348	19.614	-11.732

1495752843577	-6.205	19.614	7.977

1495752843589	-0.095	19.614	19.604

1495752843598	0.622	16.443	18.273

1495752843610	0.737	10.927	7.202

1495752843618	1.829	7.728	-1.666

1495752843627	1.972	7.546	-1.245

1495752843637	1.465	6.493	2.834

1495752843648	1.532	4.462	8.485

1495752843657	0.478	2.442	12.038

1495752843667	-1.695	1.11	9.251

1495752843679	-3.419	0.632	3.495

1495752843692	-3.629	1.082	-1.417

1495752843697	-2.901	1.072	-2.93

1495752843710	-1.953	0.708	-3.323

1495752843720	-0.823	0.124	-3.428

1495752843728	-0.22	-0.718	-2.853

1495752843742	0.833	-2.346	-2.394

1495752843770	1.331	-2.413	-3.179

1495752843772	1.494	-2.432	-4.118

1495752843777	1.637	-2.336	-4.118

1495752843789	0.967	-2.25	-3.83

1495752843797	0.325	-1.963	-2.059

1495752843807	0.095	-1.34	3.821

1495752843828	0.794	-0.057	16.539

1495752843829	0.114	1.359	-2.729

1495752843837	-0.354	0.727	-5.123

1495752843847	-0.545	0.574	-4.051

1495752843857	-2.997	4.51	-4.951

1495752843867	-6.598	12.708	-7.125

1495752843877	-8.494	19.508	-6.751

1495752843889	-7.632	19.614	-0.143

1495752843898	-7.805	19.614	19.087

1495752843909	-10.056	19.614	17.775

1495752843923	-14.576	19.614	15.179

1495752843927	-17.152	19.614	17.238

1495752843937	-15.811	16.817	16.75

1495752843947	-11.99	13.005	13.877

1495752843957	-7.853	12.134	11.023

1495752843967	-4.118	11.684	8.437

1495752843977	-1.714	11.243	6.454

1495752843987	-0.632	10.841	4.616

1495752844005	-0.421	10.563	2.327

1495752844009	-0.478	9.28	1.331

1495752844018	-1.053	8.054	1.139

1495752844028	-1.149	6.522	0.679

1495752844039	-0.287	4.558	0.507

1495752844047	0.363	2.566	1.494

1495752844057	1.11	0.363	2.968

1495752844067	2.652	-1.541	4.759

1495752844077	3.993	-2.93	4.616

1495752844087	5.238	-3.984	1.944

1495752844097	7.355	-5.133	-1.331

1495752844108	8.954	-5.976	-3.38

1495752844117	8.092	-6.129	-3.725

1495752844129	4.788	-5.554	-3.648

1495752844142	-2.068	-4.261	-3.744

1495752844158	-3.486	-3.294	-4.462

1495752844168	-4.807	-2.327	-4.558

1495752844179	-5.679	-1.676	-4.434

1495752844197	-3.897	0.622	-2.93

1495752844210	-4.089	10.582	-17.2

1495752844218	-1.283	5.439	-7.154

1495752844227	4.472	0.948	15.476

1495752844237	2.106	3.438	17.507

1495752844247	-3.083	5.554	4.012

1495752844259	-7.709	7.585	-2.777

1495752844268	-11.233	11.071	-4.156

1495752844277	-16.731	18.052	-2.346

1495752844287	-19.614	19.614	5.478

1495752844297	-19.499	19.614	16.041

1495752844310	-13.973	19.614	19.566

1495752844317	-11.224	19.614	9.921

1495752844327	-9.443	18.972	-1.666

1495752844342	10.965	19.614	14.777

1495752844359	11.214	19.614	19.604

1495752844369	3.323	19.614	18.943

1495752844377	-4.702	19.614	6.598

1495752844387	-8.734	19.614	-3.706

1495752844397	-7.585	19.614	-5.066

