1495210066722	1.934515	-13.9151	17.477673

1495210066759	1.2354081	-15.188815	15.677233

1495210066764	1.5993267	-16.299725	15.820885

1495210066768	0.8810662	-17.257406	14.33648

1495210066773	-1.4077905	-17.918205	12.564771

1495210066778	-3.0933087	-16.46253	10.295067

1495210066782	-2.9017725	-12.794614	11.21444

1495210066869	-2.4133554	-7.747637	9.730036

1495210066873	-1.9728222	-1.9728222	6.244078

1495210066876	-0.05746084	2.3942018	4.0892963

1495210066880	3.3518825	1.1492168	2.7102363

1495210066883	8.504205	-5.659893	2.432509

1495210066886	13.388376	-15.102624	3.0550013

1495210066889	14.15452	-19.6133	6.933608

1495210066893	5.707777	-19.6133	12.564771

1495210066897	-4.2521024	-19.6133	11.520899

1495210066900	-7.489063	-17.927782	-2.8634653

1495210066904	-1.043872	-5.1810527	-9.634268

1495210066907	5.554548	4.3766007	-14.4130945

1495210066911	10.505757	6.531382	-13.081918

1495210067006	7.9391727	1.3503298	-6.0525417

1495210067009	-2.1739352	-8.590396	-5.085284

1495210067012	-8.954314	-17.736246	-5.094861

1495210067016	-11.856087	-19.6133	-6.7612257

1495210067019	-11.492168	-19.6133	-5.592855

1495210067022	-8.293514	-19.6133	-1.7238252

1495210067027	-6.885724	-17.908628	-0.51714754

1495210067031	-2.3750482	-11.903971	-0.9672575

1495210067034	4.4436383	-8.197746	1.1109096

1495210067037	7.8529816	-4.9224787	1.4556746

1495210067041	10.5440645	-4.357447	0.8714894

1495210067045	10.812215	-4.76925	-0.1436521

1495210067048	8.360553	-6.3589997	1.9057846

1495210067051	4.807557	-8.801085	1.7717092

1495210067201	0.25857377	-11.798626	-0.5554548

1495210067204	-1.8387469	-12.344504	-0.7278373

1495210067208	-4.0414124	-12.133814	-3.1507695

1495210067211	-4.7788267	-11.166556	-1.1779473

1495210067215	-2.7964275	-9.279925	1.7621324

1495210067218	-2.4420857	-8.312668	1.1875241

1495210067222	-2.2218192	-8.169016	0.7469909

1495210067225	-0.545878	-8.37013	0.6991069

1495210067229	0.90979666	-8.791509	-0.12449849

1495210067232	-0.38307226	-8.810662	0.21068975

1495210067235	-3.083732	-9.193734	0.2777274

1495210067239	-5.104438	-10.084377	1.1683705

1495210067243	-5.592855	-10.7356	2.384625

1495210067247	-3.7062242	-10.304645	2.815581

1495210067254	-1.2258313	-9.442732	3.7062242

1495210067259	0.90979666	-8.848969	2.777274

1495210067263	1.9249382	-9.442732	2.0973208

1495210067267	0.641646	-10.70687	2.0398598

1495210067270	-1.1971009	-11.549629	2.6719291

1495210067273	-2.767697	-12.50731	2.1643584

1495210067276	-3.6966474	-13.522451	0.81402856

1495210067279	-4.156334	-13.64695	0.12449849

1495210067283	-2.9400797	-12.660539	-0.6895301

1495210067459	-2.566584	-12.373235	-1.4652514

1495210067463	-3.6774938	-13.062764	-1.4939818

1495210067467	-3.6296098	-13.809755	1.1683705

1495210067470	0.545878	-12.995727	2.231396

1495210067473	2.4229321	-12.411542	3.2752678

1495210067475	2.2697031	-12.229582	3.8402996

1495210067478	0.5650316	-12.631808	3.3997664

1495210067481	-1.4077905	-14.164097	3.2561142

1495210067485	-2.8060043	-14.796166	3.9743748

1495210067488	-2.6719291	-14.355634	5.0182467

1495210067492	-2.336741	-13.88637	4.4819455

1495210067496	-1.7525556	-13.340492	3.4380736

1495210067499	-0.02873042	-12.698846	1.9536686

1495210067503	3.3135753	-12.737153	0.41180268

1495210067507	5.803545	-14.346057	-1.0247183

1495210067509	6.8282633	-16.749836	-1.9153614

1495210067513	7.7667904	-18.83758	-0.6512229

1495210067517	7.4603324	-19.58457	0.58418524

1495210067521	5.4204726	-19.6133	0.45968673

1495210067525	3.169923	-19.6133	0.51714754

1495210067528	2.0015526	-19.354727	0.5746084

1495210067532	0.93852705	-17.99482	0.59376204

1495210067536	1.0342951	-16.79772	0.18195933

1495210067540	1.0630256	-15.485697	-0.545878

1495210067543	1.5035586	-14.259866	-0.39264908

1495210067546	2.5474305	-12.354081	0.62249243

1495210067549	2.9879637	-10.132261	-0.8619126

1495210067847	1.2737153	-9.605537	-4.7022123

1495210067850	-1.7046716	-9.32781	-2.7964275

1495210067853	-1.3599066	-8.580819	1.0726024

1495210067856	-1.5227122	-8.0445175	0.06703765

1495210067860	-1.3694834	-7.5944076	-1.5801731

1495210067863	-1.0821792	-7.680599	-2.815581

1495210067866	-1.4556746	-8.619126	-3.3423057

1495210067869	-1.4652514	-8.283937	-2.920926

1495210067874	-1.043872	-7.489063	-2.6240451

1495210067877	-0.2873042	-6.339846	-3.0358477

1495210067884	0.60333884	-4.960786	-3.8307228

1495210067887	1.2066777	-4.146757	-3.7062242

1495210067891	0.8619126	-3.4284968	-3.3327289

1495210067894	0.6895301	-3.0262709	-2.633622

1495210067898	0.91937345	-2.566584	-1.6280571

1495210067901	1.7046716	-2.2984335	-0.35434186

1495210067905	1.8770541	-1.9057846	0.24899697

1495210067908	1.5801731	-1.436521	0.7661445

1495210067911	1.3694834	-1.7717092	1.8483237

1495210067915	1.6950948	-3.0454245	2.777274

1495210067924	2.4995465	-4.654328	3.0262709

1495210067929	3.8977604	-6.799533	5.00867

1495210067932	5.6886234	-9.921572	15.667656

1495210067936	4.2904096	-14.15452	19.546263

1495210067940	2.5378537	-18.636467	17.219099

1495210067949	2.0494366	-19.6133	17.985243

1495210067956	1.340753	-19.6133	17.353174

1495210067961	0.095768064	-19.364304	12.382812

1495210067964	-1.3215994	-16.845604	9.11712

1495210067967	-0.6895301	-12.29662	10.67814

1495210067972	-0.4309563	-7.872135	13.771448

1495210067976	-1.9249382	-4.7979803	9.768343

1495210067979	-3.2273839	-4.4436383	5.985504

1495210067983	-1.7812861	-7.2783732	7.536947

1495210067989	1.6663644	-13.781025	13.819332

1495210067993	1.5227122	-19.55584	10.764331

1495210067996	-0.17238252	-19.6133	2.9400797

1495210068000	9.691729	-17.659632	-4.8841715

1495210068004	19.603724	-4.7405195	-15.591042

1495210068008	12.928689	7.0006456	-6.291962

1495210068011	-4.213795	-1.7812861	-1.2449849

1495210068014	-10.563218	-13.599066	-7.0006456

1495210068018	-9.5385	-19.594147	-8.992621

1495210068021	-12.334928	-19.6133	-6.14831

1495210068026	-12.047623	-19.6133	-1.733402

1495210068029	-7.843405	-19.077	1.1779473

1495210068032	-3.2848446	-13.8959465	0.90021986

1495210068036	0.4405331	-9.787497	0.047884032

1495210068039	2.4995465	-7.651869	0.8714894

1495210068468	3.5338416	-6.8665705	1.685518

1495210068471	4.185065	-6.493075	2.9113493

1495210068476	4.6830587	-6.196194	1.4556746

1495210068479	5.104438	-6.7612257	1.3694834

1495210068483	3.8019924	-7.489063	2.1643584

1495210068486	2.0590134	-8.37013	1.3694834

1495210068489	0.24899697	-9.883265	1.2449849

1495210068493	-1.9153614	-11.683704	0.1436521

1495210068497	-2.6431987	-12.047623	-0.02873042

1495210068500	-3.4859576	-11.434708	0.12449849

1495210068503	-2.9592333	-9.768343	1.6663644

1495210068507	-3.1986535	-9.030929	2.1164744

1495210068511	-2.030283	-8.676587	2.2218192

1495210068515	0.1436521	-8.628703	1.8483237

1495210068518	1.4173675	-9.107543	1.2545617

1495210068522	1.7908629	-9.423578	1.2449849

1495210068525	1.3694834	-9.56723	0.80445176

1495210068529	0.78529817	-9.595961	0.61291564

1495210068532	0.5363012	-9.672575	1.3311762

1495210068536	0.30645782	-9.797073	2.5187001

1495210068540	0.58418524	-9.414001	1.8866309

1495210068543	0.6799533	-8.791509	0.2873042

1495210068548	0.076614454	-9.241618	-0.24899697

1495210068551	-0.9576807	-9.950302	0.047884032

1495210068557	-1.7238252	-10.5919485	-0.038307227

1495210068575	-1.7525556	-10.611102	0.48841715

1495210068581	-1.3982137	-10.28549	1.733402

1495210068596	-0.8331822	-10.91756	2.5187001

1495210068606	-0.40222588	-12.105083	2.3463178

1495210068609	-1.1971009	-12.516887	1.1779473

1495210068621	-2.27928	-12.315774	0.16280572

1495210068630	-2.5761611	-12.421119	-1.2449849

1495210068656	-2.7389667	-13.378799	-1.7621324

1495210068662	-3.0262709	-14.374787	-0.9672575

1495210068666	-1.8195933	-14.221559	0.076614454

1495210068670	-0.009576807	-13.053187	0.7565677

1495210068674	1.388637	-12.306197	1.3790601

1495210068677	0.34476504	-13.388376	1.2162545

1495210068680	-2.566584	-14.872781	1.0630256

1495210068683	-4.9224787	-15.246277	1.6567876

1495210068685	-5.707777	-15.198392	2.6527755

1495210068689	-4.9703627	-14.891934	3.715801

1495210068692	-3.016694	-14.470555	3.9839516

1495210068695	-0.8714894	-14.240712	3.9264908

1495210068698	0.7757214	-14.441825	2.480393

1495210068701	2.3942018	-13.876793	1.3215994

1495210068703	4.960786	-12.181698	1.2641385

1495210068707	7.345411	-11.051635	1.5514427

1495210068711	9.030929	-11.473015	2.1739352

1495210068714	8.963891	-13.369223	2.3080103

1495210068718	6.742072	-16.46253	1.4652514

1495210068721	3.3806129	-19.6133	0.61291564

1495210068725	2.480393	-19.479225	0.21068975

1495210068728	1.982399	-17.592594	-0.79487497

1495210068731	1.1971009	-15.294161	-1.340753

1495210068734	1.0726024	-13.9151	-1.2066777

1495210068738	1.1971009	-12.785037	-0.8810662

1495210068742	2.1739352	-11.990162	-0.02873042

1495210068745	1.6567876	-10.955867	-0.6703765

1495210068748	0.2873042	-10.132261	-2.8443117

1495210068752	-2.432509	-10.170568	-1.9153614

1495210068755	-1.6376339	-9.050082	1.436521

1495210068758	-0.8331822	-7.9391727	1.043872

1495210068762	-0.2681506	-8.121132	-0.9864111

1495210068766	0.25857377	-8.686164	-2.1260512

1495210068769	0.38307226	-8.494628	-2.1739352

1495210068773	0.29688102	-8.456321	-2.183512

1495210068777	0.12449849	-8.082825	-2.0207062

1495210068781	-0.009576807	-7.5465236	-2.0015526

1495210068785	0.35434186	-6.6079965	-2.2984335

1495210068789	1.1204864	-5.363012	-2.566584

1495210068793	1.4939818	-4.548983	-2.384625

1495210068796	1.1779473	-3.9360676	-2.2601264

1495210068800	0.7661445	-3.4476504	-2.1260512

1495210068803	0.5746084	-3.2752678	-1.6280571

1495210068806	0.7374141	-3.0550013	-0.90021986

1495210068809	1.3694834	-2.767697	-0.019153614

1495210069539	2.0973208	-2.4612393	1.1300632

1495210069542	2.1547816	-2.336741	2.4516625

1495210069546	2.0015526	-2.767697	4.003105

1495210069549	1.982399	-4.050989	4.8458643

1495210069553	1.9536686	-5.4779334	4.7500963

1495210069556	2.3654714	-7.4603324	11.204864

1495210069559	3.2561142	-10.199299	17.659632

1495210069562	2.3942018	-17.343597	16.711529

1495210069565	1.8770541	-19.460072	15.916653

1495210069569	0.8523358	-19.594147	16.663643

1495210069571	-0.9864111	-19.16319	14.116213

1495210069575	-3.0454245	-17.669209	11.540052

1495210069578	-3.9456444	-14.5088625	11.501745

1495210069582	-4.357447	-10.065224	11.405977

1495210069585	-6.6175733	-4.865018	8.264784

1495210069589	-5.6120086	0.37349546	4.960786

1495210069592	-0.038307227	0.12449849	4.3861775

1495210069595	5.48751	-6.9144545	4.0797195

1495210069599	10.381259	-16.318878	6.5601125

1495210069602	9.11712	-19.6133	11.511322

1495210069606	0.5650316	-19.6133	8.341399

1495210069609	-2.6431987	-19.6133	1.5610195

1495210069613	2.920926	-12.11466	-7.383718

1495210069616	10.611102	2.4133554	-9.050082

1495210069620	14.729129	9.519346	-12.181698

1495210069624	14.077906	8.724471	-6.6750345

1495210069627	1.982399	-1.3982137	-1.3790601

1495210069631	-8.66701	-13.67568	-6.5026517

1495210069634	-12.239159	-19.6133	-10.840945

1495210069638	-11.3964	-19.6133	-7.4028716

1495210069641	-8.90643	-19.6133	-1.4556746

1495210069644	-8.015787	-19.488802	-1.091756

1495210069647	-4.10845	-15.006856	-1.4269443

1495210069652	0.31603462	-9.959879	-0.2873042

1495210069655	3.265691	-6.7229185	2.0398598

1495210069658	6.2632318	-4.4340615	1.5035586

1495210069661	8.312668	-4.0318356	1.4556746

1495210069665	6.493075	-6.540959	0.1340753

1495210069669	3.1603463	-8.686164	0.1340753

1495210069672	-0.31603462	-10.783484	-0.25857377

1495210069676	-2.815581	-12.162544	-1.8483237

1495210069680	-3.2848446	-11.9135475	-1.436521

1495210069683	-2.7868507	-10.208876	0.009576807

1495210069687	-1.7525556	-8.973468	1.2449849

1495210069691	-1.9536686	-9.14585	0.24899697

1495210069695	-2.2026656	-9.854534	1.8195933

1495210069698	-2.930503	-10.563218	1.0055647

1495210069701	-3.323152	-10.888829	-0.095768064

1495210069705	-2.930503	-10.409989	0.29688102

1495210069708	-2.4133554	-9.940725	1.2545617

1495210069712	-1.7621324	-9.615114	2.135628

1495210069715	-1.733402	-9.720459	2.3175871

1495210069718	-1.5705963	-9.730036	2.6910827

1495210069721	-1.6567876	-9.605537	2.5570073

1495210069725	-1.1971009	-9.500193	2.1260512

1495210069728	-0.40222588	-9.442732	1.5131354

1495210069731	0.12449849	-9.433155	0.91937345

1495210069735	0.038307227	-9.557653	0.92895025

1495210069738	-0.6512229	-9.825804	1.388637

1495210069741	-1.6280571	-10.01734	1.5897499

1495210069745	-2.3080103	-10.25676	1.4652514

1495210069749	-2.4612393	-11.425131	1.3120226

1495210069753	-2.4708161	-12.497733	0.5363012

1495210069759	-2.873042	-12.77546	0.08619126

1495210069765	-2.384625	-12.239159	0.06703765

1495210069770	-1.6184803	-12.239159	-0.40222588

1495210069774	-1.4460979	-12.698846	-0.7278373

1495210069778	-1.5705963	-13.081918	-0.2777274

1495210069781	-0.8331822	-13.22557	2.0111294

1495210069794	0.79487497	-14.020445	2.1452048

1495210069797	-0.2681506	-15.20797	1.982399

1495210069800	-1.2354081	-15.619772	2.2888567

1495210069804	-1.5705963	-14.863204	3.7349546

1495210069807	-2.5570073	-14.4130945	4.3287168

1495210069810	-3.3327289	-14.30775	4.1946416

1495210069816	-2.2505496	-14.087482	4.0318356

1495210069819	-0.02873042	-13.397953	3.4955344

1495210069823	3.016694	-12.469003	2.777274

1495210069827	6.033388	-12.4785795	2.1547816

1495210069831	7.2687964	-13.522451	1.043872

1495210069835	6.4739213	-15.8304615	0.6991069

1495210069838	5.6215854	-17.803284	0.81402856

1495210069840	4.367024	-19.325996	1.0342951

1495210069844	3.5913026	-19.6133	0.1340753

1495210069847	3.6966474	-19.172768	0.38307226

1495210069851	3.5434184	-17.525557	0.78529817

1495210069854	3.4859576	-15.150508	0.8523358

1495210069857	3.3135753	-13.139379	0.8523358

1495210069860	3.122039	-12.29662	0.22984336

1495210069865	3.6008794	-11.559206	-0.4405331

1495210069868	3.371036	-10.43872	-1.9249382

1495210069871	1.0247183	-10.0269165	-4.501099

1495210069875	-2.3558946	-10.01734	-1.5227122

1495210069878	-2.7389667	-8.810662	1.8291701

1495210069881	-2.6144683	-8.465898	0.2777274

1495210069883	-1.13964	-8.465898	-0.45968673

1495210069886	-0.50757074	-8.580819	-1.4460979

1495210069888	-0.21068975	-8.7053175	-1.5227122

1495210069892	0.25857377	-8.274361	-1.6089035

1495210069896	-0.12449849	-8.121132	-2.0398598

1495210069900	-0.06703765	-6.847417	-2.0398598

1495210069904	0.16280572	-5.6215854	-2.231396

1495210069916	1.1875241	-4.5298295	-2.4708161

1495210069919	1.0821792	-3.9456444	-2.4708161

1495210069923	0.8810662	-3.5913026	-1.9728222

1495210069928	0.37349546	-3.4859576	-1.043872

1495210069932	0.40222588	-3.217807	0.11492168

1495210069936	0.5363012	-3.2465374	0.94810385

1495210069939	0.49799395	-3.2848446	2.183512

1495210069943	0.29688102	-3.3806129	3.7445314

1495210069947	0.15322891	-4.0318356	5.497087

1495210069950	0.15322891	-4.9320555	6.7229185

1495210069954	0.6799533	-6.349423	5.7748146

1495210069957	3.0454245	-7.9966335	8.1881695

1495210069961	5.0661306	-10.457873	15.361198

1495210071129	5.449203	-13.838486	16.788143

1495210071133	5.2959743	-17.48725	15.47612

1495210071136	4.9320555	-19.31642	16.452953

1495210071140	1.8195933	-19.230228	14.939818

1495210071143	-1.8100165	-18.32043	10.783484

1495210071147	-3.6104562	-15.753847	8.1402855

1495210071151	-2.767697	-11.195287	9.701305

1495210071154	-2.0398598	-6.3111157	11.492168

1495210071158	-3.8881836	-2.2697031	8.293514

1495210071161	-3.715801	0.33518824	5.2385135

1495210071165	-0.31603462	-1.1492168	4.003105

1495210071168	4.2425256	-6.9719152	3.6104562

1495210071171	9.854534	-15.581465	4.951209

1495210071175	10.888829	-19.6133	5.104438

1495210071178	2.4516625	-19.517532	4.501099

1495210071181	6.5218053	-19.517532	3.5338416

1495210071185	11.702858	-1.4460979	-4.9416323

1495210071188	13.340492	4.903325	-9.595961

1495210071192	8.7532015	4.8745947	-5.353435

1495210071195	-5.3821654	-4.1371803	-5.90889

1495210071198	-15.121778	-15.811308	-8.590396

1495210071201	-16.701952	-19.6133	-7.6231384

1495210071205	-14.030022	-19.6133	-3.2369606

1495210071208	-9.3661175	-19.6133	0.7374141

1495210071212	-6.2632318	-18.464083	0.9672575

1495210071216	-1.8579005	-12.708423	-1.0534488

1495210071219	2.5474305	-8.810662	-1.3599066

1495210071222	5.9663506	-7.0485296	0.7469909

1495210071226	7.2783732	-5.9280434	2.0685902

1495210071229	8.101978	-5.363012	1.7908629

1495210071233	6.7708025	-6.215348	-0.4213795

1495210071237	3.8977604	-8.054094	-0.37349546

1495210071240	1.1971009	-10.505757	-0.009576807

1495210071244	-1.0630256	-12.066776	1.436521

1495210071247	-1.733402	-12.660539	2.2505496

1495210071251	-0.92895025	-11.760319	3.3039982

1495210071254	-0.9768343	-10.247183	3.1986535

1495210071257	-0.9768343	-9.433155	2.7389667

1495210071260	-0.4213795	-9.021352	3.9839516

1495210071263	-1.0534488	-8.743625	4.7884035

1495210071267	-2.2697031	-9.241618	4.606444

1495210071271	-2.7581203	-9.672575	4.7884035

1495210071275	-2.2984335	-9.404425	4.4340615

1495210071278	-1.4939818	-8.954314	2.96881

1495210071282	-0.48841715	-8.839393	0.92895025

1495210071285	-0.22026655	-8.63828	-0.7086837

1495210071288	-1.0726024	-8.935161	0.5650316

1495210071291	-3.3997664	-10.036493	2.566584

1495210071295	-2.2888567	-9.634268	2.0685902

1495210071298	-0.58418524	-8.6095495	1.484405

1495210071301	1.3120226	-7.843405	0.78529817

1495210071305	2.9592333	-7.651869	0.9672575

1495210071308	3.6870706	-7.9966335	1.3024458

1495210071312	3.3997664	-8.772355	1.8387469

1495210071315	2.719813	-9.289502	2.3750482

1495210071319	1.7908629	-9.873688	1.8483237

1495210071322	0.17238252	-10.6877165	-0.06703765

1495210071325	-1.7621324	-11.923124	-2.135628

1495210071328	-3.3518825	-12.612655	-4.2042184

1495210071332	-3.8498764	-13.330915	-4.663905

1495210071336	-2.7581203	-13.876793	-3.6774938

1495210071339	-1.1683705	-13.867216	-2.566584

1495210071342	1.0055647	-13.177686	-2.3654714

1495210071346	2.4516625	-14.374787	-2.1260512

1495210071349	0.047884032	-17.525557	-4.223372

1495210071353	-2.2888567	-17.372328	-4.721366

1495210071357	-0.48841715	-14.709975	-1.0247183

1495210071360	2.6431987	-13.599066	0.9672575

1495210071363	3.169923	-14.60463	2.1643584

1495210071366	0.6703765	-15.964537	2.72939

1495210071369	-1.1300632	-16.749836	3.016694

1495210071373	-0.641646	-16.079458	3.3518825

1495210071376	0.2681506	-14.891934	3.572149

1495210071379	-0.2873042	-13.781025	4.003105

1495210071383	-2.633622	-12.727576	4.1659107

1495210071386	-4.1180267	-11.999739	3.5817258

1495210071390	-4.2425256	-11.999739	2.9400797

1495210071393	-2.9783869	-12.708423	2.2409728

1495210071397	-2.9783869	-13.656527	1.1971009

1495210071401	1.9440918	-15.658079	0.9672575

1495210071405	2.0685902	-15.887922	1.1875241

1495210071408	0.9672575	-15.600618	1.0726024

1495210071411	-0.18195933	-15.121778	1.3120226

1495210071415	-0.40222588	-14.566323	1.0726024

1495210071418	0.05746084	-14.106636	0.7278373

1495210071422	0.60333884	-13.828909	0.641646

1495210071426	0.80445176	-13.551182	0.94810385

1495210071429	1.283292	-13.158532	1.388637

1495210071434	2.0494366	-12.612655	1.4077905

1495210071437	2.7868507	-11.980585	1.532289

1495210071441	2.9783869	-11.36767	1.8483237

1495210071445	2.5187001	-10.773908	1.6376339

1495210071448	2.327164	-10.113108	1.0247183

1495210071451	1.6089035	-9.844957	0.2873042

1495210071454	1.7238252	-9.500193	-0.82360536

1495210071458	1.2449849	-9.069236	-1.8579005

1495210071461	-0.5746084	-8.963891	-0.4405331

1495210071465	-1.4748282	-8.647857	1.4939818

1495210071469	-1.6089035	-8.025364	2.4516625

1495210071472	-0.51714754	-7.1155677	2.873042

1495210071476	0.2873042	-6.2632318	1.484405

1495210071479	0.30645782	-6.5218053	-1.2545617

1495210071482	-0.18195933	-7.5944076	-1.7238252

1495210071485	-0.22984336	-7.8529816	0.22026655

1495210071488	-0.50757074	-8.082825	0.6799533

1495210071491	-0.47884035	-8.283937	0.24899697

1495210071495	-0.22026655	-8.025364	-0.31603462

1495210071498	-0.047884032	-7.632715	-0.5554548

1495210071501	0.24899697	-7.067683	-0.60333884

1495210071505	0.7661445	-6.291962	-0.29688102

1495210071508	1.0247183	-5.8801594	-0.05746084

1495210071511	0.9576807	-5.8705826	0.019153614

1495210071514	0.9672575	-5.813122	0.06703765

1495210071518	0.9768343	-5.746084	0.08619126

1495210071521	1.2641385	-5.66947	0.24899697

1495210071525	1.1875241	-5.6120086	0.47884035

1495210071528	1.0630256	-5.583278	1.1587936

1495210071532	1.0055647	-5.401319	1.9728222

1495210071536	0.842759	-5.21936	2.7389667

1495210071539	0.8523358	-5.161899	3.715801

1495210071543	0.6607997	-5.45878	4.462792

1495210071546	0.46926352	-6.4260373	5.2959743

1495210071552	0.6895301	-7.374141	5.449203

1495210071556	1.1683705	-8.580819	5.554548

1495210071560	2.1739352	-10.0748005	8.082825

1495210071569	2.633622	-11.932701	12.545617

1495210071575	2.5570073	-12.957419	12.469003

1495210071594	2.183512	-14.499286	11.281479

1495210071597	2.0111294	-15.533581	12.545617

1495210071602	0.80445176	-16.060305	13.88637

1495210071611	-1.4556746	-16.500837	12.516887

1495210071615	-3.2944214	-15.428236	9.050082

1495210071619	-3.3135753	-12.938266	8.303091

1495210071622	-2.030283	-9.959879	9.155427

1495210071625	-1.5705963	-7.3166804	9.56723

1495210071628	-1.6759412	-5.1235914	8.552089

1495210071631	-0.9576807	-3.7062242	8.485051

1495210071634	-0.4309563	-4.4915223	7.824251

1495210071636	1.733402	-7.651869	6.5505357

1495210071638	4.501099	-12.315774	7.019799

1495210071641	6.1100025	-18.157625	9.461885

1495210071644	4.2425256	-19.6133	11.731588

1495210071647	7.690176	-19.172768	0.2777274

1495210071651	12.660539	-3.4476504	-2.3463178

1495210071653	13.771448	2.5953147	-7.872135

1495210071655	11.022904	3.8786068	-7.383718

1495210071658	0.8810662	-1.3120226	-3.265691

1495210071660	-9.902418	-9.864111	-1.982399

1495210071663	-13.752295	-17.659632	-6.9048777

1495210071666	-13.292608	-19.6133	-7.326257

1495210071669	-12.325351	-19.6133	-4.462792

1495210071672	-8.542512	-19.6133	0.49799395

1495210071676	-2.8538885	-16.654066	2.0111294

1495210071679	-0.20111294	-10.208876	-1.3024458

1495210071683	3.0358477	-6.6175733	0.17238252

1495210071687	6.291962	-4.8458643	2.030283

1495210071690	7.0102224	-5.315128	2.3463178

1495210071694	6.531382	-6.445191	1.532289

1495210071698	5.8226986	-7.52737	0.7565677

1495210071701	4.405331	-8.762778	0.5650316

1495210071705	1.6280571	-10.199299	-0.33518824

1495210071708	-1.3599066	-11.683704	-0.6703765

1495210071711	-2.8634653	-12.459426	-0.8810662

