1495727230799	97.976	-47.825996	-43.0285

1495727230868	97.901	-47.825996	-43.10325

1495727230939	97.7135	-47.825996	-42.991

1495727231007	97.976006	-47.600998	-42.9535

1495727231077	97.901	-47.526	-43.028248

1495727231147	97.9385	-47.488503	-43.06575

1495727231217	97.901	-47.451	-43.178

1495727231287	97.826	-47.488503	-43.2155

1495727231357	97.901	-47.601	-43.2155

1495727231427	97.901	-47.676003	-43.177998

1495727231500	97.901	-47.751003	-43.065754

1495727231567	97.8635	-47.751003	-43.028248

1495727231637	97.751	-47.751003	-43.06575

1495727231708	97.901	-47.676003	-43.06575

1495727231777	97.9385	-47.526	-43.1405

1495727231848	97.976006	-47.601	-43.103252

1495727231917	98.0885	-47.676003	-43.02825

1495727231987	97.63875	-47.7135	-42.991

1495727232063	97.3015	-47.788498	-42.991

1495727232132	97.00175	-47.7135	-43.06575

1495727232197	97.00175	-47.451	-43.10325

1495727232269	97.0765	-47.3385	-43.178

1495727232337	97.114	-47.2635	-43.2155

1495727232407	97.33875	-47.3385	-43.140755

1495727232479	97.41375	-47.4885	-43.140755

1495727232547	97.45125	-47.600998	-43.066

1495727232617	97.751	-47.488747	-43.028503

1495727232688	97.7885	-47.3015	-43.06575

1495727232758	97.826	-47.338997	-42.9535

1495727232834	98.201	-47.264	-43.02825

1495727232899	98.238495	-47.526253	-42.990753

1495727232967	98.238495	-47.638504	-42.9535

1495727233037	97.976	-47.526	-43.02825

1495727233107	97.675995	-47.600998	-43.02825

1495727233177	97.601	-47.526	-43.06575

1495727233247	97.4135	-47.4885	-43.178

1495727233319	97.5635	-47.526	-43.2155

1495727233387	97.41375	-47.563503	-43.065746

1495727233457	97.039	-47.526	-42.991

1495727233528	97.3015	-47.6385	-42.953503

1495727233597	97.076744	-47.751	-42.953503

1495727233672	97.1515	-47.600998	-43.103256

1495727233737	97.56375	-47.751	-43.178

1495727233812	97.33875	-47.8635	-43.103256

1495727233877	97.676	-47.713497	-43.103256

1495727233952	97.976	-47.676	-43.065754

1495727234017	97.93849	-47.601	-42.991

1495727234087	98.1635	-47.376003	-43.103252

1495727234160	97.82625	-47.4135	-43.103252

1495727234227	97.78874	-47.526	-43.140755

1495727234305	97.86375	-47.451	-43.140755

1495727234367	97.56374	-47.676003	-43.06575

1495727234443	97.6385	-47.751	-42.990997

1495727234507	97.526	-47.676	-42.990997

1495727234577	97.15125	-47.601	-43.06575

1495727234650	97.33875	-47.451	-43.10325

1495727234724	97.52625	-47.338497	-43.178

1495727234788	97.45125	-47.413498	-43.1405

1495727234857	97.6385	-47.413498	-43.065754

1495727234927	97.41374	-47.676003	-42.991

1495727234998	97.526245	-47.676003	-42.953503

1495727235074	97.67625	-47.563503	-42.84125

1495727235137	97.90125	-47.7135	-42.916

1495727235211	97.78875	-47.563503	-42.99075

1495727235277	97.339	-47.563503	-42.99075

1495727235347	97.114	-47.7885	-43.02825

1495727235425	96.964005	-47.601	-42.990753

1495727235489	97.18875	-47.5635	-42.990753

1495727235563	97.526	-47.526	-43.02825

1495727235627	97.4885	-47.3385	-43.103

1495727235698	97.263756	-47.451	-43.028248

