1494363898469	-7.235145	-31.06688	29.96083

1494363898472	7.2668533	31.094059	-30.018652

1494363898478	0.0119904075	0.04143352	-0.2977618

1494363898479	0.0119904075	0.05009326	-0.30095923

1494363898498	0.010791367	0.04796163	-0.3032241

1494363898500	0.016253663	0.052358113	-0.29882762

1494363898507	0.017452704	0.049027443	-0.2977618

1494363898509	0.013056221	0.05009326	-0.29882762

1494363898542	0.002131628	0.06648015	-0.29443112

1494363898569	0.002131628	0.06648015	-0.29443112

1494363898571	-0.013056221	0.070876636	-0.27924326

1494363898577	-0.017452704	0.080602184	-0.2715161

1494363898578	-0.016253663	0.074074075	-0.25739408

1494363898579	-0.013056221	0.057687182	-0.25086597

1494363898581	0.0075939246	0.03157474	-0.2628564

1494363898601	0.035971224	-0.023980815	-0.28244072

1494363898602	0.074074075	-0.118838266	-0.32387424

1494363898608	0.12869704	-0.27258193	-0.39261925

1494363898626	0.18105516	-0.47122303	-0.5355715

1494363898632	0.196243	-0.57474023	-0.71009856

1494363898641	0.1613376	-0.45483613	-0.77990943

1494363898661	0.051159073	0.54316545	-0.05009326

1494363898708	0.051159073	0.54316545	-0.05009326

1494363898721	-0.10031974	1.5194511	0.7078337

1494363898722	-0.098054886	1.6502798	0.7013056

1494363898724	-0.14828138	1.8182787	0.6270983

1494363898725	-0.19197975	1.8914202	0.5824674

1494363898727	-0.21702638	1.8891554	0.45150545

1494363898733	-0.16786571	1.7223555	0.3610445

1494363898739	-0.111244336	1.3394618	0.4014122

1494363898755	-0.027178258	0.8649081	0.31947774

1494363898760	0.08832934	0.39475086	0.2246203

1494363898804	0.20397016	0.09046096	0.28896883

1494363898806	0.24313882	-0.087263525	0.34026113

1494363898808	0.22568612	-0.25512922	0.35877964

1494363898816	0.1449507	-0.20397016	0.38715693

1494363898817	-0.09592326	0.10578204	0.2933653

1494363898820	-0.43192112	0.66200376	0.23994137

1494363898833	-0.653344	1.1037836	0.3282707

1494363898839	-0.6041833	1.1660005	0.47442046

1494363898851	-0.3206768	0.91073805	0.5103917

1494363898945	0.45150545	0.2977618	0.6239009

1494363898948	0.8551825	-0.003197442	0.6827871

1494363898950	0.987077	-0.25952572	0.8998135

1494363898951	1.0688782	-0.86277646	1.1572076

1494363898952	1.0579536	-1.9284573	1.1397549

1494363898953	0.54209965	-2.7400746	0.84092724

1494363898977	-0.043565147	0.30095923	0.57047695

1494363898979	0.10031974	0.55302423	0.17119637

1494363898980	0.18531841	0.22248867	-0.30748734

1494363898982	0.33373302	-0.759126	-0.66746604

1494363898989	0.6510791	-1.9698907	-0.9586997

1494363899013	1.1180389	-3.1119106	-1.3089528

1494363899014	1.329603	-3.693312	-1.6350919

1494363899019	1.3481215	-3.8842258	-1.9011457

1494363899028	1.4551026	-3.8701038	-2.0102584

1494363899046	1.5630163	-3.5460966	-2.0647483

1494363899052	1.6437516	-2.8982148	-1.8870237

1494363899060	1.5630163	-2.483613	-1.6121769

1494363899082	1.5630163	-2.483613	-1.4332534

1494363899085	1.4473754	-1.2499334	-1.3546497

1494363899088	1.4244604	-1.048228	-1.1103117

1494363899100	1.4408473	-1.0034639	-0.8474554

1494363899116	1.4856116	-0.8900879	-0.6020517

1494363899119	1.467093	-0.7013056	-0.42859045

1494363899128	1.405942	-0.47775114	-0.31521448

1494363899141	1.2707168	-0.36317614	-0.2300826

1494363899156	1.1289635	-0.37183586	-0.19197975

1494363899160	1.0110579	-0.4994671	-0.20397016

1494363899170	0.84972024	-0.759126	-0.17985612

1494363899180	0.6718625	-1.0831335	-0.101385556

1494363899197	0.59992003	-1.3743671	-0.055555556

1494363899201	0.57047695	-1.6241673	-0.05009326

1494363899208	0.53663737	-1.663336	-0.018518519

1494363899226	0.492939	-1.5608846	-0.032640554

1494363899228	0.40460965	-1.3558487	-0.12216893

1494363899241	0.3272049	-1.0961897	-0.38276047

1494363899259	0.35438317	-0.9544364	-0.38276047

1494363899261	0.7155609	-0.55622166	-0.6664002

1494363899270	0.9544364	-0.5223821	-0.80815345

1494363899284	1.147482	-0.63042897	-0.95656806

1494363899288	1.2368772	-0.51372236	-0.97069013

1494363899301	1.2793765	-0.57474023	-1.0143884

1494363899308	1.2379429	-0.6510791	-1.1147082

1494363899322	1.1147082	-0.64894754	-1.1420197

1494363899328	0.91073805	-0.74380493	-1.170397

1494363899342	0.6293632	-0.88569146	-1.1867839

1494363899348	0.26059154	-0.98387957	-1.1550759

1494363899362	-0.11337597	-0.99360514	-1.0394351

1494363899368	-0.379563	-0.8900879	-0.7961631

1494363899383	-0.5518252	-0.6565414	-0.44710898

1494363899390	-0.699174	-0.44391152	-0.16466826

1494363899403	-0.86717296	-0.37623236	-0.018518519

1494363899435	-1.0841993	-0.35011992	0.117772445

1494363899439	-1.3546497	-0.2704503	0.26179057

1494363899440	-1.6841193	-0.18318678	0.41660005

1494363899443	-2.136824	-0.029443111	0.78417265

1494363899465	-2.4749534	0.035971224	1.1801226

1494363899468	-2.606981	0.42645884	1.4473754

1494363899478	-2.54583	0.7351452	1.710365

1494363899491	-2.3200107	0.9227285	1.8499867

1494363899508	-2.0844657	1.0438316	1.8073541

1494363899510	-1.9808153	1.3012257	1.6109779

1494363899526	-2.0245137	1.8651745	1.3743671

1494363899528	-2.0768719	2.5708766	1.1365575

1494363899538	-1.9589661	3.169731	0.98814285

1494363899548	-1.7310152	3.579936	0.9445777

1494363899560	-1.5760725	3.8623767	0.86384225

1494363899572	-1.5095923	4.0042634	0.74380493

1494363899578	-1.4626966	3.8581135	0.63362646

1494363899588	-1.4473754	3.4642951	0.5965894

1494363899598	-1.4343193	3.1065814	0.6478817

1494363899608	-1.4997336	2.7051692	0.7263523

1494363899619	-1.6121769	2.377831	0.7351452

1494363899628	-1.5827339	2.1990407	0.8562483

1494363899650	-1.4201971	2.1717293	1.0263789

1494363899652	-1.2707168	2.1990407	1.1878498

1494363899660	-0.8987477	2.3332002	1.3884892

1494363899668	-0.6739941	2.3332002	1.4114043

1494363899678	-0.42859045	2.136824	1.4343193

1494363899688	-0.16466826	2.0876632	1.3962164

1494363899704	0.07300826	2.0626166	1.375433

1494363899708	0.2410072	1.90008	1.3329337

1494363899719	0.379563	1.7364775	1.193312

1494363899729	0.4765521	1.5030643	1.0579536

1494363899740	0.5486278	1.2368772	0.9315215

1494363899763	0.6205702	0.90967226	0.736211

1494363899765	0.7176925	0.5584865	0.54756194

1494363899768	0.8289369	0.26392218	0.3381295

1494363899778	0.9555023	0.013056221	0.11444178

1494363899790	1.0722089	-0.13962163	-0.080602184

1494363899804	1.1441513	-0.19078071	-0.18318678

1494363899808	1.1464162	-0.08180123	-0.14614974

1494363899824	1.0623502	0.016253663	-0.07633893

1494363899828	0.8659739	0.21156408	0.016253663

1494363899838	0.4765521	0.69038105	0.10578204

1494363899848	-0.046895817	1.1790568	0.16906475

1494363899859	-0.7013056	1.0852652	0.4351186

1494363899868	-0.65880626	0.7492673	0.46243006

1494363899878	-0.43951505	0.6510791	0.44937384

1494363899889	-0.12536637	0.6739941	0.46789235

1494363899919	0.15707435	0.6522782	0.47548628

1494363899922	0.36317614	0.46349588	0.47988275

1494363899925	0.4820144	0.02504663	0.44284573

1494363899929	0.47548628	-0.6108447	0.34359178

1494363899954	0.29443112	-1.2412736	0.20503597

1494363899956	-0.11337597	-1.5684786	0.042499334

1494363899959	-0.6981082	-1.1594725	-0.09592326

1494363899968	-0.8747668	-0.12536637	-0.093791634

1494363899978	-0.57474023	0.5496936	-0.008659739

1494363899998	-0.20277111	0.4765521	-0.13082866

1494363900000	0.16573408	0.033706367	-0.2813749

1494363900009	0.4014122	-0.6293632	-0.36863843

1494363900018	0.7307487	-1.5226486	-0.44710898

1494363900030	1.2402078	-2.4280577	-0.57593924

1494363900049	1.6197709	-2.9810817	-0.78310686

1494363900051	1.885958	-3.175193	-1.1605382

1494363900060	2.0190513	-2.9669597	-1.2467359

1494363900068	2.172795	-2.666933	-1.3220091

1494363900078	2.1957102	-2.256728	-1.4038103

1494363900098	2.081135	-1.7888356	-1.4311218

1494363900100	1.9535038	-1.3798295	-1.4965361

1494363900108	1.8204104	-0.88236076	-1.5335732

1494363900121	1.7124966	-0.34572342	-1.4681588

1494363900128	1.7200906	0.002131628	-1.3165468

1494363900138	1.7801758	0.24207301	-1.1975753

1494363900155	1.8292032	0.41007194	-1.1518785

1494363900160	1.9349854	0.54636294	-1.0798029

1494363900168	2.0190513	0.7864375	-0.95656806

1494363900178	2.0266454	0.9969358	-0.87370104

1494363900188	1.9568346	0.9544364	-0.8714362

1494363900205	1.8565148	0.767919	-0.94351184

1494363900208	1.7517985	0.39808154	-1.0198507

1494363900219	1.655742	-0.016253663	-0.9521716

1494363900228	1.5739409	-0.39914736	-0.91406876

1494363900238	1.4660271	-0.6882494	-0.89661604

1494363900249	1.338396	-0.8551825	-0.8987477

1494363900265	1.2227551	-1.1626699	-0.9260591

1494363900268	1.2499334	-1.1735945	-0.9172662

1494363900278	1.2816414	-1.092859	-0.918332

1494363900289	1.2915001	-0.9521716	-0.9696243

1494363900298	1.2641886	-0.7853717	-1.0263789

1494363900309	1.1943778	-0.7046363	-1.115774

1494363900319	1.0394351	-0.57047695	-1.1670663

1494363900328	0.85078603	-0.39701572	-1.1223022

1494363900340	0.598721	-0.1558753	-0.9784173

1494363900349	0.402478	0.033706367	-0.7689848

1494363900360	0.22142287	0.16027178	-0.54209965

1494363900369	0.02824407	0.22795098	-0.34239274

1494363900378	-0.17665868	0.2136957	-0.21702638

1494363900390	-0.38822275	0.19411138	-0.15267786

1494363900408	-0.6270983	0.19957368	-0.08286704

1494363900410	-0.8758327	0.24860112	0.07847056

1494363900419	-1.1180389	0.33693045	0.29443112

1494363900429	-1.3764988	0.50173193	0.54316545

1494363900451	-1.6525446	0.6739941	0.8333333

1494363900453	-1.9305888	0.8987477	1.1561418

1494363900460	-2.0636823	1.3928857	1.8172129

1494363900468	-2.2371435	1.4637623	1.9732214

1494363900478	-2.5109246	1.3394618	1.9818811

1494363900488	-2.6298962	1.0110579	1.9547029

1494363900498	-2.4575007	0.6522782	1.8248068

1494363900512	-2.1957102	0.3784972	1.6153743

1494363900518	-1.9622968	0.38502532	1.4616307

1494363900528	-1.6971756	0.77005064	1.4201971

1494363900538	-1.5586197	1.2881695	1.3503864

1494363900549	-1.6502798	1.6241673	1.375433

1494363900559	-1.7528644	2.0985878	1.5314416

1494363900568	-1.823741	2.3669064	1.6350919

1494363900579	-1.8651745	2.0527577	1.68745

1494363900589	-1.8106848	1.4223288	1.7440714

1494363900614	-1.6851852	0.93911535	1.7724487

1494363900616	-1.5707434	0.515854	1.7299494

1494363900618	-1.4419131	0.59445775	1.5466293

1494363900628	-1.435385	1.0688782	1.2532641

1494363900638	-1.3306688	1.6023182	1.0362377

1494363900648	-1.0798029	2.1378896	0.94897413

1494363900661	-0.5452971	2.562217	0.8028244

1494363900668	-0.3042899	2.6734612	0.8387956

1494363900678	-0.1329603	2.576339	0.8932854

1494363900689	-0.015187849	2.4192646	0.895417

1494363900698	0.083932854	2.2295496	0.8758327

1494363900723	0.15480949	2.0157208	0.8518519

1494363900727	0.18864909	1.8750333	0.80708766

1494363900729	0.2017053	1.7909672	0.7536637

1494363900738	0.1897149	1.68745	0.69584334

1494363900748	0.17013057	1.580469	0.6195044

1494363900760	0.1897149	1.3481215	0.55622166

1494363900769	0.24860112	0.98387957	0.47228885

1494363900778	0.33373302	0.54756194	0.47775114

1494363900796	0.39914736	0.052358113	0.5736744

1494363900798	0.47335464	-0.40900612	0.6270983

1494363900808	0.5038636	-0.67732483	0.64894754

1494363900818	0.46682653	-0.69144684	0.57474023

1494363900828	0.3675726	-0.42419398	0.53663737

1494363900838	0.15161204	0.043565147	0.34785506

1494363900858	-0.098054886	0.68172127	0.31734613

1494363900860	-0.15267786	1.0831335	0.28030908

1494363900868	0.05009326	0.80602187	0.25739408

1494363900878	0.24860112	0.52464694	0.25512922

1494363900888	0.35331735	0.3784972	0.2977618

1494363900898	0.40460965	0.2868372	0.40794033

1494363900909	0.54756194	-0.03810285	0.5638156

1494363900918	0.6064482	-0.5638156	0.67732483

1494363900935	0.12976286	-1.1975753	0.66320276

1494363900939	-0.4886757	-1.6971756	0.74273914

1494363900948	-0.50932586	-1.1037836	0.7907008

1494363900959	0.09259259	-0.7122302	0.6947775

1494363900969	0.41446844	-0.51918465	0.42206234

1494363900979	0.35438317	-0.29443112	-0.09698907

1494363900998	0.34359178	-0.9445777	-0.9347189

1494363901009	0.7918998	-1.9698907	-1.1975753

1494363901019	1.2227551	-2.865441	-1.4376498

1494363901029	1.3481215	-3.306155	-1.7440714

1494363901059	1.3426592	-3.5231814	-1.9633627

1494363901060	1.5968559	-3.4621637	-2.0026646

1494363901061	1.7398082	-3.3006928	-1.8477218

1494363901068	1.7168932	-2.9669597	-1.5684786

1494363901078	1.6176392	-2.6276312	-1.3699707

1494363901091	1.4070077	-2.3332002	-1.3012257

1494363901098	1.1987743	-1.9535038	-1.2347455

1494363901108	1.1572076	-1.6273648	-1.0612843

1494363901118	1.2095656	-1.4725553	-0.83546495

1494363901128	1.3176125	-1.4942713	-0.69144684

1494363901149	1.3710365	-1.5325073	-0.6500133

1494363901151	1.405942	-1.4277911	-0.6510791

1494363901160	1.3787637	-1.2565948	-0.6468159

1494363901168	1.2936318	-1.0766054	-0.6577405

1494363901180	1.2128963	-0.8649081	-0.676259

1494363901189	1.1277645	-0.7111644	-0.7330136

1494363901199	1.0688782	-0.70889956	-0.8148148

1494363901214	1.0503597	-0.90527576	-0.8703704

1494363901218	1.0568879	-1.1855849	-0.87263525

1494363901228	1.0503597	-1.4583	-0.84425795

1494363901238	1.0362377	-1.7278178	-0.85078603

1494363901248	1.0808686	-1.9666933	-0.84972024

1494363901260	1.0820677	-1.8499867	-0.84092724

1494363901269	1.1103117	-1.6502798	-0.9118039

1494363901294	1.147482	-1.4277911	-1.0253131

1494363901297	1.1867839	-1.2412736	-1.1561418

1494363901300	1.1878498	-0.9816147	-1.1965095

1494363901308	1.1561418	-0.76019186	-1.1660005

1494363901319	1.0318412	-0.5572875	-1.0285106

1494363901328	0.8474554	-0.42859045	-0.83986145

1494363901354	0.5770051	-0.28030908	-0.6282974

1494363901357	0.264988	-0.26179057	-0.45483613

1494363901360	0.008659739	-0.38502532	-0.44058087

1494363901369	-0.2519318	-0.2246203	-0.3610445

1494363901378	-0.43951505	-0.27258193	-0.2977618

1494363901395	-0.6468159	-0.31294963	-0.15374367

1494363901398	-0.8365308	-0.31081802	0.077404745

1494363901408	-1.0023981	-0.29882762	0.37623236

1494363901419	-1.2467359	-0.21596056	0.7263523

1494363901428	-1.5291767	-0.09592326	1.1310952

1494363901438	-1.7669864	0.08499867	1.5314416

1494363901449	-2.096456	0.41446844	2.081135

1494363901459	-2.3200107	0.4351186	2.2001066

1494363901470	-2.5937917	0.47988275	2.242606

1494363901479	-2.7847056	0.33160138	2.1608047

1494363901489	-2.7640555	-0.080602184	1.9480416

1494363901520	-2.5655475	-0.27804422	1.68745

1494363901523	-2.2164934	0.111244336	1.5030643

1494363901526	-1.8411937	0.9227285	1.3852918

1494363901530	-1.6742606	1.7964295	1.3710365

1494363901539	-1.8270717	2.180389	1.490008

1494363901548	-2.1302958	1.7877698	1.6502798

1494363901562	-2.2447376	1.1584066	1.777911

1494363901568	-2.1618705	0.5812683	1.7288835

1494363901578	-2.0201173	0.22568612	1.5074607

1494363901588	-1.8607781	0.31294963	1.337197

1494363901601	-1.7474021	0.77990943	1.116973

1494363901608	-1.6797229	1.3209432	0.8779643

1494363901618	-1.5979216	1.5760725	0.6434852

1494363901628	-1.3852918	1.732081	0.49840128

1494363901638	-1.0841993	1.7680522	0.40674126

1494363901648	-0.6369571	1.655742	0.43298694

1494363901659	-0.5038636	1.5652812	0.4940048

1494363901668	-0.402478	1.4942713	0.5911271

1494363901689	-0.3042899	1.3165468	0.653344

1494363901690	-0.17665868	1.0766054	0.6937117

1494363901698	-0.04796163	0.8377298	0.71436185

1494363901708	0.06314948	0.6926459	0.7078337

1494363902000	0.14721556	0.6522782	0.69038105

1494363902009	0.20397016	0.59339195	0.6249667

1494363902019	0.2933653	0.49187317	0.50932586

1494363902029	0.40460965	0.38715693	0.5496936

1494363902040	0.5921929	0.11444178	0.5496936

1494363902049	0.84532374	-0.27258193	0.5551559

1494363902091	1.0917932	-0.67732483	0.5911271

1494363902093	1.2957634	-1.0045297	0.57047695

1494363902094	1.4015454	-1.0983213	0.53663737

1494363902095	1.2793765	-0.85078603	0.5169198

1494363902101	0.8703704	-0.3326672	0.37516654

1494363902110	0.3097522	0.28896883	0.3391953

1494363902120	-0.13082866	0.927125	0.39808154

1494363902137	-0.264988	1.0154543	0.30642152

1494363902139	-0.24313882	0.7853717	0.22795098

1494363902151	-0.25406343	0.50066614	0.18864909

1494363902174	-0.19197975	0.2529976	0.16906475

1494363902176	-0.05009326	0.022781774	0.15920597

1494363902179	-0.3042899	-0.24966693	0.27378097

1494363902189	-0.8779643	-0.79842794	0.51918465

1494363902199	-1.0350386	-1.1223022	0.81588066

1494363902210	-0.28030908	-1.3764988	0.7875033

1494363902226	0.46349588	-1.3733014	0.6108447

1494363902229	0.5627498	-1.0427657	0.1449507

1494363902241	0.35011992	-0.7635225	-0.5071942

1494363902249	0.34359178	-0.9118039	-1.0045297

1494363902259	0.71982414	-1.7757794	-1.3503864

1494363902270	1.1147082	-2.6658673	-1.6622702

1494363902280	1.2641886	-3.276712	-1.9360511

1494363902290	1.2402078	-3.5471623	-1.9666933

1494363902300	1.2095656	-3.6442845	-1.8826272

1494363902310	1.2499334	-3.695577	-1.7299494

1494363902343	1.2565948	-3.359579	-1.1769252

1494363902348	1.1452172	-3.4773514	-1.064615

1494363902351	1.0055956	-2.9417799	-1.0972556

1494363902354	0.9816147	-2.332001	-1.1235012

1494363902360	1.0896616	-2.0920596	-1.069944

1494363902369	1.2292832	-2.0167866	-0.98494536

1494363902381	1.3764988	-1.8510525	-0.89661604

1494363902389	1.4768186	-1.6590728	-0.8365308

1494363902399	1.4660271	-1.5434319	-0.8365308

1494363902409	1.4027444	-1.4507061	-0.8419931

1494363902419	1.3317347	-1.2980282	-0.8518519

1494363902429	1.2696509	-1.1235012	-0.8234745

1494363902441	1.1693312	-1.0045297	-0.81801224

1494363902449	1.0285106	-1.0230483	-0.80602187

1494363902459	0.8932854	-1.2259526	-0.8834266

1494363902469	0.804956	-1.488809	-0.987077

1494363902484	0.6969091	-1.6841193	-1.0536904

1494363902489	0.5900613	-1.7244871	-1.0568879

1494363902499	0.5301092	-1.664535	-1.0274447

1494363902510	0.6151079	-1.6536105	-1.1071143

1494363902519	0.6926459	-1.609912	-1.147482

1494363902529	0.7721822	-1.3045564	-1.1626699

1494363902541	0.82240874	-1.1518785	-1.1485479

1494363902549	0.8562483	-1.0165201	-1.0623502

1494363902559	0.87370104	-0.9063416	-0.93698376

1494363902576	0.8562483	-0.81801224	-0.767919

1494363902579	0.79842794	-0.7208899	-0.52464694

1494363902589	0.5921929	-0.35877964	-0.31294963

1494363902600	0.31947774	0.02504663	-0.29229948

1494363902609	0.15374367	0.08606448	-0.43844923

1494363902619	0.053423926	0.22355449	-0.53330666

1494363902643	-0.0075939246	0.38715693	-0.5682121

1494363902645	-0.044630963	0.2693845	-0.6140421

1494363902649	-0.1787903	0.14068745	-0.5343725

1494363902659	-0.3228084	0.06314948	-0.2715161

1494363902669	-0.45803356	-0.14614974	-0.034905408

1494363902679	-0.6794564	-0.3097522	0.127498

1494363902689	-1.0023981	-0.29669598	0.39368504

1494363902699	-1.3100187	-0.2912337	0.7057021

1494363902709	-1.5718092	-0.16573408	1.6437516

1494363902740	-1.9906741	0.111244336	1.6306955

1494363902743	-2.180389	0.24966693	1.7855049

1494363902746	-2.3887556	0.36211032	1.922995

1494363902751	-2.6298962	0.48321342	2.0157208

1494363902759	-2.818545	0.5311751	1.982947

1494363902778	-2.834932	0.30095923	1.877165

1494363902779	-2.5872636	0.101385556	1.7156941

1494363902789	-2.2011724	0.36970425	1.5520917

1494363902799	-1.8302691	1.0873967	1.405942

1494363902809	-1.6961098	1.6982414	1.2761791

1494363902819	-1.915401	1.6687983	1.3655742

1494363902829	-2.1957102	1.36664	1.5478284

1494363902840	-2.3517187	0.964162	1.5968559

1494363902849	-2.3658407	0.4886757	1.421263

1494363902859	-2.232747	0.4308553	1.1693312

1494363902877	-2.0714095	0.827871	0.94244605

1494363902880	-1.9764189	1.2511324	0.79949373

1494363902889	-1.915401	1.4528377	0.6009859

1494363902900	-1.7627232	1.6525446	0.46576074

1494363902909	-1.5554223	1.7463362	0.36211032

1494363902919	-1.2063682	1.5989875	0.3610445

1494363902935	-1.0471623	1.5019984	0.40354383

1494363902941	-0.941247	1.3863575	0.47881696

1494363902949	-0.8779643	1.216227	0.5442313

1494363902960	-0.7776446	1.0579536	0.6096456

1494363902969	-0.6577405	0.95656806	0.63482547

1494363902979	-0.54209965	0.9477751	0.6270983

1494363902989	-0.43844923	0.96642685	0.5911271

1494363903001	-0.33693045	0.93911535	0.5038636

1494363903032	-0.22248867	0.8234745	0.3784972

1494363903034	-0.1329603	0.68491876	0.3446576

1494363903038	-0.0075939246	0.49187317	0.3206768

1494363903041	0.22901678	0.16786571	0.28896883

1494363903050	0.5169198	-0.20063949	0.25086597

1494363903059	0.81801224	-0.60751396	0.11337597

1494363903073	1.0754063	-0.77111644	0.16786571

1494363903079	1.1910472	-0.80602187	0.2704503

1494363903089	1.1452172	-0.8430589	0.2693845

1494363903099	0.94351184	-0.75153214	0.24966693

1494363903109	0.034905408	-0.51265657	0.23554489

1494363903126	-0.052358113	0.15161204	0.19730882

1494363903129	-0.1449507	0.4188649	0.16360246

1494363903141	-0.08832934	0.5213163	0.13522515

1494363903149	0.057687182	0.43844923	0.11444178

1494363903159	0.23447908	0.3162803	0.08180123

1494363903170	0.42539302	0.2126299	0.020650147

1494363903180	0.59765524	0.10684785	-0.070876636

1494363903209	0.7296829	-0.018518519	-0.14828138

1494363903212	0.84638953	-0.27378097	-0.19850786

1494363903222	0.91953105	-0.73834264	-0.21702638

1494363903225	0.8617106	-1.3165468	-0.15374367

1494363903230	0.43844923	-1.7659206	0.062083665

1494363903241	-0.12216893	-2.0527577	0.196243

1494363903249	-0.26605383	-1.664535	0.35664803

1494363903261	-0.053423926	-1.0623502	0.6500133

1494363903269	0.08180123	-0.78417265	0.6937117

1494363903279	0.070876636	-0.6282974	0.36317614

1494363903290	0.10578204	-0.8430589	-0.07847056

1494363903299	0.25739408	-1.383027	-0.47775114

1494363903309	0.7961631	-1.9938716	-1.0133227

1494363903320	0.972955	-2.6919796	-1.2881695

1494363903352	1.0579536	-2.6822543	-1.490008

1494363903356	1.1910472	-2.651612	-1.5794032

1494363903359	1.3721023	-2.736744	-1.6164402

1494363903373	1.4725553	-2.750866	-1.6231015

1494363903377	1.451772	-2.667999	-1.5947242

1494363903380	1.3535838	-2.614575	-1.4397815

