1496042881339	0.603	-0.919	11.751

1496042881348	-0.287	-1.455	10.448

1496042881358	1.561	-0.89	9.72

1496042881372	1.024	-1.072	10.889

1496042881379	0.306	-1.149	9.385

1496042881390	0.201	-0.881	8.504

1496042881397	0.114	-1.647	10.601

1496042881407	0.948	-1.79	12.134

1496042881418	0.861	-0.957	10.745

1496042881428	-0.21	-1.79	11.961

1496042881438	0.948	-1.503	12.268

1496042881448	0.354	-1.637	11.923

1496042881457	0.881	-1.666	11.272

1496042881469	0.114	-0.814	11.042

1496042881480	0.392	-0.191	9.672

1496042881488	0.976	-0.89	10.17

1496042881497	-0.44	-2.317	11.415

1496042881508	0.45	-2.403	13.321

1496042881517	1.149	-2.02	14.585

1496042881528	1.015	-1.771	12.651

1496042881539	1.886	0.459	7.307

1496042881548	-0.823	0.459	8.035

1496042881557	0.21	-0.814	9.701

1496042881568	-0.842	-2.691	11.205

1496042881578	0.277	-1.781	12.392

1496042881588	2.423	-0.641	9.519

1496042881597	1.752	-0.363	8.743

1496042881607	0.45	-0.823	9.739

1496042881617	-0.028	-0.21	7.652

1496042881629	0.105	-0.43	8.906

1496042881653	-0.249	-0.555	8.82

1496042881659	1.379	-0.593	6.876

1496042881690	1.245	-0.842	9.998

1496042881691	0.162	-1.321	9.318

1496042881692	0.488	-0.258	7.01

1496042881697	0.287	-0.708	8.858

1496042881709	-0.574	-0.641	8.552

1496042881717	-0.181	0.498	8.552

1496042881728	0.526	-0.162	8.619

1496042881739	1.149	-1.379	10.295

1496042881748	0.076	-0.114	7.814

1496042881757	0.057	-0.114	8.782

1496042881769	-0.181	-0.785	8.638

1496042881778	0.565	-0.344	9.088

1496042881788	0.679	-0.21	10.927

1496042881798	0.823	-0.67	9.73

1496042881808	-0.21	-0.833	8.935

1496042881817	0.134	-1.043	9.567

1496042881827	0.095	-2.001	10.621

1496042881838	0.996	-1.254	10.276

1496042881848	0.689	-0.909	11.77

1496042881857	0.22	-1.254	10.592

1496042881868	1.168	-1.168	10.18

1496042881879	0.411	-1.541	11.119

1496042881892	0.153	-2.001	10.237

1496042881898	1.608	-1.685	10.803

1496042881911	-0.258	-2.26	10.659

1496042881918	0.852	-1.953	10.85

1496042881928	0.814	-1.465	10.343

1496042881940	0.996	-1.905	11.866

1496042881959	0.89	-2.298	9.979

1496042881970	0.919	-2.413	11.626

1496042881978	0.89	-1.867	10.257

1496042881988	0.162	-1.513	9.241

1496042881998	1.043	-1.541	11.885

1496042882010	0.536	-1.264	10.084

1496042882024	1.484	-0.976	11.166

1496042882027	-0.249	-1.369	9.27

1496042882040	0.325	-0.852	8.686

1496042882048	0.871	-1.426	9.28

1496042882057	0.718	-1.522	11.08

1496042882070	0.086	-0.919	8.887

1496042882078	0.89	-0.459	10.266

1496042882090	0.009	-0.459	10.984

1496042882097	0.411	-0.316	9.404

1496042882107	0.181	0.019	9.854

1496042882117	1.149	-0.172	10.237

1496042882127	0.162	-0.747	9.787

1496042882138	0.172	-1.13	8.475

1496042882147	0.277	-0.718	9.893

1496042882158	0.478	-0.287	9.28

1496042882168	1.206	-0.565	8.964

1496042882178	1.273	-0.421	9.347

1496042882189	-0.114	0.287	8.198

1496042882208	0.153	-0.287	10.036

1496042882217	1.379	-0.498	10.237

1496042882229	0.804	-0.287	9.222

1496042882250	-0.172	-0.325	7.182

1496042882258	0.545	-1.005	8.964

1496042882270	1.101	-0.996	8.236

1496042882278	0.201	-0.737	10.161

1496042882287	0.143	-0.938	9.701

1496042882297	0.804	-0.928	8.648

1496042882307	0.593	-0.67	8.092

1496042882317	0.478	-1.082	8.992

1496042882336	0.402	-1.599	8.265

1496042882339	0.574	-1.082	8.763

1496042882348	0.507	-1.599	9.28

1496042882358	-0.028	-1.235	8.676

1496042882369	1.158	-1.12	9.893

1496042882378	-0.162	-1.58	9.385

1496042882388	-0.086	-1.331	10.87

1496042882397	1.053	-1.245	7.996

1496042882415	0.957	-2.049	8.504

1496042882418	0.89	-1.312	6.273

1496042882428	-0.814	-2.47	7.518

1496042882438	0.651	-1.666	11.473

1496042882447	1.465	-1.379	10.352

1496042882457	0.009	-1.743	11.147

1496042882468	1.57	-0.976	9.95

1496042882478	-0.976	-1.8	9.04

1496042882491	-0.124	-2.423	8.619

1496042882498	0.718	-1.857	9.653

1496042882509	-0.517	-2.135	8.715

1496042882518	1.235	-1.388	9.404

1496042882528	0.708	-1.216	11.463

1496042882538	-0.881	-1.905	9.941

1496042882547	1.714	-1.292	10.85

1496042882557	1.043	-1.292	12.613

1496042882569	-0.986	-1.867	9.261

1496042882578	0.842	-0.229	12.45

1496042882589	1.091	-1.063	10.764

1496042882597	-0.325	-1.513	10.745

1496042882607	1.513	-0.814	11.789

1496042882617	0.775	-0.919	11.023

1496042882627	1.312	-1.158	10.151

1496042882638	-0.067	-1.13	10.199

1496042882648	-0.296	-1.245	10.199

1496042882657	0.823	-0.823	12.191

1496042882669	0.076	-0.986	12.344

1496042882679	0.411	-0.928	10.87

1496042882694	1.465	-1.532	9.95

1496042882699	-0.153	-2.202	10.764

1496042882709	-0.095	-1.915	9.299

1496042882722	0.392	-0.794	12.689

1496042882728	0.268	-1.532	13.187

1496042882741	0.603	-0.948	13.724

1496042882747	0.612	-1.034	12.747

1496042882757	-0.679	-2.25	12.89

1496042882768	1.905	-1.925	11.463

1496042882778	1.034	-0.44	7.182

1496042882791	0.909	-0.574	6.32

1496042882797	0.9	-1.513	10.18

1496042882808	0.976	-1.532	9.634

1496042882817	-0.833	-3.361	12.44

1496042882827	1.177	-1.417	12.823

1496042882838	2.03	-0.957	11.588

1496042882848	2.087	-1.015	10.688

1496042882858	-1.292	-0.804	7.929

1496042882869	0.708	-1.34	6.732

1496042882878	-0.249	-1.417	6.732

1496042882891	1.407	-2.068	7.891

1496042882898	2.413	-2.097	10.965

1496042882916	0.287	-0.89	9.682

1496042882918	-2.039	-1.225	8.839

1496042882929	1.446	-1.407	9.366

1496042882939	1.359	-0.67	7.489

1496042882948	-0.766	-0.957	9.577

1496042882958	-0.153	-1.312	9.567

1496042882969	-0.172	-1.58	8.466

1496042882978	0.459	-1.35	7.814

1496042882988	0.66	-1.666	8.456

1496042882997	1.426	-1.369	6.761

1496042883007	0.363	-0.45	9.51

1496042883017	-0.727	-0.574	10.697

1496042883027	-1.101	-0.967	8.456

1496042883039	0.737	0.0	9.05

1496042883048	1.57	-0.785	10.85

1496042883058	-0.641	-0.919	8.945

1496042883068	0.43	-1.005	9.557

1496042883078	-0.507	-1.312	9.988

1496042883090	0.201	-0.574	9.222

1496042883098	0.201	-0.574	11.607

1496042883108	0.612	-0.9	9.443

1496042883118	0.44	-0.823	9.471

1496042883128	-0.086	-1.551	11.272

1496042883139	0.996	-0.737	10.927

1496042883147	-0.249	-0.785	10.065

1496042883157	0.086	-1.149	11.195

1496042883169	0.948	-1.273	11.109

1496042883178	0.718	-1.206	10.257

1496042883188	0.0	-1.561	11.674

1496042883197	-0.019	-1.513	9.768

1496042883208	0.162	-1.944	10.64

1496042883218	1.455	-1.455	11.415

1496042883227	0.114	-1.752	11.617

1496042883238	0.612	-1.714	11.866

1496042883248	0.0	-1.628	11.923

1496042883257	0.622	-0.909	12.411

1496042883269	1.13	-1.608	11.444

1496042883279	-0.536	-2.135	9.72

1496042883291	-0.21	-2.509	10.544

1496042883309	-0.134	-2.375	12.383

1496042883328	1.11	-0.909	10.285

1496042883330	0.45	-0.967	12.134

1496042883341	0.928	-2.269	12.0

1496042883347	-0.22	-2.308	9.845

1496042883357	0.593	-1.494	11.703

1496042883368	0.181	-1.465	9.577

1496042883378	0.823	-0.928	10.467

1496042883390	0.555	-1.072	11.492

1496042883397	0.679	-0.948	8.514

1496042883409	0.747	-1.331	9.031

1496042883417	0.335	-2.442	11.703

1496042883427	-0.507	-2.059	10.113

1496042883439	0.478	-1.302	11.396

1496042883447	0.976	-0.469	9.012

1496042883457	1.407	0.249	8.724

1496042883475	0.086	-0.526	9.28

1496042883478	0.363	-0.296	10.956

1496042883489	-0.306	-0.708	8.858

1496042883497	0.162	-0.21	7.814

1496042883508	1.474	-1.417	8.351

1496042883517	1.541	-0.651	8.14

1496042883527	1.35	-0.287	8.14

1496042883538	-0.641	-0.67	8.332

1496042883548	-0.641	-0.852	10.218

1496042883558	1.005	-0.536	9.012

1496042883570	0.373	-0.526	8.006

1496042883578	0.038	-0.545	7.69

1496042883589	-0.143	-0.967	9.213

1496042883598	0.019	-1.149	8.255

1496042883608	-0.172	-1.34	7.575

1496042883618	0.067	-1.082	8.284

1496042883627	1.158	-0.143	9.893

1496042883639	-0.67	-1.12	10.544

1496042883648	0.067	-0.718	8.542

1496042883659	0.095	-1.158	10.017

1496042883668	0.392	-1.13	9.155

1496042883678	0.871	-1.34	9.222

1496042883690	-0.325	-1.072	9.27

1496042883697	-0.689	-1.264	10.161

1496042883707	0.316	-0.574	9.203

1496042883717	0.325	-1.312	10.343

1496042883727	0.191	-0.555	10.611

1496042883738	-0.162	-1.101	9.51

1496042883748	-0.478	-0.804	8.734

1496042883758	-0.526	-1.043	10.534

1496042883769	-0.124	-1.225	9.692

1496042883778	-0.852	-0.718	9.692

1496042883789	-0.229	-1.197	9.567

1496042883798	-0.191	-0.43	10.515

1496042883807	-0.191	-0.996	9.49

1496042883817	-0.651	-1.743	7.939

1496042883827	-1.139	-2.059	9.95

1496042883839	-0.316	-2.231	9.385

1496042883848	-0.612	-1.877	9.376

1496042883858	0.498	-1.982	10.745

1496042883869	-1.407	-2.193	10.142

1496042883878	-0.775	-1.656	8.801

1496042883889	-0.699	-1.867	10.056

1496042883898	-2.049	-2.269	8.456

1496042883908	-1.273	-2.231	8.954

1496042883918	-0.143	-1.551	10.85

1496042883929	-1.877	-2.174	9.012

1496042883940	-2.02	-1.934	9.031

1496042883948	-1.532	-2.049	9.653

1496042883957	-1.005	-1.743	9.749

1496042883968	-1.944	-1.091	10.486

1496042883978	-1.417	-1.053	10.295

1496042883990	-1.264	-1.015	10.228

1496042883998	-1.264	-1.015	10.688

1496042884008	-1.177	-0.775	9.194

1496042884019	-2.499	-0.162	10.544

1496042884028	-1.168	-0.545	9.644

1496042884038	-1.589	-1.043	9.567

1496042884047	-1.187	-0.306	10.621

1496042884057	-1.015	0.114	8.59

1496042884069	-5.65	-0.028	11.703

1496042884078	-0.239	-0.555	12.306

1496042884095	0.229	-0.268	11.511

1496042884103	-2.921	-0.478	10.486

1496042884108	-3.074	-0.507	9.845

1496042884117	-2.403	-0.43	7.518

1496042884128	-1.867	-1.053	11.722

1496042884138	-1.925	0.086	10.592

1496042884148	-4.788	-0.507	9.51

1496042884157	2.346	-0.823	13.867

1496042884169	-2.7	-1.321	11.004

1496042884188	-2.949	-0.612	9.471

1496042884191	-1.503	-0.747	7.518

1496042884209	-1.139	-0.833	12.766

1496042884217	-3.227	-1.024	8.504

1496042884227	-1.561	-1.34	11.119

1496042884240	-2.528	-2.001	10.908

1496042884247	-2.097	-0.679	9.5

1496042884257	-1.896	-0.928	10.879

1496042884268	-1.561	-0.833	9.625

1496042884279	-2.384	-0.948	9.864

1496042884289	-1.532	-0.909	9.49

1496042884297	-2.011	-1.656	10.486

1496042884307	-2.078	-0.9	9.672

1496042884317	-2.585	-1.254	10.161

1496042884328	-1.235	-1.685	9.27

1496042884341	-2.154	-1.426	10.803

1496042884347	-2.174	-0.373	9.452

1496042884358	-2.327	-1.618	11.233

1496042884370	-1.34	-0.794	10.879

1496042884379	-3.141	-0.871	9.328

1496042884394	-1.532	-1.264	9.423

1496042884407	-1.426	-1.331	11.492

1496042884417	-2.537	-1.436	10.496

1496042884427	-2.212	-1.043	10.889

1496042884439	-2.585	-1.043	10.86

1496042884447	-2.585	-1.043	9.519

1496042884465	-2.451	-0.823	12.507

1496042884470	-1.944	-0.852	9.644

1496042884478	-0.967	-1.168	12.21

1496042884488	-2.346	-1.072	9.232

1496042884497	-2.135	-0.574	10.333

1496042884508	-0.852	-0.938	9.998

1496042884517	-2.221	-1.618	10.544

1496042884527	-1.379	-0.287	9.644

1496042884540	-1.934	-1.091	10.649

1496042884548	-1.426	-0.708	8.657

1496042884558	-1.819	-0.679	9.835

1496042884568	-2.049	-1.254	9.921

1496042884578	-1.398	-1.398	9.423

1496042884588	-2.116	-0.622	9.941

1496042884597	-1.896	-1.35	10.094

1496042884607	-1.359	-0.679	8.82

1496042884625	-2.269	-0.43	9.548

1496042884628	-1.896	-0.823	8.81

1496042884639	-2.126	-0.986	9.232

1496042884648	-2.126	-0.737	9.232

1496042884658	-2.059	-0.498	8.743

1496042884669	-1.331	-0.469	8.265

1496042884678	-3.246	-0.469	10.678

1496042884688	-1.369	-0.66	9.107

1496042884705	-1.072	-0.478	9.988

1496042884708	-2.384	-0.363	9.155

1496042884718	-2.308	-0.507	8.945

1496042884727	-1.676	0.172	8.226

1496042884739	-1.436	0.335	8.887

1496042884748	-2.394	-1.072	8.159

1496042884758	-1.474	-1.589	7.939

1496042884770	-2.355	-1.082	9.366

1496042884779	-1.561	-0.833	11.31

1496042884794	-1.953	-0.593	9.701

1496042884808	-1.503	-0.622	9.184

1496042884817	-1.79	-0.603	8.236

1496042884827	-0.823	-1.015	9.931

1496042884841	-2.384	-1.963	8.447

1496042884858	-1.676	-1.676	10.056

1496042884868	-0.737	-1.177	9.021

1496042884878	-1.896	-1.762	11.406

1496042884890	-1.972	-2.087	11.013

1496042884898	-1.972	-2.087	10.601

1496042884908	-1.024	-1.972	9.423

1496042884924	-1.283	-1.417	10.161

1496042884932	-0.43	-1.369	10.19

1496042884939	-1.005	-2.106	9.711

1496042884951	-0.296	-2.336	11.214

1496042884958	-0.852	-2.202	9.328

1496042884970	-0.852	-2.097	11.023

1496042884977	-0.076	-1.762	9.921

1496042884988	-0.651	-0.785	10.314

1496042884998	-1.896	-0.727	10.841

1496042885008	1.417	-1.235	10.467

1496042885017	-0.335	-1.11	10.563

1496042885027	-2.011	-1.685	8.791

1496042885038	0.047	-1.206	9.682

1496042885048	-0.114	-1.407	10.381

1496042885057	-1.312	-0.996	10.19

1496042885069	-1.063	-1.474	9.979

1496042885079	0.842	-0.986	11.205

1496042885095	-0.794	-0.881	9.768

1496042885109	-0.459	-0.536	8.83

1496042885127	0.086	-0.833	9.481

1496042885129	-0.775	-1.57	8.763

1496042885145	0.019	-1.484	10.649

1496042885147	-0.354	-1.312	10.841

1496042885158	0.373	-1.139	8.571

1496042885168	0.239	-1.666	8.293

1496042885179	0.344	-1.235	8.791

1496042885190	0.0	-1.8	8.38

1496042885198	0.45	-2.059	9.27

1496042885207	0.316	-1.379	8.676

1496042885217	-0.239	-1.704	9.127

1496042885227	0.143	-1.733	7.106

1496042885238	0.881	-1.838	9.136

1496042885247	0.402	-1.905	9.222

1496042885258	-0.689	-2.576	7.728

1496042885270	-0.028	-1.944	9.098

1496042885279	0.718	-2.02	8.351

1496042885295	0.181	-1.762	8.686

1496042885310	0.814	-2.279	8.638

1496042885322	-0.363	-2.547	8.533

1496042885327	0.134	-2.221	8.245

1496042885338	-0.402	-2.221	9.059

1496042885347	0.967	-2.221	9.107

1496042885357	0.411	-2.346	8.945

1496042885369	-0.258	-2.336	8.408

1496042885377	0.861	-2.298	8.916

1496042885389	0.766	-2.308	8.542

1496042885403	0.804	-1.589	8.724

1496042885407	0.153	-2.317	9.615

1496042885417	0.383	-2.298	7.728

1496042885427	-0.469	-2.336	9.079

1496042885440	0.747	-2.355	8.581

1496042885447	0.459	-2.221	9.395

1496042885458	0.632	-1.599	9.031

1496042885469	0.852	-1.963	10.094

1496042885478	0.038	-1.723	8.408

1496042885488	-0.316	-2.442	8.169

1496042885497	0.249	-2.193	9.73

1496042885510	0.172	-2.298	10.266

1496042885527	0.612	-1.953	8.782

1496042885538	0.852	-2.039	9.586

1496042885548	0.134	-2.355	9.845

1496042885558	0.047	-2.298	8.274

1496042885569	0.239	-2.767	8.743

1496042885577	0.498	-1.905	11.023

1496042885589	1.11	-1.752	10.209

1496042885597	0.105	-2.48	9.385

1496042885607	-0.105	-2.174	10.218

1496042885617	0.928	-2.365	9.969

1496042885627	-0.344	-2.988	10.448

1496042885638	0.287	-2.633	9.739

1496042885648	0.584	-2.106	10.314

1496042885658	0.249	-2.26	10.726

1496042885669	1.216	-2.039	11.09

1496042885678	0.038	-2.384	10.85

1496042885691	-0.21	-2.767	9.969

1496042885697	0.296	-2.48	10.266

1496042885709	1.235	-2.643	10.439

1496042885722	0.967	-2.423	10.324

1496042885727	0.67	-2.614	10.525

1496042885738	-0.086	-2.834	9.854

1496042885747	0.44	-2.691	9.586

1496042885757	0.239	-2.662	10.343

1496042885770	-0.086	-3.035	9.567

1496042885779	1.656	-2.959	10.027

1496042885794	0.134	-3.428	8.858

1496042885799	0.363	-4.146	9.807

1496042885809	-0.249	-3.629	8.676

1496042885819	-0.076	-3.936	9.308

1496042885828	0.517	-3.706	9.759

1496042885840	0.134	-2.844	9.232

1496042885848	0.842	-3.304	9.481

1496042885858	-0.402	-3.62	10.075

1496042885869	0.201	-3.275	9.059

1496042885888	0.507	-4.482	9.462

1496042885896	-0.411	-4.529	7.757

1496042885898	0.689	-3.668	11.243

1496042885910	0.172	-3.553	8.217

1496042885918	0.842	-3.275	9.835

1496042885928	-0.498	-3.466	9.692

1496042885938	0.756	-3.735	8.763

1496042885948	-0.009	-2.815	8.102

1496042885959	1.359	-3.696	8.035

1496042885970	0.66	-3.562	8.485

1496042885978	-0.928	-3.897	8.81

1496042886053	1.733	-3.15	7.604

1496042886054	0.957	-3.553	9.184

1496042886055	0.316	-3.562	7.154

1496042886057	1.302	-4.137	8.332

1496042886058	1.082	-3.055	8.341

1496042886059	-0.047	-3.572	7.355

1496042886060	0.0	-3.409	7.278

1496042886061	-0.172	-3.926	8.705

1496042886070	1.292	-3.16	7.46

1496042886079	-0.852	-4.079	8.13

1496042886089	0.804	-4.022	6.541

1496042886101	0.114	-4.041	8.198

1496042886110	0.181	-3.294	8.983

1496042886118	0.172	-3.62	8.6

1496042886128	-0.268	-3.045	8.533

1496042886138	0.574	-3.533	9.577

1496042886148	-0.699	-4.06	8.178

1496042886158	1.819	-3.294	9.222

1496042886169	1.082	-3.342	9.308

1496042886185	0.804	-2.997	9.232

1496042886188	0.296	-2.959	8.676

1496042886215	1.398	-3.543	10.343

1496042886222	0.708	-3.371	10.19

1496042886224	-0.067	-3.438	10.132

1496042886233	0.325	-3.045	9.874

1496042886240	0.517	-2.93	11.138

1496042886252	0.047	-2.815	9.155

1496042886259	0.258	-2.767	10.611

1496042886269	1.886	-3.17	10.448

1496042886282	0.114	-3.696	10.113

1496042886287	0.976	-2.681	10.85

1496042886297	1.11	-3.131	11.559

1496042886307	0.632	-3.093	11.109

1496042886318	0.794	-2.681	10.563

1496042886328	1.388	-3.323	10.257

