1495210853890	-2.4971523	-6.9012866	9.486425

1495210853902	-2.7515364	-6.845621	9.414001

1495210853905	-2.753332	-7.2789717	6.771401

1495210853918	-3.714604	-12.625224	-0.32022446

1495210854024	-4.076727	-14.440627	-3.8385038

1495210854031	-4.1706996	-15.087661	-4.2263646

1495210854033	-0.8912416	-12.543821	-0.3812766

1495210854038	-1.3431472	-12.4151325	-3.5224693

1495210854040	1.2006922	-10.788872	-1.1827357

1495210854043	1.8614918	-10.303447	0.8182184

1495210854045	1.2066777	-9.673173	0.8655039

1495210854049	0.25498247	-9.14585	1.3036429

1495210854051	-0.6332663	-8.346188	1.9315223

1495210854056	-1.6358383	-7.8475947	1.7651252

1495210854060	-2.3505075	-7.138911	1.4000094

1495210854064	-2.722806	-6.654085	0.4758476

1495210854066	-2.9239187	-6.323685	0.29987377

1495210854068	-0.80325466	-7.025785	1.0223241

1495210854072	0.13587095	-8.387487	0.3274071

1495210854075	0.86251116	-9.547478	-0.62488663

1495210854190	1.1629834	-9.76535	-1.3371617

1495210854193	1.3257892	-9.184756	-1.5346833

1495210854195	1.3455414	-8.556877	-1.0540473

1495210854199	1.0235212	-8.246828	-0.19871874

1495210854200	0.3866636	-9.837176	0.99778354

1495210854201	0.57161564	-10.503962	0.96067345

1495210854202	0.89184016	-10.547057	0.4345476

1495210854202	0.9379285	-10.157401	-0.29029694

1495210854203	0.8822633	-9.378687	-0.7068881

1495210854204	0.7332243	-8.7125	-0.29568392

1495210854213	0.80684596	-8.863335	0.7266402

1495210854224	1.6633717	-10.930129	3.0101101

1495210854249	2.271499	-11.948263	2.6366146

1495210854250	3.132813	-12.287642	1.1510124

1495210854260	3.8349125	-11.6855	-1.0049661

1495210854273	3.6224272	-11.801021	-2.8377275

1495210854286	2.7042508	-11.967417	-3.1998506

1495210854298	1.7872716	-11.639412	-2.4109612

1495210854309	0.736217	-11.387422	-0.878672

1495210854322	-0.427365	-11.918336	-0.7080852

1495210854334	-1.3269863	-12.899361	-1.2348095

1495210854346	-3.6032736	-14.622587	-1.1360487

1495210854359	-6.047155	-15.399506	-2.5983074

1495210854378	-8.560468	-15.553931	-1.7393875

1495210854383	-9.258977	-13.654132	0.7194576

1495210854405	-9.408614	-12.545018	1.6579847

1495210854410	-8.703522	-12.795213	0.82001406

1495210854418	-6.615778	-13.539809	0.4914099

1495210854430	-4.0156746	-14.38616	0.18974048

1495210854443	-1.8267759	-14.493898	-2.742558

1495210854454	-0.39504328	-14.15452	-2.0572178

1495210854467	0.39205053	-12.793417	-0.5081693

1495210854479	1.965041	-10.019734	-1.050456

1495210854490	2.1529858	-9.306861	0.26755205

1495210854503	3.3117795	-8.678981	2.9412768

1495210854515	1.134253	-8.806473	-0.22266077

1495210854526	-0.07182605	-8.26239	-1.1282675

1495210854539	-0.6410475	-7.873931	-1.4329298

1495210854550	-1.0360907	-7.608773	-1.6136919

1495210854563	-1.103727	-7.1604586	-1.5466543

1495210854575	-0.92176765	-6.6840124	-1.3210008

1495210854587	-0.3854665	-5.815516	0.5943606

1495210854605	-0.20590134	-5.171476	0.9923966

1495210854612	-0.25198972	-3.903746	0.99299514

1495210854639	-0.16519992	-2.6749218	0.6799533

1495210854640	0.009576807	-1.4945804	-0.52732295

1495210854648	-0.0688333	-0.6841431	-1.899799

1495210854660	-0.760159	-0.5117606	-2.3427265

1495210854674	-1.6986861	-0.7236475	-2.8281507

1495210854685	-2.4917655	-1.0133458	-2.9101522

1495210854697	-3.2267854	-1.484405	-2.468422

1495210854708	-3.2620997	-2.1254525	-2.2529438

1495210854720	-3.4392707	-3.5410242	-1.7651252

1495210854735	-3.787627	-5.9597664	-1.0127473

1495210854747	-4.345476	-9.448118	-0.320823

1495210854759	-4.5382094	-17.967287	3.8606503

1495210854774	0.6344634	-19.6133	-3.0292637

1495210854786	-0.18255788	-19.6133	-19.6133

1495210854799	0.7733272	-19.6133	-19.6133

1495210854810	4.9224787	-19.6133	-14.963162

1495210854823	10.344747	-9.399037	-15.446193

1495210854838	10.096947	0.75118077	-11.923124

1495210854849	3.1884782	-1.0648212	-9.797672

1495210854864	-0.5781997	-17.266384	0.6943185

1495210854876	-4.5364137	-19.6133	7.463924

1495210854890	-5.744887	-19.6133	6.830059

1495210854902	-7.349002	-11.285668	4.7746367

1495210854916	-8.067263	-4.5124717	5.4282537

1495210854932	0.12210429	-0.5835867	5.8185086

1495210854940	1.0815806	0.17776948	2.8101943

1495210854964	1.4371196	-2.046444	3.5793316

1495210854965	0.62608373	-4.7560816	4.1425676

1495210854976	-0.85891986	-9.298481	6.6630635

1495210854988	-0.15203181	-13.032837	10.526108

1495210855000	-0.07182605	-13.576321	7.9451585

1495210855012	2.5354595	-13.29141	-0.6769605

1495210855026	3.855862	-11.823167	-7.667431

1495210855041	-4.9404354	-11.168352	-2.2972364

1495210855053	-5.032612	-6.417059	0.30885202

1495210855070	-4.197634	-3.8953662	0.8074445

1495210855081	-2.9634233	-6.029797	2.3038206

1495210855093	-0.08439561	-10.092757	3.7487214

1495210855106	0.58119243	-11.056423	0.22924481

1495210855119	0.7553706	-11.322779	-1.435324

1495210855132	0.0700304	-10.660782	-0.717662

1495210855146	-1.2348095	-9.548077	0.3878607

1495210855157	-2.2876596	-8.430583	1.483208

1495210855169	-2.5169046	-7.6135616	2.3056161

1495210855182	-1.9746178	-8.409634	1.9764135

1495210855195	-0.7254431	-8.996812	1.2545617

1495210855208	0.5470751	-9.586982	-0.0688333

1495210855219	1.7735049	-9.856929	-1.2641385

1495210855232	2.7072437	-9.785701	-1.4215573

1495210855246	2.463035	-9.813234	-0.7799112

1495210855258	0.41120413	-10.010158	-0.99060094

1495210855283	-1.2431892	-9.7563715	-1.7645266

1495210855284	-1.5544355	-8.845977	-1.5759833

1495210855295	-1.4688427	-8.789713	-0.23403321

1495210855306	-1.0594343	-9.309854	0.7254431

1495210855318	0.062249243	-9.96347	0.7110779

1495210855330	1.6095021	-9.93474	-0.12150574

1495210855344	2.7389667	-9.162011	-0.78769237

1495210855356	2.7844565	-9.349358	1.894412

1495210855369	2.396596	-10.263943	3.402759

1495210855381	2.6659436	-10.749966	4.4101195

1495210855393	3.537433	-10.4171715	4.586692

1495210855406	3.9246953	-10.439318	3.8965633

1495210855419	3.788824	-10.26514	1.9255368

1495210855431	2.0895395	-11.077373	-0.6290765

1495210855443	1.459266	-11.529279	-2.4265234

1495210855454	0.22984336	-13.069348	-3.6715083

1495210855469	-1.043872	-15.261839	-4.10845

1495210855479	-1.5777789	-16.117167	-2.505532

1495210855493	-2.4426842	-16.323668	-1.5903485

1495210855504	-3.5643678	-16.569672	-1.894412

1495210855517	-4.554969	-15.33965	-2.3181858

1495210855529	-5.297171	-14.374787	-1.6244658

1495210855542	-5.801151	-13.579313	0.29269117

1495210855554	-7.005434	-13.76247	1.608305

1495210855566	-7.7207017	-13.311762	-0.55964464

1495210855578	-8.743026	-13.778032	-0.8762778

1495210855594	-7.5884223	-14.139557	1.2737153

1495210855602	-3.5332432	-12.11107	0.09756372

1495210855614	-1.0169371	-10.064027	-1.9321208

1495210855626	-0.19572599	-9.20391	-1.7411832

1495210855638	-0.2717419	-9.027936	-1.4514848

1495210855651	0.52852005	-8.492233	-0.98940384

1495210855663	2.0147207	-7.6668324	-0.43754035

1495210855676	3.4733882	-6.695385	-0.42437226

1495210855690	3.072958	-6.771401	0.18255788

1495210855702	2.2002714	-7.2592196	0.094570965

1495210855716	1.6118963	-7.4028716	-0.06823475

1495210855728	1.4993688	-7.0527196	0.20171149

1495210855740	0.84455466	-5.6042275	0.108936176

1495210855753	0.7793127	-4.507085	0.11791443

1495210855765	0.8690952	-3.2704794	-0.05327099

1495210855776	0.7146692	-2.1894975	-0.30166942

1495210855788	0.32800564	-1.5101427	-0.8158242

1495210855800	-0.40102878	-1.5628152	-1.270124

1495210855814	-1.4239515	-2.1703439	-1.364695

1495210855826	-2.243367	-2.8814218	-1.5275006

1495210855839	-2.6922798	-3.3943794	-1.2611457

1495210855850	-2.7383683	-3.181894	-1.2306197

1495210855862	-2.204461	-2.966416	-1.4694413

1495210855874	-2.0338743	-4.55856	-1.7423803

1495210855888	-2.0033484	-9.016563	-2.2361844

1495210855912	-2.3708582	-19.6133	-0.13108255

1495210855912	-1.0708067	-19.6133	2.617461

1495210855923	0.2801216	-19.6133	-4.324527

1495210855935	-1.1294646	-19.464859	-15.765819

1495210855947	-0.8391677	-19.6133	-12.543821

1495210855960	5.5150437	-9.733627	-16.575058

1495210855974	7.498041	0.44771573	-13.889961

1495210855986	2.2170308	0.47046062	-12.722189

1495210855999	0.24480712	-3.328539	-7.373543

1495210856014	-0.7667431	-10.70687	-0.52852005

1495210856025	-4.6058455	-19.6133	5.433641

1495210856038	-6.825869	-19.6133	6.205771

1495210856050	-9.417592	-14.263456	5.928642

1495210856062	-6.184223	-7.1867948	2.528277

1495210856076	-2.1691468	-2.9412768	-1.5047557

1495210856089	1.6352397	-2.5528176	-1.0109516

1495210856100	4.923077	-1.0354922	3.7307649

1495210856114	3.3854012	-2.6102784	11.429919

1495210856128	0.49919105	-4.9188876	8.590994

1495210856154	-0.62129533	-9.491214	9.797672

1495210856155	-2.1440077	-12.266692	14.956578

1495210856160	-1.7806876	-13.814544	10.287885

1495210856172	-0.090381116	-13.769652	-1.3275849

1495210856184	-2.677316	-12.831724	-10.305841

1495210856196	-5.929839	-13.38239	-5.6628857

1495210856209	-3.8133647	-8.995614	-2.8760347

1495210856220	-1.4808137	-7.0341644	-3.2369606

1495210856233	-0.99299514	-9.115324	-1.7471687

1495210856246	-0.9959879	-9.998186	3.1052797

1495210856259	-1.3724761	-8.810662	3.5655649

1495210856273	-2.5803509	-8.732851	2.8221653

1495210856285	-2.9879637	-8.3551655	2.327164

1495210856297	-2.7593174	-8.2115135	2.7659016

1495210856309	-2.260725	-8.444349	2.72939

1495210856323	-1.8926164	-10.597934	-2.0512323

1495210856335	-0.6937199	-10.873865	-2.8742392

1495210856348	0.24061728	-10.688315	-2.2212207

1495210856359	0.7505822	-10.19092	-0.7846996

1495210856372	1.0336965	-9.335591	0.8265981

1495210856386	0.92416185	-8.631097	1.9470845

1495210856401	0.006584055	-7.065888	2.3702598

1495210856413	-0.46208093	-6.959346	2.480393

1495210856426	-0.7846996	-7.165846	2.2493525

1495210856441	-0.98700964	-7.8302364	1.8064252

1495210856456	-1.1019313	-9.481637	1.1498153

1495210856485	-0.6206968	-12.538434	-1.1677719

1495210856486	0.7068881	-12.000338	-2.292448

1495210856488	2.0039468	-11.15698	-2.6922798

1495210856500	1.9829975	-10.481216	-1.4550761

1495210856512	1.043872	-9.794081	0.95827925

1495210856524	0.31783026	-9.647436	3.1920695

1495210856537	0.6739678	-9.380483	3.9019501

1495210856548	1.3640964	-10.076596	2.707842

1495210856563	2.1978772	-11.061212	0.6440403

1495210856574	3.4464533	-11.756727	-0.24181437

1495210856588	5.2020016	-11.777677	-0.908001

1495210856600	5.1140146	-10.89661	-2.4690206

1495210856613	3.8313212	-10.184934	-3.430891

1495210856626	1.2246342	-9.940725	-2.8856115

1495210856641	-0.943914	-11.505336	-2.3175871

1495210856653	-4.2874165	-19.6133	-2.9724014

1495210856665	-7.460931	-19.6133	0.049081136

1495210856677	-9.512163	-16.385916	2.2756886

1495210856689	-10.88823	-12.232575	2.1721394

1495210856701	-11.530476	-11.674128	0.065242

1495210856713	-11.186908	-12.424111	-1.5400703

1495210856725	-6.249465	-13.620015	3.733159

1495210856737	-0.39504328	-15.574282	4.2742486

1495210856750	2.6701334	-15.654488	-4.0456023

1495210856764	3.9312792	-10.986393	-0.3764882

1495210856776	5.405509	-8.995614	1.8854338

1495210856804	6.0740895	-8.453327	1.1168951

1495210856805	4.787805	-9.036914	0.026934769

1495210856813	3.0364463	-9.616311	-0.40282443

1495210856825	1.1605892	-9.591172	-0.36750996

1495210856837	0.39743748	-8.868722	0.18255788

1495210856852	0.52492875	-7.463325	0.51235914

1495210856864	0.95349085	-6.4427967	1.4089876

1495210856880	1.2000936	-5.0182467	2.260725

1495210856892	1.1031284	-3.4033577	2.248754

1495210856904	0.6087258	-2.0458453	1.7866731

1495210856919	-1.1510124	-1.0067618	-0.92176765

1495210856932	-2.44448	-1.009156	-2.235586

1495210856944	-3.7205894	-0.83737206	-2.9119477

1495210856959	-4.789002	-0.7098808	-2.689287

1495210856969	-4.969166	-0.6464345	-1.7274165

1495210856982	-4.3382936	-0.56203884	-1.460463

1495210856996	-4.19943	-1.009156	-1.2617443

1495210857010	-4.0617633	-1.678934	-1.3736732

1495210857022	-3.8935704	-3.0879216	-1.6250644

1495210857036	-3.8612487	-5.222951	-1.9165585

1495210857049	-3.5332432	-19.6133	6.737882

1495210857062	-1.1246762	-19.6133	10.689512

1495210857076	1.8854338	-19.6133	-9.411607

1495210857089	2.6342204	-19.6133	-19.6133

1495210857107	3.9498343	-19.6133	-17.998411

1495210857134	10.442909	-7.0587053	-16.745646

1495210857135	6.867169	-1.3856442	-9.11712

1495210857138	2.095525	-5.3713913	-1.6759412

1495210857150	1.0947487	-15.380352	5.427057

1495210857162	-1.8183962	-19.6133	8.714295

1495210857174	-4.9787426	-19.6133	9.743204

1495210857187	-7.7847466	-15.639524	6.761824

1495210857200	-10.751761	-11.22282	3.156755

1495210857213	-3.354875	-1.6208745	-0.051475335

1495210857225	0.49440265	1.1845313	0.38486794

1495210857238	2.528277	-0.75956047	0.7637503

1495210857251	2.4384944	-4.2419267	2.80361

1495210857263	0.93134445	-8.843582	6.0010667

1495210857275	0.50278234	-13.413515	9.15423

1495210857290	3.292626	-12.339716	9.057863

1495210857298	4.510676	-11.558009	5.6604915

1495210857310	4.210802	-13.120824	0.02633622

1495210857322	-1.1444284	-11.04146	-4.301782

1495210857334	-5.4324436	-10.562619	-1.6561891

1495210857346	-5.3085437	-8.000225	0.6464345

1495210857358	-3.2842462	-7.107786	1.4640543

1495210857370	-2.7593174	-8.47727	1.894412

1495210857383	-2.0039468	-8.710106	1.963844

1495210857398	-1.2384008	-8.944139	0.75836337

1495210857411	-0.85473	-9.7958765	1.3700819

1495210857428	-2.078167	-9.485827	1.3670892

1495210857456	-2.7922378	-8.735844	3.0460231

1495210857456	-2.7922378	-7.8422074	2.9484594

1495210857459	-2.3116016	-7.678205	2.2762873

1495210857472	-1.6897079	-8.132504	1.7615339

1495210857484	-0.9516952	-8.513183	1.0851719

1495210857496	-0.1945289	-8.674192	0.23044191

1495210857509	0.46148238	-8.509591	-0.008978256

1495210857520	0.3705027	-7.6770077	0.83976626

1495210857533	0.43155485	-8.267777	0.78649527

1495210857548	0.05925649	-10.635642	0.29209262

1495210857561	-0.35075054	-11.605893	-0.5201403

1495210857573	0.023942016	-11.146805	-0.57999533

1495210857588	2.2894554	-10.581773	-0.61770403

1495210857602	3.3602622	-10.403405	-1.0097545

1495210857614	3.7235823	-10.4488945	-1.2473791

1495210857629	2.8520927	-10.366295	-1.0486604

1495210857640	1.6956934	-9.996989	-0.682946

1495210857652	0.86490536	-8.883087	1.6651673

1495210857668	1.2294226	-9.745598	3.2620997

1495210857693	2.0566192	-10.524911	4.2544966

1495210857694	3.2734723	-11.2725	3.7098155

1495210857699	4.674679	-11.638214	2.0655975

1495210857712	5.3642087	-11.560403	0.43754035

1495210857724	4.9374423	-11.641207	-0.23882163

1495210857737	4.0025067	-11.206659	0.28072014

1495210857749	3.3129766	-9.87668	0.7386112

1495210857760	2.2050598	-9.664794	-0.5626374

1495210857773	0.44113165	-14.226347	-2.0925324

1495210857785	-0.89303726	-16.345814	-1.9422961

1495210857797	-3.2543187	-17.864336	-2.3750482

1495210857810	-5.410896	-17.572243	-2.7443538

1495210857824	-6.395511	-15.634736	-1.3581109

1495210857835	-7.398083	-13.280637	0.3393781

1495210857849	-8.594585	-12.458228	0.581791

1495210857860	-9.137471	-12.735956	-0.29927522

1495210857873	-8.034941	-13.906122	-0.07062895

1495210857885	-4.36044	-13.804967	-0.30705637

1495210857897	-3.933075	-13.6493435	-1.1731589

1495210857909	-2.3002293	-12.130223	-1.8154035

1495210857924	-0.74758947	-10.0903635	-2.8856115

1495210857936	0.01316811	-9.631275	-0.9636662

1495210857949	2.2098482	-8.788516	-0.3561375

1495210857960	2.7886465	-8.713099	-0.077213004

1495210857973	3.2501287	-8.592192	-0.12749124

1495210857988	3.4739866	-8.39048	0.077213004

1495210858001	2.707842	-7.945757	1.9027919

1495210858019	2.0452468	-7.037756	4.7740383

1495210858025	1.3311762	-5.884948	3.3303347

1495210858036	-0.004189853	-4.4633904	0.5255273

1495210858048	-0.4794389	-4.0025067	-0.18255788

1495210858060	-0.80564886	-3.7954082	-1.0187328

1495210858072	-0.6512229	-3.0160956	-1.5693992

1495210858085	-0.60932434	-1.9782091	-2.2661119

1495210858097	-1.1288661	-1.441908	-2.136825

1495210858110	-2.2517467	-1.4437037	-1.7998412

1495210858124	-3.281852	-1.970428	-2.5863364

1495210858136	-4.783615	-2.8119898	-3.9725792

1495210858148	-5.073912	-3.281852	-4.4179006

1495210858161	-5.048773	-4.276643	-4.8057613

1495210858173	-4.9440265	-6.4350157	-5.1559134

1495210858185	-3.9731777	-8.690952	-5.279215

1495210858198	-3.7008374	-13.077129	-6.353014

1495210858211	-2.1027076	-19.6133	-4.4957123

1495210858224	1.9937714	-19.6133	-5.9998693

1495210858239	0.8595184	-19.6133	-7.116166

1495210858249	2.4378958	-17.621923	-7.1466923

1495210858262	4.988918	-9.263765	-8.503007

1495210858276	7.428011	-2.8245595	-8.974665

1495210858289	5.674258	-1.0857705	-9.057863

1495210858302	4.71538	0.3465607	-4.3556514

1495210858314	3.4009635	-2.1146786	-1.797447

1495210858336	-3.5685577	-19.6133	-1.1881226

1495210858341	-1.3868413	-19.6133	9.814431

1495210858350	-1.5310919	-19.6133	7.695563

1495210858363	-4.8309007	-16.212337	-0.18734628

1495210858375	-5.409699	-4.6417584	-3.7403417

1495210858389	-1.2090719	-0.96905315	2.7724855

1495210858402	0.53570265	-2.0847511	3.763685

1495210858415	0.82121116	-4.7022123	5.1666875

1495210858427	1.0241197	-7.4148426	5.865794

1495210858439	0.32022446	-11.954249	6.3242836

1495210858454	4.655525	-13.0442095	5.6586957

1495210858465	3.241749	-11.946468	0.6997054

1495210858478	1.0869676	-10.940305	-2.0530279

1495210858490	-0.40342298	-9.045893	-5.6646814

1495210858502	-2.2134395	-8.756793	-4.3658266

1495210858516	-4.0467997	-10.425551	0.38367084

1495210858531	-3.9510314	-9.509769	2.2720973

1495210858543	-1.0109516	-8.2516165	2.1787236

1495210858558	0.49679685	-8.817246	1.4598645

1495210858570	1.0875661	-9.501988	0.35793316

1495210858582	1.6298528	-9.582792	-0.10055647

1495210858598	0.9648633	-9.55047	-0.040102877

1495210858606	-0.45669398	-9.137471	0.320823

1495210858619	-3.1381998	-7.6321163	0.18734628

1495210858632	-4.0497923	-7.445369	0.56084174

1495210858659	-4.0503907	-7.641693	1.2372037

1495210858659	-2.5504234	-7.72968	1.7926586

1495210858668	-1.2024878	-8.400057	0.7882909

1495210858680	0.25139117	-8.921394	0.02633622

1495210858692	1.7477672	-9.296685	-0.4177882

1495210858706	3.0813377	-9.227852	-0.99060094

1495210858718	2.9161377	-10.136452	-0.093972415

1495210858730	1.3299791	-10.548254	0.25917232

1495210858742	-0.30107087	-10.760141	-0.04189853

1495210858756	-1.0761937	-10.007165	-0.46686932

1495210858768	-1.234211	-9.185355	-0.5758055

1495210858780	-1.264737	-9.053075	-0.89543146

1495210858794	-0.99778354	-9.044097	-1.0899603

1495210858806	-0.11432313	-9.112331	1.4449008

1495210858820	0.47285482	-9.91798	2.7988217

