1495536150899	0.64652455	0.0	0.0

1495536150902	0.66202736	0.0	0.0

1495536150906	0.0	0.0	-0.631712

1495536150960	0.0	0.0	-0.66732514

1495536150964	0.0	0.0	-0.71302754

1495536150968	0.0	0.0	-0.770905

1495536150973	0.0	0.0	-0.822824

1495536150976	0.0	0.0	-0.88234156

1495536150980	0.0	0.0	-0.9434838

1495536150984	0.0	0.0	-0.9919354

1495536150988	0.0	0.0	-1.0348923

1495536150993	0.0	0.0	-1.0802

1495536151097	0.0	0.0	-1.1407444

1495536151102	0.0	0.0	-1.2494856

1495536151106	0.0	0.0	-1.3903894

1495536151110	0.0	0.0	-1.5141125

1495536151114	0.0	0.0	-1.6078132

1495536151117	0.0	0.0	-1.7290871

1495536151121	0.0	0.0	-1.8667219

1495536151125	0.0	0.0	-1.9507008

1495536151129	0.0	0.0	-1.315786

1495536151133	0.0	0.0	-0.836022

1495536151136	0.0	0.0	-0.4820469

1495536151140	0.26904887	0.0	0.0

1495536151144	0.31433904	0.0	0.0

1495536151147	0.39026642	0.0	0.0

1495536151151	0.6328392	0.0	0.0

1495536151155	0.95145917	0.0	0.0

1495536151308	0.9695788	0.0	0.0

1495536151312	0.0	0.0	0.9492457

1495536151315	0.0	0.0	1.073373

1495536151319	0.0	0.0	1.075264

1495536151323	-1.4654609	0.0	0.0

1495536151326	-2.0156906	0.0	0.0

1495536151331	-2.4782162	0.0	0.0

1495536151335	-2.5537608	0.0	0.0

1495536151338	-2.5512273	0.0	0.0

1495536151342	-2.362071	0.0	0.0

1495536151346	-2.0539622	0.0	0.0

1495536151349	-1.838286	0.0	0.0

1495536151353	-1.8278333	0.0	0.0

1495536151357	-1.7677698	0.0	0.0

1495536151360	-1.4345633	0.0	0.0

1495536151364	-1.0324937	0.0	0.0

1495536151367	0.0	0.0	-0.6434773

1495536151371	0.0	0.0	-0.4496266

1495536151375	0.0	0.0	-0.20812044

1495536151379	0.12571621	0.0	0.0

1495536151383	0.0	0.0	0.35773325

1495536151387	0.0	0.0	0.67882645

1495536151391	0.0	0.0	0.55251837

1495536151394	0.0	0.0	0.51650023

1495536151628	0.0	0.0	0.5345662

1495536151632	0.0	0.0	0.572702

1495536151635	0.0	0.0	0.61605465

1495536151640	0.0	0.0	0.6608025

1495536151644	0.0	0.0	0.7041658

1495536151648	-0.8221998	0.0	0.0

1495536151652	-0.8838058	0.0	0.0

1495536151655	-0.9217072	0.0	0.0

1495536151660	-0.83573884	0.0	0.0

1495536151664	-0.86877203	0.0	0.0

1495536151668	-0.858668	0.0	0.0

1495536151671	-0.8765691	0.0	0.0

1495536151675	-1.0515273	0.0	0.0

1495536151680	-1.305654	0.0	0.0

1495536151684	-1.7830293	0.0	0.0

1495536151690	-2.3231835	0.0	0.0

1495536151696	-3.063126	0.0	0.0

1495536151709	-3.748427	0.0	0.0

1495536151730	-4.3556404	0.0	0.0

1495536151749	-4.901635	0.0	0.0

1495536151754	-5.275004	0.0	0.0

1495536151758	-5.622246	0.0	0.0

1495536151761	-5.8899937	0.0	0.0

1495536151765	-4.0817957	0.0	0.0

1495536151769	-2.8496633	0.0	0.0

1495536151772	-2.0488577	0.0	0.0

1495536151774	-1.4908336	0.0	0.0

1495536151778	-1.0088099	0.0	0.0

1495536151781	-0.7650446	0.0	0.0

1495536151782	-0.6469484	0.0	0.0

1495536151784	-0.67840725	0.0	0.0

1495536151787	-0.7397182	0.0	0.0

1495536151789	-0.73513854	0.0	0.0

1495536151792	-1.0638021	0.0	0.0

1495536151795	-1.3440332	0.0	0.0

1495536151798	-1.3746277	0.0	0.0

1495536151802	-1.36004	0.0	0.0

1495536151806	-1.6130226	0.0	0.0

1495536151810	-1.744377	0.0	0.0

1495536151814	-1.5750278	0.0	0.0

1495536151817	-1.2610134	0.0	0.0

1495536151821	0.0	0.0	1.08897

1495536151824	0.0	0.0	1.1627378

1495536152396	0.0	0.0	1.249453

1495536152400	0.0	0.0	1.3651624

1495536152404	0.0	0.0	1.5232399

1495536152407	0.0	0.0	1.7021531

1495536152411	0.0	0.0	1.8723018

1495536152414	0.0	0.0	1.3420053

1495536152418	0.0	0.0	0.9866749

1495536152422	0.0	0.0	0.7646513

1495536152426	0.6938879	0.0	0.0

1495536152429	1.2881062	0.0	0.0

1495536152431	1.4862947	0.0	0.0

1495536152435	1.6454673	0.0	0.0

1495536152438	1.9340286	0.0	0.0

1495536152442	2.3247235	0.0	0.0

1495536152445	2.5755465	0.0	0.0

1495536152448	2.5156345	0.0	0.0

1495536152452	2.1933281	0.0	0.0

1495536152455	2.1695588	0.0	0.0

1495536152459	1.7840735	0.0	0.0

1495536152463	1.6929609	0.0	0.0

1495536152466	1.9761386	0.0	0.0

1495536152470	2.2210293	0.0	0.0

1495536152474	2.3539896	0.0	0.0

1495536152478	2.424221	0.0	0.0

1495536152481	2.4560478	0.0	0.0

1495536152485	2.3388834	0.0	0.0

1495536152488	2.1135654	0.0	0.0

1495536152492	1.8151481	0.0	0.0

1495536152497	1.5242873	0.0	0.0

1495536152501	1.1923815	0.0	0.0

1495536152504	0.8841427	0.0	0.0

1495536152508	0.8700505	0.0	0.0

1495536152511	0.8772451	0.0	0.0

1495536152514	0.8503903	0.0	0.0

1495536152517	0.85399514	0.0	0.0

1495536152520	0.8999099	0.0	0.0

1495536152524	1.0538733	0.0	0.0

1495536152528	1.24656	0.0	0.0

1495536152531	1.5380673	0.0	0.0

1495536152536	1.7536514	0.0	0.0

1495536152540	1.8814907	0.0	0.0

1495536152546	2.022818	0.0	0.0

1495536152551	2.1188734	0.0	0.0

1495536152555	2.186112	0.0	0.0

1495536152559	2.250409	0.0	0.0

1495536152564	2.3240674	0.0	0.0

1495536152567	2.395633	0.0	0.0

1495536152571	2.437161	0.0	0.0

1495536152575	2.5288723	0.0	0.0

1495536152579	2.6383326	0.0	0.0

1495536152583	2.799082	0.0	0.0

1495536152586	2.9671087	0.0	0.0

1495536152590	3.045927	0.0	0.0

1495536152594	3.1481829	0.0	0.0

1495536152598	3.1865637	0.0	0.0

1495536152602	2.2775724	0.0	0.0

1495536152605	1.6467807	0.0	0.0

1495536152608	1.1305159	0.0	0.0

1495536152611	0.68510455	0.0	0.0

1495536152615	0.0	0.0	-0.24685177

1495536152618	-0.29867637	0.0	0.0

1495536152622	-0.6074391	0.0	0.0

1495536152625	-0.8032751	0.0	0.0

1495536152629	-0.9143075	0.0	0.0

1495536152633	-1.0761492	0.0	0.0

1495536152637	-1.183622	0.0	0.0

1495536152640	-1.1314867	0.0	0.0

1495536152644	-1.0318187	0.0	0.0

1495536152647	-0.8936051	0.0	0.0

1495536152651	0.0	0.0	-0.7965777

1495536152655	0.0	0.0	-0.84790665

1495536152658	0.0	0.0	-0.85847396

1495536152662	0.0	0.0	-0.82972705

1495536152666	0.0	0.0	-0.78130156

1495536152669	0.0	0.0	-0.72446114

1495536152673	0.0	0.0	-0.6914764

1495536152676	0.0	0.0	-0.67222154

1495536152680	0.0	0.0	-0.65816665

1495536152684	0.0	0.0	-0.6640639

1495536152687	0.0	0.0	-0.69417644

1495536152691	0.0	0.0	-0.53235507

1495536152695	0.42493594	0.0	0.0

1495536152698	1.1319072	0.0	0.0

1495536152702	1.4023974	0.0	0.0

1495536152705	0.82660073	0.0	0.0

1495536152709	0.0	0.0	0.34305432

1495536152714	-0.7713224	0.0	0.0

1495536152717	-1.3982978	0.0	0.0

1495536152721	-2.2552607	0.0	0.0

1495536152725	-3.1403315	0.0	0.0

1495536153749	-3.7287688	0.0	0.0

1495536153753	-3.6774917	0.0	0.0

1495536153756	-3.1410794	0.0	0.0

1495536153760	0.0	0.0	-2.6553645

1495536153764	0.0	0.0	-2.7293687

1495536153767	0.0	0.0	-2.5436983

1495536153771	0.0	0.0	-2.080042

1495536153775	0.0	0.0	-1.5294574

1495536153779	0.0	0.0	-1.0373622

1495536153784	0.0	0.0	-0.64282197

1495536153788	-0.64500475	0.0	0.0

1495536153791	-0.8307945	0.0	0.0

1495536153795	-0.55311006	0.0	0.0

1495536153800	-0.157041	0.0	0.0

1495536153805	0.0	0.0	0.22810987

1495536153808	0.0	0.0	0.43633068

1495536153811	0.0	0.0	0.6782056

1495536153815	0.0	0.0	0.90436804

1495536153818	0.0	0.0	1.0590239

1495536153822	0.0	0.0	1.1580282

1495536153825	0.0	0.0	1.2623911

1495536153829	0.0	0.0	1.3417951

1495536153833	0.0	0.0	1.3720671

1495536153836	0.0	0.0	1.3817941

1495536153839	0.0	0.0	1.4062018

1495536153843	0.0	0.0	1.4453207

1495536153849	0.0	0.0	1.4831567

1495536153854	0.0	0.0	1.5214186

1495536153861	0.0	0.0	1.5737494

1495536153867	0.0	0.0	1.651692

1495536153878	0.0	0.0	1.7209826

1495536153884	0.0	0.0	1.7818676

1495536153888	0.0	0.0	1.8337755

1495536153891	0.0	0.0	1.875929

1495536153897	0.0	0.0	1.9100405

1495536153900	0.0	0.0	1.9310547

1495536153903	0.0	0.0	1.9299039

1495536153907	0.0	0.0	1.9098593

1495536153910	-2.316123	0.0	0.0

1495536153912	-2.7884736	0.0	0.0

1495536153916	-3.1708221	0.0	0.0

1495536153918	-3.5325837	0.0	0.0

1495536153921	-3.8358731	0.0	0.0

1495536153924	-4.114417	0.0	0.0

1495536153927	-4.2600183	0.0	0.0

1495536153931	-4.6481647	0.0	0.0

1495536153934	-5.418789	0.0	0.0

1495536153938	-6.242996	0.0	0.0

1495536153942	-6.858711	0.0	0.0

1495536153945	-6.9211955	0.0	0.0

1495536153949	-6.954106	0.0	0.0

1495536153952	-7.1689935	0.0	0.0

1495536153954	-7.3393316	0.0	0.0

1495536153958	-7.2877045	0.0	0.0

1495536153961	-6.9327736	0.0	0.0

1495536153965	-6.447936	0.0	0.0

1495536153969	-5.960814	0.0	0.0

1495536153973	-5.6538873	0.0	0.0

1495536153976	-5.3533363	0.0	0.0

1495536153979	-5.041415	0.0	0.0

1495536153983	-4.7170258	0.0	0.0

1495536153986	-4.497545	0.0	0.0

1495536153990	-4.372987	0.0	0.0

1495536153994	-4.3484125	0.0	0.0

1495536153997	-4.237499	0.0	0.0

1495536154001	-4.3539834	0.0	0.0

1495536154005	-5.543664	0.0	0.0

1495536154010	0.0	0.0	0.0

1495536154014	0.0	0.0	0.0

1495536154017	0.0	9.866194	0.0

1495536154021	0.0	14.9219265	0.0

1495536154025	0.0	15.349598	0.0

1495536154028	0.0	15.127985	0.0

1495536154032	0.0	15.717505	0.0

1495536154036	0.0	11.002254	0.0

1495536154040	0.0	7.701577	0.0

1495536154045	0.0	5.3911037	0.0

1495536154048	0.0	3.3004236	0.0

1495536154052	2.406246	0.0	0.0

1495536154055	0.0	1.6172075	0.0

1495536154058	0.0	1.1320453	0.0

1495536154062	0.0	0.79243165	0.0

1495536154065	0.0	0.55470216	0.0

1495536154069	0.0	0.3882915	0.0

1495536154072	0.0	0.0	-0.47925398

1495536154076	0.0	0.0	-0.84331936

1495536154080	0.0	0.0	-1.238022

1495536154084	0.0	0.0	-1.5481839

1495536154088	0.0	0.0	-1.7494816

1495536154091	0.0	0.0	-1.891751

1495536154095	0.0	0.0	-1.9195015

1495536154099	0.0	0.0	-1.7887104

1495536154103	0.0	0.0	-1.5591007

1495536154106	0.0	0.0	-1.3317372

1495536154110	0.0	0.0	-1.1725827

1495536154114	0.0	0.0	-1.0734184

1495536154118	0.0	0.0	-1.0475595

1495536154122	0.0	0.0	-1.1207471

1495536154126	0.0	0.0	-1.3092275

1495536154131	0.0	0.0	-1.5651282

1495536154134	0.0	0.0	-1.8180181

1495536154137	0.0	0.0	-2.0540848

1495536154140	0.0	0.0	-2.2560918

1495536154144	0.0	0.0	-2.4262488

1495536154148	0.0	0.0	-2.5729096

1495536154152	0.0	0.0	-2.7172136

1495536154155	0.0	0.0	-2.8309665

1495536154160	0.0	0.0	-2.9123466

1495536154164	0.0	0.0	-2.9644725

1495536154167	0.0	0.0	-2.9859753

1495536154170	0.0	0.0	-2.9456413

1495536154174	0.0	0.0	-2.8497744

1495536154178	0.0	0.0	-2.767206

1495536154181	0.0	0.0	-2.709408

1495536154184	0.0	0.0	-2.6809459

1495536154189	0.0	0.0	-2.6890254

1495536154193	0.0	0.0	-2.7985096

1495536154196	0.0	0.0	-2.9730613

1495536154200	0.0	0.0	-3.1314123

1495536154203	0.0	0.0	-3.2675793

1495536154207	0.0	0.0	-3.4121912

1495536154210	0.0	0.0	-3.5523894

1495536154214	0.0	0.0	-3.6496062

1495536154218	0.0	0.0	-3.7294645

1495536154222	0.0	0.0	-3.7975862

1495536154225	0.0	0.0	-3.8339176

1495536154229	0.0	0.0	-3.8520138

1495536154233	0.0	0.0	-3.8490593

1495536154236	0.0	0.0	-3.81773

1495536154240	0.0	0.0	-3.7876542

1495536154244	0.0	0.0	-2.6323593

1495536154247	0.0	0.0	-1.8162807

1495536154251	1.2553998	0.0	0.0

1495536154255	1.1824414	0.0	0.0

1495536154259	1.0094726	0.0	0.0

1495536154263	0.78656423	0.0	0.0

1495536154266	0.48025882	0.0	0.0

1495536154269	0.0	0.0	0.03291142

1495536154274	-0.57138896	0.0	0.0

1495536154277	-0.961389	0.0	0.0

1495536154280	-1.269216	0.0	0.0

1495536154283	-1.5021377	0.0	0.0

1495536154287	-1.758488	0.0	0.0

1495536154291	-2.1019158	0.0	0.0

1495536154294	-2.3892198	0.0	0.0

1495536154298	-2.5932636	0.0	0.0

1495536154301	-2.765401	0.0	0.0

1495536154305	-2.792097	0.0	0.0

1495536154308	-2.6585379	0.0	0.0

1495536154312	-2.5387657	0.0	0.0

1495536154315	-2.5953486	0.0	0.0

1495536154319	-2.5793056	0.0	0.0

1495536154324	-2.4046636	0.0	0.0

1495536154328	-1.9953012	0.0	0.0

1495536154331	-1.5992781	0.0	0.0

1495536154335	-1.4145824	0.0	0.0

1495536154339	-1.350463	0.0	0.0

1495536154343	-1.3198142	0.0	0.0

1495536154346	-1.462116	0.0	0.0

1495536154350	-1.6255369	0.0	0.0

1495536154354	-1.074066	0.0	0.0

1495536154358	-0.68225	0.0	0.0

1495536154362	-0.4340374	0.0	0.0

1495536154365	0.0	0.0	-0.24860328

