1498816187494	-0.13734	0.16677	9.83943

1498816187505	-0.22563	0.27468	9.80019

1498816187527	-0.0981	0.20601	9.85905

1498816187535	-0.12753	0.21582	9.80019

1498816187544	-0.14715	0.17658	9.829619

1498816187554	-0.14715	0.17658	9.829619

1498816187564	-0.18639	0.18639	9.809999

1498816187574	-0.13734	0.18639	9.829619

1498816187585	-0.14715	0.20601	9.89829

1498816187599	-0.24524999	0.14715	9.809999

1498816187605	-0.16677	0.10791	9.829619

1498816187614	-0.15696	0.20601	9.85905

1498816187626	-0.22563	0.27468	9.76095

1498816187644	-0.16677	0.22563	9.868859

1498816187654	-0.18639	0.21582	9.80019

1498816187665	-0.1962	0.18639	9.81981

1498816187675	-0.2943	0.17658	9.83943

1498816187685	-0.14715	0.20601	9.80019

1498816187695	-0.18639	0.11771999	9.80019

1498816187705	-0.08829	0.21582	9.81981

1498816187715	-0.15696	0.22563	9.79038

1498816187727	-0.25506	0.23543999	9.75114

1498816187745	-0.0981	0.22563	9.83943

1498816187755	-0.17658	0.21582	9.81981

1498816187765	-0.14715	0.24524999	9.85905

1498816187776	-0.15696	0.21582	9.849239

1498816187789	-0.16677	0.30411	9.81981

1498816187796	-0.18639	0.1962	9.79038

1498816187805	-0.18639	0.21582	9.83943

1498816187815	-0.14715	0.26487	9.79038

1498816187833	-0.18639	0.24524999	9.83943

1498816187836	-0.16677	0.27468	9.868859

1498816187845	-0.10791	0.1962	9.868859

1498816187855	-0.14715	0.17658	9.849239

1498816187865	-0.15696	0.12753	9.83943

1498816187875	-0.0981	0.1962	9.85905

1498816187886	-0.12753	0.28449	9.73152

1498816187896	-0.1962	0.16677	9.80019

1498816187906	-0.14715	0.12753	9.809999

1498816187915	-0.21582	0.1962	9.829619

1498816187926	-0.0981	0.1962	9.849239

1498816187936	-0.13734	0.20601	9.9081

1498816187946	-0.14715	0.16677	9.92772

1498816187956	-0.15696	0.28449	9.81981

1498816187966	-0.10791	0.2943	9.849239

1498816187980	-0.0981	0.1962	9.81981

1498816187986	-0.16677	0.11771999	9.78057

1498816187997	-0.16677	0.22563	9.83943

1498816188018	-0.14715	0.18639	9.88848

1498816188023	-0.12753	0.24524999	9.89829

1498816188029	-0.1962	0.28449	9.76095

1498816188038	-0.14715	0.22563	9.868859

1498816188048	-0.17658	0.12753	9.829619

1498816188058	-0.18639	0.13734	9.77076

1498816188068	-0.14715	0.23543999	9.77076

1498816188078	-0.20601	0.26487	9.87867

1498816188088	-0.08829	0.16677	9.809999

1498816188099	-0.22563	0.21582	9.81981

1498816188109	-0.18639	0.21582	9.849239

1498816188119	-0.1962	0.22563	9.88848

1498816188130	-0.15696	0.23543999	9.78057

1498816188140	-0.16677	0.15696	9.9081

1498816188150	-0.13734	0.14715	9.81981

1498816188160	-0.22563	0.18639	9.91791

1498816188175	-0.14715	0.25506	9.89829

1498816188179	-0.17658	0.12753	9.849239

1498816188189	-0.15696	0.1962	9.75114

1498816188200	-0.11771999	0.18639	9.81981

1498816188210	-0.22563	0.21582	9.88848

1498816188220	-0.13734	0.20601	9.80019

1498816188231	-0.23543999	0.10791	9.80019

1498816188241	-0.0981	0.21582	9.85905

1498816188251	-0.0981	0.1962	9.85905

1498816188261	-0.23543999	0.21582	9.81981

1498816188270	-0.18639	0.20601	9.849239

1498816188280	-0.13734	0.23543999	9.849239

1498816188290	-0.25506	0.20601	9.81981

1498816188300	-0.12753	0.25506	9.79038

1498816188311	-0.20601	0.21582	9.849239

1498816188321	-0.16677	0.15696	9.80019

1498816188332	-0.21582	0.16677	9.85905

1498816188342	-0.11771999	0.20601	9.94734

1498816188352	-0.12753	0.20601	9.81981

1498816188366	-0.12753	0.18639	9.79038

1498816188374	-0.17658	0.20601	9.849239

1498816188382	-0.17658	0.15696	9.79038

1498816188393	-0.13734	0.20601	9.91791

1498816188403	-0.16677	0.18639	9.73152

1498816188413	-0.13734	0.17658	9.80019

1498816188423	-0.26487	0.17658	9.72171

1498816188435	-0.12753	0.21582	9.809999

1498816188444	-0.11771999	0.21582	9.868859

1498816188454	-0.0981	0.18639	9.77076

1498816188464	-0.20601	0.24524999	9.81981

1498816188474	-0.11771999	0.23543999	9.88848

1498816188484	-0.22563	0.15696	9.849239

1498816188494	-0.1962	0.17658	9.77076

1498816188505	-0.18639	0.22563	9.80019

1498816188515	-0.20601	0.18639	9.81981

1498816188525	-0.0981	0.16677	9.849239

1498816188536	-0.10791	0.20601	9.829619

1498816188545	-0.13734	0.13734	9.88848

1498816188555	-0.13734	0.13734	9.88848

1498816188566	-0.12753	0.16677	9.81981

1498816188584	-0.11771999	0.11771999	9.75114

1498816188588	-0.0981	0.22563	9.868859

1498816188596	-0.20601	0.15696	9.829619

1498816188608	-0.14715	0.20601	9.75114

1498816188617	-0.20601	0.12753	9.829619

1498816188627	-0.18639	0.10791	9.76095

1498816188638	-0.13734	0.23543999	9.85905

1498816188656	-0.21582	0.23543999	9.85905

1498816188667	-0.16677	0.21582	9.83943

1498816188677	-0.1962	0.1962	9.93753

1498816188687	-0.12753	0.14715	9.76095

1498816188697	-0.14715	0.14715	9.75114

1498816188707	-0.14715	0.11771999	9.81981

1498816188717	-0.11771999	0.1962	9.85905

1498816188727	-0.1962	0.15696	9.829619

1498816188739	-0.16677	0.18639	9.77076

1498816188748	-0.18639	0.24524999	9.92772

1498816188758	-0.0981	0.21582	9.868859

1498816188768	-0.10791	0.21582	9.88848

1498816188778	-0.22563	0.24524999	9.78057

1498816188800	-0.12753	0.16677	9.829619

1498816188802	-0.0981	0.21582	9.78057

1498816188809	-0.15696	0.10791	9.76095

1498816188818	-0.22563	0.18639	9.79038

1498816188834	-0.18639	0.18639	9.849239

1498816188840	-0.17658	0.21582	9.80019

1498816188858	-0.10791	0.21582	9.89829

1498816188868	-0.18639	0.20601	9.829619

1498816188879	-0.13734	0.12753	9.78057

1498816188889	-0.12753	0.12753	9.76095

1498816188899	-0.13734	0.21582	9.72171

1498816188909	-0.11771999	0.33354	9.81981

1498816188919	-0.16677	0.13734	9.78057

1498816188929	-0.1962	0.17658	9.81981

1498816188941	-0.15696	0.28449	9.849239

1498816188959	-0.15696	0.13734	9.88848

1498816188970	-0.20601	0.13734	9.93753

1498816188980	-0.10791	0.15696	9.80019

1498816188990	-0.21582	0.18639	9.77076

1498816189000	-0.20601	0.16677	9.92772

1498816189015	-0.11771999	0.1962	9.79038

1498816189020	-0.18639	0.18639	9.77076

1498816189030	-0.13734	0.21582	9.79038

1498816189042	-0.13734	0.28449	9.849239

1498816189060	-0.08829	0.17658	9.81981

1498816189071	-0.13734	0.22563	9.83943

1498816189081	-0.17658	0.16677	9.91791

1498816189091	-0.15696	0.14715	9.81981

1498816189100	-0.17658	0.14715	9.91791

1498816189110	-0.18639	0.22563	9.85905

1498816189120	-0.11771999	0.23543999	9.88848

1498816189130	-0.12753	0.1962	9.73152

1498816189142	-0.17658	0.25506	9.78057

1498816189160	-0.13734	0.16677	9.88848

1498816189171	-0.16677	0.17658	9.88848

1498816189181	-0.1962	0.15696	9.77076

1498816189191	-0.17658	0.17658	9.79038

1498816189201	-0.15696	0.18639	9.83943

1498816189211	-0.12753	0.17658	9.74133

1498816189222	-0.11771999	0.20601	9.809999

1498816189232	-0.14715	0.16677	9.829619

1498816189248	-0.12753	0.22563	9.85905

1498816189252	-0.20601	0.22563	9.9081

1498816189263	-0.12753	0.16677	9.9081

1498816189273	-0.11771999	0.22563	9.78057

1498816189285	-0.16677	0.21582	9.79038

1498816189292	-0.18639	0.20601	9.81981

1498816189302	-0.14715	0.1962	9.87867

1498816189312	-0.18639	0.22563	9.83943

1498816189323	-0.10791	0.25506	9.849239

1498816189333	-0.11771999	0.18639	9.79038

1498816189344	-0.18639	0.1962	9.81981

1498816189353	-0.1962	0.17658	9.868859

1498816189363	-0.15696	0.13734	9.93753

1498816189374	-0.12753	0.23543999	9.9081

1498816189384	-0.17658	0.22563	9.80019

1498816189394	-0.20601	0.20601	9.83943

1498816189404	-0.24524999	0.23543999	9.76095

1498816189414	-0.18639	0.16677	9.78057

1498816189424	-0.13734	0.26487	9.81981

1498816189434	-0.0981	0.23543999	9.79038

1498816189446	-0.17658	0.22563	9.849239

1498816189464	-0.16677	0.23543999	9.868859

1498816189475	-0.14715	0.13734	9.87867

1498816189503	-0.13734	0.11771999	9.88848

1498816189506	-0.0981	0.16677	9.83943

1498816189507	-0.10791	0.20601	9.77076

1498816189515	-0.14715	0.11771999	9.868859

1498816189525	-0.21582	0.21582	9.809999

1498816189535	-0.25506	0.28449	9.829619

1498816189547	-0.17658	0.1962	9.85905

1498816189566	-0.11771999	0.14715	9.87867

1498816189575	-0.17658	0.12753	9.976769

1498816189585	-0.28449	0.1962	9.92772

1498816189595	-0.16677	0.22563	9.85905

1498816189605	-0.12753	0.18639	9.80019

1498816189616	-0.13734	0.22563	9.77076

1498816189626	-0.10791	0.26487	9.85905

1498816189636	-0.12753	0.23543999	9.78057

1498816189647	-0.14715	0.21582	9.80019

1498816189656	-0.22563	0.22563	9.92772

1498816189667	-0.13734	0.12753	9.94734

1498816189681	-0.22563	0.21582	9.75114

1498816189687	-0.16677	0.24524999	9.77076

1498816189696	-0.14715	0.15696	9.75114

1498816189721	-0.21582	0.20601	9.809999

1498816189722	-0.11771999	0.23543999	9.80019

1498816189727	-0.22563	0.17658	9.75114

1498816189737	-0.1962	0.17658	9.868859

1498816189748	-0.1962	0.0981	9.83943

1498816189758	-0.15696	0.26487	9.9081

1498816189768	-0.20601	0.08829	9.81981

1498816189778	-0.14715	0.20601	9.85905

1498816189788	-0.10791	0.17658	9.829619

1498816189798	-0.15696	0.21582	9.79038

1498816189809	-0.13734	0.17658	9.85905

1498816189819	-0.23543999	0.17658	9.75114

1498816189829	-0.20601	0.1962	9.88848

1498816189838	-0.17658	0.16677	9.79038

1498816189850	-0.15696	0.17658	9.75114

1498816189859	-0.21582	0.25506	9.88848

1498816189869	-0.18639	0.1962	9.9081

1498816189879	-0.11771999	0.21582	9.80019

1498816189898	-0.13734	0.17658	9.74133

1498816189900	-0.15696	0.18639	9.81981

1498816189909	-0.10791	0.16677	9.92772

1498816189919	-0.10791	0.1962	9.76095

1498816189931	-0.17658	0.23543999	9.809999

1498816189938	-0.20601	0.20601	9.74133

1498816189950	-0.17658	0.2943	9.89829

1498816189959	-0.13734	0.17658	9.829619

1498816189969	-0.17658	0.21582	9.809999

1498816189979	-0.10791	0.17658	9.80019

1498816189989	-0.10791	0.1962	9.809999

1498816189999	-0.12753	0.21582	9.83943

1498816190009	-0.12753	0.15696	9.83943

1498816190020	-0.24524999	0.16677	9.72171

1498816190030	-0.16677	0.18639	9.78057

1498816190040	-0.15696	0.14715	9.868859

1498816190052	-0.20601	0.14715	9.80019

1498816190061	-0.13734	0.13734	9.9081

1498816190071	-0.0981	0.24524999	9.9081

1498816190080	-0.15696	0.20601	9.849239

1498816190090	-0.13734	0.20601	9.87867

1498816190112	-0.17658	0.17658	9.91791

1498816190113	-0.15696	0.20601	9.81981

1498816190121	-0.16677	0.18639	9.74133

1498816190131	-0.17658	0.22563	9.85905

1498816190156	-0.1962	0.17658	9.73152

1498816190158	-0.15696	0.25506	9.868859

1498816190161	-0.16677	0.20601	9.809999

1498816190171	-0.15696	0.15696	9.89829

1498816190182	-0.23543999	0.18639	9.92772

1498816190192	-0.20601	0.24524999	9.93753

1498816190201	-0.12753	0.23543999	9.79038

1498816190211	-0.18639	0.15696	9.849239

1498816190221	-0.0981	0.21582	9.75114

1498816190232	-0.16677	0.21582	9.76095

1498816190242	-0.18639	0.22563	9.829619

1498816190253	-0.20601	0.22563	9.829619

1498816190262	-0.14715	0.16677	9.88848

1498816190273	-0.18639	0.26487	9.809999

1498816190283	-0.12753	0.21582	9.829619

1498816190292	-0.28449	0.21582	9.87867

1498816190302	-0.13734	0.18639	9.74133

1498816190319	-0.16677	0.14715	9.81981

1498816190324	-0.14715	0.22563	9.849239

1498816190333	-0.1962	0.21582	9.81981

1498816190343	-0.08829	0.18639	9.85905

1498816190355	-0.20601	0.26487	9.78057

1498816190374	-0.20601	0.16677	9.9081

1498816190771	-0.14715	0.21582	9.85905

1498816190782	-0.10791	0.23543999	9.80019

1498816190790	-0.0981	0.20601	9.809999

1498816190797	-0.20601	0.25506	9.829619

1498816190806	-0.16677	0.21582	9.88848

1498816190810	-0.13734	0.18639	9.83943

1498816190821	-0.17658	0.18639	9.849239

1498816190827	-0.18639	0.24524999	9.77076

1498816190831	-0.18639	0.16677	9.92772

1498816190838	-0.17658	0.18639	9.75114

1498816190844	-0.12753	0.0981	9.80019

1498816190846	-0.14715	0.13734	9.79038

1498816190848	-0.0981	0.1962	9.87867

1498816190849	-0.15696	0.22563	9.83943

1498816190851	-0.12753	0.13734	9.77076

1498816190853	-0.26487	0.12753	9.75114

1498816190854	-0.26487	0.12753	9.75114

1498816190856	-0.0981	0.17658	9.868859

1498816190857	-0.11771999	0.15696	9.85905

1498816190860	-0.16677	0.17658	9.85905

1498816190861	-0.15696	0.17658	9.809999

1498816190862	-0.11771999	0.26487	9.79038

1498816190863	-0.14715	0.15696	9.80019

1498816190864	-0.16677	0.18639	9.75114

1498816190869	-0.13734	0.23543999	9.92772

1498816190870	-0.15696	0.20601	9.849239

1498816190871	-0.18639	0.13734	9.93753

1498816190872	-0.12753	0.23543999	9.91791

1498816190876	-0.08829	0.15696	9.829619

1498816190877	-0.10791	0.18639	9.77076

1498816190878	-0.22563	0.17658	9.83943

1498816190879	-0.0981	0.31392	9.809999

1498816190880	-0.14715	0.1962	9.76095

1498816190884	-0.07848	0.21582	9.80019

1498816190886	-0.0981	0.17658	9.78057

1498816190887	-0.10791	0.21582	9.96696

1498816190888	-0.15696	0.14715	9.829619

1498816190889	-0.12753	0.15696	9.829619

1498816190892	-0.07848	0.16677	9.92772

1498816190893	-0.16677	0.20601	9.87867

1498816190894	-0.11771999	0.21582	9.91791

1498816190896	-0.16677	0.17658	9.81981

1498816190910	-0.20601	0.22563	9.77076

1498816190917	-0.16677	0.22563	9.87867

1498816190919	-0.21582	0.22563	9.73152

1498816190926	-0.23543999	0.17658	9.81981

1498816190952	-0.14715	0.17658	9.88848

1498816190954	-0.22563	0.21582	9.849239

1498816190957	-0.20601	0.12753	9.78057

1498816190958	-0.16677	0.26487	9.77076

1498816190959	-0.12753	0.27468	9.702089

1498816190961	-0.25506	0.26487	9.809999

1498816190969	-0.11771999	0.13734	9.79038

1498816190970	-0.10791	0.20601	9.73152

1498816190986	-0.17658	0.22563	9.85905

1498816190996	-0.15696	0.1962	9.868859

1498816191007	-0.21582	0.1962	9.88848

1498816191017	-0.16677	0.1962	9.809999

1498816191027	-0.12753	0.17658	9.868859

1498816191037	-0.11771999	0.23543999	9.809999

1498816191047	-0.18639	0.18639	9.81981

1498816191057	-0.18639	0.20601	9.868859

1498816191069	-0.10791	0.12753	9.849239

1498816191078	-0.18639	0.22563	9.83943

1498816191088	-0.22563	0.26487	9.88848

1498816191102	-0.18639	0.18639	9.89829

1498816191108	-0.16677	0.17658	9.75114

1498816191119	-0.21582	0.18639	9.76095

1498816191143	-0.13734	0.16677	9.78057

1498816191144	-0.13734	0.18639	9.76095

1498816191148	-0.16677	0.1962	9.868859

1498816191158	-0.18639	0.17658	9.81981

1498816191170	-0.16677	0.23543999	9.81981

1498816191179	-0.18639	0.18639	9.96696

1498816191189	-0.25506	0.23543999	9.829619

1498816191199	-0.12753	0.11771999	9.849239

1498816191209	-0.18639	0.27468	9.809999

1498816191219	-0.13734	0.20601	9.83943

1498816191230	-0.11771999	0.26487	9.76095

1498816191240	-0.2943	0.17658	9.809999

1498816191250	-0.15696	0.20601	9.868859

1498816191260	-0.15696	0.1962	9.85905

1498816191272	-0.21582	0.11771999	9.87867

1498816191281	-0.14715	0.17658	9.89829

1498816191295	-0.14715	0.10791	9.89829

1498816191300	-0.0981	0.13734	9.9081

1498816191310	-0.21582	0.1962	9.81981

1498816191321	-0.20601	0.25506	9.809999

1498816191331	-0.18639	0.21582	9.809999

1498816191341	-0.11771999	0.1962	9.78057

1498816191350	-0.20601	0.12753	9.83943

1498816191360	-0.14715	0.22563	9.81981

1498816191372	-0.1962	0.17658	9.80019

1498816191380	-0.13734	0.22563	9.85905

1498816191390	-0.10791	0.18639	9.96696

1498816191400	-0.14715	0.12753	9.9081

1498816191410	-0.10791	0.24524999	9.77076

1498816191421	-0.25506	0.16677	9.83943

1498816191431	-0.0981	0.22563	9.76095

1498816191441	-0.12753	0.22563	9.78057

1498816191451	-0.13734	0.20601	9.7119

1498816191461	-0.12753	0.17658	9.80019

1498816191476	-0.17658	0.18639	9.85905

1498816191491	-0.0981	0.20601	9.85905

1498816191509	-0.18639	0.26487	9.91791

1498816191515	-0.16677	0.24524999	9.81981

1498816191522	-0.10791	0.14715	9.809999

1498816191532	-0.14715	0.21582	9.809999

1498816191542	-0.12753	0.21582	9.73152

1498816191552	-0.12753	0.21582	9.73152

1498816191562	-0.1962	0.1962	9.809999

1498816191574	-0.10791	0.1962	9.85905

1498816191592	-0.14715	0.22563	9.96696

1498816191602	-0.0981	0.25506	9.83943

1498816191612	-0.24524999	0.22563	9.88848

1498816191623	-0.1962	0.15696	9.85905

1498816191633	-0.16677	0.10791	9.81981

1498816191643	-0.11771999	0.18639	9.79038

1498816191653	-0.1962	0.21582	9.92772

1498816191663	-0.16677	0.20601	9.79038

1498816191675	-0.12753	0.16677	9.868859

1498816191684	-0.10791	0.16677	9.91791

1498816191706	-0.13734	0.15696	9.93753

1498816191710	-0.20601	0.27468	9.87867

1498816191714	-0.14715	0.17658	9.80019

1498816191725	-0.18639	0.12753	9.809999

1498816191735	-0.15696	0.27468	9.77076

1498816191745	-0.22563	0.1962	9.76095

1498816191755	-0.13734	0.1962	9.9081

1498816191765	-0.10791	0.13734	9.81981

1498816191777	-0.13734	0.18639	9.85905

1498816191786	-0.0981	0.21582	9.96696

1498816191796	-0.0981	0.1962	9.80019

1498816191806	-0.13734	0.17658	9.849239

1498816191816	-0.16677	0.20601	9.809999

1498816191826	-0.11771999	0.22563	9.849239

1498816191837	-0.18639	0.25506	9.829619

1498816191847	-0.11771999	0.22563	9.849239

1498816191857	-0.20601	0.14715	9.75114

1498816191866	-0.16677	0.22563	9.87867

1498816191877	-0.10791	0.20601	9.702089

1498816191895	-0.17658	0.24524999	9.9571495

1498816191898	-0.27468	0.17658	9.92772

1498816191908	-0.16677	0.17658	9.809999

1498816191935	-0.17658	0.24524999	9.809999

1498816191940	-0.0981	0.22563	9.77076

1498816191941	-0.14715	0.16677	9.809999

1498816191948	-0.13734	0.17658	9.89829

1498816191958	-0.15696	0.18639	9.80019

1498816191968	-0.1962	0.25506	9.79038

1498816191980	-0.11771999	0.17658	9.92772

1498816191989	-0.11771999	0.18639	9.976769

1498816191999	-0.0981	0.21582	9.849239

1498816192009	-0.25506	0.14715	9.78057

1498816192019	-0.18639	0.1962	9.81981

1498816192029	-0.10791	0.18639	9.85905

1498816192040	-0.14715	0.15696	9.81981

1498816192050	-0.10791	0.18639	9.83943

1498816192060	-0.11771999	0.21582	9.81981

1498816192069	-0.11771999	0.16677	9.83943

1498816192080	-0.15696	0.12753	9.88848

1498816192100	-0.20601	0.22563	9.92772

1498816192102	-0.1962	0.21582	9.87867

1498816192110	-0.15696	0.26487	9.91791

1498816192120	-0.14715	0.1962	9.77076

1498816192146	-0.0981	0.15696	9.89829

1498816192147	-0.12753	0.17658	9.79038

1498816192151	-0.11771999	0.18639	9.81981

1498816192161	-0.22563	0.26487	9.80019

1498816192170	-0.10791	0.20601	9.76095

1498816192182	-0.0981	0.10791	9.829619

1498816192192	-0.13734	0.23543999	10.035629

1498816192201	-0.17658	0.21582	9.89829

1498816192212	-0.12753	0.25506	9.85905

1498816192222	-0.12753	0.23543999	9.85905

1498816192232	-0.18639	0.25506	9.829619

1498816192242	-0.22563	0.26487	9.77076

1498816192252	-0.13734	0.22563	9.78057

1498816192262	-0.15696	0.20601	9.85905

1498816192272	-0.0981	0.20601	9.849239

1498816192284	-0.14715	0.20601	9.79038

1498816192293	-0.1962	0.16677	9.96696

1498816192303	-0.10791	0.22563	9.81981

1498816192321	-0.16677	0.23543999	9.868859

1498816192331	-0.10791	0.14715	9.809999

1498816192334	-0.17658	0.16677	9.809999

1498816192344	-0.10791	0.26487	9.81981

1498816192354	-0.18639	0.10791	9.809999

1498816192364	-0.11771999	0.17658	9.78057

1498816192374	-0.10791	0.16677	9.85905

1498816192386	-0.16677	0.16677	9.87867

1498816192404	-0.14715	0.16677	9.91791

1498816192414	-0.16677	0.20601	9.76095

1498816192424	-0.0981	0.30411	9.849239

1498816192435	-0.08829	0.18639	9.87867

1498816192445	-0.12753	0.1962	9.80019

1498816192455	-0.0981	0.20601	9.849239

1498816192465	-0.0981	0.21582	9.849239

