1495836456624	-9.653115	0.5493643	0.0

1495836456624	-9.5746355	0.5493643	0.078480616

1495836456625	-9.653115	0.5493643	0.0

1495836456626	-9.653115	0.5493643	0.078480616

1495836456627	-9.653115	0.4708837	0.0

1495836456643	-9.653115	0.5493643	-0.078480616

1495836456644	-9.653115	0.5493643	0.0

1495836456644	-9.653115	0.5493643	0.0

1495836456645	-9.653115	0.5493643	-0.078480616

1495836456645	-9.653115	0.5493643	0.0

1495836456679	-9.653115	0.5493643	0.0

1495836456680	-9.653115	0.5493643	0.0

1495836456684	-9.653115	0.4708837	0.0

1495836456684	-9.653115	0.5493643	0.0

1495836456685	-9.653115	0.5493643	0.0

1495836456686	-9.653115	0.5493643	0.0

1495836456686	-9.653115	0.5493643	-0.078480616

1495836456687	-9.653115	0.5493643	0.0

1495836456693	-9.653115	0.5493643	0.0

1495836456694	-9.653115	0.5493643	0.0

1495836456695	-9.653115	0.5493643	-0.078480616

1495836456695	-9.653115	0.5493643	0.0

1495836456696	-9.653115	0.5493643	0.0

1495836456696	-9.653115	0.5493643	0.0

1495836456697	-9.653115	0.5493643	0.078480616

1495836456701	-9.653115	0.5493643	0.0

1495836456701	-9.653115	0.5493643	0.078480616

1495836456702	-9.653115	0.5493643	0.0

1495836456720	-9.653115	0.5493643	0.078480616

1495836456721	-9.653115	0.4708837	0.0

1495836456722	-9.653115	0.5493643	0.0

1495836456760	-9.653115	0.5493643	-0.078480616

1495836456761	-9.653115	0.5493643	0.0

1495836456769	-9.653115	0.5493643	0.078480616

1495836456799	-9.5746355	0.5493643	0.078480616

1495836456801	-9.5746355	0.5493643	0.0

1495836456809	-9.5746355	0.5493643	0.0

1495836456819	-9.5746355	0.6278449	0.0

1495836456836	-9.5746355	0.5493643	0.0

1495836456839	-9.653115	0.5493643	0.078480616

1495836456849	-9.731596	0.5493643	0.0

1495836456879	-9.653115	0.5493643	0.0

1495836456888	-9.653115	0.5493643	0.0

1495836456889	-9.731596	0.5493643	0.078480616

1495836456899	-9.731596	0.5493643	0.0

1495836456909	-9.653115	0.5493643	0.0

1495836456929	-9.653115	0.5493643	0.0

1495836456939	-9.653115	0.5493643	0.0

1495836456960	-9.653115	0.5493643	0.0

1495836456964	-9.653115	0.5493643	0.078480616

1495836456969	-9.653115	0.5493643	0.0

1495836456979	-9.653115	0.5493643	-0.078480616

1495836456989	-9.653115	0.5493643	-0.078480616

1495836457002	-9.653115	0.5493643	0.0

1495836457009	-9.653115	0.5493643	0.0

1495836457039	-9.653115	0.5493643	0.078480616

1495836457049	-9.731596	0.4708837	0.078480616

1495836457059	-9.731596	0.4708837	0.0

1495836457080	-9.653115	0.5493643	-0.078480616

1495836457089	-9.653115	0.5493643	0.0

1495836457119	-9.653115	0.5493643	0.078480616

1495836457139	-9.653115	0.5493643	0.0

1495836457159	-9.653115	0.5493643	0.0

1495836457160	-9.653115	0.5493643	0.0

1495836457169	-9.653115	0.5493643	0.0

1495836457179	-9.653115	0.5493643	0.078480616

1495836457200	-9.653115	0.5493643	0.0

1495836457209	-9.5746355	0.5493643	0.0

1495836457219	-9.5746355	0.5493643	0.0

1495836457229	-9.653115	0.5493643	0.0

1495836457243	-9.653115	0.5493643	0.0

1495836457249	-9.731596	0.5493643	0.0

1495836457259	-9.731596	0.5493643	0.078480616

1495836457275	-9.653115	0.5493643	0.078480616

1495836457279	-9.653115	0.5493643	0.078480616

1495836457289	-9.653115	0.5493643	0.0

1495836457311	-9.653115	0.5493643	0.0

1495836457329	-9.653115	0.5493643	-0.078480616

1495836457348	-9.653115	0.5493643	0.0

1495836457359	-9.653115	0.4708837	0.0

1495836457369	-9.653115	0.4708837	0.0

1495836457391	-9.653115	0.5493643	0.0

1495836457399	-9.653115	0.5493643	-0.078480616

1495836457409	-9.653115	0.5493643	-0.078480616

1495836457430	-9.653115	0.5493643	0.0

1495836457431	-9.653115	0.5493643	0.078480616

1495836457439	-9.653115	0.5493643	0.0

1495836457489	-9.653115	0.5493643	0.0

1495836457507	-9.653115	0.4708837	0.0

1495836457509	-9.653115	0.5493643	0.0

1495836457529	-9.653115	0.5493643	0.0

1495836457539	-9.653115	0.5493643	0.0

1495836457549	-9.653115	0.5493643	0.0

1495836457565	-9.653115	0.4708837	0.0

1495836457569	-9.653115	0.5493643	0.0

1495836457579	-9.653115	0.5493643	0.0

1495836457605	-9.731596	0.5493643	0.0

1495836457609	-9.653115	0.5493643	0.0

1495836457619	-9.653115	0.5493643	0.0

1495836457629	-9.653115	0.5493643	0.0

1495836457642	-9.653115	0.4708837	0.0

1495836457649	-9.653115	0.5493643	0.0

1495836457680	-9.653115	0.5493643	0.0

1495836457680	-9.653115	0.5493643	0.0

1495836457699	-9.653115	0.5493643	0.0

1495836457709	-9.653115	0.5493643	0.0

1495836457739	-9.653115	0.5493643	0.078480616

1495836457759	-9.653115	0.5493643	0.0

1495836457760	-9.653115	0.5493643	-0.078480616

1495836457769	-9.653115	0.5493643	0.0

1495836457789	-9.653115	0.5493643	0.0

1495836457802	-9.653115	0.4708837	0.0

1495836457809	-9.653115	0.5493643	0.0

1495836457841	-9.653115	0.4708837	0.0

1495836457850	-9.653115	0.5493643	0.0

1495836457859	-9.731596	0.5493643	0.0

1495836457869	-9.731596	0.5493643	0.078480616

1495836457883	-9.731596	0.5493643	0.0

1495836457889	-9.653115	0.5493643	0.0

1495836457919	-9.653115	0.5493643	0.0

1495836457929	-9.653115	0.5493643	0.078480616

1495836457951	-9.653115	0.5493643	0.0

1495836457952	-9.653115	0.5493643	0.0

1495836457969	-9.653115	0.5493643	0.0

1495836457991	-9.653115	0.4708837	0.0

1495836457999	-9.653115	0.5493643	0.0

1495836458009	-9.653115	0.5493643	0.0

1495836458031	-9.653115	0.5493643	0.0

1495836458049	-9.653115	0.5493643	0.078480616

1495836458068	-9.731596	0.5493643	0.078480616

1495836458071	-9.731596	0.5493643	0.0

1495836458079	-9.653115	0.5493643	0.0

1495836458089	-9.653115	0.5493643	0.0

1495836458107	-9.653115	0.5493643	0.0

1495836458119	-9.731596	0.5493643	0.0

1495836458129	-9.653115	0.5493643	-0.078480616

1495836458139	-9.653115	0.5493643	0.0

1495836458174	-9.731596	0.5493643	0.0

1495836458179	-9.653115	0.5493643	0.078480616

1495836458189	-9.653115	0.5493643	0.0

1495836458199	-9.653115	0.5493643	0.0

1495836458219	-9.653115	0.5493643	0.078480616

1495836458236	-9.653115	0.5493643	0.15696123

1495836458239	-9.653115	0.5493643	0.0

1495836458249	-9.653115	0.5493643	-0.078480616

1495836458275	-9.653115	0.5493643	0.0

1495836458276	-9.653115	0.5493643	0.0

1495836458279	-9.653115	0.5493643	0.0

1495836458289	-9.653115	0.5493643	0.0

1495836458299	-9.653115	0.5493643	0.078480616

1495836458313	-9.653115	0.4708837	0.0

1495836458319	-9.5746355	0.5493643	0.078480616

1495836458329	-9.653115	0.5493643	0.078480616

1495836458354	-9.731596	0.5493643	0.0

1495836458359	-9.653115	0.5493643	0.0

1495836458369	-9.731596	0.5493643	0.0

1495836458379	-9.731596	0.5493643	-0.078480616

1495836458392	-9.653115	0.5493643	0.0

1495836458399	-9.653115	0.5493643	0.0

1495836458409	-9.653115	0.4708837	-0.078480616

1495836458432	-9.653115	0.5493643	0.078480616

1495836458432	-9.653115	0.5493643	0.0

1495836458470	-9.731596	0.5493643	0.078480616

1495836458479	-9.731596	0.5493643	0.0

1495836458489	-9.653115	0.5493643	0.0

1495836458507	-9.653115	0.5493643	0.078480616

1495836458539	-9.653115	0.5493643	0.0

1495836458549	-9.653115	0.4708837	0.0

1495836458564	-9.653115	0.5493643	-0.078480616

1495836458569	-9.653115	0.5493643	0.0

1495836458589	-9.653115	0.5493643	0.078480616

1495836458603	-9.653115	0.5493643	0.0

1495836458609	-9.731596	0.5493643	0.078480616

1495836458629	-9.731596	0.5493643	0.0

1495836458630	-9.653115	0.5493643	0.0

1495836458642	-9.653115	0.5493643	0.078480616

1495836458649	-9.653115	0.5493643	0.0

1495836458659	-9.653115	0.5493643	0.0

1495836458679	-9.653115	0.4708837	0.0

1495836458680	-9.653115	0.5493643	0.0

1495836458689	-9.653115	0.5493643	0.0

1495836458699	-9.731596	0.4708837	0.0

1495836458709	-9.653115	0.5493643	0.078480616

1495836458722	-9.653115	0.5493643	0.0

1495836458729	-9.653115	0.5493643	0.078480616

1495836458739	-9.653115	0.4708837	0.0

1495836458763	-9.731596	0.5493643	0.0

1495836458764	-9.653115	0.5493643	0.0

1495836458779	-9.731596	0.5493643	0.0

1495836458789	-9.653115	0.5493643	0.0

1495836458802	-9.653115	0.5493643	0.0

1495836458827	-9.653115	0.5493643	0.078480616

1495836458840	-9.731596	0.5493643	0.078480616

1495836458846	-9.731596	0.5493643	0.078480616

1495836458847	-9.653115	0.5493643	0.0

1495836458869	-9.731596	0.5493643	0.0

1495836458879	-9.653115	0.5493643	0.0

1495836458894	-9.653115	0.5493643	0.078480616

1495836458899	-9.653115	0.5493643	0.078480616

1495836458909	-9.653115	0.5493643	0.0

1495836458939	-9.731596	0.5493643	0.0

1495836458949	-9.653115	0.5493643	0.0

1495836458971	-9.731596	0.5493643	0.0

1495836458972	-9.653115	0.6278449	0.0

1495836458979	-9.653115	0.5493643	0.078480616

1495836458989	-9.653115	0.5493643	0.0

1495836459012	-9.731596	0.5493643	-0.078480616

1495836459013	-9.731596	0.5493643	0.0

1495836459019	-9.653115	0.5493643	0.0

1495836459029	-9.653115	0.5493643	0.0

1495836459050	-9.653115	0.5493643	0.0

1495836459051	-9.731596	0.5493643	0.0

1495836459059	-9.653115	0.5493643	-0.078480616

1495836459085	-9.653115	0.6278449	0.0

1495836459089	-9.653115	0.5493643	-0.078480616

1495836459099	-9.653115	0.5493643	0.0

1495836459139	-9.731596	0.5493643	0.0

1495836459149	-9.653115	0.4708837	0.0

1495836459170	-9.653115	0.5493643	0.0

1495836459179	-9.731596	0.5493643	0.0

1495836459189	-9.653115	0.5493643	0.0

1495836459210	-9.653115	0.5493643	0.0

1495836459211	-9.653115	0.5493643	0.0

1495836459219	-9.653115	0.5493643	0.0

1495836459249	-9.731596	0.5493643	0.078480616

1495836459259	-9.653115	0.4708837	0.0

1495836459269	-9.653115	0.5493643	0.0

1495836459291	-9.653115	0.5493643	0.0

1495836459299	-9.731596	0.5493643	0.0

1495836459309	-9.731596	0.5493643	0.0

1495836459327	-9.653115	0.5493643	-0.078480616

1495836459339	-9.5746355	0.5493643	0.0

1495836459349	-9.5746355	0.5493643	0.0

1495836459359	-9.653115	0.5493643	0.0

1495836459372	-9.653115	0.4708837	0.0

1495836459379	-9.653115	0.5493643	0.0

1495836459389	-9.653115	0.6278449	0.0

1495836459409	-9.653115	0.5493643	0.0

1495836459434	-9.731596	0.5493643	0.0

1495836459439	-9.731596	0.5493643	0.0

1495836459470	-9.653115	0.5493643	0.0

1495836459471	-9.653115	0.5493643	0.0

1495836459479	-9.731596	0.5493643	0.0

1495836459489	-9.653115	0.6278449	0.0

1495836459499	-9.653115	0.5493643	0.0

1495836459529	-9.653115	0.5493643	0.0

1495836459553	-9.653115	0.5493643	0.0

1495836459553	-9.653115	0.5493643	0.0

1495836459559	-9.653115	0.5493643	0.0

1495836459569	-9.653115	0.4708837	0.0

1495836459591	-9.653115	0.4708837	0.078480616

1495836459592	-9.653115	0.5493643	0.078480616

1495836459599	-9.731596	0.5493643	0.0

1495836459629	-9.731596	0.4708837	0.0

1495836459630	-9.653115	0.5493643	0.0

1495836459670	-9.653115	0.5493643	-0.078480616

1495836459679	-9.653115	0.5493643	0.0

1495836459709	-9.653115	0.5493643	0.078480616

1495836459710	-9.731596	0.5493643	0.0

1495836459711	-9.731596	0.5493643	0.0

1495836459729	-9.653115	0.5493643	0.0

1495836459750	-9.653115	0.5493643	0.0

1495836459759	-9.653115	0.5493643	0.0

1495836459799	-9.653115	0.5493643	0.0

1495836459809	-9.653115	0.5493643	0.0

1495836459819	-9.653115	0.5493643	0.0

1495836459833	-9.653115	0.5493643	0.0

1495836459839	-9.653115	0.5493643	0.0

1495836459849	-9.653115	0.5493643	0.0

1495836459870	-9.653115	0.5493643	0.078480616

1495836459873	-9.653115	0.5493643	0.0

1495836459889	-9.5746355	0.4708837	0.0

1495836459914	-9.5746355	0.4708837	0.0

1495836459914	-9.653115	0.5493643	0.078480616

1495836459919	-9.653115	0.5493643	0.0

1495836459951	-9.653115	0.5493643	0.0

1495836459959	-9.731596	0.5493643	0.0

1495836459969	-9.731596	0.5493643	-0.078480616

1495836459986	-9.653115	0.5493643	0.0

1495836460009	-9.653115	0.5493643	-0.078480616

1495836460023	-9.653115	0.6278449	-0.078480616

1495836460029	-9.653115	0.6278449	0.0

1495836460039	-9.653115	0.5493643	0.0

1495836460049	-9.653115	0.5493643	0.0

1495836460069	-9.653115	0.4708837	0.0

1495836460079	-9.653115	0.5493643	0.0

1495836460089	-9.653115	0.5493643	0.0

1495836460109	-9.653115	0.6278449	0.0

1495836460110	-9.653115	0.5493643	0.0

1495836460119	-9.653115	0.5493643	0.0

1495836460159	-9.653115	0.5493643	-0.078480616

1495836460169	-9.653115	0.5493643	0.0

1495836460185	-9.653115	0.5493643	0.0

1495836460219	-9.653115	0.5493643	0.0

1495836460233	-9.653115	0.5493643	0.0

1495836460249	-9.653115	0.5493643	0.0

1495836460273	-9.731596	0.5493643	0.0

1495836460279	-9.653115	0.5493643	0.078480616

1495836460289	-9.653115	0.5493643	0.078480616

1495836460299	-9.653115	0.5493643	0.0

1495836460329	-9.653115	0.5493643	0.0

1495836460344	-9.653115	0.5493643	0.078480616

1495836460350	-9.731596	0.5493643	0.078480616

1495836460359	-9.653115	0.5493643	0.0

1495836460369	-9.653115	0.4708837	0.0

1495836460388	-9.653115	0.5493643	0.0

1495836460390	-9.653115	0.5493643	-0.078480616

1495836460399	-9.653115	0.5493643	0.0

1495836460427	-9.5746355	0.5493643	0.078480616

1495836460429	-9.653115	0.4708837	0.0

1495836460439	-9.653115	0.5493643	0.078480616

1495836460449	-9.653115	0.5493643	0.0

1495836460501	-9.653115	0.5493643	0.0

1495836460501	-9.653115	0.5493643	0.0

1495836460509	-9.653115	0.5493643	0.0

1495836460519	-9.653115	0.4708837	0.0

1495836460529	-9.653115	0.5493643	0.0

1495836460559	-9.731596	0.5493643	0.0

1495836460569	-9.653115	0.5493643	0.0

1495836460589	-9.653115	0.5493643	0.078480616

1495836460599	-9.653115	0.5493643	0.0

1495836460631	-9.653115	0.5493643	0.0

1495836460633	-9.653115	0.5493643	0.0

1495836460639	-9.653115	0.6278449	-0.078480616

1495836460658	-9.653115	0.5493643	-0.078480616

1495836460659	-9.653115	0.5493643	-0.078480616

1495836460669	-9.653115	0.5493643	-0.078480616

1495836460691	-9.653115	0.5493643	0.0

1495836460692	-9.731596	0.5493643	0.0

1495836460699	-9.653115	0.5493643	0.078480616

1495836460709	-9.653115	0.5493643	0.0

1495836460727	-9.653115	0.5493643	-0.078480616

1495836460731	-9.653115	0.5493643	-0.078480616

1495836460739	-9.653115	0.5493643	-0.078480616

1495836460749	-9.653115	0.5493643	0.0

1495836460768	-9.653115	0.5493643	-0.078480616

1495836460770	-9.653115	0.5493643	0.0

1495836460779	-9.653115	0.5493643	0.0

1495836460811	-9.653115	0.5493643	0.078480616

1495836460811	-9.653115	0.5493643	0.0

1495836460819	-9.731596	0.5493643	0.078480616

1495836460829	-9.653115	0.5493643	0.0

1495836460839	-9.653115	0.5493643	0.0

1495836460853	-9.653115	0.5493643	0.0

1495836460882	-9.653115	0.5493643	-0.078480616

1495836460889	-9.653115	0.5493643	0.0

1495836460899	-9.653115	0.5493643	0.0

1495836460909	-9.653115	0.5493643	0.0

1495836460939	-9.653115	0.4708837	0.0

1495836460949	-9.653115	0.5493643	0.0

1495836460966	-9.653115	0.5493643	0.0

1495836460969	-9.653115	0.5493643	0.0

1495836460979	-9.5746355	0.5493643	0.0

1495836460989	-9.5746355	0.5493643	0.0

1495836461009	-9.653115	0.5493643	0.078480616

1495836461010	-9.653115	0.5493643	0.0

1495836461019	-9.5746355	0.5493643	0.0

1495836461047	-9.653115	0.5493643	0.0

1495836461059	-9.653115	0.5493643	0.0

1495836461069	-9.653115	0.5493643	-0.078480616

1495836461090	-9.653115	0.6278449	-0.078480616

1495836461091	-9.653115	0.5493643	0.0

1495836461109	-9.653115	0.5493643	0.0

1495836461119	-9.653115	0.5493643	0.0

1495836461129	-9.653115	0.5493643	0.0

1495836461153	-9.653115	0.5493643	0.0

1495836461159	-9.653115	0.5493643	0.078480616

1495836461169	-9.653115	0.5493643	0.078480616

1495836461193	-9.653115	0.5493643	0.078480616

1495836461194	-9.653115	0.5493643	0.0

1495836461199	-9.731596	0.5493643	0.0

1495836461209	-9.731596	0.5493643	-0.078480616

1495836461228	-9.731596	0.5493643	0.0

1495836461235	-9.653115	0.5493643	0.0

1495836461239	-9.653115	0.5493643	0.078480616

1495836461249	-9.653115	0.5493643	0.0

