1495400025529	1.2990941	-0.5900613	-0.5071942

1495400025535	1.4027444	-0.54209965	-0.6195044

1495400025542	1.5335732	-0.25632828	-0.6937117

1495400025551	1.5674127	-0.10031974	-0.71329606

1495400025562	1.59579	0.051159073	-0.7057021

1495400025572	1.5674127	0.20610179	-0.68718356

1495400025580	1.5237143	0.30095923	-0.6838529

1495400025590	1.4757527	0.2693845	-0.70343727

1495400025600	1.4244604	0.067545965	-0.7046363

1495400025610	1.3405275	-0.17665868	-0.7078337

1495400025622	1.2292832	-0.3391953	-0.69584334

1495400025634	1.138689	-0.40460965	-0.6882494

1495400025641	1.0536904	-0.4014122	-0.7046363

1495400025652	1.0143884	-0.41007194	-0.76125765

1495400025662	1.0198507	-0.45483613	-0.8365308

1495400025679	1.0219824	-0.54209965	-0.8747668

1495400025681	1.0013323	-0.6739941	-0.9075406

1495400025690	0.9008793	-0.75153214	-0.9063416

1495400025700	0.7624567	-0.73834264	-0.8714362

1495400025710	0.6293632	-0.6041833	-0.8485212

1495400025727	0.5169198	-0.33040234	-0.80708766

1495400025730	0.40794033	0.037037037	-0.7340794

1495400025740	0.26179057	0.5671463	-0.58353317

1495400025750	0.1842526	0.62603253	-0.50066614

1495400025762	0.08286704	0.5921929	-0.42312816

1495400025774	-0.029443111	0.5289102	-0.3959499

1495400025780	-0.13189448	0.42859045	-0.41220358

1495400025790	-0.2693845	0.31188384	-0.40794033

1495400025800	-0.43298694	0.22355449	-0.3206768

1495400025810	-0.5726086	0.13522515	-0.14828138

1495400025820	-0.7460698	0.098054886	0.045696776

1495400025830	-1.0198507	0.12096989	0.25512922

1495400025840	-1.3743671	0.1438849	0.4765521

1495400025850	-1.7528644	0.1951772	0.73727685

1495400025873	-2.0834	0.3097522	1.018785

1495400025875	-2.370237	0.44830802	1.2827072

1495400025880	-2.5600853	0.5671463	1.4965361

1495400025890	-2.690914	0.5824674	1.6677325

1495400025900	-2.7847056	0.5442313	1.7484679

1495400025911	-2.804423	0.39914736	1.7648548

1495400025920	-2.7247536	0.051159073	1.6971756

1495400025930	-2.5262456	-0.36317614	1.488809

1495400025942	-1.8106848	-0.32494006	1.1506795

1495400025950	-1.3264055	-0.1449507	1.3001599

1495400025965	-1.1605382	0.093791634	1.535838

1495400025970	-1.4572343	0.1449507	1.6819878

1495400025980	-1.8204104	0.12323475	1.6819878

1495400025990	-2.106315	0.034905408	1.511724

1495400026000	-2.2110312	-0.057687182	1.216227

1495400026010	-2.0931256	0.38822275	1.0405009

1495400026020	-1.9633627	0.9761524	0.91073805

1495400026030	-1.8172129	1.4780176	0.8551825

1495400026040	-1.632827	1.8477218	0.86930454

1495400026050	-1.41247	2.0003996	0.9118039

1495400026062	-1.2282175	2.074607	0.95004

1495400026070	-1.0896616	1.9949374	0.9118039

1495400026080	-0.92499334	1.8979483	0.88782305

1495400026090	-0.73181456	1.8172129	0.97069013

1495400026100	-0.61191046	1.6917133	1.0230483

1495400026117	-0.5027978	1.5314416	1.0175859

1495400026120	-0.35984546	1.3645084	0.9773514

1495400026130	-0.21596056	1.2292832	0.9630962

1495400026140	-0.001065814	1.1027179	0.87263525

1495400026150	0.10684785	1.094058	0.7809752

1495400026163	0.21476153	1.0547562	0.6664002

1495400026170	0.33373302	0.98934186	0.5856648

1495400026180	0.50612843	0.87370104	0.51918465

1495400026191	0.7231548	0.68172127	0.45590195

1495400026200	0.9925393	0.40354383	0.39914736

1495400026210	1.2761791	0.051159073	0.35331735

1495400026220	1.557554	-0.28244072	0.31188384

1495400026230	1.7789768	-0.49733546	0.28244072

1495400026240	1.8804955	-0.52784437	0.3141487

1495400026251	1.831335	-0.43405277	0.39701572

1495400026262	1.5935252	-0.27924326	0.40460965

1495400026270	1.1115108	-0.04143352	0.25086597

1495400026280	0.4416467	0.2693845	0.034905408

1495400026290	-0.22795098	0.759126	0.05009326

1495400026300	-0.74273914	1.1223022	0.2246203

1495400026310	-0.98387957	1.1376232	0.3511857

1495400026320	-0.92819077	0.93911535	0.38062882

1495400026330	-0.7395417	0.7340794	0.39261925

1495400026340	-0.21915801	0.4188649	0.3206768

1495400026350	0.06861178	0.3261391	0.1787903

1495400026360	0.29669598	0.30868638	-0.017452704

1495400026371	0.5223821	0.2410072	-0.17985612

1495400026380	0.7907008	0.014122035	-0.24540368

1495400026390	1.0503597	-0.49840128	-0.18105516

1495400026401	0.9761524	-1.2565948	0.077404745

1495400026412	0.5027978	-1.8553158	0.2136957

1495400026420	0.10351719	-1.4856116	0.3347988

1495400026431	0.1951772	-0.9445777	0.52464694

1495400026470	0.33373302	-0.82134295	0.47988275

1495400026471	0.12096989	-0.42965627	0.24966693

1495400026473	0.25086597	-0.33373302	-0.52358115

1495400026480	0.5486278	-0.7721822	-0.90860647

1495400026490	0.83000267	-1.2860378	-1.3852918

1495400026500	0.972955	-1.6666666	-1.6819878

1495400026510	1.0972556	-1.9503064	-1.8226752

1495400026520	1.2292832	-1.9928057	-1.9317878

1495400026530	1.2412736	-1.7789768	-1.8510525

1495400026540	1.0339729	-1.5379696	-1.609912

1495400026550	0.93911535	-1.7015721	-1.2652545

1495400026562	0.9914735	-1.8041567	-1.0023981

1495400026570	1.1496136	-1.4256594	-0.8758327

1495400026580	1.3306688	-0.7809752	-0.7340794

1495400026590	1.5281109	-0.3347988	-0.50612843

1495400026600	1.6797229	-0.108979486	-0.36211032

1495400026610	1.7364775	-0.013056221	-0.34678924

1495400026620	1.7190248	-0.05009326	-0.42859045

1495400026630	1.6448175	-0.09698907	-0.5551559

1495400026640	1.5466293	-0.044630963	-0.63042897

1495400026650	1.4757527	0.062083665	-0.6314948

1495400026665	1.5226486	0.42965627	-0.66320276

1495400026681	1.5139889	0.53770316	-0.7122302

1495400026690	1.4637623	0.49840128	-0.7689848

1495400026705	1.2347455	0.02504663	-0.83546495

1495400026720	1.1518785	-0.22355449	-0.86930454

1495400026741	1.0263789	-0.5301092	-0.941247

1495400026745	1.0263789	-0.5301092	-0.941247

1495400026750	0.9980016	-0.63042897	-0.9467093

1495400026762	0.95989877	-0.7155609	-0.93804955

1495400026776	0.88569146	-0.7252864	-0.8998135

1495400026780	0.77111644	-0.6937117	-0.8430589

1495400026790	0.64575005	-0.6282974	-0.78856915

1495400026800	0.5540901	-0.49840128	-0.7231548

1495400026810	0.44604316	-0.26392218	-0.58459896

1495400026820	0.37516654	-0.04796163	-0.43405277

1495400026833	0.3261391	0.09046096	-0.31841195

1495400026840	0.2704503	0.13082866	-0.21809219

1495400026852	0.19850786	0.12643218	-0.14721556

1495400026862	0.117772445	0.101385556	-0.11990408

1495400026870	0.04023448	0.055555556	-0.1438849

1495400026880	-0.05009326	-0.020650147	-0.21156408

1495400026890	-0.14175327	-0.12096989	-0.2759126

1495400026901	-0.23221423	-0.22568612	-0.28577137

1495400026910	-0.3675726	-0.30202505	-0.22248867

1495400026920	-0.5518252	-0.34678924	-0.111244336

1495400026930	-1.064615	-0.34572342	0.23554489

1495400026940	-1.4332534	-0.3042899	0.47122303

1495400026950	-1.7593925	-0.24313882	0.7580602

1495400026962	-2.0560884	-0.1329603	1.032907

1495400026970	-2.3014922	0.021715961	1.2892352

1495400026980	-2.4629629	0.1384226	1.4877431

1495400026990	-2.5861976	0.15161204	1.6546763

1495400027001	-2.6854517	0.13415934	1.7572608

1495400027020	-2.6025846	-0.23221423	1.632827

1495400027030	-2.3538504	-0.38928857	1.4768186

1495400027043	-1.9862777	-0.20277111	1.3426592

1495400027050	-1.557554	0.20503597	1.2816414

1495400027061	-1.2608579	0.39475086	1.3535838

1495400027070	-1.2892352	0.27804422	1.5215827

1495400027080	-1.5281109	0.055555556	1.6001865

1495400027090	-1.8750333	0.034905408	1.488809

1495400027103	-2.1313615	0.117772445	1.2521982

1495400027110	-2.0756729	0.492939	1.0122569

1495400027120	-1.8717027	0.98494536	0.87263525

1495400027130	-1.6612043	1.4713563	0.91953105

1495400027140	-1.4277911	1.8487877	0.86930454

1495400027150	-1.2957634	1.7343459	0.7973621

1495400027162	-1.1943778	1.5249134	0.7122302

1495400027171	-1.0766054	1.375433	0.62603253

1495400027180	-0.96522784	1.2521982	0.6053824

1495400027190	-0.8518519	1.1201705	0.6544098

1495400027200	-0.7046363	1.0154543	0.74167335

1495400027210	-0.5911271	0.9216627	0.8016254

1495400027220	-0.50612843	0.8846256	0.82560617

1495400027230	-0.39155343	0.9227285	0.8419931

1495400027240	-0.24966693	1.0448974	0.83000267

1495400027250	-0.12323475	1.1746603	0.79949373

1495400027262	-0.001065814	1.2391421	0.7635225

1495400027273	0.15374367	1.2543299	0.7023714

1495400027280	0.34359178	1.2488676	0.64894754

1495400027290	0.5692779	1.1769252	0.6041833

1495400027300	0.8387956	1.0055956	0.54756194

1495400027311	1.389555	0.39701572	0.37516654

1495400027330	1.7942979	0.087263525	0.264988

1495400027341	1.8739675	-0.25739408	0.34026113

1495400027350	1.7953637	-0.24207301	0.44937384

1495400027361	1.5030643	-0.12096989	0.46682653

1495400027371	0.97069013	0.044630963	0.3511857

1495400027380	0.29549694	0.2977618	0.2704503

1495400027390	-0.30748734	0.6664002	0.33586463

1495400027400	-0.7275513	0.95004	0.43192112

1495400027410	-0.8289369	0.9008793	0.47228885

1495400027424	-0.73727685	0.86277646	0.470024

1495400027430	-0.59445775	0.84532374	0.42859045

1495400027440	-0.4014122	0.7504663	0.35984546

1495400027450	-0.13629097	0.6369571	0.26711965

1495400027462	0.17119637	0.5867306	0.1438849

1495400027470	0.42859045	0.59992003	-0.033706367

1495400027480	0.6020517	0.48747668	-0.2300826

1495400027490	0.7275513	0.14175327	-0.35984546

1495400027500	0.7492673	-0.47988275	-0.34678924

1495400027511	0.44830802	-1.1506795	-0.15814015

1495400027522	-0.11444178	-1.4082068	0.07953637

1495400027542	0.13962163	-0.8758327	0.48534507

1495400027543	0.36211032	-0.7765787	0.42206234

1495400027550	0.2300826	-0.42752466	0.15161204

1495400027562	0.25086597	-0.25952572	-0.26392218

1495400027570	0.538769	-0.46243006	-0.6424194

1495400027580	0.9555023	-0.9063416	-0.96642685

1495400027590	1.3449241	-1.4256594	-1.3405275

1495400027600	1.451772	-1.8357314	-1.6536105

1495400027620	1.4485744	-2.0407674	-1.8226752

1495400027622	1.4496403	-1.9044764	-1.9503064

1495400027630	1.3569145	-1.5859313	-1.9993339

1495400027640	1.1681322	-1.4364508	-1.8521183

1495400027650	0.99480414	-1.4507061	-1.4976019

1495400027662	0.89115375	-1.5510259	-1.1235012

1495400027670	0.89661604	-1.5171863	-0.8747668

1495400027681	0.98814285	-1.2216893	-0.7078337

1495400027690	1.1037836	-0.74820143	-0.5770051

1495400027700	1.2751132	-0.34132695	-0.4537703

1495400027710	1.4780176	-0.14281908	-0.34239274

1495400027721	1.7190248	-0.18318678	-0.42419398

1495400027730	1.7354116	-0.18318678	-0.5736744

1495400027740	1.6906475	-0.27804422	-0.6565414

1495400027751	1.6012523	-0.20823342	-0.63908875

1495400027768	1.541167	0.010791367	-0.5824674

1495400027788	1.534639	0.23887557	-0.5780709

1495400027791	1.5051959	0.34359178	-0.63908875

1495400027792	1.3863575	0.24207301	-0.7275513

1495400027800	1.2183586	0.019584332	-0.77990943

1495400027810	1.0536904	-0.2126299	-0.8016254

1495400027820	0.8846256	-0.3665068	-0.81254995

1495400027830	0.80815345	-0.470024	-0.8474554

1495400027840	0.8005596	-0.5169198	-0.8605116

1495400027853	0.83439916	-0.5267786	-0.8605116

1495400027862	0.9075406	-0.54756194	-0.88236076

1495400027870	0.94897413	-0.56061816	-0.8779643

1495400027880	0.964162	-0.57047695	-0.85731417

1495400027890	0.96096456	-0.54316545	-0.8234745

1495400027901	0.90527576	-0.470024	-0.7689848

1495400027911	0.6707967	-0.11990408	-0.5355715

1495400027930	0.42419398	0.1624034	-0.33586463

1495400027940	0.3042899	0.22568612	-0.24433786

1495400027950	0.19730882	0.18531841	-0.16786571

1495400027961	0.107913665	0.05995204	-0.14281908

1495400027970	0.016253663	-0.08286704	-0.15707435

1495400027980	-0.08939515	-0.24433786	-0.20943245

1495400027990	-0.22142287	-0.38502532	-0.23994137

1495400028000	-0.35225153	-0.5082601	-0.20823342

1495400028010	-0.50932586	-0.59765524	-0.10578204

1495400028021	-0.6783906	-0.6718625	0.04023448

1495400028036	-0.9347189	-0.70343727	0.18651745

1495400028040	-1.2707168	-0.6522782	0.3511857

1495400028051	-1.618705	-0.5343725	0.57593924

1495400028062	-1.9633627	-0.35331735	0.8093525

1495400028070	-2.279643	-0.12976286	1.0634159

1495400028080	-2.4880097	0.10031974	1.3186784

1495400028090	-2.6135092	0.2529976	1.5434319

1495400028100	-2.7171595	0.2977618	1.7081002

1495400028110	-2.8065548	0.22355449	1.7386091

1495400028120	-2.7901678	-0.049027443	1.4768186

1495400028130	-2.2709832	-0.47775114	1.3012257

1495400028140	-1.885958	-0.24540368	1.2183586

1495400028150	-1.5139889	0.108979486	1.2511324

1495400028162	-1.3252065	0.26179057	1.4004797

1495400028170	-1.4311218	0.06314948	1.5019984

1495400028180	-1.7179589	-0.08180123	1.5444977

1495400028190	-2.0472956	-0.09485745	1.3535838

1495400028200	-2.1978416	0.25952572	1.1496136

1495400028211	-2.0735412	0.8932854	1.055822

1495400028229	-1.8346657	1.4092726	0.9914735

1495400028231	-1.6513456	1.7223555	0.9031442

1495400028240	-1.5194511	1.8510525	0.80602187

1495400028250	-1.3840927	1.8521183	0.767919

1495400028261	-1.2423395	1.7354116	0.6969091

1495400028270	-1.1027179	1.6448175	0.6053824

1495400028280	-0.9630962	1.5423661	0.58792967

1495400028290	-0.8387956	1.4027444	0.61191046

1495400028300	-0.7231548	1.2707168	0.6739941

1495400028310	-0.6195044	1.1266986	0.745004

1495400028320	-0.44604316	0.82680523	0.8038902

1495400028330	-0.3217426	0.8289369	0.83106846

1495400028340	-0.19730882	0.8888889	0.82134295

1495400028351	-0.061017852	0.95004	0.7809752

1495400028383	0.070876636	0.9784173	0.71436185

1495400028385	0.22795098	0.97188914	0.63362646

1495400028387	0.41553423	0.9357847	0.56061816

1495400028390	0.66320276	0.82240874	0.50612843

1495400028400	0.9761524	0.6794564	0.44058087

1495400028410	1.2248868	0.49840128	0.32494006

1495400028420	1.4713563	0.173328	0.2126299

1495400028430	1.7049028	-0.08499867	0.1329603

1495400028440	1.8727684	-0.21915801	0.11990408

1495400028450	1.9208633	-0.25086597	0.22795098

1495400028464	1.541167	-0.09485745	0.39808154

1495400028480	0.9826805	-0.05995204	0.2759126

1495400028490	0.2715161	0.098054886	0.11337597

1495400028500	-0.43844923	0.5103917	0.26059154

1495400028510	-0.9555023	0.804956	0.48094857

1495400028520	-1.078737	0.81694645	0.62163603

1495400028530	-0.62603253	0.59339195	0.5507594

1495400028540	-0.37077004	0.43844923	0.38715693

1495400028550	-0.12096989	0.28030908	0.18758327

1495400028561	0.108979486	0.15814015	-0.029443111

1495400028570	0.3784972	-0.083932854	-0.2410072

1495400028580	0.7853717	-0.5038636	-0.46243006

1495400028590	1.2227551	-1.0253131	-0.7155609

1495400028600	1.4136691	-1.4877431	-0.90207833

1495400028611	1.0983213	-1.9480416	-0.8333333

1495400028620	0.3511857	-1.7812417	-0.61737275

1495400028632	-0.18318678	-0.42206234	0.061017852

1495400028640	-0.027178258	-0.16679989	0.46349588

1495400028650	0.10471623	-0.19304556	0.49187317

1495400028662	-0.0119904075	-0.34359178	0.13415934

1495400028670	0.030508926	-0.6205702	-0.33373302

1495400028680	0.2136957	-0.8714362	-0.7013056

1495400028690	0.52358115	-1.1987743	-1.0362377

1495400028701	0.83106846	-1.5106581	-1.5488942

1495400028710	1.0230483	-1.6580069	-1.4593658

1495400028723	1.2270184	-1.7724487	-1.7692512

1495400028730	1.2488676	-1.207434	-1.7452705

1495400028740	1.1779909	-0.9914735	-1.6492139

1495400028750	1.1115108	-1.0165201	-1.3994138

1495400028764	1.0820677	-1.1518785	-1.0579536

1495400028770	1.170397	-1.0242473	-0.87263525

1495400028780	1.2848388	-0.66200376	-0.653344

1495400028790	1.3874234	-0.38502532	-0.3730349

1495400028801	1.4877431	-0.21596056	-0.2017053

1495400028810	1.511724	-0.17119637	-0.15374367

1495400028820	1.5390354	-0.22022381	-0.2136957

1495400028830	1.5619504	-0.21156408	-0.24207301

1495400028840	1.5520917	-0.18318678	-0.28030908

1495400028852	1.5586197	-0.10245137	-0.36863843

1495400028861	1.6044497	0.04023448	-0.46243006

1495400028875	1.6601386	0.19850786	-0.5726086

1495400028880	1.6481482	0.35225153	-0.67732483

1495400028890	1.59579	0.38822275	-0.767919

1495400028900	1.4822809	0.27258193	-0.86930454

1495400028910	1.360112	0.10245137	-0.95656806

1495400028920	1.1746603	-0.2813749	-1.0831335

1495400028931	1.092859	-0.4308553	-1.0896616

1495400028940	1.0230483	-0.5726086	-1.0722089

1495400028950	0.9586997	-0.6314948	-1.0133227

1495400028962	0.8703704	-0.6239009	-0.9784173

1495400028970	0.74167335	-0.5824674	-0.92499334

1495400028980	0.58792967	-0.5671463	-0.85944575

1495400028990	0.42965627	-0.5900613	-0.73181456

1495400029000	0.28244072	-0.5518252	-0.54316545

1495400029011	0.13962163	-0.40674126	-0.37623236

1495400029020	0.019584332	-0.25086597	-0.2475353

1495400029030	-0.07633893	-0.15814015	-0.13735679

1495400029041	-0.150413	-0.14068745	-0.04796163

1495400029051	-0.20610179	-0.11670663	0.004263256

1495400029064	-0.38928857	-0.11444178	0.043565147

1495400029080	-0.44497734	-0.17452705	0.07633893

1495400029090	-0.53224087	-0.196243	0.11990408

1495400029100	-0.71009856	-0.15814015	0.2071676

1495400029110	-0.9925393	-0.07300826	0.31841195

1495400029123	-1.6721289	0.058886223	0.68491876

1495400029130	-1.9938716	0.35877964	0.9260591

1495400029140	-2.2447376	0.5103917	1.1638689

1495400029150	-2.423661	0.58353317	1.3623768

1495400029161	-2.5883293	0.55302423	1.4834799

1495400029170	-2.712763	0.47122303	1.5903277

1495400029180	-2.6963763	0.2769784	1.6077805

1495400029190	-2.4825473	-0.019584332	1.5095923

1495400029200	-2.1477485	-0.19850786	1.3209432

1495400029222	-1.8248068	-0.09046096	1.1332268

1495400029223	-1.5543565	0.17772448	1.048228

1495400029230	-1.3764988	0.28350654	1.0776712

1495400029240	-1.4168665	0.19197975	1.2139622

1495400029250	-1.6176392	0.09698907	1.3252065

1495400029262	-1.9011457	0.058886223	1.2587264

1495400029270	-2.1215029	-0.087263525	1.0776712

1495400029280	-2.1564083	0.017452704	0.8747668

1495400029290	-2.0550227	0.5442313	0.722089

1495400029300	-1.9589661	1.0023981	0.6140421

1495400029310	-1.8433254	1.3056222	0.59339195

1495400029320	-1.5074607	1.4593658	0.68598455

1495400029330	-1.3394618	1.4877431	0.736211

1495400029340	-1.1594725	1.4321876	0.73727685

1495400029350	-0.9925393	1.314282	0.7395417

1495400029362	-0.84532374	1.2248868	0.77005064

1495400029371	-0.7330136	1.1136425	0.81694645

1495400029380	-0.60751396	0.964162	0.84092724

1495400029390	-0.44604316	0.85944575	0.8377298

1495400029400	-0.2759126	0.83439916	0.82560617

1495400029410	-0.117772445	0.86384225	0.8028244

1495400029420	0.004263256	0.89221954	0.7406075

1495400029430	0.111244336	0.8987477	0.64028776

1495400029440	0.23221423	0.88129497	0.51918465

1495400029451	0.38715693	0.78856915	0.402478

1495400029461	0.56501466	0.6510791	0.3097522

1495400029470	0.75472957	0.46136424	0.22142287

1495400029480	0.9630962	0.24433786	0.14614974

1495400029490	1.1910472	0.013056221	0.058886223

1495400029500	1.4179323	-0.18651745	-0.0075939246

1495400029510	1.6197709	-0.29882762	-0.021715961

1495400029521	1.8138822	-0.1842526	0.12096989

1495400029530	1.7124966	-0.008659739	0.23887557

1495400029540	1.4681588	0.18758327	0.2813749

1495400029550	1.0307754	0.27924326	0.1787903

1495400029562	0.41553423	0.25632828	-0.069810815

1495400029570	-0.26831868	0.40794033	-0.069810815

1495400029581	-0.8888889	0.68172127	0.19957368

1495400029590	-1.1954436	0.7765787	0.39368504

1495400029600	-1.1180389	0.782041	0.4537703

1495400029613	-0.8485212	0.72861713	0.45803356

1495400029620	-0.52358115	0.5267786	0.38502532

1495400029631	-0.24433786	0.2246203	0.21156408

1495400029640	-0.07300826	0.014122035	-0.07194245

1495400029650	0.06434852	-0.13415934	-0.35664803

1495400029663	0.7864375	-0.92059684	-0.5486278

1495400029680	0.87370104	-1.329603	-0.3610445

1495400029690	0.52358115	-1.4397815	-0.11444178

1495400029700	0.13522515	-1.0242473	0.07194245

1495400029710	0.18651745	-0.782041	0.3326672

1495400029725	0.36530775	-0.8419931	0.19304556

1495400029730	0.29003465	-0.82560617	-0.11990408

1495400029740	0.40674126	-0.88675725	-0.44391152

1495400029750	0.6794564	-1.1376232	-0.70023984

1495400029760	1.0274447	-1.4921396	-0.9630962

1495400029770	1.2172928	-1.7081002	-1.3689048

1495400029780	1.3056222	-1.6906475	-1.6699973

1495400029790	1.451772	-1.4965361	-1.7986944

1495400029800	1.5390354	-1.193312	-1.8128164

1495400029811	1.4942713	-0.9075406	-1.6939782

1495400029828	1.4092726	-0.85837996	-1.4877431

1495400029830	1.2619238	-0.98814285	-1.2412736

1495400029840	1.0831335	-1.1998401	-1.0471623

1495400029851	1.0339729	-1.2434052	-0.90207833

1495400029862	1.0471623	-1.0547562	-0.71875834

1495400029870	1.0459633	-0.8419931	-0.51918465

1495400029880	1.1136425	-0.65880626	-0.4188649

1495400029890	1.2532641	-0.5082601	-0.38715693

1495400029902	1.5150546	-0.3228084	-0.40674126

1495400029910	1.5150546	-0.3228084	-0.39914736

1495400029920	1.6273648	-0.15920597	-0.40567547

1495400029930	1.6361578	-0.046895817	-0.44391152

1495400029940	1.6153743	0.069810815	-0.4940048

1495400029950	1.5564882	0.09698907	-0.54316545

1495400029963	1.4528377	0.061017852	-0.55622166

1495400029970	1.3775647	-0.10684785	-0.5824674

1495400029984	1.2565948	-0.2912337	-0.6205702

1495400029990	1.1201705	-0.43631762	-0.68491876

1495400030000	1.0143884	-0.5169198	-0.76019186

1495400030010	0.9456435	-0.59992003	-0.82680523

1495400030020	0.92379427	-0.71436185	-0.86277646

1495400030030	0.92379427	-0.8377298	-0.88782305

1495400030041	0.88569146	-0.8932854	-0.8605116

1495400030050	0.81694645	-0.94351184	-0.84092724

1495400030061	0.70343727	-0.88675725	-0.8289369

1495400030070	0.57913667	-0.7721822	-0.82134295

1495400030080	0.44284573	-0.54103386	-0.7395417

1495400030090	0.34572342	-0.2246203	-0.5921929

1495400030100	0.27924326	0.07513989	-0.44497734

1495400030110	0.21915801	0.10684785	-0.2126299

1495400030121	0.107913665	0.12536637	-0.09925393

1495400030130	0.039168663	0.15161204	-0.05009326

1495400030140	-0.061017852	0.16466826	-0.051159073

1495400030151	-0.16027178	0.11444178	-0.06861178

1495400030166	-0.23887557	0.0075939246	-0.05995204

1495400030173	-0.34359178	-0.067545965	-0.045696776

1495400030188	-0.5355715	-0.08832934	0.00532907

1495400030190	-0.7907008	-0.08286704	0.12643218

1495400030200	-1.1103117	-0.058886223	0.3042899

1495400030211	-1.4311218	0.001065814	0.5398348

1495400030220	-1.7266186	0.09592326	0.8136158

1495400030230	-2.005862	0.19850786	1.0459633

1495400030241	-2.2501998	0.28350654	1.2543299

1495400030250	-2.424727	0.2977618	1.4179323

1495400030262	-2.5883293	0.24966693	1.5444977

1495400030270	-2.697442	0.17452705	1.618705

1495400030280	-2.6822543	0.010791367	1.5913936

1495400030290	-2.5033307	-0.15374367	1.4713563

1495400030300	-2.2110312	-0.15374367	1.2957634

1495400030310	-1.9120704	0.06314948	1.0133227

1495400030323	-1.4845457	0.38062882	1.0634159

