1495411404642	0.00532907	0.0	0.010791367

1495411404647	0.008659739	-0.003197442	0.013056221

1495411404663	0.0075939246	-0.001065814	0.016253663

1495411404665	0.0075939246	0.001065814	0.013056221

1495411404666	0.008659739	-0.00532907	0.013056221

1495411404668	0.009725553	0.0	0.017452704

1495411404678	0.008659739	0.002131628	0.015187849

1495411404689	0.0119904075	-0.004263256	0.016253663

1495411404698	0.0119904075	0.0	0.019584332

1495411404711	0.010791367	-0.00532907	0.017452704

1495411404720	0.00532907	-0.004263256	0.016253663

1495411404728	0.009725553	-0.003197442	0.015187849

1495411404739	0.009725553	-0.002131628	0.018518519

1495411404748	0.010791367	-0.003197442	0.017452704

1495411404758	0.004263256	-0.003197442	0.020650147

1495411404768	0.0065281107	-0.001065814	0.022781774

1495411404779	0.013056221	0.0065281107	0.015187849

1495411404791	0.014122035	0.00532907	0.017452704

1495411404798	0.009725553	-0.0065281107	0.018518519

1495411404809	0.009725553	-0.003197442	0.020650147

1495411404819	0.010791367	-0.002131628	0.021715961

1495411404828	0.00532907	-0.002131628	0.020650147

1495411404839	0.0065281107	-0.001065814	0.015187849

1495411404848	0.009725553	-0.002131628	0.016253663

1495411404858	0.009725553	-0.003197442	0.017452704

1495411404868	0.00532907	0.0	0.016253663

1495411404879	0.010791367	-0.001065814	0.020650147

1495411404888	0.009725553	-0.001065814	0.015187849

1495411404902	0.00532907	0.0	0.015187849

1495411404908	0.0075939246	-0.002131628	0.019584332

1495411404920	0.010791367	0.002131628	0.021715961

1495411404931	0.010791367	0.001065814	0.021715961

1495411404938	0.010791367	-0.001065814	0.020650147

1495411404948	0.010791367	-0.002131628	0.014122035

1495411404958	0.0075939246	-0.002131628	0.014122035

1495411404969	0.0075939246	-0.003197442	0.016253663

1495411404979	0.0065281107	-0.003197442	0.013056221

1495411404988	0.0065281107	-0.003197442	0.020650147

1495411404999	0.003197442	-0.002131628	0.021715961

1495411405009	0.0065281107	0.0	0.020650147

1495411405020	0.0119904075	-0.003197442	0.014122035

1495411405031	0.013056221	0.001065814	0.017452704

1495411405038	0.013056221	0.001065814	0.018518519

1495411405048	0.009725553	-0.002131628	0.022781774

1495411405058	0.010791367	0.0	0.019584332

1495411405068	0.009725553	-0.003197442	0.019584332

1495411405079	0.008659739	-0.001065814	0.017452704

1495411405088	0.010791367	-0.0075939246	0.016253663

1495411405098	0.008659739	-0.008659739	0.016253663

1495411405108	0.0075939246	0.0	0.016253663

1495411405119	0.0065281107	-0.003197442	0.021715961

1495411405129	0.0065281107	-0.00532907	0.019584332

1495411405138	0.00532907	-0.00532907	0.016253663

1495411405148	0.0065281107	-0.003197442	0.020650147

1495411405158	0.009725553	0.0	0.020650147

1495411405169	0.010791367	-0.003197442	0.020650147

1495411405179	0.008659739	-0.00532907	0.021715961

1495411405188	0.009725553	-0.003197442	0.016253663

1495411405198	0.010791367	0.0	0.019584332

1495411405208	0.014122035	0.0	0.017452704

1495411405220	0.009725553	-0.001065814	0.019584332

1495411405231	0.0065281107	-0.004263256	0.023980815

1495411405239	0.008659739	-0.0065281107	0.019584332

1495411405248	0.002131628	-0.010791367	0.017452704

1495411405259	0.0065281107	0.001065814	0.018518519

1495411405269	0.0065281107	-0.001065814	0.014122035

1495411405279	0.0065281107	-0.002131628	0.021715961

1495411405288	0.010791367	0.0	0.020650147

1495411405298	0.0065281107	-0.003197442	0.020650147

1495411405308	0.00532907	0.001065814	0.014122035

1495411405320	0.0065281107	-0.004263256	0.013056221

1495411405328	0.008659739	-0.0065281107	0.015187849

1495411405339	0.0119904075	-0.0065281107	0.016253663

1495411405350	0.0119904075	-0.003197442	0.018518519

1495411405358	0.0075939246	-0.00532907	0.016253663

1495411405368	0.0075939246	0.001065814	0.015187849

1495411405379	0.0065281107	-0.004263256	0.018518519

1495411405388	0.00532907	-0.004263256	0.017452704

1495411405398	0.008659739	-0.003197442	0.019584332

1495411405408	0.008659739	-0.0075939246	0.022781774

1495411405419	0.009725553	-0.0065281107	0.019584332

1495411405429	0.0075939246	-0.003197442	0.016253663

1495411405438	0.008659739	-0.001065814	0.014122035

1495411405448	0.008659739	-0.004263256	0.018518519

1495411405458	0.0065281107	-0.0065281107	0.018518519

1495411405468	0.008659739	0.0	0.015187849

1495411405479	0.0065281107	-0.0065281107	0.014122035

1495411405488	0.0075939246	-0.009725553	0.017452704

1495411405498	0.00532907	-0.009725553	0.016253663

1495411405508	0.0065281107	-0.004263256	0.019584332

1495411405520	0.0065281107	-0.008659739	0.017452704

1495411405532	0.0119904075	-0.009725553	0.016253663

1495411405538	0.0075939246	-0.0075939246	0.013056221

1495411405549	0.008659739	0.0	0.016253663

1495411405558	0.009725553	-0.004263256	0.019584332

1495411405568	0.008659739	-0.003197442	0.020650147

1495411405579	0.009725553	-0.003197442	0.013056221

1495411405588	0.008659739	0.0	0.013056221

1495411405598	0.009725553	0.002131628	0.017452704

1495411405608	0.009725553	-0.003197442	0.015187849

1495411405620	0.008659739	-0.0075939246	0.015187849

1495411405634	0.00532907	-0.0075939246	0.016253663

1495411405639	0.009725553	-0.0075939246	0.023980815

1495411405648	0.008659739	-0.008659739	0.019584332

1495411405666	0.010791367	-0.003197442	0.019584332

1495411405668	0.0119904075	0.001065814	0.019584332

1495411405679	0.0065281107	0.0	0.014122035

1495411405688	0.0075939246	-0.002131628	0.021715961

1495411405698	0.00532907	0.0	0.019584332

1495411405709	0.0075939246	-0.004263256	0.020650147

1495411405719	0.0075939246	-0.003197442	0.015187849

1495411405729	0.008659739	-0.00532907	0.015187849

1495411405738	0.0075939246	-0.004263256	0.020650147

1495411405748	0.008659739	-0.004263256	0.015187849

1495411405758	0.010791367	-0.001065814	0.016253663

1495411405768	0.0065281107	-0.002131628	0.015187849

1495411405779	0.008659739	-0.002131628	0.019584332

1495411405788	0.010791367	-0.001065814	0.0119904075

1495411405798	0.009725553	0.001065814	0.015187849

1495411405809	0.0119904075	-0.003197442	0.015187849

1495411405821	0.009725553	-0.0075939246	0.017452704

1495411405831	0.009725553	-0.0065281107	0.018518519

1495411405838	0.010791367	-0.0065281107	0.022781774

1495411405848	0.013056221	0.0	0.018518519

1495411405858	0.008659739	-0.0119904075	0.008659739

1495411405868	-0.001065814	-0.003197442	0.016253663

1495411405879	0.00532907	-0.002131628	0.018518519

1495411405888	0.009725553	-0.003197442	0.019584332

1495411405898	0.0065281107	0.0	0.019584332

1495411405908	0.00532907	-0.0075939246	0.015187849

1495411405920	0.010791367	-0.0065281107	0.015187849

1495411405929	0.008659739	-0.002131628	0.020650147

1495411405938	0.002131628	-0.008659739	0.018518519

1495411405948	0.0065281107	-0.004263256	0.015187849

1495411405959	0.0119904075	-0.001065814	0.016253663

1495411405968	0.009725553	-0.002131628	0.016253663

1495411405980	0.008659739	-0.0075939246	0.018518519

1495411405989	0.004263256	-0.003197442	0.018518519

1495411406000	0.004263256	-0.0065281107	0.013056221

1495411406008	0.0119904075	-0.002131628	0.016253663

1495411406019	0.0075939246	-0.003197442	0.017452704

1495411406029	0.0065281107	0.0	0.014122035

1495411406038	0.008659739	-0.004263256	0.018518519

1495411406048	0.0075939246	-0.00532907	0.020650147

1495411406058	0.0075939246	-0.004263256	0.013056221

1495411406068	0.010791367	0.002131628	0.013056221

1495411406081	0.0065281107	-0.003197442	0.020650147

1495411406089	0.0065281107	-0.003197442	0.0119904075

1495411406098	0.0075939246	0.0	0.010791367

1495411406108	0.008659739	-0.001065814	0.016253663

1495411406120	0.010791367	0.0	0.020650147

1495411406129	0.0075939246	-0.004263256	0.017452704

1495411406139	0.0075939246	0.0	0.020650147

1495411406148	0.008659739	0.0	0.020650147

1495411406158	0.010791367	-0.003197442	0.021715961

1495411406169	0.010791367	0.0	0.020650147

1495411406182	0.009725553	0.0	0.017452704

1495411406200	0.0065281107	-0.00532907	0.019584332

1495411406208	0.008659739	-0.0075939246	0.013056221

1495411406220	0.0119904075	-0.001065814	0.015187849

1495411406229	0.0119904075	-0.001065814	0.0119904075

1495411406239	0.0075939246	-0.004263256	0.015187849

1495411406248	0.010791367	-0.0065281107	0.021715961

1495411406258	0.0065281107	-0.004263256	0.026112443

1495411406268	0.008659739	-0.0065281107	0.018518519

1495411406279	0.008659739	-0.003197442	0.017452704

1495411406288	0.004263256	-0.004263256	0.018518519

1495411406298	0.010791367	-0.00532907	0.015187849

1495411406308	0.0075939246	-0.003197442	0.017452704

1495411406321	0.009725553	-0.002131628	0.023980815

1495411406331	0.010791367	-0.0075939246	0.016253663

1495411406338	0.0075939246	-0.00532907	0.0119904075

1495411406348	0.008659739	-0.00532907	0.014122035

1495411406359	0.013056221	0.0	0.019584332

1495411406369	0.014122035	0.003197442	0.010791367

1495411406388	0.009725553	-0.004263256	0.019584332

1495411406398	0.008659739	0.0	0.017452704

1495411406408	0.004263256	-0.002131628	0.022781774

1495411406420	0.008659739	0.002131628	0.019584332

1495411406438	0.0075939246	-0.002131628	0.026112443

1495411406448	0.0065281107	-0.004263256	0.023980815

1495411406458	0.0065281107	-0.008659739	0.014122035

1495411406468	0.010791367	-0.004263256	0.016253663

1495411406479	0.0119904075	-0.002131628	0.016253663

1495411406488	0.009725553	-0.00532907	0.016253663

1495411406498	0.009725553	-0.001065814	0.018518519

1495411406509	0.010791367	-0.001065814	0.017452704

1495411406520	0.0065281107	-0.003197442	0.018518519

1495411406533	0.009725553	-0.009725553	0.019584332

1495411406538	0.010791367	-0.00532907	0.018518519

1495411406553	0.0065281107	0.0	0.014122035

1495411406578	0.009725553	-0.0075939246	0.017452704

1495411406588	0.008659739	-0.004263256	0.019584332

1495411406598	0.010791367	0.002131628	0.019584332

1495411406608	0.0065281107	-0.002131628	0.015187849

1495411406620	0.008659739	-0.0065281107	0.020650147

1495411406637	0.013056221	-0.0075939246	0.020650147

1495411406644	0.009725553	-0.00532907	0.016253663

1495411406649	0.010791367	-0.002131628	0.020650147

1495411406658	0.0119904075	0.001065814	0.023980815

1495411406668	0.009725553	-0.002131628	0.018518519

1495411406680	0.009725553	-0.0065281107	0.016253663

1495411406690	0.0075939246	-0.001065814	0.020650147

1495411406699	0.0119904075	0.002131628	0.018518519

1495411406710	0.010791367	-0.0065281107	0.016253663

1495411406720	0.008659739	-0.0065281107	0.017452704

1495411406729	0.0119904075	-0.002131628	0.017452704

1495411406738	0.008659739	-0.004263256	0.021715961

1495411406753	0.0065281107	-0.00532907	0.021715961

1495411406758	0.003197442	-0.0065281107	0.018518519

1495411406768	0.008659739	-0.0065281107	0.015187849

1495411406779	0.008659739	-0.004263256	0.016253663

1495411406788	0.00532907	-0.001065814	0.019584332

1495411406798	0.0075939246	-0.004263256	0.016253663

1495411406808	0.00532907	-0.0065281107	0.021715961

1495411406820	0.0065281107	0.0	0.020650147

1495411406829	0.0065281107	-0.004263256	0.015187849

1495411406838	0.0065281107	-0.0065281107	0.015187849

1495411406848	0.014122035	-0.001065814	0.018518519

1495411406858	0.009725553	-0.002131628	0.021715961

1495411406868	0.009725553	-0.004263256	0.014122035

1495411406879	0.009725553	-0.002131628	0.018518519

1495411406889	0.009725553	-0.003197442	0.015187849

1495411406898	0.004263256	-0.00532907	0.013056221

1495411406908	0.003197442	-0.0065281107	0.019584332

1495411406919	0.010791367	-0.002131628	0.015187849

1495411406931	0.008659739	0.0	0.015187849

1495411406939	0.0075939246	-0.001065814	0.020650147

1495411406956	0.0119904075	-0.003197442	0.019584332

1495411406958	0.010791367	0.002131628	0.015187849

1495411406968	0.010791367	0.002131628	0.018518519

1495411406980	0.00532907	-0.001065814	0.017452704

1495411406988	0.009725553	0.001065814	0.014122035

1495411406998	0.0065281107	-0.009725553	0.019584332

1495411407010	0.0075939246	-0.002131628	0.021715961

1495411407020	0.0075939246	-0.003197442	0.018518519

1495411407029	0.009725553	-0.003197442	0.014122035

1495411407038	0.0075939246	-0.002131628	0.015187849

1495411407048	0.003197442	-0.008659739	0.021715961

1495411407058	0.010791367	-0.00532907	0.018518519

1495411407078	0.008659739	-0.003197442	0.014122035

1495411407088	0.0065281107	0.002131628	0.020650147

1495411407098	0.008659739	0.001065814	0.016253663

1495411407108	0.013056221	-0.002131628	0.016253663

1495411407120	0.010791367	-0.00532907	0.015187849

1495411407129	0.009725553	-0.00532907	0.020650147

1495411407138	0.0119904075	-0.001065814	0.017452704

1495411407148	0.00532907	-0.003197442	0.017452704

1495411407158	0.0065281107	-0.004263256	0.021715961

1495411407168	0.003197442	-0.001065814	0.021715961

1495411407178	0.0075939246	0.001065814	0.018518519

1495411407189	0.008659739	-0.004263256	0.0075939246

1495411407198	0.010791367	0.0065281107	0.017452704

1495411407209	0.009725553	0.002131628	0.021715961

1495411407219	0.0119904075	-0.0065281107	0.017452704

1495411407229	0.008659739	-0.0075939246	0.015187849

1495411407239	0.014122035	0.003197442	0.021715961

1495411407248	0.008659739	-0.002131628	0.016253663

1495411407258	0.0119904075	-0.001065814	0.018518519

1495411407268	0.0075939246	-0.003197442	0.018518519

1495411407282	0.0065281107	-0.002131628	0.018518519

1495411407288	0.008659739	-0.004263256	0.015187849

1495411407299	0.009725553	-0.00532907	0.018518519

1495411407309	0.0119904075	-0.003197442	0.019584332

1495411407320	0.009725553	-0.00532907	0.014122035

1495411407329	0.008659739	-0.00532907	0.0119904075

1495411407338	0.010791367	-0.00532907	0.015187849

1495411407348	0.0075939246	-0.00532907	0.015187849

1495411407358	0.010791367	-0.001065814	0.018518519

1495411407368	0.0075939246	0.001065814	0.016253663

1495411407379	0.009725553	0.0	0.020650147

1495411407389	0.010791367	-0.0065281107	0.021715961

1495411407398	0.0065281107	-0.00532907	0.015187849

1495411407408	0.008659739	0.0	0.018518519

1495411407420	0.010791367	-0.0075939246	0.010791367

1495411407429	0.0119904075	-0.004263256	0.014122035

1495411407438	0.0119904075	-0.00532907	0.010791367

1495411407448	0.009725553	-0.00532907	0.014122035

1495411407459	0.0119904075	-0.001065814	0.019584332

1495411407469	0.00532907	0.0	0.013056221

1495411407480	0.00532907	-0.004263256	0.015187849

1495411407488	0.009725553	-0.0065281107	0.013056221

1495411407498	0.0075939246	-0.004263256	0.016253663

1495411407508	0.008659739	-0.002131628	0.018518519

1495411407519	0.0119904075	-0.001065814	0.019584332

1495411407530	0.014122035	0.001065814	0.015187849

1495411407538	0.00532907	-0.003197442	0.009725553

1495411407549	0.008659739	-0.009725553	0.015187849

1495411407558	0.0119904075	-0.0075939246	0.015187849

1495411407568	0.0075939246	-0.008659739	0.014122035

1495411407579	0.010791367	-0.004263256	0.019584332

1495411407589	0.013056221	0.001065814	0.018518519

1495411407598	0.008659739	-0.001065814	0.017452704

1495411407609	0.00532907	-0.002131628	0.020650147

1495411407620	0.0065281107	-0.004263256	0.018518519

1495411407633	0.009725553	-0.00532907	0.021715961

1495411407647	0.00532907	-0.003197442	0.020650147

1495411407651	0.0065281107	-0.001065814	0.019584332

1495411407658	0.00532907	-0.00532907	0.017452704

1495411407668	0.0065281107	-0.008659739	0.0119904075

1495411407679	0.00532907	-0.002131628	0.017452704

1495411407688	0.008659739	-0.0065281107	0.019584332

1495411407699	0.0119904075	-0.0065281107	0.019584332

1495411407708	0.010791367	-0.004263256	0.018518519

1495411407720	0.0065281107	-0.004263256	0.022781774

1495411407729	0.008659739	-0.003197442	0.017452704

1495411407738	0.0119904075	-0.001065814	0.021715961

1495411407748	0.010791367	-0.002131628	0.021715961

1495411407758	0.0065281107	-0.00532907	0.023980815

1495411407768	0.010791367	-0.003197442	0.016253663

1495411407779	0.010791367	-0.004263256	0.015187849

1495411407789	0.0119904075	-0.008659739	0.019584332

1495411407798	0.0065281107	-0.0065281107	0.016253663

1495411407808	0.004263256	-0.003197442	0.013056221

1495411407819	0.008659739	-0.003197442	0.015187849

1495411407835	0.003197442	-0.003197442	0.016253663

1495411407843	0.004263256	-0.002131628	0.017452704

1495411407849	0.008659739	0.0	0.018518519

1495411407859	0.013056221	-0.001065814	0.019584332

1495411407884	0.008659739	-0.003197442	0.018518519

1495411407885	0.0065281107	0.001065814	0.018518519

1495411407888	0.0075939246	0.001065814	0.018518519

1495411407898	0.0065281107	-0.001065814	0.022781774

1495411407908	0.0075939246	-0.00532907	0.017452704

1495411407920	0.0075939246	-0.003197442	0.013056221

1495411407929	0.008659739	-0.003197442	0.016253663

1495411407938	0.004263256	-0.003197442	0.022781774

1495411407948	0.00532907	-0.001065814	0.022781774

1495411407958	0.003197442	-0.004263256	0.016253663

1495411407968	0.0075939246	-0.003197442	0.016253663

1495411407979	0.008659739	-0.004263256	0.016253663

1495411407988	0.009725553	-0.002131628	0.017452704

1495411407999	0.0065281107	0.0	0.022781774

1495411408009	0.008659739	-0.004263256	0.016253663

1495411408020	0.0119904075	-0.00532907	0.013056221

1495411408029	0.010791367	-0.001065814	0.019584332

1495411408038	0.008659739	-0.002131628	0.020650147

1495411408048	0.00532907	0.0	0.020650147

1495411408058	0.0119904075	-0.003197442	0.018518519

1495411408068	0.0075939246	-0.004263256	0.020650147

1495411408078	0.009725553	-0.003197442	0.020650147

1495411408088	0.0119904075	-0.0065281107	0.017452704

1495411408099	0.009725553	-0.003197442	0.017452704

1495411408108	0.0065281107	-0.004263256	0.016253663

1495411408119	0.0119904075	-0.003197442	0.020650147

1495411408131	0.0075939246	-0.002131628	0.014122035

1495411408138	0.004263256	-0.001065814	0.010791367

1495411408148	0.010791367	0.0	0.017452704

1495411408158	0.013056221	-0.001065814	0.019584332

1495411408168	0.0075939246	0.002131628	0.017452704

1495411408178	0.008659739	0.003197442	0.018518519

1495411408188	0.0075939246	-0.002131628	0.020650147

1495411408198	0.010791367	-0.00532907	0.019584332

1495411408208	0.0065281107	-0.00532907	0.021715961

1495411408220	0.008659739	0.002131628	0.022781774

1495411408229	0.004263256	0.001065814	0.020650147

1495411408239	0.004263256	-0.001065814	0.017452704

1495411408248	0.0119904075	-0.003197442	0.017452704

1495411408258	0.008659739	-0.00532907	0.009725553

1495411408269	0.013056221	-0.003197442	0.008659739

1495411408281	0.009725553	0.001065814	0.016253663

1495411408288	0.009725553	-0.003197442	0.018518519

1495411408299	0.009725553	-0.0065281107	0.016253663

1495411408309	0.013056221	-0.001065814	0.020650147

1495411408320	0.010791367	0.001065814	0.018518519

1495411408331	0.00532907	-0.004263256	0.019584332

1495411408338	0.0075939246	-0.002131628	0.0119904075

1495411408348	0.008659739	-0.0065281107	0.016253663

1495411408358	0.009725553	-0.00532907	0.016253663

1495411408368	0.0119904075	-0.002131628	0.019584332

1495411408378	0.009725553	-0.001065814	0.016253663

1495411408388	0.0065281107	-0.004263256	0.015187849

1495411408398	0.009725553	0.0	0.016253663

1495411408408	0.014122035	0.003197442	0.0119904075

1495411408419	0.0075939246	-0.002131628	0.015187849

1495411408431	0.0065281107	-0.003197442	0.019584332

1495411408438	0.010791367	-0.001065814	0.016253663

1495411408448	0.0075939246	-0.0075939246	0.017452704

1495411408458	0.008659739	-0.003197442	0.015187849

1495411408468	0.0075939246	-0.004263256	0.015187849

1495411408479	0.008659739	-0.003197442	0.018518519

1495411408488	0.015187849	0.0	0.014122035

1495411408498	0.010791367	-0.002131628	0.015187849

1495411408508	0.010791367	-0.004263256	0.023980815

1495411408520	0.010791367	-0.001065814	0.021715961

1495411408528	0.008659739	0.001065814	0.023980815

1495411408541	0.003197442	-0.001065814	0.020650147

1495411408549	0.002131628	-0.004263256	0.015187849

1495411408558	0.0075939246	0.001065814	0.018518519

1495411408568	0.013056221	-0.009725553	0.015187849

1495411408579	0.010791367	-0.004263256	0.014122035

1495411408588	0.0119904075	0.001065814	0.018518519

1495411408598	0.0065281107	-0.001065814	0.018518519

1495411408609	0.014122035	-0.002131628	0.013056221

1495411408620	0.0065281107	-0.003197442	0.016253663

1495411408632	0.008659739	-0.004263256	0.014122035

1495411408639	0.00532907	-0.001065814	0.021715961

1495411408666	0.0065281107	-0.00532907	0.017452704

1495411408668	0.0075939246	0.001065814	0.013056221

1495411408682	0.0075939246	-0.003197442	0.020650147

1495411408683	0.008659739	-0.001065814	0.02504663

1495411408688	0.0075939246	0.0	0.023980815

1495411408698	0.010791367	-0.001065814	0.016253663

1495411408708	0.014122035	-0.004263256	0.0119904075

1495411408719	0.0075939246	-0.003197442	0.019584332

1495411408733	0.003197442	-0.004263256	0.015187849

1495411408739	0.003197442	-0.003197442	0.015187849

1495411408748	0.010791367	-0.002131628	0.016253663

1495411408759	0.008659739	-0.004263256	0.022781774

1495411408769	0.0075939246	0.0	0.019584332

1495411408779	0.009725553	0.0	0.018518519

1495411408788	0.010791367	-0.002131628	0.018518519

1495411408798	0.008659739	0.002131628	0.016253663

1495411408808	0.009725553	0.0	0.0119904075

1495411408820	0.008659739	-0.003197442	0.022781774

1495411408829	0.0065281107	-0.0075939246	0.017452704

1495411408850	0.008659739	-0.001065814	0.019584332

1495411408851	0.010791367	-0.003197442	0.018518519

1495411408858	0.0119904075	-0.001065814	0.018518519

1495411408868	0.0075939246	-0.002131628	0.015187849

1495411408879	0.008659739	-0.001065814	0.016253663

1495411408888	0.009725553	-0.002131628	0.009725553

1495411408898	0.0075939246	-0.003197442	0.0119904075

1495411408908	0.0075939246	-0.003197442	0.018518519

1495411408920	0.004263256	0.002131628	0.021715961

1495411408929	0.004263256	-0.003197442	0.014122035

1495411408938	0.009725553	-0.0065281107	0.014122035

1495411408948	0.0075939246	-0.00532907	0.017452704

1495411408958	0.0119904075	-0.003197442	0.017452704

1495411408968	0.009725553	-0.00532907	0.014122035

1495411408978	0.0119904075	-0.002131628	0.018518519

1495411408989	0.0065281107	-0.004263256	0.018518519

1495411408998	0.008659739	-0.003197442	0.023980815

1495411409008	0.0075939246	-0.002131628	0.026112443

1495411409020	0.009725553	0.0	0.021715961

1495411409034	0.00532907	0.002131628	0.017452704

1495411409039	0.0075939246	-0.002131628	0.017452704

1495411409049	0.0119904075	-0.00532907	0.016253663

1495411409058	0.010791367	-0.003197442	0.015187849

1495411409068	0.009725553	0.0	0.020650147

1495411409079	0.010791367	-0.0065281107	0.020650147

1495411409089	0.009725553	-0.002131628	0.017452704

1495411409098	0.00532907	-0.002131628	0.020650147

1495411409108	0.00532907	-0.00532907	0.014122035

1495411409120	0.008659739	-0.003197442	0.018518519

1495411409129	0.00532907	0.0	0.022781774

1495411409138	0.010791367	-0.003197442	0.023980815

1495411409148	0.009725553	-0.004263256	0.015187849

1495411409158	0.0119904075	0.003197442	0.016253663

1495411409169	0.0119904075	0.002131628	0.017452704

1495411409183	0.008659739	0.001065814	0.023980815

1495411409199	0.0065281107	-0.004263256	0.019584332

1495411409209	0.0075939246	-0.004263256	0.015187849

1495411409233	0.009725553	-0.008659739	0.017452704

1495411409234	0.0119904075	0.002131628	0.010791367

1495411409239	0.008659739	-0.00532907	0.017452704

1495411409248	0.0119904075	-0.004263256	0.019584332

1495411409258	0.0075939246	-0.00532907	0.022781774

1495411409268	0.009725553	-0.002131628	0.017452704

1495411409288	0.010791367	0.001065814	0.020650147

1495411409299	0.013056221	-0.001065814	0.020650147

1495411409308	0.008659739	-0.002131628	0.017452704

1495411409318	0.0075939246	-0.00532907	0.018518519

1495411409330	0.0065281107	-0.0065281107	0.0119904075

1495411409338	0.009725553	0.001065814	0.013056221

1495411409348	0.0119904075	-0.002131628	0.017452704

1495411409358	0.009725553	-0.002131628	0.022781774

1495411409368	0.0075939246	-0.00532907	0.013056221

1495411409381	0.00532907	-0.00532907	0.010791367

1495411409389	0.008659739	-0.0065281107	0.013056221

1495411409408	0.009725553	-0.004263256	0.016253663

1495411409410	0.0075939246	-0.001065814	0.022781774

1495411409418	0.010791367	0.0	0.019584332

1495411409430	0.008659739	0.002131628	0.026112443

1495411409438	0.0075939246	-0.004263256	0.015187849

1495411409448	0.0065281107	-0.002131628	0.017452704

1495411409458	0.0075939246	-0.002131628	0.021715961

1495411409468	0.0075939246	-0.0075939246	0.019584332

1495411409479	0.014122035	-0.003197442	0.017452704

1495411409488	0.014122035	0.0	0.018518519

1495411409498	0.009725553	-0.002131628	0.020650147

1495411409508	0.008659739	-0.002131628	0.016253663

1495411409518	0.008659739	0.001065814	0.016253663

1495411409531	0.008659739	-0.001065814	0.0119904075

1495411409538	0.010791367	-0.00532907	0.016253663

1495411409548	0.0075939246	-0.0065281107	0.013056221

1495411409559	0.00532907	-0.003197442	0.014122035

1495411409568	0.009725553	-0.002131628	0.016253663

1495411409581	0.0119904075	-0.004263256	0.017452704

1495411409588	0.0119904075	0.001065814	0.017452704

1495411409598	0.009725553	0.002131628	0.015187849

1495411409609	0.008659739	0.003197442	0.020650147

