1496589905810	-15.466293	-18.707035	-28.884226

1496589905814	0.022781774	0.04143352	-0.27924326

1496589905815	0.009725553	0.044630963	-0.29443112

1496589905843	0.010791367	0.051159073	-0.2933653

1496589905844	0.010791367	0.045696776	-0.29443112

1496589905848	0.0075939246	0.044630963	-0.29443112

1496589905883	0.004263256	0.046895817	-0.2912337

1496589905884	0.0119904075	0.051159073	-0.29443112

1496589905894	0.010791367	0.046895817	-0.29003465

1496589905895	0.009725553	0.05009326	-0.28577137

1496589905899	0.010791367	0.04796163	-0.29549694

1496589905921	0.009725553	0.049027443	-0.29549694

1496589905924	0.0119904075	0.04143352	-0.28896883

1496589905949	0.010791367	0.039168663	-0.2933653

1496589905950	0.010791367	0.039168663	-0.2933653

1496589905973	0.016253663	0.06314948	-0.33040234

1496589905984	0.02824407	0.10031974	-0.37410071

1496589905998	0.03810285	0.13962163	-0.43298694

1496589906010	0.026112443	0.15707435	-0.48747668

1496589906013	-0.014122035	0.15707435	-0.25632828

1496589906024	-0.042499334	0.10245137	-0.117772445

1496589906034	-0.04143352	0.12976286	-0.150413

1496589906044	-0.042499334	0.1449507	-0.15374367

1496589906054	-0.04796163	0.1613376	-0.14934719

1496589906064	-0.049027443	0.17665868	-0.1329603

1496589906074	-0.053423926	0.17985612	-0.117772445

1496589906084	-0.05995204	0.18864909	-0.108979486

1496589906094	-0.05995204	0.2017053	-0.08286704

1496589906104	-0.046895817	0.17665868	-0.02824407

1496589906114	-0.022781774	0.13629097	0.019584332

1496589906127	-0.015187849	0.13522515	0.018518519

1496589906134	-0.015187849	0.14068745	0.013056221

1496589906144	-0.013056221	0.14068745	0.010791367

1496589906154	-0.0075939246	0.12869704	0.008659739

1496589906164	-0.008659739	0.11670663	0.013056221

1496589906174	-0.0065281107	0.11337597	0.013056221

1496589906185	-0.009725553	0.10031974	0.0075939246

1496589906194	-0.010791367	0.09698907	0.004263256

1496589906208	-0.016253663	0.08286704	-0.001065814

1496589906214	-0.018518519	0.087263525	0.0075939246

1496589906224	-0.019584332	0.07953637	0.013056221

1496589906234	-0.018518519	0.07513989	0.015187849

1496589906244	-0.020650147	0.077404745	0.018518519

1496589906254	-0.017452704	0.07513989	0.023980815

1496589906264	-0.0119904075	0.06648015	0.027178258

1496589906274	-0.009725553	0.055555556	0.02824407

1496589906284	-0.001065814	0.04023448	0.033706367

1496589906294	0.0065281107	0.017452704	0.04143352

1496589906304	0.0075939246	0.00532907	0.046895817

1496589906314	0.0119904075	0.0	0.045696776

1496589906324	0.018518519	-0.013056221	0.04023448

1496589906336	0.017452704	-0.023980815	0.039168663

1496589906344	0.013056221	-0.033706367	0.046895817

1496589906354	0.008659739	-0.053423926	0.045696776

1496589906364	0.0075939246	-0.069810815	0.042499334

1496589906374	0.001065814	-0.083932854	0.05662137

1496589906384	-0.002131628	-0.09925393	0.054489743

1496589906395	-0.0075939246	-0.1100453	0.051159073

1496589906405	-0.016253663	-0.12643218	0.04796163

1496589906414	-0.020650147	-0.1384226	0.04143352

1496589906424	-0.03157474	-0.14281908	0.04143352

1496589906434	-0.033706367	-0.14175327	0.039168663

1496589906444	-0.034905408	-0.14721556	0.049027443

1496589906454	-0.034905408	-0.15374367	0.046895817

1496589906464	-0.043565147	-0.15814015	0.052358113

1496589906474	-0.05009326	-0.15707435	0.05995204

1496589906486	-0.055555556	-0.15707435	0.067545965

1496589906494	-0.052358113	-0.15814015	0.07513989

1496589906505	-0.055555556	-0.16573408	0.080602184

1496589906514	-0.05662137	-0.173328	0.09152678

1496589906524	-0.054489743	-0.17665868	0.09485745

1496589906534	-0.049027443	-0.18318678	0.08939515

1496589906544	-0.044630963	-0.19078071	0.09046096

1496589906554	-0.039168663	-0.19730882	0.09485745

1496589906564	-0.030508926	-0.21049827	0.09485745

1496589906574	-0.03157474	-0.21915801	0.098054886

1496589906584	-0.02824407	-0.22795098	0.10578204

1496589906594	-0.021715961	-0.22688515	0.111244336

1496589906605	-0.014122035	-0.22248867	0.118838266

1496589906616	-0.0119904075	-0.21915801	0.12216893

1496589906628	-0.013056221	-0.20503597	0.13735679

1496589906634	-0.008659739	-0.18864909	0.14934719

1496589906644	-0.0065281107	-0.16906475	0.16027178

1496589906658	-0.00532907	-0.15374367	0.17226219

1496589906664	0.003197442	-0.1438849	0.17559285

1496589906674	0.014122035	-0.13415934	0.18318678

1496589906684	0.026112443	-0.1384226	0.17772448

1496589906693	0.037037037	-0.15161204	0.1787903

1496589906706	0.062083665	-0.1842526	0.16906475

1496589906714	0.09259259	-0.23887557	0.16466826

1496589906724	0.12323475	-0.29443112	0.15920597

1496589906734	0.16027178	-0.33586463	0.14828138

1496589906744	0.20063949	-0.35011992	0.1384226

1496589906756	0.2519318	-0.3381295	0.12869704

1496589906764	0.3162803	-0.3261391	0.1329603

1496589906774	0.3860911	-0.31294963	0.15374367

1496589906785	0.4537703	-0.28244072	0.1787903

1496589906794	0.5103917	-0.21702638	0.22688515

1496589906806	0.60751396	-0.019584332	0.3228084

1496589906814	0.64894754	0.08606448	0.379563

1496589906824	0.6937117	0.19730882	0.43405277

1496589906834	0.7492673	0.31081802	0.4765521

1496589906844	0.8136158	0.39914736	0.5071942

1496589906854	0.85731417	0.46456167	0.5343725

1496589906864	0.8834266	0.47988275	0.5343725

1496589906874	0.8714362	0.46243006	0.5213163

1496589906884	0.8387956	0.46029842	0.50932586

1496589906894	0.7853717	0.46789235	0.49733546

1496589906909	0.7208899	0.49187317	0.47775114

1496589906914	0.6718625	0.515854	0.46576074

1496589906924	0.64028776	0.5486278	0.4373834

1496589906934	0.61191046	0.5736744	0.36970425

1496589906944	0.5780709	0.5584865	0.28030908

1496589906954	0.52784437	0.47335464	0.17226219

1496589906964	0.46349588	0.3860911	0.070876636

1496589906974	0.3860911	0.264988	-0.026112443

1496589906984	0.2998934	0.14175327	-0.10351719

1496589906994	0.20823342	0.04796163	-0.15920597

1496589907005	0.029443111	-0.083932854	-0.18864909

1496589907014	-0.05995204	-0.15814015	-0.16679989

1496589907024	-0.13735679	-0.2300826	-0.13735679

1496589907034	-0.20943245	-0.28896883	-0.108979486

1496589907044	-0.25952572	-0.3217426	-0.08180123

1496589907054	-0.29229948	-0.33693045	-0.06648015

1496589907064	-0.31841195	-0.33040234	-0.053423926

1496589907074	-0.3326672	-0.31841195	-0.034905408

1496589907084	-0.3490541	-0.30202505	0.0

1496589907094	-0.35331735	-0.3097522	0.055555556

1496589907104	-0.3381295	-0.31947774	0.111244336

1496589907115	-0.32494006	-0.3261391	0.15480949

1496589907126	-0.31081802	-0.3141487	0.19411138

1496589907134	-0.2912337	-0.29549694	0.23661071

1496589907144	-0.27378097	-0.28577137	0.28030908

1496589907154	-0.25512922	-0.28577137	0.3217426

1496589907164	-0.23767653	-0.2912337	0.36970425

1496589907174	-0.21915801	-0.3042899	0.40794033

1496589907184	-0.21156408	-0.3511857	0.42419398

1496589907194	-0.19957368	-0.41220358	0.41766587

1496589907204	-0.19078071	-0.45483613	0.36424193

1496589907214	-0.21809219	-0.54316545	0.3162803

1496589907224	-0.2529976	-0.5802025	0.26711965

1496589907234	-0.287903	-0.5955236	0.22022381

1496589907244	-0.3206768	-0.5921929	0.16906475

1496589907254	-0.35438317	-0.5638156	0.127498

1496589907264	-0.38715693	-0.53224087	0.10031974

1496589907274	-0.40021315	-0.49187317	0.08606448

1496589907284	-0.40021315	-0.44604316	0.08832934

1496589907295	-0.39914736	-0.37516654	0.08180123

1496589907304	-0.3959499	-0.2933653	0.06434852

1496589907314	-0.39475086	-0.20610179	0.046895817

1496589907325	-0.39914736	-0.14068745	0.035971224

1496589907343	-0.4308553	-0.04023448	0.029443111

1496589907354	-0.43951505	0.0075939246	0.02504663

1496589907364	-0.43951505	0.03157474	0.02504663

1496589907374	-0.46029842	0.058886223	0.021715961

1496589907385	-0.47228885	0.07633893	0.003197442

1496589907395	-0.5071942	0.07633893	-0.003197442

1496589907404	-0.5398348	0.09485745	-0.010791367

1496589907417	-0.5692779	0.15707435	-0.030508926

1496589907424	-0.53224087	0.20943245	-0.039168663

1496589907434	-0.492939	0.26059154	-0.034905408

1496589907444	-0.45590195	0.287903	-0.010791367

1496589907454	-0.37729818	0.28350654	0.023980815

1496589907464	-0.16679989	0.22022381	0.067545965

1496589907474	0.22901678	0.15814015	0.11444178

1496589907487	0.598721	0.27258193	0.14721556

1496589907494	0.75153214	0.43631762	0.13962163

1496589907504	0.72861713	0.43298694	0.11444178

1496589907515	0.6282974	0.27924326	0.11990408

1496589907528	0.51265657	0.044630963	0.18758327

1496589907534	0.55622166	-0.20063949	0.25512922

1496589907543	1.0798029	-0.3206768	0.28030908

1496589907553	1.1758593	0.2300826	0.16027178

1496589907564	0.56608045	0.79509723	-0.09698907

1496589907573	0.264988	0.7864375	-0.23887557

1496589907584	0.37077004	0.7406075	-0.22355449

1496589907594	0.47881696	0.7013056	-0.12096989

1496589907604	0.3511857	0.64894754	0.1329603

1496589907615	0.150413	0.40021315	0.26711965

1496589907624	0.1558753	0.3217426	0.38276047

1496589907634	0.173328	0.30202505	0.43951505

1496589907649	0.10471623	0.23994137	0.40354383

1496589907654	-0.019584332	0.09592326	0.30868638

1496589907664	-0.16360246	-0.11231015	0.17452705

1496589907674	-0.36530775	-0.45257127	0.020650147

1496589907684	-0.5900613	-0.8365308	-0.107913665

1496589907694	-0.745004	-1.0297096	-0.173328

1496589907706	-0.77005064	-0.9532374	-0.17772448

1496589907715	-0.676259	-0.75579536	-0.14934719

1496589907724	-0.54636294	-0.58459896	-0.107913665

1496589907734	-0.42645884	-0.45150545	-0.06648015

1496589907744	-0.3326672	-0.32494006	-0.029443111

1496589907754	-0.2519318	-0.17665868	0.0

1496589907764	-0.19078071	-0.03810285	0.022781774

1496589907774	-0.1613376	0.061017852	0.022781774

1496589907784	-0.15161204	0.14614974	0.009725553

1496589907796	-0.1384226	0.21809219	-0.052358113

1496589907804	-0.083932854	0.28457233	-0.07633893

1496589907815	-0.051159073	0.37410071	-0.08939515

1496589907824	-0.019584332	0.39261925	-0.087263525

1496589907835	0.037037037	0.40567547	-0.07847056

1496589907844	0.107913665	0.40354383	-0.044630963

1496589907857	0.16786571	0.36530775	-0.0075939246

1496589907864	0.2136957	0.31734613	0.034905408

1496589907874	0.2584599	0.2584599	0.09152678

1496589907884	0.2998934	0.19078071	0.14828138

1496589907894	0.34026113	0.11337597	0.1787903

1496589907904	0.35331735	0.029443111	0.21476153

1496589907916	0.35877964	-0.023980815	0.22142287

1496589907924	0.36211032	-0.055555556	0.21049827

1496589907938	0.36424193	-0.06314948	0.18864909

1496589907944	0.35664803	-0.054489743	0.16466826

1496589907955	0.3282707	-0.052358113	0.14068745

1496589907964	0.28577137	-0.044630963	0.115507595

1496589907975	0.24966693	0.0119904075	0.09698907

1496589907984	0.2300826	0.11231015	0.06648015

1496589907995	0.21596056	0.21809219	0.032640554

1496589908005	0.2475353	0.38169464	-0.05662137

1496589908017	0.2769784	0.4308553	-0.09259259

1496589908024	0.2912337	0.44497734	-0.11990408

1496589908036	0.29882762	0.43951505	-0.14721556

1496589908045	0.28896883	0.41553423	-0.17013057

1496589908058	0.26392218	0.35984546	-0.1787903

1496589908078	0.22022381	0.22568612	-0.18318678

1496589908084	0.2071676	0.16027178	-0.17559285

1496589908096	0.196243	0.10245137	-0.16027178

1496589908104	0.1787903	0.049027443	-0.13735679

1496589908118	0.16573408	0.014122035	-0.10471623

1496589908124	0.16466826	0.010791367	-0.10471623

1496589908136	0.17985612	0.018518519	-0.087263525

1496589908144	0.1897149	0.013056221	-0.10245137

1496589908157	0.19411138	-0.03157474	-0.1449507

1496589908179	0.18105516	-0.058886223	-0.17665868

1496589908210	0.20277111	-0.10245137	-0.14934719

1496589908214	0.18864909	-0.10245137	-0.13735679

1496589908217	0.173328	-0.23114842	-0.11337597

1496589908224	0.18212096	-0.33040234	-0.058886223

1496589908235	0.25632828	-0.39808154	-0.002131628

1496589908243	0.38169464	-0.42859045	0.05009326

1496589908255	0.5301092	-0.41993073	0.13522515

1496589908264	0.67292833	-0.40900612	0.2769784

1496589908275	0.7624567	-0.40674126	0.43951505

1496589908284	0.77005064	-0.42312816	0.56501466

1496589908295	0.71982414	-0.43951505	0.6468159

1496589908304	0.65880626	-0.34239274	0.70023984

1496589908315	0.5452971	-0.15161204	0.71329606

1496589908323	0.38502532	0.009725553	0.70343727

1496589908333	0.23114842	0.10471623	0.6653344

1496589908343	0.117772445	0.2071676	0.5900613

1496589908353	0.074074075	0.3042899	0.49080735

1496589908364	0.093791634	0.39701572	0.4188649

1496589908375	0.13735679	0.42312816	0.37729818

1496589908384	0.17013057	0.35438317	0.35771382

1496589908396	0.20823342	0.21476153	0.3446576

1496589908404	0.3326672	0.07633893	0.30535573

1496589908414	0.402478	0.04143352	0.29229948

1496589908424	0.42752466	0.07847056	0.28577137

1496589908434	0.40460965	0.054489743	0.3097522

1496589908444	0.38715693	-0.027178258	0.3446576

1496589908454	0.36530775	-0.118838266	0.37623236

1496589908465	0.32933652	-0.20063949	0.3860911

1496589908474	0.28577137	-0.2748468	0.3784972

1496589908484	0.27378097	-0.3381295	0.3610445

1496589908494	0.2759126	-0.40354383	0.3272049

1496589908503	0.27378097	-0.48534507	0.27804422

1496589908515	0.2769784	-0.561684	0.19957368

1496589908523	0.29882762	-0.60751396	0.10351719

1496589908533	0.3261391	-0.6085798	0.010791367

1496589908544	0.35011992	-0.5682121	-0.04796163

1496589908554	0.37410071	-0.4886757	-0.08180123

1496589908564	0.379563	-0.3904876	-0.09259259

1496589908574	0.35664803	-0.3042899	-0.10245137

1496589908584	0.3217426	-0.22022381	-0.118838266

1496589908594	0.29229948	-0.12216893	-0.12430056

1496589908604	0.21809219	0.08832934	-0.11444178

1496589908623	0.1787903	0.17559285	-0.108979486

1496589908626	0.1449507	0.23554489	-0.12323475

1496589908634	0.12869704	0.28457233	-0.16360246

1496589908644	0.11670663	0.3272049	-0.21156408

1496589908654	0.08286704	0.3784972	-0.23114842

1496589908668	0.029443111	0.43298694	-0.24433786

1496589908674	-0.04023448	0.4820144	-0.2529976

1496589908684	-0.12216893	0.5223821	-0.24860112

1496589908694	-0.2126299	0.54103386	-0.25086597

1496589908706	-0.29003465	0.5507594	-0.2715161

1496589908720	-0.37410071	0.5627498	-0.2868372

1496589908724	-0.45909938	0.57474023	-0.31294963

1496589908748	-0.54636294	0.5627498	-0.33160138

1496589908751	-0.6293632	0.5267786	-0.36530775

1496589908754	-0.7155609	0.46456167	-0.39475086

1496589908764	-0.79296565	0.39155343	-0.43844923

1496589908774	-0.8617106	0.29549694	-0.4864109

1496589908784	-0.93365306	0.21049827	-0.51478815

1496589908794	-1.0034639	0.11444178	-0.51811886

1496589908804	-1.0263789	0.08286704	-0.47548628

1496589908815	-0.93911535	0.1897149	-0.40794033

1496589908828	-0.83106846	0.31521448	-0.3097522

1496589908858	-0.76019186	0.42206234	-0.19304556

1496589908862	-0.7176925	0.46136424	-0.061017852

1496589908866	-0.6707967	0.4820144	0.062083665

1496589908868	-0.6064482	0.51372236	0.1613376

1496589908874	-0.5627498	0.50932586	0.23994137

1496589908883	-0.54103386	0.44058087	0.31188384

1496589908893	-0.5507594	0.34359178	0.35664803

1496589908904	-0.58792967	0.22688515	0.38062882

1496589908915	-0.6249667	0.07847056	0.3904876

1496589908925	-0.6468159	-0.093791634	0.37516654

1496589908934	-0.6609379	-0.28896883	0.32933652

1496589908944	-0.6827871	-0.46136424	0.264988

1496589908954	-0.7023714	-0.5965894	0.19304556

1496589908964	-0.70343727	-0.6926459	0.13082866

1496589908974	-0.70023984	-0.7330136	0.069810815

1496589908984	-0.69584334	-0.7078337	0.021715961

1496589908994	-0.6981082	-0.6468159	-0.080602184

1496589909004	-0.6926459	-0.59992003	-0.115507595

1496589909015	-0.6609379	-0.54636294	-0.12869704

1496589909028	-0.60751396	-0.46682653	-0.11231015

1496589909034	-0.5289102	-0.36530775	-0.08286704

1496589909043	-0.44058087	-0.2704503	-0.037037037

1496589909054	-0.34026113	-0.19850786	-0.014122035

1496589909064	-0.16027178	-0.22142287	-0.023980815

1496589909074	0.22355449	-0.36863843	-0.069810815

1496589909084	0.7504663	-0.36530775	-0.13082866

1496589909094	1.1256329	-0.16906475	-0.2071676

1496589909104	1.2282175	0.12643218	-0.26831868

1496589909116	1.1060485	0.44937384	-0.23661071

1496589909124	0.87689847	0.54316545	-0.12643218

1496589909135	0.61737275	0.44710898	-0.02504663

1496589909144	0.48534507	0.3141487	0.013056221

1496589909154	0.5911271	0.27804422	0.039168663

1496589909164	0.6794564	0.6827871	0.046895817

1496589909174	0.5114575	1.4233946	0.107913665

1496589909183	0.31081802	1.869571	0.2628564

1496589909193	0.23661071	1.8182787	0.40354383

1496589909205	0.29882762	1.0055956	0.38502532

1496589909220	0.2813749	0.62603253	0.3228084

1496589909225	0.22022381	0.30202505	0.24860112

1496589909234	0.12096989	0.06861178	0.16786571

1496589909244	0.004263256	-0.09046096	0.108979486

1496589909254	-0.13189448	-0.24433786	0.07300826

1496589909264	-0.30095923	-0.44830802	0.049027443

1496589909274	-0.4820144	-0.6577405	0.009725553

1496589909283	-0.6325606	-0.8016254	-0.029443111

1496589909293	-0.71982414	-0.804956	-0.07194245

1496589909303	-0.7275513	-0.6565414	-0.107913665

1496589909315	-0.66200376	-0.41660005	-0.117772445

1496589909324	-0.5627498	-0.150413	-0.12976286

1496589909334	-0.44710898	0.06314948	-0.15707435

1496589909344	-0.34785506	0.2136957	-0.18105516

1496589909354	-0.2693845	0.3261391	-0.20277111

1496589909367	-0.22688515	0.41766587	-0.20397016

1496589909374	-0.22355449	0.5038636	-0.2071676

1496589909390	-0.23994137	0.58353317	-0.1897149

1496589909394	-0.24207301	0.64894754	-0.17226219

1496589909403	-0.16786571	0.722089	-0.101385556

1496589909414	-0.108979486	0.84532374	-0.05995204

1496589909424	-0.04143352	0.86717296	-0.03157474

1496589909433	0.03157474	0.87370104	-0.002131628

1496589909444	0.117772445	0.86384225	0.014122035

1496589909454	0.18758327	0.8485212	0.015187849

1496589909464	0.23767653	0.79949373	0.017452704

1496589909478	0.26831868	0.7275513	0.015187849

1496589909484	0.29003465	0.6424194	0.015187849

1496589909494	0.3032241	0.5311751	0.010791367

1496589909504	0.2933653	0.40354383	-0.0075939246

1496589909515	0.26711965	0.2759126	-0.029443111

1496589909524	0.23447908	0.16027178	-0.046895817

1496589909534	0.21049827	0.08286704	-0.06314948

1496589909543	0.18212096	0.023980815	-0.062083665

1496589909554	0.16027178	-0.034905408	-0.05009326

1496589909564	0.12643218	-0.08939515	-0.02824407

1496589909574	0.098054886	-0.150413	-0.002131628

1496589909584	0.07513989	-0.2071676	0.016253663

1496589909594	0.05662137	-0.25952572	0.027178258

1496589909603	0.039168663	-0.3206768	0.033706367

1496589909615	0.035971224	-0.49080735	0.037037037

1496589909624	0.02504663	-0.5726086	0.030508926

1496589909634	0.018518519	-0.64028776	0.023980815

1496589909644	0.0075939246	-0.68718356	0.016253663

1496589909654	-0.015187849	-0.7504663	0.008659739

1496589909664	-0.046895817	-0.8234745	-0.0065281107

1496589909687	-0.06541433	-0.8932854	-0.017452704

1496589909688	-0.070876636	-0.9347189	-0.030508926

1496589909694	-0.06861178	-0.9544364	-0.032640554

1496589909704	-0.061017852	-0.91406876	-0.026112443

1496589909715	-0.057687182	-0.81801224	-0.032640554

1496589909724	-0.053423926	-0.68598455	-0.051159073

1496589909733	-0.05009326	-0.5572875	-0.07194245

1496589909745	-0.03810285	-0.43405277	-0.09925393

1496589909754	-0.0119904075	-0.34572342	-0.10031974

1496589909766	0.00532907	-0.2628564	-0.10471623

1496589909774	0.018518519	-0.20503597	-0.10471623

1496589909784	0.03157474	-0.15920597	-0.10031974

1496589909795	0.045696776	-0.12216893	-0.069810815

1496589909804	0.12643218	-0.057687182	-0.044630963

1496589909814	0.173328	-0.037037037	-0.020650147

1496589909824	0.20943245	-0.020650147	0.014122035

1496589909834	0.24966693	-0.05995204	0.067545965

1496589909843	0.3381295	-0.18212096	0.117772445

1496589909853	0.47775114	-0.34359178	0.17452705

1496589909864	0.6522782	-0.48747668	0.2529976

1496589909874	0.8485212	-0.56501466	0.37183586

1496589909884	1.032907	-0.5572875	0.52358115

1496589909894	1.1943778	-0.51811886	0.6827871

1496589909904	1.2980282	-0.46136424	0.81801224

1496589909915	1.3514521	-0.3959499	0.9008793

1496589909924	1.3689048	-0.33586463	0.92379427

1496589909934	1.3285372	-0.2300826	0.9075406

1496589909944	1.2150279	-0.04023448	0.85837996

1496589909954	1.0766054	0.22022381	0.81254995

1496589909964	0.9511058	0.47335464	0.75153214

1496589909975	0.83986145	0.6893152	0.6697309

1496589909986	0.76565415	0.85944575	0.5770051

1496589909994	0.7252864	0.97508657	0.30642152

1496589910017	0.67732483	0.9674927	0.1842526

1496589910018	0.6642686	0.8245404	0.08832934

1496589910024	0.6325606	0.6653344	0.0075939246

1496589910034	0.5911271	0.56061816	-0.07300826

1496589910044	0.54103386	0.515854	-0.12643218

1496589910053	0.48094857	0.470024	-0.16573408

1496589910064	0.42752466	0.41660005	-0.18318678

1496589910074	0.39368504	0.38715693	-0.19304556

1496589910083	0.36970425	0.3665068	-0.17772448

1496589910093	0.35438317	0.3381295	-0.14934719

1496589910104	0.3391953	0.2998934	-0.13415934

1496589910118	0.30535573	0.22142287	-0.14068745

1496589910124	0.25406343	0.12323475	-0.17119637

1496589910134	0.18212096	0.035971224	-0.22901678

1496589910144	0.09925393	-0.016253663	-0.30868638

1496589910153	0.001065814	-0.021715961	-0.3839595

1496589910164	-0.09925393	-0.0119904075	-0.45257127

1496589910174	-0.19850786	0.008659739	-0.49840128

1496589910184	-0.2715161	0.052358113	-0.50932586

1496589910194	-0.2868372	0.21049827	-0.47775114

1496589910204	-0.26392218	0.30535573	-0.43844923

1496589910215	-0.25512922	0.40021315	-0.39808154

1496589910224	-0.2529976	0.46789235	-0.36211032

1496589910234	-0.23887557	0.53770316	-0.32387424

1496589910244	-0.23554489	0.6064482	-0.287903

1496589910254	-0.24966693	0.6598721	-0.26605383

1496589910264	-0.2748468	0.7013056	-0.2475353

1496589910274	-0.31841195	0.7067679	-0.23447908

1496589910284	-0.36970425	0.69584334	-0.23661071

1496589910294	-0.41446844	0.6642686	-0.2410072

1496589910303	-0.45257127	0.6205702	-0.25512922

1496589910315	-0.4886757	0.57154274	-0.27258193

1496589910324	-0.51265657	0.515854	-0.28244072

1496589910334	-0.52784437	0.4765521	-0.2748468

1496589910343	-0.53663737	0.4537703	-0.2584599

1496589910353	-0.54103386	0.42539302	-0.23661071

1496589910364	-0.5507594	0.39808154	-0.20503597

1496589910374	-0.5540901	0.37077004	-0.17559285

1496589910384	-0.5496936	0.34359178	-0.14175327

1496589910393	-0.5398348	0.3141487	-0.107913665

1496589910404	-0.53330666	0.24540368	-0.108979486

1496589910415	-0.5355715	0.18864909	-0.108979486

1496589910434	-0.5257128	0.13189448	-0.12096989

1496589910440	-0.51372236	0.08832934	-0.127498

1496589910447	-0.51265657	0.03810285	-0.13415934

1496589910454	-0.50066614	-0.002131628	-0.15161204

1496589910464	-0.48534507	-0.027178258	-0.1613376

1496589910474	-0.45696777	-0.03157474	-0.17452705

1496589910484	-0.42965627	-0.019584332	-0.18758327

1496589910494	-0.40567547	0.014122035	-0.2126299

1496589910503	-0.3839595	0.061017852	-0.23114842

1496589910514	-0.37623236	0.10578204	-0.26711965

1496589910524	-0.37516654	0.1558753	-0.28896883

1496589910534	-0.38276047	0.20943245	-0.3206768

1496589910544	-0.40354383	0.2769784	-0.33160138

1496589910554	-0.42206234	0.35664803	-0.31521448

1496589910564	-0.43951505	0.44391152	-0.28457233

1496589910574	-0.45150545	0.5301092	-0.2529976

1496589910584	-0.45590195	0.6085798	-0.21702638

1496589910594	-0.45150545	0.68598455	-0.21915801

1496589910604	-0.45483613	0.7973621	-0.2475353

1496589910615	-0.46895817	0.8430589	-0.28896883

1496589910628	-0.49733546	0.88675725	-0.32494006

1496589910650	-0.5223821	0.9544364	-0.35984546

1496589910651	-0.5169198	0.9969358	-0.35984546

1496589910654	-0.3665068	0.94351184	-0.35984546

1496589910664	-0.003197442	0.80815345	-0.37729818

1496589910674	0.41993073	0.8136158	-0.3860911

1496589910683	0.67732483	0.9456435	-0.35984546

1496589910693	0.72422063	0.9576339	-0.31841195

1496589910704	0.65880626	0.782041	-0.26179057

1496589910715	0.5682121	0.5736744	-0.11990408

1496589910724	0.47988275	0.46136424	0.08606448

1496589910735	0.40900612	0.37623236	0.2071676

1496589910744	0.44497734	0.24540368	0.20610179

