1498492634925	-0.16677	0.14715	9.868859

1498492634927	-0.17658	0.17658	9.87867

1498492634928	-0.17658	0.1962	9.75114

1498492634929	-0.15696	0.14715	9.83943

1498492634934	-0.15696	0.1962	9.809999

1498492634949	-0.22563	0.12753	9.81981

1498492634950	-0.16677	0.0981	9.76095

1498492634957	-0.15696	0.16677	9.83943

1498492634961	-0.17658	0.23543999	9.79038

1498492634998	-0.1962	0.26487	9.809999

1498492635000	-0.16677	0.17658	9.88848

1498492635001	-0.21582	0.11771999	9.81981

1498492635004	-0.14715	0.15696	9.78057

1498492635014	-0.25506	0.11771999	9.829619

1498492635026	-0.21582	0.12753	9.868859

1498492635035	-0.13734	0.20601	9.76095

1498492635045	-0.15696	0.16677	9.83943

1498492635056	-0.18639	0.1962	9.809999

1498492635076	-0.20601	0.10791	9.92772

1498492635085	-0.1962	0.16677	9.80019

1498492635095	-0.18639	0.14715	9.80019

1498492635105	-0.21582	0.15696	9.69228

1498492635115	-0.15696	0.16677	9.77076

1498492635127	-0.16677	0.18639	9.868859

1498492635135	-0.21582	0.10791	9.85905

1498492635149	-0.13734	0.07848	9.809999

1498492635157	-0.11771999	0.1962	9.76095

1498492635165	-0.07848	0.20601	9.849239

1498492635194	-0.14715	0.16677	9.83943

1498492635197	-0.17658	0.14715	9.77076

1498492635198	-0.13734	0.21582	9.809999

1498492635206	-0.12753	0.11771999	9.809999

1498492635216	-0.18639	0.1962	9.85905

1498492635228	-0.15696	0.13734	9.682469

1498492635236	-0.18639	0.22563	9.83943

1498492635247	-0.14715	0.21582	9.85905

1498492635258	-0.17658	0.11771999	9.79038

1498492635267	-0.14715	0.21582	9.89829

1498492635279	-0.13734	0.14715	9.83943

1498492635288	-0.17658	0.14715	9.81981

1498492635298	-0.1962	0.13734	9.81981

1498492635308	-0.12753	0.15696	9.80019

1498492635318	-0.17658	0.16677	9.75114

1498492635329	-0.17658	0.16677	9.75114

1498492635343	-0.18639	0.18639	9.81981

1498492635348	-0.1962	0.22563	9.83943

1498492635360	-0.16677	0.18639	9.77076

1498492635369	-0.10791	0.10791	9.9571495

1498492635390	-0.17658	0.1962	9.9081

1498492635391	-0.16677	0.10791	9.849239

1498492635400	-0.15696	0.16677	9.80019

1498492635410	-0.0981	0.1962	9.849239

1498492635420	-0.28449	0.12753	9.849239

1498492635432	-0.22563	0.1962	9.93753

1498492635440	-0.16677	0.21582	9.81981

1498492635451	-0.15696	0.14715	9.83943

1498492635462	-0.15696	0.1962	9.74133

1498492635470	-0.12753	0.10791	9.89829

1498492635482	-0.17658	0.11771999	9.809999

1498492635491	-0.11771999	0.15696	9.88848

1498492635501	-0.10791	0.10791	9.868859

1498492635511	-0.15696	0.17658	9.829619

1498492635520	-0.17658	0.10791	9.80019

1498492635532	-0.23543999	0.20601	9.76095

1498492635541	-0.17658	0.24524999	9.77076

1498492635565	-0.18639	0.14715	9.80019

1498492635567	-0.10791	0.14715	9.88848

1498492635583	-0.17658	0.1962	9.829619

1498492635590	-0.11771999	0.18639	9.76095

1498492635600	-0.0981	0.22563	9.85905

1498492635611	-0.1962	0.17658	9.91791

1498492635621	-0.11771999	0.1962	9.80019

1498492635633	-0.26487	0.13734	9.79038

1498492635647	-0.20601	0.17658	9.80019

1498492635654	-0.1962	0.15696	9.849239

1498492635662	-0.25506	0.16677	9.87867

1498492635682	-0.14715	0.20601	9.89829

1498492635691	-0.15696	0.16677	9.85905

1498492635701	-0.16677	0.14715	9.79038

1498492635711	-0.21582	0.21582	9.81981

1498492635721	-0.16677	0.17658	9.849239

1498492635733	-0.25506	0.14715	9.809999

1498492635742	-0.14715	0.14715	9.80019

1498492635752	-0.17658	0.18639	9.79038

1498492635763	-0.1962	0.14715	9.78057

1498492635793	-0.27468	0.11771999	9.94734

1498492635797	-0.18639	0.08829	9.83943

1498492635802	-0.16677	0.10791	9.83943

1498492635812	-0.14715	0.14715	9.76095

1498492635835	-0.12753	0.16677	9.74133

1498492635837	-0.1962	0.18639	9.81981

1498492635842	-0.16677	0.17658	9.87867

1498492635852	-0.20601	0.21582	9.80019

1498492635863	-0.11771999	0.20601	9.80019

1498492635883	-0.18639	0.15696	9.829619

1498492635892	-0.13734	0.16677	9.78057

1498492635902	-0.16677	0.12753	9.77076

1498492635912	-0.18639	0.22563	9.78057

1498492635922	-0.13734	0.10791	9.87867

1498492635934	-0.15696	0.16677	9.702089

1498492635942	-0.15696	0.18639	9.76095

1498492635953	-0.18639	0.22563	9.80019

1498492635964	-0.20601	0.11771999	9.81981

1498492635972	-0.10791	0.14715	9.849239

1498492635989	-0.13734	0.1962	9.89829

1498492635993	-0.20601	0.20601	9.809999

1498492636003	-0.17658	0.11771999	9.87867

1498492636030	-0.13734	0.14715	9.69228

1498492636031	-0.15696	0.11771999	9.849239

1498492636035	-0.13734	0.18639	9.85905

1498492636044	-0.15696	0.14715	9.83943

1498492636054	-0.11771999	0.11771999	9.83943

1498492636065	-0.14715	0.17658	9.80019

1498492636085	-0.15696	0.18639	9.849239

1498492636094	-0.1962	0.24524999	9.89829

1498492636104	-0.17658	0.20601	9.79038

1498492636114	-0.12753	0.17658	9.87867

1498492636123	-0.14715	0.15696	9.7119

1498492636135	-0.18639	0.1962	9.85905

1498492636144	-0.11771999	0.17658	9.81981

1498492636154	-0.18639	0.24524999	9.85905

1498492636165	-0.18639	0.10791	9.809999

1498492636185	-0.17658	0.22563	9.868859

1498492636197	-0.10791	0.17658	9.829619

1498492636204	-0.18639	0.13734	9.80019

1498492636214	-0.12753	0.13734	9.849239

1498492636227	-0.17658	0.16677	9.79038

1498492636237	-0.1962	0.12753	9.79038

1498492636245	-0.17658	0.16677	9.809999

1498492636256	-0.21582	0.14715	9.78057

1498492636267	-0.17658	0.14715	9.83943

1498492636289	-0.15696	0.25506	9.89829

1498492636295	-0.18639	0.14715	9.73152

1498492636306	-0.18639	0.20601	9.76095

1498492636316	-0.14715	0.1962	9.868859

1498492636326	-0.14715	0.1962	9.868859

1498492636337	-0.20601	0.23543999	9.88848

1498492636346	-0.1962	0.0981	9.83943

1498492636356	-0.17658	0.22563	9.83943

1498492636368	-0.12753	0.1962	9.74133

1498492636377	-0.16677	0.10791	9.868859

1498492636389	-0.11771999	0.15696	9.849239

1498492636397	-0.18639	0.1962	9.868859

1498492636407	-0.16677	0.17658	9.74133

1498492636418	-0.12753	0.11771999	9.868859

1498492636428	-0.13734	0.17658	9.73152

1498492636439	-0.18639	0.17658	9.80019

1498492636448	-0.10791	0.11771999	9.83943

1498492636458	-0.20601	0.0981	9.79038

1498492636469	-0.10791	0.11771999	9.80019

1498492636589	-0.18639	0.21582	9.78057

1498492636627	-0.11771999	0.14715	9.80019

1498492636628	-0.15696	0.20601	9.92772

1498492636631	-0.24524999	0.21582	9.89829

1498492636661	-0.10791	0.16677	9.809999

1498492636664	-0.22563	0.18639	9.78057

1498492636666	-0.15696	0.21582	9.868859

1498492636667	-0.0981	0.17658	9.88848

1498492636668	-0.13734	0.10791	9.79038

1498492636670	-0.06867	0.13734	9.78057

1498492636676	-0.14715	0.12753	9.75114

1498492636685	-0.22563	0.18639	9.88848

1498492636695	-0.14715	0.10791	9.91791

1498492636705	-0.17658	0.17658	9.868859

1498492636717	-0.21582	0.17658	9.89829

1498492636725	-0.1962	0.1962	9.81981

1498492636735	-0.12753	0.10791	9.81981

1498492636746	-0.17658	0.13734	9.80019

1498492636756	-0.1962	0.12753	9.849239

1498492636767	-0.20601	0.17658	9.75114

1498492636778	-0.1962	0.15696	9.85905

1498492636796	-0.14715	0.10791	9.83943

1498492636813	-0.20601	0.20601	9.829619

1498492636820	-0.12753	0.16677	9.9081

1498492636826	-0.20601	0.22563	9.92772

1498492636858	-0.22563	0.15696	9.80019

1498492636860	-0.13734	0.18639	9.85905

1498492636861	-0.20601	0.18639	9.83943

1498492636868	-0.13734	0.15696	9.93753

1498492636878	-0.0981	0.20601	9.78057

1498492636897	-0.11771999	0.13734	9.89829

1498492636907	-0.0981	0.16677	9.94734

1498492636921	-0.0981	0.22563	9.83943

1498492636928	-0.13734	0.20601	9.829619

1498492636936	-0.14715	0.16677	9.829619

1498492636947	-0.2943	0.11771999	9.83943

1498492636957	-0.1962	0.14715	9.78057

1498492636972	-0.1962	0.17658	9.79038

1498492636978	-0.11771999	0.14715	9.829619

1498492636987	-0.26487	0.13734	9.92772

1498492636997	-0.13734	0.21582	9.93753

1498492637007	-0.15696	0.16677	9.76095

1498492637018	-0.20601	0.0981	9.83943

1498492637026	-0.12753	0.10791	9.829619

1498492637049	-0.20601	0.17658	9.849239

1498492637050	-0.16677	0.15696	9.87867

1498492637057	-0.22563	0.12753	9.79038

1498492637095	-0.18639	0.21582	9.79038

1498492637097	-0.15696	0.15696	9.79038

1498492637098	-0.24524999	0.0981	9.88848

1498492637104	-0.1962	0.12753	9.83943

1498492637114	-0.18639	0.17658	9.849239

1498492637126	-0.11771999	0.13734	9.80019

1498492637135	-0.17658	0.10791	9.88848

1498492637145	-0.12753	0.16677	9.829619

1498492637155	-0.14715	0.21582	9.81981

1498492637165	-0.14715	0.26487	9.85905

1498492637177	-0.22563	0.17658	9.89829

1498492637187	-0.16677	0.10791	9.77076

1498492637196	-0.24524999	0.16677	9.89829

1498492637206	-0.27468	0.18639	9.94734

1498492637215	-0.15696	0.18639	9.85905

1498492637227	-0.0981	0.0981	9.79038

1498492637236	-0.18639	0.13734	9.81981

1498492637249	-0.17658	0.11771999	9.849239

1498492637256	-0.10791	0.23543999	9.81981

1498492637266	-0.12753	0.18639	9.80019

1498492637281	-0.15696	0.20601	9.85905

1498492637287	-0.17658	0.1962	9.85905

1498492637296	-0.0981	0.22563	9.88848

1498492637306	-0.12753	0.20601	9.91791

1498492637316	-0.22563	0.20601	9.868859

1498492637328	-0.22563	0.20601	9.868859

1498492637336	-0.10791	0.15696	9.80019

1498492637347	-0.18639	0.15696	9.78057

1498492637357	-0.14715	0.16677	9.77076

1498492637367	-0.11771999	0.16677	9.829619

1498492637379	-0.15696	0.16677	9.809999

1498492637389	-0.0981	0.22563	9.89829

1498492637398	-0.24524999	0.14715	9.809999

1498492637408	-0.11771999	0.15696	9.74133

1498492637418	-0.16677	0.15696	9.809999

1498492637436	-0.0981	0.12753	9.849239

1498492637440	-0.12753	0.15696	9.809999

1498492637448	-0.16677	0.15696	9.849239

1498492637458	-0.17658	0.18639	9.9081

1498492637478	-0.16677	0.15696	9.809999

1498492637481	-0.20601	0.21582	9.849239

1498492637490	-0.20601	0.0981	9.829619

1498492637499	-0.14715	0.16677	9.868859

1498492637509	-0.20601	0.15696	9.868859

1498492637519	-0.14715	0.1962	9.74133

1498492637531	-0.16677	0.24524999	9.809999

1498492637538	-0.0981	0.11771999	9.80019

1498492637549	-0.08829	0.21582	9.88848

1498492637559	-0.1962	0.14715	9.74133

1498492637569	-0.0981	0.12753	9.9081

1498492637581	-0.16677	0.18639	9.829619

1498492637591	-0.10791	0.16677	9.78057

1498492637609	-0.17658	0.21582	9.809999

1498492637619	-0.22563	0.20601	9.9571495

1498492637634	-0.18639	0.15696	9.81981

1498492637639	-0.23543999	0.13734	9.75114

1498492637649	-0.11771999	0.15696	9.76095

1498492637674	-0.17658	0.22563	9.76095

1498492637675	-0.21582	0.16677	9.85905

1498492637681	-0.13734	0.12753	9.829619

1498492637692	-0.16677	0.28449	9.80019

1498492637710	-0.17658	0.25506	9.9081

1498492637720	-0.13734	0.21582	9.83943

1498492637732	-0.12753	0.1962	9.76095

1498492637740	-0.18639	0.10791	9.80019

1498492637750	-0.15696	0.14715	9.868859

1498492637761	-0.17658	0.18639	9.849239

1498492637771	-0.11771999	0.14715	9.91791

1498492637782	-0.10791	0.17658	9.79038

1498492637792	-0.10791	0.17658	9.78057

1498492637811	-0.13734	0.17658	9.88848

1498492637829	-0.14715	0.14715	9.9081

1498492637838	-0.18639	0.22563	9.849239

1498492637842	-0.1962	0.17658	9.74133

1498492637870	-0.24524999	0.18639	9.85905

1498492637873	-0.23543999	0.10791	9.74133

1498492637874	-0.13734	0.17658	9.83943

1498492637884	-0.14715	0.18639	9.78057

1498492637893	-0.15696	0.17658	9.9081

1498492637902	-0.18639	0.10791	9.87867

1498492637912	-0.1962	0.23543999	9.849239

1498492637922	-0.14715	0.1962	9.79038

1498492637934	-0.14715	0.12753	9.80019

1498492637943	-0.14715	0.10791	9.79038

1498492637953	-0.12753	0.12753	9.80019

1498492637963	-0.0981	0.14715	9.78057

1498492637973	-0.13734	0.21582	9.78057

1498492637985	-0.16677	0.16677	9.78057

1498492637995	-0.11771999	0.15696	9.81981

1498492638004	-0.16677	0.15696	9.9081

1498492638013	-0.24524999	0.18639	9.78057

1498492638023	-0.15696	0.0981	9.77076

1498492638045	-0.1962	0.12753	9.88848

1498492638051	-0.10791	0.11771999	9.91791

1498492638054	-0.15696	0.18639	9.9081

1498492638084	-0.14715	0.18639	9.81981

1498492638086	-0.1962	0.16677	9.80019

1498492638088	-0.1962	0.17658	9.75114

1498492638095	-0.14715	0.14715	9.78057

1498492638104	-0.10791	0.11771999	9.849239

1498492638114	-0.17658	0.21582	9.81981

1498492638124	-0.20601	0.14715	9.9571495

1498492638136	-0.15696	0.1962	9.80019

1498492638145	-0.21582	0.21582	9.81981

1498492638155	-0.13734	0.13734	9.73152

1498492638165	-0.17658	0.1962	9.829619

1498492638175	-0.13734	0.10791	9.78057

1498492638187	-0.11771999	0.12753	9.74133

1498492638197	-0.17658	0.20601	9.77076

1498492638206	-0.13734	0.12753	9.976769

1498492638216	-0.10791	0.22563	9.92772

1498492638226	-0.15696	0.17658	9.92772

1498492638238	-0.12753	0.13734	9.83943

1498492638254	-0.15696	0.15696	9.868859

1498492638257	-0.18639	0.18639	9.809999

1498492638267	-0.16677	0.14715	9.73152

1498492638288	-0.07848	0.16677	9.809999

1498492638290	-0.17658	0.15696	9.78057

1498492638298	-0.24524999	0.26487	9.76095

1498492638307	-0.15696	0.20601	9.9081

1498492638316	-0.23543999	0.18639	9.79038

1498492638326	-0.23543999	0.18639	9.79038

1498492638338	-0.13734	0.23543999	9.89829

1498492638347	-0.16677	0.13734	9.81981

1498492638357	-0.16677	0.13734	9.78057

1498492638367	-0.18639	0.07848	9.829619

1498492638377	-0.0981	0.23543999	9.809999

1498492638389	-0.20601	0.17658	9.849239

1498492638399	-0.12753	0.13734	9.87867

1498492638408	-0.18639	0.24524999	9.89829

1498492638418	-0.16677	0.20601	9.89829

1498492638427	-0.16677	0.18639	9.809999

1498492638439	-0.17658	0.17658	9.85905

1498492638448	-0.0981	0.17658	9.85905

1498492638463	-0.16677	0.1962	9.79038

1498492638468	-0.20601	0.11771999	9.81981

1498492638478	-0.1962	0.17658	9.868859

1498492638502	-0.0981	0.13734	9.809999

1498492638506	-0.17658	0.11771999	9.849239

1498492638509	-0.17658	0.14715	9.849239

1498492638519	-0.17658	0.22563	9.829619

1498492638529	-0.17658	0.16677	9.87867

1498492638541	-0.11771999	0.11771999	9.81981

1498492638550	-0.11771999	0.1962	9.87867

1498492638560	-0.15696	0.0981	9.81981

1498492638570	-0.10791	0.18639	9.809999

1498492638580	-0.10791	0.20601	9.829619

1498492638592	-0.25506	0.18639	9.9081

1498492638601	-0.13734	0.1962	9.89829

1498492638610	-0.16677	0.14715	9.9081

1498492638620	-0.17658	0.17658	9.88848

1498492638630	-0.0981	0.11771999	9.89829

1498492638642	-0.14715	0.20601	9.83943

1498492638650	-0.1962	0.15696	9.77076

1498492638661	-0.13734	0.22563	9.75114

1498492638684	-0.15696	0.1962	9.83943

1498492638686	-0.17658	0.10791	9.88848

1498492638744	-0.1962	0.21582	9.829619

1498492638745	-0.1962	0.16677	9.809999

1498492638746	-0.1962	0.21582	9.89829

1498492638747	-0.22563	0.12753	9.868859

1498492638748	-0.11771999	0.17658	9.78057

1498492638752	-0.25506	0.13734	9.809999

1498492638753	-0.0981	0.20601	9.83943

1498492638761	-0.04905	0.16677	9.78057

1498492638771	-0.1962	0.18639	9.89829

1498492638781	-0.14715	0.16677	9.79038

1498492638792	-0.13734	0.22563	9.79038

1498492638802	-0.16677	0.1962	9.87867

1498492638821	-0.0981	0.11771999	9.88848

1498492638831	-0.0981	0.14715	9.80019

1498492638842	-0.10791	0.16677	9.829619

1498492638851	-0.20601	0.1962	9.74133

1498492638860	-0.14715	0.20601	9.91791

1498492638871	-0.16677	0.25506	9.76095

1498492638881	-0.11771999	0.15696	9.829619

1498492638898	-0.12753	0.15696	9.868859

1498492638903	-0.15696	0.14715	9.87867

1498492638921	-0.12753	0.13734	9.85905

1498492638933	-0.12753	0.16677	9.85905

1498492638943	-0.11771999	0.16677	9.87867

1498492638951	-0.23543999	0.17658	9.78057

1498492638962	-0.13734	0.15696	9.809999

1498492638972	-0.16677	0.15696	9.87867

1498492638982	-0.12753	0.25506	9.85905

1498492638993	-0.13734	0.12753	9.9081

1498492639004	-0.12753	0.15696	9.83943

1498492639022	-0.1962	0.15696	9.88848

1498492639032	-0.13734	0.1962	9.75114

1498492639043	-0.13734	0.1962	9.85905

1498492639052	-0.21582	0.13734	9.83943

1498492639062	-0.0981	0.14715	9.829619

1498492639072	-0.14715	0.10791	9.75114

1498492639082	-0.18639	0.0981	9.85905

1498492639094	-0.23543999	0.14715	9.829619

1498492639104	-0.20601	0.20601	9.78057

1498492639121	-0.16677	0.17658	10.0062

1498492639123	-0.14715	0.17658	9.829619

1498492639133	-0.14715	0.14715	9.87867

1498492639145	-0.20601	0.16677	9.91791

1498492639167	-0.16677	0.16677	9.87867

1498492639168	-0.13734	0.12753	9.80019

1498492639172	-0.14715	0.0981	9.849239

1498492639183	-0.13734	0.16677	9.78057

1498492639194	-0.14715	0.15696	9.85905

1498492639204	-0.0981	0.10791	9.868859

1498492639222	-0.11771999	0.18639	9.9081

1498492639233	-0.16677	0.20601	9.93753

1498492639244	-0.13734	0.14715	9.81981

1498492639253	-0.15696	0.1962	9.80019

1498492639263	-0.17658	0.14715	9.80019

1498492639273	-0.12753	0.12753	9.83943

1498492639283	-0.15696	0.16677	9.78057

1498492639294	-0.13734	0.1962	9.87867

1498492639304	-0.1962	0.14715	9.87867

1498492639313	-0.16677	0.14715	9.88848

1498492639323	-0.15696	0.17658	9.88848

1498492639337	-0.12753	0.12753	9.849239

1498492639345	-0.13734	0.17658	9.78057

1498492639354	-0.11771999	0.13734	9.809999

1498492639380	-0.18639	0.16677	9.829619

1498492639381	-0.0981	0.1962	9.81981

1498492639384	-0.11771999	0.21582	9.809999

1498492639396	-0.13734	0.22563	9.76095

1498492639406	-0.22563	0.13734	9.809999

1498492639415	-0.18639	0.12753	9.849239

1498492639425	-0.13734	0.20601	9.93753

1498492639434	-0.22563	0.22563	9.81981

1498492639446	-0.11771999	0.17658	9.868859

1498492639455	-0.2943	0.16677	9.829619

1498492639465	-0.16677	0.15696	9.88848

1498492639475	-0.16677	0.16677	9.78057

1498492639485	-0.0981	0.0981	9.829619

1498492639496	-0.12753	0.14715	9.829619

1498492639506	-0.11771999	0.21582	9.77076

1498492639515	-0.12753	0.20601	9.94734

1498492639525	-0.17658	0.21582	9.80019

1498492639535	-0.20601	0.18639	9.829619

1498492639551	-0.13734	0.20601	9.88848

1498492639555	-0.11771999	0.17658	9.93753

1498492639566	-0.16677	0.14715	9.72171

1498492639588	-0.15696	0.17658	9.9571495

1498492639589	-0.11771999	0.10791	9.7119

1498492639598	-0.16677	0.16677	9.75114

1498492639607	-0.12753	0.20601	9.9081

1498492639616	-0.0981	0.11771999	9.88848

1498492639626	-0.0981	0.21582	9.81981

1498492639636	-0.20601	0.21582	9.87867

1498492639647	-0.24524999	0.17658	9.88848

1498492639655	-0.26487	0.12753	9.79038

1498492639666	-0.10791	0.12753	9.81981

1498492639676	-0.17658	0.26487	9.809999

1498492639686	-0.14715	0.12753	9.79038

1498492639697	-0.12753	0.17658	9.849239

1498492639708	-0.1962	0.16677	9.72171

1498492639726	-0.16677	0.16677	9.87867

1498492639736	-0.21582	0.23543999	9.80019

1498492639747	-0.11771999	0.14715	9.85905

1498492639756	-0.11771999	0.1962	9.81981

1498492639765	-0.1962	0.17658	9.809999

1498492639782	-0.12753	0.12753	9.85905

1498492639785	-0.14715	0.20601	9.77076

1498492639797	-0.15696	0.20601	9.85905

1498492639828	-0.11771999	0.1962	9.92772

1498492639830	-0.20601	0.10791	9.80019

1498492639836	-0.15696	0.15696	9.868859

