1494071027120	0.033706367	0.009725553	-0.003197442

1494071027619	-0.029443111	0.017452704	0.002131628

1494071028119	0.001065814	-0.013056221	0.004263256

1494071028620	0.02504663	0.02504663	-0.001065814

1494071029119	0.021715961	0.018518519	0.0

1494071029619	-0.002131628	-0.0065281107	-0.004263256

1494071030119	-0.017452704	-0.020650147	-0.002131628

1494071030619	0.013056221	-0.030508926	0.003197442

1494071031119	-0.009725553	-0.009725553	-0.00532907

1494071031619	-0.026112443	0.003197442	0.004263256

