1495488057957	1.831335	-2.2459366	-1.7909672

1495488057966	1.8979483	-2.1946442	-1.8073541

1495488057978	1.7823075	-1.9349854	-1.7474021

1495488057987	1.5303757	-1.557554	-1.6350919

1495488057997	1.2685851	-1.1735945	-1.4856116

1495488058006	1.1147082	-0.827871	-1.3264055

1495488058017	1.115774	-0.50932586	-1.1441513

1495488058035	1.2368772	-0.16679989	-0.9816147

1495488058038	1.3918198	0.054489743	-0.83439916

1495488058046	1.512923	0.054489743	-0.68718356

1495488058058	1.6241673	0.0075939246	-0.46349588

1495488058079	1.6067146	0.12430056	-0.47228885

1495488058086	1.490008	0.31521448	-0.64028776

1495488058098	1.3535838	0.5726086	-0.6434852

1495488058106	1.360112	0.402478	-0.5103917

1495488058128	1.3415934	0.16466826	-0.2868372

1495488058129	1.3426592	-0.0119904075	-0.19730882

1495488058138	1.2685851	-0.19730882	-0.2813749

1495488058146	1.0591527	-0.34572342	-0.40460965

1495488058156	0.8289369	-0.46349588	-0.5289102

1495488058172	0.6827871	-0.5496936	-0.64455104

1495488058176	0.6325606	-0.6270983	-0.7525979

1495488058187	0.6653344	-0.7231548	-0.84532374

1495488058196	0.7330136	-0.759126	-0.9172662

1495488058206	0.83106846	-0.66200376	-0.9816147

1495488058220	1.1813216	0.045696776	-1.0045297

1495488058239	1.2936318	0.41766587	-0.9576339

1495488058246	1.3089528	0.5770051	-0.8518519

1495488058256	1.2227551	0.5343725	-0.676259

1495488058266	1.0634159	0.35877964	-0.45043966

1495488058276	0.8333333	0.16906475	-0.26711965

1495488058286	0.5540901	0.039168663	-0.15161204

1495488058302	0.045696776	-0.18651745	-0.16679989

1495488058307	-0.21809219	-0.3391953	-0.15374367

1495488058316	-0.5103917	-0.48747668	-0.087263525

1495488058326	-0.86277646	-0.54103386	0.034905408

1495488058338	-1.2194245	-0.53224087	0.20063949

1495488058346	-1.5510259	-0.4765521	0.44284573

1495488058358	-1.8510525	-0.42312816	0.6947775

1495488058366	-2.074607	-0.35771382	0.9773514

1495488058376	-2.257927	-0.20610179	1.2019718

1495488058386	-2.4804156	0.034905408	1.3264055

1495488058396	-2.6560085	0.26605383	1.3928857

1495488058406	-2.674527	0.30535573	1.383027

1495488058416	-2.5872636	0.098054886	1.2478018

1495488058435	-2.4825473	-0.19197975	1.048228

1495488058438	-2.340794	-0.39261925	0.87370104

1495488058446	-2.128031	-0.45150545	0.745004

1495488058456	-1.7844391	-0.28577137	0.72422063

1495488058466	-1.4136691	0.051159073	0.8322675

1495488058477	-1.3317347	0.20063949	1.0110579

1495488058487	-1.7877698	0.0	1.0405009

1495488058502	-2.0277112	0.17772448	1.1201705

1495488058507	-2.1597388	0.3511857	1.115774

1495488058516	-2.188116	0.55622166	1.0013323

1495488058526	-2.1215029	0.86277646	0.8932854

1495488058537	-2.0527577	1.1779909	0.81801224

1495488058546	-1.9993339	1.4452438	0.74273914

1495488058556	-1.9415134	1.5892619	0.6893152

1495488058566	-1.8411937	1.603384	0.68718356

1495488058576	-1.6885159	1.5455636	0.7013056

1495488058589	-1.5444977	1.5106581	0.7046363

1495488058596	-1.4004797	1.4551026	0.71436185

1495488058606	-1.2379429	1.4004797	0.7635225

1495488058616	-1.0459633	1.3808953	0.85398346

1495488058630	-0.8322675	1.3350652	0.96096456

1495488058638	-0.63908875	1.2980282	1.0612843

1495488058646	-0.50492936	1.3558487	1.069944

1495488058656	-0.44710898	1.4027444	0.97069013

1495488058666	-0.41553423	1.3264055	0.8289369

1495488058676	-0.3730349	1.1518785	0.7155609

1495488058687	-0.17119637	0.7307487	0.5169198

1495488058696	0.010791367	0.46895817	0.44710898

1495488058706	0.22901678	0.16573408	0.38928857

1495488058724	0.4373834	-0.12869704	0.3511857

1495488058728	0.6151079	-0.3904876	0.3347988

1495488058750	0.7569944	-0.538769	0.35664803

1495488058751	0.83546495	-0.561684	0.402478

1495488058756	0.8387956	-0.4308553	0.44058087

1495488058766	0.7340794	-0.22248867	0.39261925

1495488058776	0.48427925	0.058886223	0.30642152

1495488058786	0.1624034	0.35438317	0.26392218

1495488058798	-0.15374367	0.66200376	0.2998934

1495488058806	-0.37623236	0.82560617	0.30202505

1495488058816	-0.41113776	0.75153214	0.27924326

1495488058826	-0.264988	0.6064482	0.3282707

1495488058837	-0.00532907	0.4940048	0.41446844

1495488058846	0.2410072	0.39368504	0.48974153

1495488058856	0.43405277	0.2529976	0.5071942

1495488058866	0.59445775	0.05009326	0.47335464

1495488058881	0.6609379	-0.16906475	0.4308553

1495488058886	0.18651745	-0.63362646	0.40900612

1495488058900	-0.054489743	-1.0831335	0.3610445

1495488058906	-0.026112443	-0.86717296	0.22688515

1495488058918	0.3282707	-0.44937384	0.3347988

1495488058926	0.7166267	-0.25086597	0.48094857

1495488058937	0.71875834	-0.13415934	0.28244072

1495488058947	0.52464694	-0.17013057	-0.061017852

1495488058959	0.45696777	-0.39701572	-0.3347988

1495488058974	0.6598721	-0.84532374	-0.50932586

1495488058977	1.1277645	-1.3503864	-0.6697309

1495488058987	1.5968559	-1.7026379	-0.8387956

1495488058996	1.8138822	-1.9164668	-1.0678124

1495488059006	1.8161471	-2.0397015	-1.3306688

1495488059019	1.7680522	-2.1008527	-1.5794032

1495488059026	1.7190248	-2.1412203	-1.7615241

1495488059039	1.6775912	-2.1717293	-1.831335

1495488059047	1.6197709	-1.984146	-1.7583266

1495488059056	1.5161204	-1.603384	-1.6393552

1495488059074	1.3470557	-1.1998401	-1.481215

1495488059076	1.1921129	-0.8093525	-1.3186784

1495488059086	1.0623502	-0.5398348	-0.98387957

1495488059096	1.1223022	-0.26059154	-0.8387956

1495488059106	1.2565948	-0.22142287	-0.76125765

1495488059116	1.3928857	-0.29443112	-0.71875834

1495488059130	1.5106581	-0.38928857	-0.6794564

1495488059137	1.5630163	-0.36863843	-0.6598721

1495488059146	1.5226486	-0.22355449	-0.6969091

1495488059156	1.451772	-0.09592326	-0.7809752

1495488059166	1.3764988	0.035971224	-0.85731417

1495488059176	1.2990941	0.1897149	-0.80602187

1495488059186	1.2358114	0.27378097	-0.6129763

1495488059198	1.1954436	0.21476153	-0.3860911

1495488059206	1.1899813	0.074074075	-0.3097522

1495488059220	1.1518785	-0.09592326	-0.32933652

1495488059227	1.0536904	-0.26711965	-0.3675726

1495488059238	0.92059684	-0.42206234	-0.41340262

1495488059246	0.81588066	-0.57047695	-0.46895817

1495488059257	0.74380493	-0.6598721	-0.538769

1495488059266	0.71009856	-0.6926459	-0.62603253

1495488059276	0.71329606	-0.6554756	-0.699174

1495488059291	0.83986145	-0.2868372	-0.8028244

1495488059296	0.9544364	-0.051159073	-0.81148416

1495488059306	1.069944	0.10245137	-0.7765787

1495488059316	1.1441513	0.15161204	-0.7166267

1495488059326	1.1496136	0.12323475	-0.6108447

1495488059338	1.0917932	0.0065281107	-0.44830802

1495488059349	0.9630962	-0.107913665	-0.2912337

1495488059356	0.76671994	-0.20277111	-0.14828138

1495488059366	0.54209965	-0.2998934	-0.07953637

1495488059376	0.25512922	-0.34678924	-0.058886223

1495488059386	-0.06861178	-0.31734613	-0.080602184

1495488059396	-0.3839595	-0.25952572	-0.04143352

1495488059406	-0.64455104	-0.2933653	0.043565147

1495488059416	-0.9031442	-0.25739408	0.21596056

1495488059435	-1.1354916	-0.12643218	0.41220358

1495488059437	-1.352518	-0.013056221	0.58899546

1495488059446	-1.5598189	-0.016253663	0.7961631

1495488059456	-1.7801758	-0.049027443	0.987077

1495488059466	-2.0527577	-0.049027443	1.1125766

1495488059476	-2.3614442	-0.083932854	1.184519

1495488059494	-2.6549428	-0.42645884	1.1834532

1495488059496	-2.4945376	-0.68598455	1.1464162

1495488059506	-2.248068	-0.71009856	1.1092459

1495488059516	-2.0691447	-0.46789235	1.048228

1495488059526	-1.8390621	0.014122035	1.0362377

1495488059538	-1.6677325	0.6468159	1.0230483

1495488059549	-1.7266186	1.0863309	0.9740208

1495488059556	-1.9110045	1.398348	1.0339729

1495488059566	-2.1084466	1.5913936	1.1344258

1495488059576	-2.2535305	1.5259792	1.0841993

1495488059586	-2.3168132	1.3361311	0.84092724

1495488059596	-2.2621903	1.1441513	0.6151079

1495488059606	-2.188116	1.0089262	0.4886757

1495488059616	-2.126965	1.0318412	0.42099655

1495488059635	-2.112843	1.0524913	0.33373302

1495488059638	-2.0702105	1.0459633	0.3381295

1495488059646	-1.952438	1.0318412	0.41446844

1495488059656	-1.800826	1.018785	0.5355715

1495488059666	-1.6109779	1.0492939	0.6806555

1495488059677	-1.2336798	1.1409539	1.0274447

1495488059699	-1.0230483	1.1376232	1.1464162

1495488059701	-0.7864375	1.0547562	1.2499334

1495488059707	-0.5507594	0.9784173	1.337197

1495488059716	-0.37183586	1.0448974	1.2772449

1495488059726	-0.287903	1.0754063	1.1266986

1495488059737	-0.20277111	1.0045297	0.9586997

1495488059746	-0.09485745	0.9467093	0.79842794

1495488059756	0.017452704	0.89221954	0.63589126

1495488059766	0.15814015	0.78310686	0.49520382

1495488059780	0.32387424	0.5572875	0.34785506

1495488059786	0.4886757	0.2529976	0.22248867

1495488059796	0.6314948	0.034905408	0.16360246

1495488059806	0.745004	-0.045696776	0.13962163

1495488059816	0.8005596	-0.017452704	0.15267786

1495488059827	0.7732481	0.053423926	0.14934719

1495488059849	0.59765524	0.23994137	0.13962163

1495488059852	0.27258193	0.52025044	0.1438849

1495488059857	-0.077404745	0.7569944	0.23114842

1495488059866	-0.33040234	0.87263525	0.33160138

1495488059876	-0.42965627	0.85078603	0.41446844

1495488059886	-0.31188384	0.4373834	0.52025044

1495488059896	-0.28577137	0.15920597	0.6697309

1495488059906	-0.29882762	-0.18531841	0.79296565

1495488059919	-0.49626964	-0.54209965	0.8190781

1495488059934	-0.69144684	-0.8703704	0.8518519

1495488059938	-0.5027978	-0.7875033	0.83986145

1495488059946	-0.009725553	-0.561684	0.7263523

1495488059956	0.6424194	-0.3490541	0.6718625

1495488059966	0.8714362	-0.09592326	0.46136424

1495488059976	0.62283504	0.044630963	-0.030508926

1495488059991	0.3446576	-0.054489743	-0.49080735

1495488059996	0.37623236	-0.44937384	-0.6129763

1495488060009	0.6893152	-0.94244605	-0.58899546

1495488060022	1.3034905	-1.564082	-0.4820144

1495488060027	1.9023448	-2.1193712	-0.51918465

1495488060037	2.2382095	-2.431255	-0.6806555

1495488060046	2.3309352	-2.577538	-0.8943512

1495488060060	2.2600586	-2.6036503	-1.1572076

1495488060066	2.0888622	-2.5338397	-1.3863575

1495488060076	1.8706368	-2.3910205	-1.405942

1495488060086	1.4397815	-1.4092726	-1.4092726

1495488060099	1.161604	-0.8649081	-1.4299227

1495488060106	0.9805489	-0.42965627	-1.3634425

1495488060116	0.9031442	-0.21915801	-1.3056222

1495488060126	0.895417	-0.15267786	-1.2816414

1495488060138	0.9630962	-0.26059154	-1.2391421

1495488060146	1.1005862	-0.48427925	-1.1823875

1495488060156	1.2641886	-0.6413536	-1.115774

1495488060166	1.4332534	-0.699174	-1.0514256

1495488060180	1.572875	-0.5867306	-0.97069013

1495488060186	1.6284306	-0.32387424	-0.94351184

1495488060196	1.6001865	-0.10245137	-1.0013323

1495488060206	1.4496403	0.039168663	-1.0067946

1495488060219	1.2270184	0.1787903	-0.81588066

1495488060226	1.1235012	0.20943245	-0.5355715

1495488060238	1.1201705	0.030508926	-0.074074075

1495488060250	1.1496136	-0.22142287	-0.2628564

1495488060257	1.1136425	-0.45043966	-0.1897149

1495488060266	0.9969358	-0.6783906	-0.1624034

1495488060277	0.7330136	-1.018785	-0.2529976

1495488060286	0.61617374	-1.0656807	-0.35771382

1495488060296	0.5692779	-1.0274447	-0.5082601

1495488060307	0.598721	-0.8802292	-0.67732483

1495488060331	0.6664002	-0.63362646	-0.8038902

1495488060335	1.0547562	-0.379563	-0.9521716

1495488060339	0.89661604	-0.12643218	-0.9521716

1495488060349	1.0274447	0.10245137	-0.95656806

1495488060357	1.193312	0.20823342	-0.88675725

1495488060377	1.337197	0.15707435	-0.759126

1495488060379	1.361311	0.039168663	-0.5900613

1495488060386	1.2772449	-0.093791634	-0.39155343

1495488060396	1.1037836	-0.25086597	-0.22355449

1495488060415	0.8791633	-0.40460965	-0.118838266

1495488060420	0.6314948	-0.52464694	-0.093791634

1495488060426	0.39475086	-0.6031175	-0.14281908

1495488060436	0.14934719	-0.53770316	-0.20610179

1495488060448	-0.5343725	-0.39155343	-0.2071676

1495488060456	-0.5343725	-0.35331735	-0.2071676

1495488060466	-0.83106846	-0.3665068	-0.07847056

1495488060480	-1.3645084	-0.3097522	0.4351186

1495488060486	-1.5794032	-0.12869704	0.722089

1495488060496	-1.7627232	0.023980815	0.9990674

1495488060506	-1.99174	0.11990408	1.2063682

1495488060516	-2.232747	0.1329603	1.3361311

1495488060526	-2.4520383	0.14614974	1.3569145

1495488060536	-2.568745	0.13522515	1.3001599

1495488060548	-2.5447643	0.03157474	1.1921129

1495488060556	-2.4030108	-0.17226219	1.0667466

1495488060566	-2.1858513	-0.36211032	0.94244605

1495488060577	-1.8836931	-0.38169464	0.84092724

1495488060586	-1.5226486	-0.22248867	0.81148416

1495488060596	-1.2063682	0.058886223	0.85078603

1495488060607	-1.1103117	0.3490541	0.9063416

1495488060616	-1.3022915	0.56608045	0.9292566

1495488060626	-1.5924593	0.68172127	0.964162

1495488060643	-1.846656	0.7460698	1.0623502

1495488060648	-2.067013	0.736211	0.83106846

1495488060666	-1.922995	0.9445777	0.74167335

1495488060681	-1.64162	1.1344258	0.6926459

1495488060686	-1.5510259	1.3874234	0.7057021

1495488060696	-1.4976019	1.4299227	0.6893152

1495488060706	-1.4605649	1.4277911	0.67732483

1495488060716	-1.4103384	1.4376498	0.69038105

1495488060726	-1.352518	1.4201971	0.73834264

1495488060736	-1.2871037	1.3535838	0.80708766

1495488060748	-1.1855849	1.3022915	0.8998135

1495488060756	-1.0514256	1.2871037	0.9816147

1495488060766	-0.88129497	1.2740474	1.0307754

1495488060776	-0.70023984	1.3329337	1.0591527

1495488060787	-0.54103386	1.435385	1.1005862

1495488060796	-0.4373834	1.5423661	1.1266986

1495488060806	-0.41220358	1.5695443	1.0547562

1495488060824	-0.37410071	1.4048761	0.90967226

1495488060828	-0.2977618	1.1147082	0.75153214

1495488060837	-0.18758327	0.7689848	0.6413536

1495488060847	-0.03157474	0.42099655	0.51811886

1495488060862	0.13629097	0.10578204	0.41220358

1495488060869	0.2715161	-0.09592326	0.3391953

1495488060877	0.44391152	-0.14721556	0.2998934

1495488060887	0.46456167	0.09698907	0.2410072

1495488060896	0.42645884	0.2475353	0.17772448

1495488060907	0.31841195	0.42752466	0.12430056

1495488060921	0.15161204	0.6096456	0.10351719

1495488060936	-0.057687182	0.74380493	0.127498

1495488060937	-0.23994137	0.7907008	0.16906475

1495488060948	-0.35984546	0.76019186	0.19078071

1495488060956	-0.39261925	0.6609379	0.17985612

1495488060966	-0.35011992	0.5027978	0.20503597

1495488060981	-0.23221423	0.38502532	0.30535573

1495488060986	-0.080602184	0.30868638	0.42645884

1495488060996	0.06648015	0.23767653	0.53663737

1495488061012	0.18105516	0.15814015	0.63042897

1495488061019	0.24966693	0.15267786	0.69038105

1495488061027	0.23221423	0.3282707	0.7023714

1495488061037	0.037037037	0.50492936	0.6707967

1495488061055	-0.30095923	-0.108979486	0.79403144

1495488061066	-0.021715961	-0.24966693	0.73727685

1495488061076	0.7046363	-0.41766587	0.43631762

1495488061087	0.6544098	-0.2136957	0.039168663

1495488061096	0.46349588	-0.22688515	-0.44830802

1495488061106	0.4886757	-0.46029842	-0.7252864

1495488061120	0.7231548	-0.84532374	-0.7504663

1495488061126	1.1430855	-1.375433	-0.68491876

1495488061136	1.59579	-1.8182787	-0.6325606

1495488061147	1.8531841	-1.9709566	-0.7023714

1495488061156	1.9066081	-1.9654943	-0.8430589

1495488061166	1.8510525	-1.99174	-0.9990674

1495488061177	1.7244871	-2.0026646	-1.1834532

1495488061195	1.5215827	-1.9774847	-1.3558487

1495488061197	1.3132161	-1.8521183	-1.4027444

1495488061207	1.1801226	-1.6056488	-1.3001599

1495488061221	1.1071143	-1.2543299	-1.2391421

1495488061226	1.0459633	-0.91406876	-1.2172928

1495488061236	0.9990674	-0.6544098	-1.1397549

1495488061250	1.0448974	-0.42752466	-0.9740208

1495488061266	1.101652	-0.47881696	-0.9075406

1495488061277	1.3132161	-0.7176925	-0.86384225

1495488061286	1.4397815	-0.7525979	-0.8659739

1495488061296	1.541167	-0.6064482	-0.85398346

1495488061308	1.5913936	-0.2748468	-0.8617106

1495488061316	1.5543565	0.16360246	-0.89768183

1495488061326	1.4364508	0.4820144	-0.9172662

1495488061336	1.2543299	0.6293632	-0.84425795

1495488061348	1.0154543	0.722089	-0.67732483

1495488061356	0.86823875	0.8518519	-0.51811886

1495488061366	0.8190781	0.9008793	-0.3391953

1495488061376	0.8028244	0.7864375	-0.19411138

1495488061386	0.7809752	0.51811886	-0.11231015

1495488061396	0.7492673	0.20823342	-0.04796163

1495488061406	0.71329606	-0.045696776	-0.026112443

1495488061416	0.57913667	-0.2300826	-0.12430056

1495488061430	0.4351186	-0.2693845	-0.24207301

1495488061436	0.38062882	-0.2410072	-0.36530775

1495488061447	0.40021315	-0.21156408	-0.46895817

1495488061456	0.45483613	-0.17226219	-0.5595524

1495488061466	0.51372236	-0.1100453	-0.6282974

1495488061477	0.6806555	0.002131628	-0.66746604

1495488061486	0.8005596	0.010791367	-0.63362646

1495488061504	0.9128697	0.02504663	-0.58459896

1495488061507	0.9969358	-0.0119904075	-0.51265657

1495488061516	1.0394351	-0.09698907	-0.42752466

1495488061526	1.0667466	-0.18651745	-0.3282707

1495488061539	1.0612843	-0.21915801	-0.23447908

1495488061548	1.0013323	-0.2693845	-0.18318678

1495488061556	0.88675725	-0.2977618	-0.18105516

1495488061566	0.73727685	-0.31947774	-0.22022381

1495488061576	0.5257128	-0.27804422	-0.2813749

1495488061586	0.2126299	-0.15707435	-0.3206768

1495488061598	-0.13962163	-0.057687182	-0.33373302

1495488061606	-0.44391152	-0.055555556	-0.27804422

1495488061616	-0.72422063	-0.017452704	-0.11337597

1495488061626	-0.9685585	0.07513989	0.07300826

1495488061636	-1.1693312	0.1897149	0.27924326

1495488061648	-1.5237143	0.18864909	0.71436185

1495488061657	-1.5237143	0.18864909	0.99360514

1495488061666	-1.7135625	0.13962163	1.0110579

1495488061676	-2.0779376	0.17985612	1.0524913

1495488061691	-2.256728	0.17772448	1.0766054

1495488061696	-2.3626432	0.108979486	1.092859

1495488061706	-2.2764456	-0.080602184	1.0579536

1495488061716	-2.0266454	-0.26059154	1.0133227

1495488061726	-1.7244871	-0.24966693	0.99587

1495488061736	-1.5335732	-0.049027443	0.98387957

1495488061747	-1.4583	0.25952572	0.93804955

1495488061758	-1.4267253	0.6195044	0.9347189

1495488061766	-1.4561684	0.9586997	0.9969358

1495488061776	-1.6568079	1.138689	1.0023981

1495488061786	-1.9568346	1.0983213	0.8659739

1495488061796	-2.1248336	1.0253131	0.6468159

1495488061808	-2.1019185	1.1529443	0.46029842

1495488061816	-1.9961364	1.2881695	0.37623236

1495488061826	-1.8216094	1.2576605	0.38928857

1495488061836	-1.7135625	1.1540102	0.38276047

1495488061848	-1.7583266	1.0448974	0.32933652

1495488061874	-1.6906475	0.86384225	0.38928857

1495488061895	-1.6044497	0.7853717	0.52784437

1495488061898	-1.4736211	0.71009856	0.676259

1495488061900	-1.3022915	0.7023714	0.8333333

1495488061906	-1.1115108	0.79296565	0.9303224

1495488061916	-0.90967226	0.96096456	1.0133227

1495488061934	-0.7340794	1.1529443	1.1332268

1495488061937	-0.5692779	1.2336798	1.2848388

1495488061948	-0.46895817	1.3329337	1.3230748

1495488061957	-0.40900612	1.389555	1.2565948

1495488061970	-0.31947774	1.3056222	1.0917932

1495488061976	-0.23994137	1.0634159	0.9172662

1495488061991	-0.12976286	0.7406075	0.77551293

1495488061996	-0.003197442	0.41993073	0.6282974

1495488062006	0.11444178	0.1449507	0.49187317

1495488062016	0.2071676	-0.03810285	0.40567547

1495488062026	0.2933653	-0.10351719	0.3141487

1495488062036	0.3675726	-0.067545965	0.22688515

1495488062048	0.40354383	0.049027443	0.16360246

1495488062056	0.3860911	0.21156408	0.12976286

1495488062066	0.2912337	0.37623236	0.17559285

1495488062076	0.026112443	0.7580602	0.25739408

1495488062086	-0.05662137	0.9118039	0.3326672

1495488062106	-0.07953637	0.97069013	0.3839595

1495488062107	-0.057687182	0.9521716	0.47335464

1495488062116	-0.035971224	0.87263525	0.5900613

1495488062126	-0.093791634	0.7624567	0.7460698

1495488062136	-0.25739408	0.62283504	0.9357847

1495488062148	-0.46349588	0.3665068	1.1115108

1495488062156	-0.43631762	0.061017852	1.2652545

1495488062174	-0.069810815	-0.04143352	1.2019718

1495488062199	0.28577137	0.010791367	0.82240874

1495488062200	0.66746604	0.05009326	0.41340262

1495488062201	0.95989877	0.15267786	0.09046096

1495488062206	0.9544364	0.22795098	-0.29003465

1495488062219	0.7078337	0.196243	-0.8148148

1495488062226	0.53224087	-0.06861178	-1.0808686

1495488062242	0.5638156	-0.56608045	-0.9696243

1495488062248	1.2019718	-1.6775912	-0.49520382

1495488062266	1.7059685	-2.0756729	-0.3959499

1495488062276	2.0582201	-2.332001	-0.5442313

1495488062286	1.8979483	-2.1990407	-0.73727685

1495488062297	1.6525446	-1.9219291	-0.91073805

1495488062306	1.4485744	-1.6176392	-1.0459633

1495488062320	1.283773	-1.2957634	-1.1289635

1495488062326	1.1452172	-1.0089262	-1.2019718

1495488062336	1.0732747	-0.7395417	-1.2444711

1495488062347	1.0766054	-0.46136424	-1.2532641

1495488062356	1.1048495	-0.20277111	-1.2652545

1495488062366	1.1485479	-0.023980815	-1.2936318

1495488062377	1.1693312	0.001065814	-1.3361311

1495488062387	1.1889155	-0.034905408	-1.3710365

1495488062407	1.216227	-0.069810815	-1.3699707

1495488062409	1.2740474	-0.15161204	-1.338396

1495488062416	1.3274714	-0.16360246	-1.2892352

1495488062426	1.3928857	-0.09485745	-1.2402078

1495488062436	1.490008	0.019584332	-1.1910472

1495488062448	1.5630163	0.4373834	-1.0547562

1495488062466	1.147482	0.6544098	-0.6140421

1495488062480	1.1496136	1.1027179	-0.3097522

1495488062486	1.2084999	1.078737	-0.117772445

1495488062496	1.2707168	0.90967226	-0.027178258

1495488062506	1.3089528	0.67292833	0.057687182

1495488062516	1.3459898	0.4416467	0.117772445

1495488062527	1.3339995	0.24313882	0.098054886

1495488062537	1.2282175	0.101385556	0.0065281107

1495488062552	1.0885957	0.032640554	-0.11231015

1495488062557	0.94351184	0.010791367	-0.28244072

1495488062566	0.8943512	0.021715961	-0.46029842

1495488062576	0.8987477	0.049027443	-0.6085798

1495488062586	0.90967226	0.07633893	-0.73834264

1495488062596	0.9227285	0.118838266	-0.84532374

1495488062606	0.98934186	0.127498	-0.88675725

1495488062616	1.0831335	0.05009326	-0.86717296

1495488062630	1.1191047	-0.062083665	-0.79509723

1495488062636	1.0536904	-0.20277111	-0.6478817

1495488062647	0.8998135	-0.34572342	-0.49187317

1495488062656	0.68598455	-0.5082601	-0.34132695

1495488062666	0.150413	-0.6500133	-0.2017053

1495488062677	-0.05995204	-0.6434852	-0.15161204

1495488062686	-0.3347988	-0.5802025	-0.07633893

1495488062703	-0.63362646	-0.58353317	0.037037037

1495488062707	-0.9292566	-0.5921929	0.16360246

1495488062716	-1.2314149	-0.5301092	0.31188384

1495488062726	-1.5423661	-0.35984546	0.48534507

1495488062740	-1.85425	-0.16786571	0.66320276

1495488062748	-2.1389556	-0.052358113	0.8365308

1495488062756	-2.394218	0.06648015	0.98934186

1495488062766	-2.5895283	0.19957368	1.1048495

1495488062776	-2.667999	0.1558753	1.1649348

1495488062786	-2.6091127	0.030508926	1.1834532

1495488062796	-2.4520383	-0.15707435	1.1485479

1495488062806	-2.280842	-0.33040234	1.0383693

1495488062820	-2.1084466	-0.3610445	0.91513455

1495488062826	-1.8292032	-0.016253663	0.8846256

1495488062836	-1.4910738	0.6031175	0.9008793

1495488062848	-1.3415934	1.0972556	0.89115375

1495488062866	-1.7474021	1.1212363	0.9925393

1495488062876	-1.9175327	1.306688	1.0110579

1495488062900	-2.022249	1.2805755	0.8617106

1495488062901	-2.005862	1.2848388	0.7046363

1495488062906	-1.8968825	1.3132161	0.63362646

1495488062916	-1.8150812	1.421263	0.6554756

1495488062926	-1.7823075	1.511724	0.7013056

1495488062936	-1.7517985	1.5215827	0.7635225

1495488062948	-1.6721289	1.4954703	0.804956

