1496496210591	-7.32	20.58	-18.42

1496496210650	21.9	12.36	-21.9

1496496210753	21.3	11.94	-21.84

1496496210902	20.58	12.24	-22.32

1496496210925	21.18	12.42	-22.32

1496496210970	21.3	12.78	-22.26

1496496211063	22.32	12.84	-21.9

1496496211168	23.22	12.3	-20.94

1496496211263	22.56	12.0	-21.48

1496496211364	23.1	11.34	-21.78

1496496211463	23.7	10.56	-22.08

1496496211566	24.54	9.6	-22.26

1496496211662	25.14	8.94	-22.14

1496496211761	25.74	8.22	-22.02

1496496211862	26.28	7.74	-21.96

1496496211972	26.88	7.5	-21.78

1496496212073	27.66	7.38	-21.42

1496496212167	28.2	7.38	-20.34

1496496212269	28.92	7.56	-19.14

1496496212361	29.64	7.74	-17.7

1496496212463	30.36	8.04	-16.68

1496496212564	31.44	8.04	-15.42

1496496212662	32.28	8.16	-14.28

1496496212764	32.88	8.28	-13.5

1496496212862	33.36	8.16	-12.96

1496496212962	34.02	7.92	-13.02

1496496213065	34.68	7.62	-13.32

1496496213162	35.28	7.02	-13.8

1496496213264	35.94	5.88	-14.58

1496496213362	36.06	4.98	-15.72

1496496213462	36.42	3.96	-16.74

1496496213563	37.08	2.82	-17.46

1496496213664	37.86	1.68	-17.52

1496496213755	38.46	0.84	-17.04

1496496213862	39.0	0.06	-16.38

1496496213977	39.36	-0.78	-15.72

1496496214064	39.66	-1.74	-14.58

1496496214170	40.26	-2.64	-13.2

1496496214267	40.74	-3.42	-12.12

1496496214364	40.92	-3.96	-11.52

1496496214463	40.8	-3.96	-11.46

1496496214572	40.38	-4.14	-12.66

1496496214664	40.02	-4.92	-13.62

1496496214764	39.9	-5.16	-14.88

1496496214870	40.14	-4.98	-15.84

1496496214965	40.08	-4.62	-16.62

1496496215074	39.9	-4.08	-16.92

1496496215167	39.84	-4.08	-16.98

1496496215266	39.96	-4.56	-17.1

1496496215365	40.62	-4.38	-16.08

1496496215466	40.98	-3.66	-14.94

