1495728236000	97.37625	-48.65075	-42.691498

1495728236067	97.526	-48.65075	-42.654

1495728236139	97.451	-48.80075	-42.72875

1495728236209	97.15125	-48.6885	-42.61625

1495728236277	96.664	-48.538498	-42.69125

1495728236348	96.55175	-48.501	-42.69125

1495728236423	96.73925	-48.576	-42.579

1495728236487	97.188995	-48.3885	-42.72875

1495728236557	97.63875	-48.538498	-42.69125

1495728236627	97.7885	-48.538498	-42.80375

1495728236702	97.7885	-48.426003	-42.72875

1495728236768	97.676	-48.350998	-42.6915

1495728236837	97.5635	-48.3135	-42.729

1495728236907	97.7885	-48.500748	-42.84125

1495728236977	97.7885	-48.837997	-42.916252

1495728237055	97.48875	-48.988	-42.84125

1495728237119	97.3015	-48.875504	-42.80375

1495728237187	97.114	-48.763252	-42.579

1495728237257	97.0765	-48.426	-42.69125

1495728237337	97.26375	-48.5385	-42.728752

1495728237399	97.5635	-48.613503	-42.76625

1495728237472	97.45125	-48.501	-42.80375

1495728237537	97.30125	-48.613503	-42.7665

1495728237607	97.30125	-48.4635	-42.804

1495728237678	97.11375	-48.3135	-42.7665

1495728237748	97.226	-48.3885	-42.7665

1495728237818	97.6385	-48.3135	-42.729

1495728237889	97.901	-48.2385	-42.729

1495728237958	97.75125	-48.350998	-42.691498

1495728238027	97.526505	-48.350998	-42.691498

1495728238097	97.07675	-48.201	-42.616497

1495728238169	96.88925	-48.350998	-42.579

1495728238237	97.114006	-48.3135	-42.76625

1495728238307	97.263756	-48.276	-42.803753

1495728238377	97.263756	-48.3135	-42.84125

1495728238447	97.451256	-48.276	-42.87875

1495728238517	97.488754	-48.3135	-42.80375

1495728238587	97.78875	-48.201	-42.80375

1495728238658	97.75125	-48.276	-42.76625

1495728238728	97.60125	-48.126	-42.728752

1495728238797	97.56375	-48.0885	-42.6915

1495728238868	97.301254	-48.163498	-42.6165

1495728238957	97.526	-48.0885	-42.729

1495728239015	97.751	-48.126	-42.766502

1495728239079	98.051	-48.163498	-42.87875

1495728239147	98.013504	-48.2385	-42.99125

1495728239218	97.901	-48.275997	-42.99125

1495728239287	97.751	-48.388496	-42.95375

1495728239357	97.4885	-48.463497	-42.7665

1495728239427	97.5635	-48.350998	-42.729

1495728239500	97.7135	-48.276	-42.6915

1495728239567	97.41375	-48.3135	-42.6915

1495728239649	97.37624	-48.051	-42.729

1495728239708	97.338745	-48.0885	-42.691498

1495728239783	97.114	-48.051003	-42.6165

1495728239847	97.151245	-47.975998	-42.5415

1495728239919	97.18875	-48.013504	-42.4665

1495728239991	97.15125	-47.863503	-42.5415

1495728240174	97.5635	-47.976	-42.579

1495728240176	97.901	-47.901	-42.579

1495728240197	97.7885	-48.0135	-42.579

1495728240267	97.67625	-48.051	-42.5415

1495728240337	97.37625	-48.051	-42.65375

1495728240407	96.889	-48.313248	-42.61625

1495728240482	96.8515	-48.35075	-42.728752

1495728240549	97.15125	-48.53825	-42.65375

1495728240626	97.15125	-48.46325	-42.504

1495728240689	97.15125	-48.2385	-42.6165

1495728240764	97.0015	-48.126	-42.504

1495728240827	96.8515	-48.126	-42.4665

1495728240897	97.039	-48.126	-42.5415

1495728240967	97.26375	-48.276	-42.61625

