1496138968702	-5.7762437	0.0	0.0

1496138968707	-5.5327835	0.0	0.0

1496138968711	-5.449228	0.0	0.0

1496138968716	-5.421016	0.0	0.0

1496138968720	-5.563976	0.0	0.0

1496138968725	-5.818991	0.0	0.0

1496138968809	-6.0281434	0.0	0.0

1496138968813	-6.148658	0.0	0.0

1496138968816	-6.066607	0.0	0.0

1496138968819	-5.9060163	0.0	0.0

1496138968823	-4.1045003	0.0	0.0

1496138968826	-2.9335403	0.0	0.0

1496138968830	-2.2744036	0.0	0.0

1496138968833	-1.8721437	0.0	0.0

1496138968836	-1.7393414	0.0	0.0

1496138968840	-1.8827555	0.0	0.0

1496138968843	-2.0323997	0.0	0.0

1496138968846	-2.155811	0.0	0.0

1496138969019	-2.261233	0.0	0.0

1496138969022	-2.205902	0.0	0.0

1496138969026	-2.1443126	0.0	0.0

1496138969029	-1.6600769	0.0	0.0

1496138969033	-1.2652087	0.0	0.0

1496138969036	-1.0088817	0.0	0.0

1496138969039	-0.52248836	0.0	0.0

1496138969043	0.0	0.0	0.46159846

1496138969046	0.0	0.0	0.5424113

1496138969050	0.0	0.0	0.5990036

1496138969053	0.0	0.0	0.63863355

1496138969056	0.0	0.0	0.6562837

1496138969060	0.0	4.364754	0.0

1496138969064	0.0	7.5098963	0.0

1496138969067	0.0	5.2569275	0.0

1496138969070	0.0	3.6798491	0.0

1496138969073	2.6531334	0.0	0.0

1496138969076	3.7949715	0.0	0.0

1496138969079	4.912944	0.0	0.0

1496138969082	5.5388203	0.0	0.0

1496138969085	5.7566767	0.0	0.0

1496138969088	5.745809	0.0	0.0

1496138969091	5.0213466	0.0	0.0

1496138969095	4.2485914	0.0	0.0

1496138969098	3.8402674	0.0	0.0

1496138969258	3.7561789	0.0	0.0

1496138969261	3.9003663	0.0	0.0

1496138969265	4.2352304	0.0	0.0

1496138969268	4.527913	0.0	0.0

1496138969272	4.8324175	0.0	0.0

1496138969275	5.1510797	0.0	0.0

1496138969278	5.4968157	0.0	0.0

1496138969281	5.722281	0.0	0.0

1496138969285	5.624133	0.0	0.0

1496138969288	5.3447485	0.0	0.0

1496138969292	5.168047	0.0	0.0

1496138969295	5.087454	0.0	0.0

1496138969298	5.238825	0.0	0.0

1496138969301	5.3209906	0.0	0.0

1496138969305	5.3073387	0.0	0.0

1496138969309	5.2549753	0.0	0.0

1496138969314	5.1161156	0.0	0.0

1496138969317	4.7306843	0.0	0.0

1496138969321	4.4466805	0.0	0.0

1496138969324	4.336078	0.0	0.0

1496138969328	4.3812103	0.0	0.0

1496138969331	4.483418	0.0	0.0

1496138969335	4.561464	0.0	0.0

1496138969338	4.4972005	0.0	0.0

1496138969342	4.5565624	0.0	0.0

1496138969591	4.686517	0.0	0.0

1496138969593	4.595641	0.0	0.0

1496138969595	3.118037	0.0	0.0

1496138969598	2.128401	0.0	0.0

1496138969602	1.4787338	0.0	0.0

1496138969605	1.1313684	0.0	0.0

1496138969608	0.945343	0.0	0.0

1496138969612	0.7833751	0.0	0.0

1496138969616	0.0	0.0	-0.73347837

1496138969620	0.0	0.0	-0.7614916

1496138969623	0.0	0.0	-0.8030474

1496138969627	0.0	0.0	-0.8516251

1496138969629	0.0	0.0	-0.8917781

1496138969633	0.0	0.0	-0.92352235

1496138969637	0.0	0.0	-0.9466946

1496138969640	0.0	0.0	-0.9793314

1496138969644	0.0	0.0	-1.0183812

1496138969647	0.0	0.0	-1.0783308

1496138969650	0.0	0.0	-1.1382533

1496138969653	0.0	0.0	-1.1974747

1496138969656	0.0	0.0	-1.2599889

1496138969660	0.0	0.0	-1.3081495

1496138969664	0.0	0.0	-1.3577609

1496138969667	0.0	0.0	-1.4012201

1496138969671	0.0	0.0	-1.4450446

1496138969675	0.0	0.0	-1.4996622

1496138969678	0.0	0.0	-1.5639919

1496138969681	0.0	0.0	-1.1109909

1496138969685	0.0	0.0	-0.80803084

1496138969688	0.0	0.0	-0.6084618

1496138969692	0.0	0.0	-0.5025972

1496138969696	0.0	0.0	-0.47425303

1496138969700	0.0	0.0	-0.4841324

1496138969703	1.0998406	0.0	0.0

1496138969707	1.8942854	0.0	0.0

1496138969711	2.45594	0.0	0.0

1496138969714	2.6523879	0.0	0.0

1496138970049	2.5973296	0.0	0.0

1496138970052	2.4715958	0.0	0.0

1496138970056	2.3515038	0.0	0.0

1496138970059	2.3780131	0.0	0.0

1496138970063	2.3965697	0.0	0.0

1496138970067	2.2171407	0.0	0.0

1496138970071	1.8951986	0.0	0.0

1496138970075	1.655192	0.0	0.0

1496138970078	1.4023424	0.0	0.0

1496138970081	0.0	0.0	-1.1705816

1496138970085	0.0	0.0	-1.1622739

1496138970088	0.0	0.0	-1.1541697

1496138970093	0.0	0.0	-1.1430558

1496138970097	0.0	0.0	-1.1272273

1496138970099	0.0	0.0	-1.1177464

1496138970107	0.0	0.0	-1.1191795

1496138970111	0.0	0.0	-1.1489646

1496138970114	0.0	0.0	-1.185149

1496138970116	0.0	0.0	-1.2326282

1496138970120	0.0	0.0	-1.2813125

1496138970124	0.0	0.0	-0.8927933

1496138970128	0.0	0.0	-0.59786516

1496138970132	0.0	0.0	-0.3580588

1496138970136	-0.6412217	0.0	0.0

1496138970140	-0.9675944	0.0	0.0

1496138970145	-1.2884656	0.0	0.0

1496138970148	-1.555306	0.0	0.0

1496138970152	-1.6312495	0.0	0.0

1496138970156	-1.6756854	0.0	0.0

1496138970159	-1.6893128	0.0	0.0

1496138970164	-1.7077402	0.0	0.0

1496138970167	-1.7620419	0.0	0.0

1496138970171	-1.8738661	0.0	0.0

1496138970174	-2.0303516	0.0	0.0

1496138970177	-2.25143	0.0	0.0

1496138970181	-2.551934	0.0	0.0

1496138970185	-2.8291824	0.0	0.0

1496138970189	-3.0189548	0.0	0.0

1496138970192	-3.125599	0.0	0.0

1496138970196	-3.0636904	0.0	0.0

1496138970199	-2.9255373	0.0	0.0

1496138970203	-2.7361789	0.0	0.0

1496138970206	-2.5974436	0.0	0.0

1496138970210	-2.6202219	0.0	0.0

1496138970214	-2.6956828	0.0	0.0

1496138970217	-1.873451	0.0	0.0

1496138970221	-1.4115769	0.0	0.0

1496138970225	-0.9741499	0.0	0.0

1496138970228	-0.59041584	0.0	0.0

1496138970231	-0.36427924	0.0	0.0

1496138970235	0.0	0.0	-0.44672817

1496138970238	0.0	0.0	-0.5153444

1496138970858	0.0	0.0	-0.57071334

1496138970862	0.0	0.0	-0.6204458

1496138970866	0.0	0.0	-0.6855832

1496138970869	0.0	0.0	-0.7796494

1496138970872	0.0	0.0	-0.8554735

1496138970876	0.0	0.0	-0.9103554

1496138970879	0.0	0.0	-0.93409187

1496138970883	0.0	0.0	-0.9462464

1496138970887	0.0	0.0	-0.95583475

1496138970890	-1.0853295	0.0	0.0

1496138970894	-1.2266343	0.0	0.0

1496138970897	-1.2956738	0.0	0.0

1496138970900	-1.4996684	0.0	0.0

1496138970904	-1.5972071	0.0	0.0

1496138970907	-1.780832	0.0	0.0

1496138970910	-1.9120605	0.0	0.0

1496138970914	-2.3335636	0.0	0.0

1496138970917	-2.4940722	0.0	0.0

1496138970921	-1.9701532	0.0	0.0

1496138970925	-1.5159332	0.0	0.0

1496138970929	-1.2533613	0.0	0.0

1496138970932	-1.3724333	0.0	0.0

1496138970936	-1.4279007	0.0	0.0

1496138970942	-1.4686522	0.0	0.0

1496138970946	-1.5812483	0.0	0.0

1496138970949	-1.84181	0.0	0.0

1496138970952	-1.9897418	0.0	0.0

1496138970956	-2.3724728	0.0	0.0

1496138970958	-2.806664	0.0	0.0

1496138970962	-2.976571	0.0	0.0

1496138970966	-3.2279625	0.0	0.0

1496138970969	-3.3942633	0.0	0.0

1496138970972	-3.4399714	0.0	0.0

1496138970976	-3.3859835	0.0	0.0

1496138970979	-3.271987	0.0	0.0

1496138970982	-3.214846	0.0	0.0

1496138970986	-3.0898902	0.0	0.0

1496138970989	-3.0398917	0.0	0.0

1496138970992	-3.082581	0.0	0.0

1496138970996	-3.1501951	0.0	0.0

1496138971001	-3.2564094	0.0	0.0

1496138971005	-3.3791842	0.0	0.0

1496138971009	-3.445828	0.0	0.0

1496138971013	-2.3835425	0.0	0.0

1496138971018	-1.5920036	0.0	0.0

1496138971023	-1.0138093	0.0	0.0

1496138971028	-0.5817423	0.0	0.0

1496138971032	0.0	0.0	0.31374145

1496138971039	0.0	-0.40394172	0.0

1496138971046	0.0	-0.7934692	0.0

1496138971052	0.0	-1.1870298	0.0

1496138971064	0.0	-1.5186756	0.0

1496138971067	0.0	-1.7143779	0.0

1496138971071	0.0	-1.6895056	0.0

1496138971073	0.0	-1.4609982	0.0

1496138971076	0.0	-1.1490833	0.0

1496138971079	0.8950161	0.0	0.0

1496138971082	1.2281175	0.0	0.0

1496138971085	1.5507886	0.0	0.0

1496138971087	1.693359	0.0	0.0

1496138971090	1.3577197	0.0	0.0

1496138971092	1.079154	0.0	0.0

1496138971094	1.2974024	0.0	0.0

1496138971097	1.5840017	0.0	0.0

1496138971100	1.7876339	0.0	0.0

1496138971103	1.9175751	0.0	0.0

1496138971106	1.9605066	0.0	0.0

1496138971108	2.063461	0.0	0.0

1496138971111	1.450166	0.0	0.0

1496138971113	1.0749488	0.0	0.0

1496138971115	0.7125196	0.0	0.0

1496138971117	0.5391009	0.0	0.0

1496138971121	0.5351198	0.0	0.0

1496138971125	0.87441134	0.0	0.0

1496138971128	1.3168896	0.0	0.0

1496138971132	1.7901255	0.0	0.0

1496138971136	2.245601	0.0	0.0

1496138971139	2.4668453	0.0	0.0

1496138971143	2.677194	0.0	0.0

1496138971146	2.8581328	0.0	0.0

1496138971149	3.0404634	0.0	0.0

1496138971153	2.9422684	0.0	0.0

1496138971157	2.8503456	0.0	0.0

1496138971160	3.0782576	0.0	0.0

1496138971164	3.5197935	0.0	0.0

1496138971167	3.7936285	0.0	0.0

1496138971172	3.9384637	0.0	0.0

1496138971175	3.8801904	0.0	0.0

1496138971179	4.194384	0.0	0.0

1496138971182	4.7395744	0.0	0.0

1496138971185	5.2013917	0.0	0.0

1496138971189	5.2111053	0.0	0.0

1496138971192	5.442587	0.0	0.0

1496138971195	5.426517	0.0	0.0

1496138971199	5.719007	0.0	0.0

1496138971203	5.6851616	0.0	0.0

1496138971206	5.9923162	0.0	0.0

1496138972130	6.0512223	0.0	0.0

1496138972134	4.316879	0.0	0.0

1496138972137	3.209272	0.0	0.0

1496138972139	2.5248106	0.0	0.0

1496138972143	1.8664271	0.0	0.0

1496138972146	1.3813822	0.0	0.0

1496138972150	1.2097529	0.0	0.0

1496138972153	1.086501	0.0	0.0

1496138972157	0.8934391	0.0	0.0

1496138972160	0.65948004	0.0	0.0

1496138972164	0.5230014	0.0	0.0

1496138972167	0.48716623	0.0	0.0

1496138972170	0.4957512	0.0	0.0

1496138972174	0.55729246	0.0	0.0

1496138972177	0.60154074	0.0	0.0

1496138972181	0.5476065	0.0	0.0

1496138972184	0.0	0.0	-0.34346294

1496138972188	0.0	0.0	-0.36004183

1496138972191	0.0	0.0	-0.38843927

1496138972195	0.0	0.0	-0.4097875

1496138972198	0.0	0.0	-0.4306114

1496138972201	0.47632664	0.0	0.0

1496138972205	0.0	0.0	-0.49751797

1496138972209	0.0	0.0	-0.53887576

1496138972212	0.0	0.0	-0.57615715

1496138972216	0.0	0.0	-0.62683296

1496138972219	0.0	0.0	-0.44891772

1496138972222	0.35748073	0.0	0.0

1496138972225	0.49746537	0.0	0.0

1496138972228	0.6099839	0.0	0.0

1496138972232	0.7382387	0.0	0.0

1496138972236	0.8688685	0.0	0.0

1496138972240	0.98953223	0.0	0.0

1496138972243	1.1881961	0.0	0.0

1496138972247	1.5089188	0.0	0.0

1496138972250	2.0093396	0.0	0.0

1496138972253	2.4796662	0.0	0.0

1496138972257	2.803215	0.0	0.0

1496138972260	2.8229635	0.0	0.0

1496138972263	2.471598	0.0	0.0

1496138972267	2.0559497	0.0	0.0

1496138972270	1.6980158	0.0	0.0

1496138972274	1.6518979	0.0	0.0

1496138972277	1.5698315	0.0	0.0

1496138972281	1.4130474	0.0	0.0

1496138972284	1.3880056	0.0	0.0

1496138972288	1.297435	0.0	0.0

1496138972291	1.0656817	0.0	0.0

1496138972295	0.70350564	0.0	0.0

1496138972298	0.30741405	0.0	0.0

1496138972302	-0.0767089	0.0	0.0

1496138972306	-0.053696226	0.0	0.0

1496138972310	0.0	0.0	0.1595518

1496138972314	0.0	0.0	0.29024646

1496138972317	0.0	0.0	0.3817327

1496138972320	0.0	0.0	0.44549736

1496138972324	0.0	0.0	0.45272028

1496138972327	1.0556856	0.0	0.0

1496138972330	1.4661744	0.0	0.0

1496138972334	0.94932616	0.0	0.0

1496138972338	0.54261583	0.0	0.0

1496138972341	0.0	0.0	-0.7624743

1496138972345	0.0	0.0	-1.080049

1496138972348	0.0	0.0	-1.3314445

1496138972351	0.0	0.0	-1.5371575

1496138972355	0.0	0.0	-1.6496027

1496138972358	0.0	0.0	-1.7146369

1496138972361	0.0	0.0	-1.8015294

1496138972363	0.0	0.0	-1.8725088

1496138972366	0.0	0.0	-1.9388187

1496138972370	0.0	0.0	-2.0153146

1496138972375	0.0	0.0	-2.1321461

1496138972379	0.0	0.0	-2.2299147

1496138972383	0.0	0.0	-2.3002398

1496138972387	0.0	0.0	-2.3373094

1496138972390	0.0	0.0	-2.333312

1496138972394	0.0	0.0	-2.303021

1496138972398	0.0	0.0	-2.1729393

1496138972401	-2.1584759	0.0	0.0

1496138972404	-2.5105653	0.0	0.0

1496138972407	-2.755998	0.0	0.0

1496138972410	-1.8438182	0.0	0.0

1496138972414	-1.5629687	0.0	0.0

1496138972417	-1.363355	0.0	0.0

1496138972419	-1.396388	0.0	0.0

1496138972423	-1.8385727	0.0	0.0

1496138972427	-2.1824577	0.0	0.0

1496138972430	-2.370139	0.0	0.0

1496138972434	-2.512614	0.0	0.0

1496138972437	-2.772622	0.0	0.0

1496138972440	-3.0457282	0.0	0.0

1496138972443	-3.3598113	0.0	0.0

1496138972447	-3.629672	0.0	0.0

1496138972451	-3.8327365	0.0	0.0

1496138972454	-3.968635	0.0	0.0

1496138972457	-4.0382576	0.0	0.0

1496138972461	-4.0635934	0.0	0.0

1496138972465	-4.123225	0.0	0.0

1496138972469	-4.210266	0.0	0.0

1496138972472	-4.036701	0.0	0.0

1496138972476	-3.8783865	0.0	0.0

1496138972480	-3.6854458	0.0	0.0

1496138972483	-3.4925792	0.0	0.0

1496138972490	-3.2313657	0.0	0.0

1496138972493	0.0	0.0	2.9612272

1496138972496	0.0	0.0	2.8918598

1496138972499	0.0	0.0	2.8096201

1496138972502	0.0	0.0	2.7330444

1496138972506	0.0	0.0	2.674159

1496138972509	0.0	0.0	2.6329274

1496138972512	0.0	0.0	2.6040654

1496138972516	0.0	0.0	2.6071358

1496138972519	0.0	0.0	2.6448767

1496138972522	0.0	0.0	2.7035341

1496138972527	0.0	0.0	2.74289

1496138972531	0.0	0.0	2.769417

1496138972538	0.0	0.0	2.7778504

1496138972548	0.0	0.0	2.7950003

1496138972558	0.0	0.0	2.7718396

1496138972572	0.0	0.0	2.7530942

1496138972579	0.0	0.0	2.739549

1496138972595	0.0	0.0	2.7081523

1496138972600	0.0	0.0	2.6860735

1496138972604	0.0	0.0	2.652227

1496138972607	0.0	0.0	2.6404085

1496138972610	0.0	0.0	2.604767

1496138972613	0.0	0.0	2.6147535

1496138972616	0.0	0.0	2.6324425

1496138972618	0.0	0.0	2.6294765

1496138972621	0.0	0.0	2.595223

1496138972623	0.0	0.0	2.5718496

1496138972625	0.0	0.0	2.5554883

1496138972628	0.0	0.0	2.5224984

1496138972631	0.0	0.0	2.4682882

1496138972634	0.0	0.0	2.3690188

1496138972636	0.0	0.0	2.295426

1496138972638	0.0	0.0	2.2421284

1496138972641	0.0	0.0	2.204018

1496138972643	0.0	0.0	2.1760674

1496138972645	0.0	0.0	2.1469634

1496138972648	0.0	0.0	2.088055

1496138972652	0.0	0.0	2.0504866

1496138972655	0.0	0.0	1.9963657

1496138972659	2.124496	0.0	0.0

1496138972663	2.3264048	0.0	0.0

1496138972666	2.7324734	0.0	0.0

