1495428494651	0.181	-0.153	9.768

1495428494661	0.191	-0.153	9.739

1495428494671	0.191	-0.143	9.797

1495428494680	0.181	-0.134	9.807

1495428494692	0.172	-0.153	9.768

1495428494701	0.201	-0.153	9.797

1495428494710	0.181	-0.134	9.797

1495428494722	0.172	-0.143	9.807

1495428494729	0.181	-0.134	9.787

1495428494745	0.181	-0.134	9.768

1495428494754	0.201	-0.153	9.807

1495428494759	0.172	-0.143	9.778

1495428494770	0.22	-0.172	9.797

1495428494781	0.191	-0.143	9.807

1495428494789	0.191	-0.153	9.816

1495428494800	0.201	-0.114	9.749

1495428494813	0.191	-0.143	9.807

1495428494819	0.21	-0.153	9.816

1495428494829	0.181	-0.143	9.835

1495428494839	0.21	-0.143	9.787

1495428494850	0.181	-0.134	9.787

1495428494861	0.21	-0.143	9.787

1495428494869	0.172	-0.143	9.759

1495428494880	0.191	-0.162	9.787

1495428494889	0.201	-0.153	9.787

1495428494901	0.21	-0.153	9.778

1495428494909	0.191	-0.153	9.807

1495428494919	0.181	-0.153	9.759

1495428494929	0.181	-0.162	9.778

1495428494939	0.201	-0.153	9.787

1495428494950	0.162	-0.134	9.759

1495428494959	0.191	-0.143	9.807

1495428494969	0.191	-0.124	9.787

1495428494991	0.172	-0.143	9.778

1495428495003	0.21	-0.153	9.759

1495428495019	0.191	-0.162	9.787

1495428495020	0.201	-0.162	9.759

1495428495029	0.191	-0.153	9.759

1495428495040	0.172	-0.143	9.797

1495428495049	0.162	-0.134	9.768

1495428495060	0.181	-0.143	9.759

1495428495069	0.191	-0.153	9.787

1495428495080	0.162	-0.143	9.778

1495428495089	0.191	-0.153	9.759

1495428495100	0.201	-0.153	9.778

1495428495109	0.201	-0.143	9.778

1495428495119	0.162	-0.114	9.759

1495428495130	0.191	-0.134	9.797

1495428495139	0.181	-0.143	9.778

1495428495151	0.162	-0.134	9.778

1495428495164	0.21	-0.162	9.816

1495428495169	0.191	-0.134	9.807

1495428495179	0.191	-0.162	9.759

1495428495189	0.181	-0.143	9.787

1495428495200	0.181	-0.153	9.768

1495428495209	0.181	-0.162	9.778

1495428495219	0.162	-0.143	9.711

1495428495229	0.143	-0.134	9.759

1495428495239	0.162	-0.153	9.749

1495428495251	0.181	-0.153	9.778

1495428495259	0.181	-0.162	9.797

1495428495269	0.191	-0.162	9.749

1495428495282	0.22	-0.172	9.807

1495428495289	0.22	-0.172	9.778

1495428495301	0.201	-0.172	9.797

1495428495310	0.162	-0.134	9.768

1495428495320	0.22	-0.153	9.807

1495428495331	0.201	-0.172	9.797

1495428495339	0.201	-0.153	9.768

1495428495349	0.172	-0.153	9.826

1495428495359	0.201	-0.153	9.807

1495428495369	0.191	-0.153	9.768

1495428495379	0.191	-0.153	9.778

1495428495389	0.201	-0.153	9.787

1495428495400	0.201	-0.143	9.807

1495428495410	0.191	-0.143	9.778

1495428495419	0.191	-0.153	9.759

1495428495429	0.162	-0.124	9.759

1495428495439	0.191	-0.153	9.778

1495428495449	0.162	-0.134	9.759

1495428495459	0.21	-0.172	9.797

1495428495469	0.181	-0.153	9.73

1495428495479	0.162	-0.124	9.749

1495428495490	0.201	-0.162	9.73

1495428495501	0.181	-0.143	9.778

1495428495510	0.181	-0.153	9.749

1495428495533	0.201	-0.153	9.787

1495428495536	0.172	-0.153	9.72

1495428495551	0.172	-0.143	9.759

1495428495559	0.191	-0.172	9.797

1495428495569	0.181	-0.143	9.768

1495428495579	0.201	-0.162	9.759

1495428495593	0.201	-0.153	9.807

1495428495601	0.172	-0.124	9.787

1495428495610	0.191	-0.153	9.768

1495428495646	0.181	-0.134	9.778

1495428495657	0.181	-0.143	9.768

1495428495659	0.201	-0.153	9.778

1495428495662	0.162	-0.153	9.759

1495428495669	0.181	-0.162	9.787

1495428495680	0.181	-0.143	9.816

1495428495689	0.172	-0.153	9.739

1495428495700	0.201	-0.153	9.759

1495428495710	0.201	-0.153	9.768

1495428495719	0.172	-0.153	9.768

1495428495730	0.191	-0.143	9.759

1495428495739	0.181	-0.153	9.749

1495428495815	0.172	-0.124	9.768

1495428495817	0.172	-0.153	9.759

1495428495823	0.201	-0.134	9.787

1495428495847	0.201	-0.143	9.787

1495428495849	0.191	-0.153	9.768

1495428495850	0.181	-0.153	9.778

1495428495851	0.191	-0.143	9.816

1495428495853	0.191	-0.153	9.739

1495428495854	0.181	-0.153	9.787

1495428495855	0.22	-0.172	9.787

1495428495857	0.153	-0.134	9.739

1495428495859	0.22	-0.143	9.787

1495428495871	0.191	-0.162	9.797

1495428495879	0.181	-0.153	9.73

1495428495891	0.201	-0.172	9.816

1495428495901	0.172	-0.153	9.778

1495428495911	0.172	-0.143	9.768

1495428495921	0.201	-0.153	9.778

1495428495929	0.181	-0.153	9.759

1495428495941	0.191	-0.143	9.768

1495428495949	0.172	-0.153	9.759

1495428495959	0.21	-0.143	9.787

1495428495977	0.201	-0.162	9.768

1495428495979	0.21	-0.143	9.778

1495428495990	0.191	-0.143	9.768

1495428496001	0.191	-0.153	9.768

1495428496010	0.172	-0.172	9.749

1495428496019	0.191	-0.143	9.797

1495428496029	0.181	-0.153	9.759

1495428496039	0.21	-0.143	9.768

1495428496049	0.181	-0.134	9.816

1495428496059	0.22	-0.153	9.816

1495428496069	0.22	-0.162	9.816

1495428496081	0.21	-0.153	9.778

1495428496092	0.181	-0.143	9.759

1495428496101	0.181	-0.162	9.768

1495428496110	0.191	-0.143	9.826

1495428496119	0.22	-0.162	9.807

1495428496129	0.21	-0.153	9.778

1495428496139	0.22	-0.143	9.807

1495428496149	0.191	-0.134	9.759

1495428496159	0.21	-0.162	9.797

1495428496169	0.201	-0.134	9.787

1495428496179	0.21	-0.172	9.845

1495428496189	0.181	-0.172	9.778

1495428496199	0.239	-0.162	9.778

1495428496211	0.181	-0.153	9.778

1495428496220	0.181	-0.143	9.778

1495428496229	0.22	-0.162	9.787

1495428496240	0.181	-0.134	9.778

1495428496260	0.181	-0.143	9.759

1495428496262	0.172	-0.153	9.749

1495428496280	0.201	-0.143	9.816

1495428496289	0.181	-0.143	9.768

1495428496300	0.201	-0.162	9.807

1495428496310	0.201	-0.162	9.845

1495428496319	0.181	-0.143	9.787

1495428496340	0.201	-0.172	9.787

1495428496350	0.201	-0.153	9.739

1495428496359	0.201	-0.153	9.787

1495428496369	0.21	-0.162	9.778

1495428496379	0.201	-0.153	9.787

1495428496389	0.191	-0.162	9.797

1495428496400	0.201	-0.162	9.816

1495428496409	0.201	-0.162	9.807

1495428496420	0.191	-0.162	9.787

1495428496432	0.181	-0.162	9.797

1495428496452	0.21	-0.134	9.807

1495428496454	0.191	-0.153	9.797

1495428496459	0.191	-0.153	9.778

1495428496470	0.181	-0.153	9.759

1495428496480	0.191	-0.153	9.749

1495428496489	0.162	-0.153	9.749

1495428496501	0.181	-0.162	9.749

1495428496512	0.181	-0.153	9.787

1495428496519	0.181	-0.162	9.778

1495428496530	0.201	-0.153	9.759

1495428496548	0.201	-0.172	9.787

1495428496549	0.201	-0.153	9.72

1495428496559	0.181	-0.143	9.749

1495428496569	0.201	-0.153	9.768

1495428496579	0.172	-0.143	9.749

1495428496589	0.191	-0.172	9.768

1495428496601	0.191	-0.143	9.778

1495428496613	0.201	-0.162	9.807

1495428496634	0.191	-0.153	9.759

1495428496643	0.191	-0.143	9.749

1495428496654	0.181	-0.134	9.787

1495428496660	0.191	-0.143	9.816

1495428496675	0.181	-0.162	9.759

1495428496679	0.172	-0.162	9.787

1495428496689	0.229	-0.172	9.797

1495428496700	0.22	-0.162	9.768

1495428496709	0.201	-0.153	9.759

1495428496719	0.191	-0.124	9.807

1495428496731	0.201	-0.143	9.807

1495428496741	0.191	-0.134	9.797

1495428496749	0.22	-0.172	9.749

1495428496759	0.201	-0.153	9.768

1495428496769	0.201	-0.172	9.797

1495428496779	0.201	-0.153	9.749

1495428496789	0.201	-0.172	9.778

1495428496801	0.162	-0.153	9.778

1495428496810	0.22	-0.172	9.787

1495428496819	0.21	-0.172	9.787

1495428496829	0.201	-0.153	9.768

1495428496839	0.239	-0.153	9.816

1495428496849	0.22	-0.162	9.768

1495428496859	0.191	-0.153	9.816

1495428496870	0.21	-0.162	9.787

1495428496881	0.21	-0.153	9.768

1495428496890	0.21	-0.153	9.778

1495428496904	0.201	-0.143	9.797

1495428496930	0.229	-0.162	9.797

1495428496931	0.191	-0.162	9.768

1495428496932	0.191	-0.162	9.807

1495428496939	0.21	-0.143	9.807

1495428496949	0.21	-0.134	9.778

1495428496959	0.201	-0.143	9.787

1495428496969	0.181	-0.162	9.759

1495428496979	0.181	-0.162	9.768

1495428496990	0.181	-0.153	9.778

1495428497001	0.239	-0.191	9.807

1495428497010	0.201	-0.153	9.701

1495428497020	0.201	-0.134	9.816

1495428497030	0.181	-0.153	9.749

1495428497039	0.201	-0.143	9.787

1495428497049	0.191	-0.134	9.807

1495428497059	0.201	-0.172	9.778

1495428497069	0.229	-0.162	9.816

1495428497079	0.162	-0.153	9.778

1495428497092	0.21	-0.181	9.807

1495428497100	0.22	-0.162	9.787

1495428497110	0.181	-0.162	9.797

1495428497119	0.181	-0.134	9.816

1495428497129	0.21	-0.162	9.797

1495428497139	0.191	-0.153	9.778

1495428497149	0.201	-0.134	9.759

1495428497159	0.22	-0.172	9.759

1495428497170	0.21	-0.162	9.816

1495428497186	0.201	-0.153	9.768

1495428497190	0.162	-0.172	9.759

1495428497213	0.201	-0.153	9.816

1495428497217	0.172	-0.143	9.768

1495428497221	0.181	-0.143	9.768

1495428497234	0.181	-0.153	9.797

1495428497239	0.181	-0.153	9.778

1495428497249	0.22	-0.181	9.797

1495428497259	0.21	-0.153	9.807

1495428497269	0.21	-0.162	9.807

1495428497284	0.21	-0.162	9.778

1495428497299	0.191	-0.143	9.816

1495428497301	0.191	-0.153	9.759

1495428497311	0.172	-0.153	9.73

1495428497319	0.201	-0.162	9.768

1495428497329	0.201	-0.153	9.768

1495428497341	0.22	-0.143	9.768

1495428497350	0.201	-0.153	9.816

1495428497359	0.162	-0.162	9.759

1495428497369	0.201	-0.172	9.778

1495428497379	0.162	-0.124	9.749

1495428497389	0.162	-0.143	9.759

1495428497400	0.21	-0.172	9.739

1495428497411	0.172	-0.172	9.768

1495428497419	0.181	-0.124	9.778

1495428497431	0.181	-0.134	9.749

1495428497440	0.181	-0.134	9.787

1495428497457	0.162	-0.143	9.749

1495428497460	0.22	-0.153	9.787

1495428497469	0.191	-0.143	9.787

1495428497482	0.21	-0.172	9.768

1495428497490	0.191	-0.172	9.768

1495428497500	0.181	-0.143	9.759

1495428497509	0.181	-0.172	9.778

1495428497519	0.191	-0.162	9.759

1495428497529	0.181	-0.143	9.778

1495428497539	0.191	-0.162	9.768

1495428497549	0.229	-0.181	9.816

1495428497564	0.172	-0.134	9.787

1495428497571	0.162	-0.134	9.711

1495428497594	0.172	-0.134	9.749

1495428497599	0.201	-0.153	9.778

1495428497611	0.181	-0.143	9.768

1495428497620	0.201	-0.153	9.797

1495428497633	0.162	-0.143	9.787

1495428497651	0.172	-0.162	9.778

1495428497659	0.181	-0.134	9.768

1495428497669	0.181	-0.162	9.797

1495428497679	0.191	-0.162	9.787

1495428497689	0.21	-0.143	9.797

1495428497699	0.143	-0.143	9.787

1495428497710	0.181	-0.134	9.807

1495428497720	0.21	-0.153	9.835

1495428497730	0.191	-0.143	9.835

1495428497740	0.191	-0.143	9.739

1495428497754	0.191	-0.143	9.787

1495428497759	0.21	-0.153	9.787

1495428497769	0.201	-0.153	9.768

1495428497779	0.191	-0.162	9.768

1495428497789	0.181	-0.162	9.759

1495428497799	0.162	-0.124	9.73

1495428497811	0.172	-0.124	9.759

1495428497819	0.22	-0.153	9.749

1495428497831	0.181	-0.172	9.768

1495428497861	0.191	-0.153	9.749

1495428497863	0.181	-0.162	9.768

1495428497869	0.181	-0.153	9.778

1495428497881	0.191	-0.143	9.787

1495428497889	0.21	-0.153	9.797

1495428497899	0.172	-0.162	9.768

1495428497913	0.191	-0.153	9.768

1495428497922	0.21	-0.162	9.807

1495428497929	0.191	-0.153	9.768

1495428497939	0.201	-0.143	9.787

1495428497949	0.21	-0.162	9.778

1495428497959	0.191	-0.143	9.749

1495428497969	0.172	-0.134	9.778

1495428497981	0.22	-0.162	9.778

1495428497990	0.201	-0.134	9.768

1495428498000	0.201	-0.162	9.807

1495428498014	0.21	-0.153	9.826

1495428498021	0.191	-0.172	9.778

1495428498039	0.22	-0.162	9.787

1495428498050	0.239	-0.191	9.778

1495428498060	0.21	-0.162	9.797

1495428498071	0.181	-0.153	9.807

1495428498085	0.191	-0.134	9.759

1495428498091	0.191	-0.162	9.835

1495428498099	0.181	-0.153	9.759

1495428498110	0.191	-0.153	9.73

1495428498119	0.229	-0.172	9.759

1495428498129	0.191	-0.162	9.749

1495428498141	0.201	-0.153	9.759

1495428498149	0.191	-0.153	9.778

1495428498159	0.162	-0.134	9.759

1495428498169	0.22	-0.143	9.787

1495428498182	0.201	-0.172	9.816

1495428498189	0.21	-0.162	9.816

1495428498199	0.191	-0.162	9.778

1495428498212	0.201	-0.143	9.768

1495428498230	0.172	-0.143	9.768

1495428498239	0.201	-0.153	9.768

1495428498249	0.201	-0.153	9.787

1495428498259	0.191	-0.162	9.739

1495428498269	0.191	-0.143	9.759

1495428498281	0.191	-0.153	9.73

1495428498290	0.191	-0.162	9.807

1495428498300	0.21	-0.162	9.787

1495428498310	0.201	-0.162	9.768

1495428498320	0.191	-0.143	9.768

1495428498329	0.153	-0.153	9.749

1495428498339	0.181	-0.134	9.797

1495428498349	0.21	-0.134	9.72

1495428498359	0.181	-0.172	9.759

1495428498371	0.162	-0.134	9.778

1495428498383	0.181	-0.172	9.768

1495428498391	0.191	-0.143	9.73

1495428498404	0.191	-0.153	9.749

1495428498411	0.201	-0.153	9.759

1495428498430	0.172	-0.134	9.768

1495428498431	0.21	-0.153	9.778

1495428498439	0.191	-0.153	9.816

1495428498449	0.21	-0.162	9.797

1495428498459	0.191	-0.191	9.778

1495428498469	0.22	-0.162	9.749

1495428498481	0.21	-0.143	9.787

1495428498490	0.181	-0.162	9.787

1495428498502	0.181	-0.153	9.778

1495428498511	0.181	-0.162	9.807

1495428498520	0.21	-0.162	9.797

1495428498530	0.191	-0.153	9.778

1495428498539	0.201	-0.153	9.739

1495428498549	0.191	-0.162	9.768

1495428498559	0.21	-0.172	9.797

1495428498569	0.22	-0.153	9.807

1495428498582	0.172	-0.162	9.778

1495428498589	0.181	-0.143	9.787

1495428498599	0.229	-0.181	9.807

1495428498612	0.201	-0.162	9.768

1495428498620	0.21	-0.153	9.73

1495428498637	0.22	-0.143	9.816

1495428498651	0.162	-0.153	9.807

1495428498660	0.201	-0.162	9.797

1495428498669	0.229	-0.172	9.807

1495428498679	0.21	-0.162	9.778

1495428498691	0.201	-0.162	9.787

1495428498699	0.229	-0.153	9.787

1495428498709	0.172	-0.143	9.768

1495428498719	0.22	-0.162	9.787

1495428498731	0.21	-0.153	9.768

1495428498739	0.21	-0.162	9.778

1495428498751	0.239	-0.162	9.778

1495428498760	0.191	-0.153	9.807

1495428498769	0.191	-0.162	9.797

1495428498789	0.172	-0.143	9.73

1495428498799	0.181	-0.124	9.768

1495428498810	0.181	-0.153	9.739

1495428498822	0.181	-0.162	9.778

1495428498850	0.201	-0.162	9.816

1495428498861	0.191	-0.134	9.759

1495428498871	0.21	-0.153	9.749

1495428498883	0.181	-0.134	9.787

1495428498889	0.21	-0.172	9.816

1495428498899	0.191	-0.143	9.759

1495428498910	0.191	-0.153	9.787

1495428498919	0.181	-0.153	9.797

1495428498929	0.22	-0.172	9.807

1495428498940	0.21	-0.143	9.768

1495428498950	0.201	-0.172	9.768

1495428498959	0.181	-0.162	9.778

1495428498970	0.21	-0.153	9.778

1495428498982	0.181	-0.153	9.73

1495428498989	0.181	-0.153	9.759

1495428498999	0.191	-0.143	9.778

1495428499010	0.191	-0.162	9.807

1495428499019	0.191	-0.153	9.759

1495428499031	0.191	-0.172	9.778

1495428499049	0.201	-0.143	9.759

1495428499059	0.21	-0.162	9.759

1495428499069	0.181	-0.153	9.749

1495428499079	0.191	-0.143	9.807

1495428499089	0.172	-0.134	9.749

1495428499099	0.181	-0.143	9.739

1495428499110	0.181	-0.134	9.816

1495428499128	0.181	-0.143	9.768

1495428499135	0.172	-0.143	9.768

1495428499140	0.162	-0.134	9.778

1495428499156	0.181	-0.134	9.73

1495428499159	0.172	-0.153	9.749

1495428499169	0.201	-0.143	9.807

1495428499180	0.21	-0.172	9.826

1495428499189	0.21	-0.172	9.759

1495428499199	0.191	-0.143	9.816

1495428499212	0.181	-0.181	9.759

1495428499218	0.201	-0.153	9.787

1495428499232	0.201	-0.172	9.787

1495428499251	0.191	-0.143	9.797

1495428499259	0.201	-0.162	9.797

1495428499269	0.172	-0.153	9.739

1495428499279	0.201	-0.153	9.749

1495428499289	0.172	-0.172	9.778

1495428499299	0.191	-0.124	9.787

1495428499310	0.201	-0.153	9.759

1495428499320	0.21	-0.153	9.778

1495428499335	0.181	-0.153	9.768

1495428499344	0.191	-0.162	9.787

1495428499351	0.191	-0.143	9.768

1495428499361	0.201	-0.143	9.768

1495428499369	0.181	-0.114	9.749

1495428499379	0.21	-0.172	9.778

1495428499389	0.181	-0.153	9.759

1495428499399	0.201	-0.153	9.807

1495428499409	0.172	-0.143	9.759

1495428499421	0.191	-0.143	9.787

1495428499430	0.172	-0.143	9.778

1495428499439	0.21	-0.153	9.778

1495428499449	0.21	-0.153	9.807

1495428499459	0.22	-0.153	9.807

1495428499469	0.201	-0.153	9.768

1495428499479	0.191	-0.153	9.816

1495428499489	0.191	-0.143	9.768

1495428499499	0.191	-0.162	9.759

1495428499510	0.229	-0.162	9.845

1495428499521	0.201	-0.134	9.807

1495428499533	0.181	-0.153	9.759

1495428499539	0.191	-0.162	9.787

1495428499549	0.201	-0.162	9.768

1495428499559	0.22	-0.181	9.845

1495428499569	0.191	-0.172	9.768

1495428499579	0.21	-0.181	9.778

1495428499589	0.181	-0.153	9.759

1495428499602	0.191	-0.143	9.778

1495428499610	0.191	-0.172	9.768

