1495301089480	0.004263256	-0.0075939246	0.0075939246

1495301089485	0.008659739	-0.003197442	0.0065281107

1495301089494	0.004263256	-0.003197442	0.0065281107

1495301089504	0.00532907	-0.004263256	0.004263256

1495301089515	0.008659739	-0.002131628	0.0075939246

1495301089526	0.0075939246	-0.004263256	0.008659739

1495301089536	0.009725553	-0.004263256	0.003197442

1495301089544	0.008659739	-0.0075939246	0.0065281107

1495301089556	0.00532907	-0.0065281107	0.010791367

1495301089569	0.00532907	-0.001065814	0.013056221

1495301089574	0.009725553	-0.002131628	0.013056221

1495301089586	0.009725553	-0.002131628	0.009725553

1495301089594	0.0065281107	-0.0075939246	0.010791367

1495301089611	0.008659739	-0.00532907	0.0065281107

1495301089614	0.0065281107	-0.004263256	0.0065281107

1495301089626	0.0065281107	-0.0065281107	0.009725553

1495301089635	0.003197442	-0.0075939246	0.009725553

1495301089644	0.002131628	-0.008659739	0.00532907

1495301089660	0.002131628	-0.00532907	0.0119904075

1495301089674	0.010791367	-0.00532907	0.003197442

1495301089686	0.0065281107	-0.001065814	0.00532907

1495301089694	0.00532907	-0.001065814	0.0065281107

1495301089704	0.0075939246	-0.009725553	0.008659739

1495301089714	0.008659739	-0.0075939246	0.013056221

1495301089724	0.008659739	-0.001065814	0.010791367

1495301089737	0.0065281107	0.0	0.0075939246

1495301089744	0.009725553	0.003197442	0.0065281107

1495301089756	0.004263256	-0.004263256	0.0065281107

1495301089764	0.00532907	-0.00532907	0.008659739

1495301089774	0.0065281107	-0.003197442	0.002131628

1495301089786	0.00532907	-0.002131628	0.004263256

1495301089795	0.003197442	-0.004263256	0.00532907

1495301089804	0.004263256	-0.003197442	0.0075939246

1495301089814	0.0075939246	-0.001065814	0.003197442

1495301089825	0.008659739	-0.002131628	0.0075939246

1495301089838	0.0065281107	-0.001065814	0.008659739

1495301089844	0.008659739	0.002131628	0.00532907

1495301089855	0.010791367	-0.00532907	0.008659739

1495301089864	0.009725553	-0.008659739	0.00532907

1495301089874	0.008659739	-0.004263256	0.008659739

1495301089886	0.009725553	-0.0075939246	0.0065281107

1495301089894	0.0065281107	-0.00532907	0.008659739

1495301089904	0.0065281107	-0.0075939246	0.008659739

1495301089914	0.010791367	-0.00532907	0.001065814

1495301089924	0.00532907	-0.004263256	0.00532907

1495301089937	0.0075939246	-0.001065814	0.003197442

1495301089945	0.0075939246	-0.003197442	0.001065814

1495301089956	0.003197442	-0.0065281107	0.004263256

1495301089964	0.003197442	-0.00532907	0.00532907

1495301089975	0.0065281107	-0.009725553	0.003197442

1495301089987	0.010791367	-0.00532907	0.004263256

1495301089999	0.008659739	-0.00532907	0.003197442

1495301090004	0.008659739	-0.004263256	0.0065281107

1495301090014	0.002131628	-0.003197442	0.010791367

1495301090024	0.004263256	-0.002131628	0.014122035

1495301090037	0.0065281107	-0.003197442	0.009725553

1495301090056	0.009725553	-0.003197442	0.003197442

1495301090074	0.0075939246	-0.003197442	0.010791367

1495301090087	0.004263256	-0.00532907	0.0075939246

1495301090094	0.004263256	-0.0065281107	0.0075939246

1495301090105	0.009725553	0.00532907	0.009725553

1495301090114	0.013056221	0.004263256	0.010791367

1495301090124	0.0075939246	0.002131628	0.008659739

1495301090140	0.0075939246	0.001065814	0.008659739

1495301090144	0.009725553	-0.002131628	0.009725553

1495301090155	0.010791367	0.0	0.010791367

1495301090166	0.010791367	-0.00532907	0.0065281107

1495301090174	0.008659739	-0.0065281107	0.00532907

1495301090194	0.013056221	-0.004263256	0.0075939246

1495301090204	0.0065281107	-0.0065281107	0.002131628

1495301090214	0.008659739	-0.008659739	0.009725553

1495301090224	0.010791367	-0.003197442	0.0065281107

1495301090237	0.0075939246	-0.001065814	0.008659739

1495301090256	0.00532907	-0.002131628	0.004263256

1495301090264	0.00532907	-0.002131628	0.008659739

1495301090274	0.0065281107	-0.004263256	0.004263256

1495301090287	0.0075939246	0.002131628	0.0119904075

1495301090294	0.009725553	0.0	0.008659739

1495301090304	0.010791367	0.002131628	0.00532907

1495301090314	0.009725553	-0.00532907	0.013056221

1495301090324	0.00532907	-0.00532907	0.0119904075

1495301090337	0.008659739	-0.009725553	0.0119904075

1495301090344	0.008659739	-0.00532907	0.008659739

1495301090356	0.004263256	0.001065814	0.0065281107

1495301090364	0.003197442	-0.002131628	0.008659739

1495301090374	0.0065281107	-0.002131628	0.0065281107

1495301090386	0.0065281107	-0.002131628	0.010791367

1495301090395	0.0075939246	-0.00532907	0.008659739

1495301090404	0.00532907	-0.004263256	0.00532907

1495301090414	0.010791367	-0.00532907	0.004263256

1495301090425	0.00532907	-0.002131628	0.009725553

1495301090439	0.004263256	-0.00532907	0.002131628

1495301090455	0.0119904075	0.0	0.0065281107

1495301090464	0.0119904075	0.0	0.003197442

1495301090474	0.0075939246	-0.0065281107	0.014122035

1495301090486	0.010791367	0.0	0.0075939246

1495301090494	0.0075939246	-0.00532907	0.0075939246

1495301090505	0.0065281107	-0.004263256	0.0119904075

1495301090514	0.009725553	-0.002131628	0.0065281107

1495301090524	0.0075939246	-0.008659739	0.002131628

1495301090537	0.008659739	-0.004263256	0.00532907

1495301090544	0.0119904075	-0.001065814	0.004263256

1495301090556	0.008659739	-0.003197442	0.0075939246

1495301090564	0.0065281107	-0.00532907	0.001065814

1495301090574	0.0075939246	-0.00532907	0.008659739

1495301090586	0.0075939246	-0.003197442	0.010791367

1495301090594	0.009725553	-0.003197442	0.00532907

1495301090604	0.0065281107	0.0	0.0065281107

1495301090614	0.009725553	-0.002131628	0.004263256

1495301090624	0.008659739	-0.003197442	0.0119904075

1495301090644	0.009725553	-0.00532907	0.003197442

1495301090655	0.0065281107	-0.002131628	0.008659739

1495301090665	0.0075939246	-0.001065814	0.013056221

1495301090674	0.003197442	-0.0075939246	0.0119904075

1495301090687	0.0065281107	-0.002131628	0.009725553

1495301090694	0.0119904075	-0.003197442	0.009725553

1495301090704	0.008659739	0.0	0.0065281107

1495301090714	0.004263256	-0.003197442	0.0075939246

1495301090724	0.00532907	-0.004263256	0.003197442

1495301090739	0.0065281107	-0.003197442	0.009725553

1495301090744	0.0075939246	-0.003197442	0.004263256

1495301090755	0.010791367	-0.001065814	0.00532907

1495301090764	0.0075939246	-0.003197442	0.0065281107

1495301090774	0.0119904075	-0.00532907	0.009725553

1495301090786	0.0065281107	0.002131628	0.00532907

1495301090794	0.008659739	-0.003197442	0.00532907

1495301090804	0.003197442	-0.0065281107	0.0075939246

1495301090814	0.0065281107	-0.0075939246	0.0119904075

1495301090824	0.009725553	-0.004263256	0.0065281107

1495301090837	0.009725553	-0.0065281107	0.001065814

1495301090856	0.009725553	-0.003197442	0.0075939246

1495301090874	0.009725553	-0.004263256	0.013056221

1495301090886	0.004263256	-0.010791367	0.0075939246

1495301090894	0.003197442	-0.0075939246	0.0075939246

1495301090904	0.004263256	-0.00532907	0.00532907

1495301090914	0.003197442	-0.0075939246	0.0119904075

1495301090924	0.0065281107	-0.00532907	0.014122035

1495301090944	0.010791367	-0.003197442	0.0119904075

1495301090971	0.0065281107	-0.004263256	0.004263256

1495301090972	0.00532907	-0.001065814	0.010791367

1495301090974	0.0065281107	-0.004263256	0.010791367

1495301090986	0.003197442	-0.0119904075	0.0065281107

1495301090995	0.0065281107	-0.008659739	0.002131628

1495301091004	0.0075939246	-0.004263256	-0.001065814

1495301091014	0.0065281107	-0.0065281107	0.00532907

1495301091024	0.004263256	-0.003197442	0.0075939246

1495301091038	0.004263256	-0.004263256	0.0065281107

1495301091055	0.0075939246	-0.003197442	0.013056221

1495301091064	0.003197442	-0.003197442	0.015187849

1495301091074	0.009725553	-0.0075939246	0.013056221

1495301091086	0.010791367	-0.00532907	0.009725553

1495301091094	0.009725553	0.001065814	0.0065281107

1495301091105	0.009725553	-0.00532907	0.002131628

1495301091114	0.010791367	-0.0075939246	0.004263256

1495301091124	0.008659739	-0.00532907	0.008659739

1495301091136	0.008659739	-0.002131628	0.0065281107

1495301091144	0.0075939246	-0.001065814	0.0075939246

1495301091155	0.009725553	-0.004263256	0.013056221

1495301091164	0.008659739	-0.00532907	0.0065281107

1495301091174	0.0065281107	-0.00532907	0.010791367

1495301091187	0.008659739	-0.0075939246	0.0075939246

1495301091203	0.008659739	-0.003197442	0.0075939246

1495301091206	0.0075939246	-0.0065281107	0.008659739

1495301091214	0.0075939246	-0.003197442	0.0075939246

1495301091224	0.0075939246	-0.001065814	0.008659739

1495301091242	0.0065281107	-0.003197442	0.010791367

1495301091247	0.0065281107	-0.00532907	0.013056221

1495301091258	0.0065281107	-0.00532907	0.0075939246

1495301091265	0.004263256	-0.008659739	0.0075939246

1495301091275	0.0075939246	-0.001065814	0.0065281107

1495301091287	0.010791367	0.003197442	0.004263256

1495301091294	0.009725553	-0.002131628	0.002131628

1495301091304	0.009725553	-0.004263256	0.00532907

1495301091314	0.009725553	0.002131628	0.0065281107

1495301091324	0.009725553	0.002131628	0.008659739

1495301091338	0.00532907	-0.003197442	0.008659739

1495301091344	0.0075939246	-0.004263256	0.00532907

1495301091355	0.008659739	-0.002131628	0.0065281107

1495301091367	0.00532907	0.0	0.003197442

1495301091374	0.0075939246	-0.003197442	0.009725553

1495301091386	0.0065281107	-0.00532907	0.009725553

1495301091394	0.008659739	-0.00532907	0.0065281107

1495301091404	0.009725553	-0.003197442	0.0065281107

1495301091414	0.008659739	-0.003197442	0.0065281107

1495301091424	0.0065281107	-0.0065281107	0.0075939246

1495301091436	0.00532907	-0.004263256	0.004263256

1495301091451	0.004263256	-0.00532907	0.004263256

1495301091456	0.008659739	-0.002131628	0.004263256

1495301091464	0.010791367	-0.003197442	0.0075939246

1495301091474	0.0119904075	-0.001065814	0.003197442

1495301091486	0.0119904075	-0.002131628	0.004263256

1495301091494	0.0075939246	0.001065814	0.0065281107

1495301091504	0.00532907	0.003197442	0.0119904075

1495301091514	0.0075939246	-0.004263256	0.0065281107

1495301091524	0.0075939246	-0.0065281107	0.0075939246

1495301091548	0.0065281107	-0.004263256	0.009725553

1495301091550	0.008659739	-0.004263256	0.013056221

1495301091556	0.0075939246	-0.00532907	0.004263256

1495301091574	0.010791367	-0.003197442	0.004263256

1495301091589	0.004263256	-0.002131628	0.0075939246

1495301091594	0.0065281107	0.002131628	0.0065281107

1495301091604	0.0075939246	-0.00532907	0.001065814

1495301091615	0.0075939246	-0.0075939246	0.008659739

1495301091624	0.0075939246	-0.003197442	0.003197442

1495301091636	0.009725553	-0.003197442	0.004263256

1495301091644	0.0075939246	-0.004263256	0.0065281107

1495301091655	0.0119904075	-0.002131628	0.008659739

1495301091664	0.0075939246	-0.004263256	0.0075939246

1495301091674	0.008659739	-0.008659739	0.0075939246

1495301091686	0.009725553	-0.001065814	0.00532907

1495301091694	0.008659739	-0.002131628	0.0065281107

1495301091704	0.0075939246	-0.009725553	0.00532907

1495301091714	0.0075939246	-0.009725553	0.0075939246

1495301091724	0.0075939246	-0.004263256	0.0065281107

1495301091736	0.008659739	-0.002131628	0.008659739

1495301091744	0.008659739	-0.001065814	0.009725553

1495301091756	0.010791367	-0.00532907	0.0065281107

1495301091764	0.009725553	0.0	0.008659739

1495301091775	0.0065281107	-0.010791367	0.004263256

1495301091787	0.004263256	0.001065814	0.0075939246

1495301091794	0.008659739	-0.00532907	0.010791367

1495301091808	0.0065281107	-0.008659739	0.009725553

1495301091814	0.0075939246	-0.004263256	0.008659739

1495301091824	0.0065281107	-0.0065281107	0.00532907

1495301091836	0.00532907	-0.004263256	0.008659739

1495301091844	0.004263256	-0.00532907	0.009725553

1495301091856	0.0075939246	-0.004263256	0.0075939246

1495301091864	0.0065281107	-0.008659739	0.014122035

1495301091874	0.008659739	-0.004263256	0.009725553

1495301091889	0.010791367	-0.002131628	0.008659739

1495301091902	0.008659739	-0.00532907	0.0065281107

1495301091904	0.008659739	-0.003197442	0.0075939246

1495301091914	0.008659739	-0.0065281107	0.0065281107

1495301091924	0.003197442	-0.002131628	0.004263256

1495301091936	0.004263256	-0.002131628	0.003197442

1495301091944	0.009725553	0.001065814	0.00532907

1495301091956	0.010791367	0.0	0.010791367

1495301091964	0.0075939246	-0.008659739	0.001065814

1495301091974	0.009725553	-0.004263256	0.004263256

1495301091987	0.0119904075	0.002131628	0.004263256

1495301091997	0.0119904075	-0.001065814	0.0065281107

1495301092004	0.0065281107	0.001065814	0.008659739

1495301092014	0.008659739	-0.001065814	0.013056221

1495301092024	0.00532907	-0.001065814	0.0065281107

1495301092036	0.009725553	-0.001065814	0.0119904075

1495301092048	0.00532907	-0.0065281107	0.013056221

1495301092056	0.008659739	-0.004263256	0.015187849

1495301092064	0.0075939246	-0.0075939246	0.010791367

1495301092074	0.0075939246	-0.0065281107	0.00532907

1495301092086	0.0065281107	-0.00532907	0.001065814

1495301092094	0.010791367	-0.00532907	0.002131628

1495301092105	0.0075939246	-0.008659739	0.0065281107

1495301092114	0.009725553	-0.00532907	0.013056221

1495301092124	0.010791367	-0.001065814	0.013056221

1495301092137	0.0065281107	-0.00532907	0.0065281107

1495301092144	0.00532907	-0.00532907	0.0065281107

1495301092156	0.008659739	-0.001065814	0.0075939246

1495301092164	0.010791367	0.001065814	-0.001065814

1495301092175	0.009725553	-0.001065814	0.003197442

1495301092189	0.0075939246	-0.001065814	0.010791367

1495301092194	0.008659739	0.0	0.0075939246

1495301092204	0.0065281107	-0.0075939246	0.010791367

1495301092214	0.008659739	-0.003197442	0.009725553

1495301092224	0.010791367	0.002131628	0.009725553

1495301092236	0.0065281107	-0.002131628	0.0119904075

1495301092244	0.008659739	-0.002131628	0.0075939246

1495301092255	0.00532907	-0.008659739	0.009725553

1495301092264	0.009725553	-0.008659739	0.0065281107

1495301092274	0.009725553	-0.0119904075	0.0

1495301092289	0.009725553	-0.003197442	0.001065814

1495301092294	0.008659739	-0.00532907	0.002131628

1495301092313	0.004263256	-0.008659739	0.013056221

1495301092315	0.0075939246	-0.001065814	0.010791367

1495301092324	0.009725553	-0.004263256	0.0119904075

1495301092336	0.0065281107	-0.0119904075	0.0075939246

1495301092344	0.0075939246	-0.004263256	0.0075939246

1495301092356	0.008659739	-0.003197442	-0.001065814

1495301092364	0.0075939246	-0.00532907	0.0065281107

1495301092374	0.0065281107	-0.003197442	0.0119904075

1495301092386	0.0065281107	-0.002131628	0.0075939246

1495301092399	0.009725553	-0.003197442	0.003197442

1495301092404	0.0075939246	-0.003197442	0.002131628

1495301092414	0.00532907	-0.0075939246	0.0075939246

1495301092424	0.004263256	-0.0065281107	0.0075939246

1495301092436	0.00532907	-0.001065814	0.0065281107

1495301092444	0.008659739	-0.00532907	0.00532907

1495301092456	0.0065281107	-0.004263256	0.008659739

1495301092464	0.008659739	-0.003197442	0.0119904075

1495301092474	0.00532907	0.002131628	0.013056221

1495301092488	0.00532907	-0.0065281107	0.010791367

1495301092494	0.0065281107	-0.0075939246	0.008659739

1495301092504	0.008659739	0.001065814	0.013056221

1495301092514	0.009725553	-0.001065814	0.014122035

1495301092524	0.0075939246	-0.001065814	0.010791367

1495301092537	0.0075939246	-0.002131628	0.004263256

1495301092544	0.008659739	-0.00532907	0.004263256

1495301092555	0.003197442	-0.009725553	0.004263256

1495301092564	0.00532907	-0.0065281107	0.009725553

1495301092574	0.0075939246	-0.004263256	0.008659739

1495301092586	0.0065281107	-0.00532907	0.00532907

1495301092594	0.008659739	-0.004263256	0.00532907

1495301092604	0.0075939246	-0.008659739	0.004263256

1495301092614	0.0075939246	-0.00532907	0.00532907

1495301092624	0.009725553	0.003197442	0.0075939246

1495301092637	0.008659739	-0.00532907	0.008659739

1495301092644	0.0075939246	-0.009725553	0.00532907

1495301092656	0.009725553	-0.002131628	0.0075939246

1495301092664	0.010791367	-0.001065814	0.0065281107

1495301092674	0.0065281107	-0.00532907	0.008659739

1495301092686	0.009725553	-0.001065814	0.0065281107

1495301092694	0.009725553	-0.00532907	0.008659739

1495301092704	0.004263256	-0.0075939246	0.00532907

1495301092714	0.003197442	-0.0075939246	0.009725553

1495301092724	0.001065814	-0.002131628	0.008659739

1495301092736	0.004263256	-0.001065814	0.0065281107

1495301092744	0.008659739	-0.003197442	0.0119904075

1495301092756	0.0	-0.002131628	0.008659739

1495301092764	0.003197442	-0.0065281107	0.0065281107

1495301092774	0.008659739	-0.013056221	0.00532907

1495301092788	0.0075939246	-0.008659739	0.003197442

1495301092794	0.0075939246	0.0	0.008659739

1495301092804	0.0075939246	-0.002131628	0.00532907

1495301092814	0.00532907	-0.003197442	0.009725553

1495301092824	0.0075939246	-0.002131628	0.002131628

1495301092837	0.0075939246	-0.002131628	0.008659739

1495301092844	0.0065281107	-0.00532907	0.008659739

1495301092855	0.00532907	-0.009725553	0.008659739

1495301092864	0.00532907	-0.004263256	0.004263256

1495301092874	0.00532907	-0.0075939246	0.0075939246

1495301092886	0.010791367	0.0	0.009725553

1495301092897	0.010791367	-0.002131628	0.009725553

1495301092904	0.0075939246	-0.0075939246	0.004263256

1495301092914	0.008659739	-0.00532907	0.003197442

1495301092924	0.009725553	-0.0065281107	0.008659739

1495301092936	0.009725553	-0.0065281107	0.009725553

1495301092945	0.0065281107	-0.004263256	0.003197442

1495301092956	0.0075939246	-0.00532907	0.0075939246

1495301092964	0.004263256	-0.0075939246	0.014122035

1495301092974	0.002131628	-0.0075939246	0.009725553

1495301092989	0.008659739	-0.004263256	0.008659739

1495301093004	0.00532907	-0.00532907	0.0075939246

1495301093006	0.008659739	-0.003197442	0.010791367

1495301093014	0.00532907	-0.001065814	0.0075939246

1495301093024	0.008659739	-0.001065814	0.0065281107

1495301093038	0.010791367	-0.001065814	0.009725553

1495301093044	0.008659739	-0.0075939246	0.004263256

1495301093056	0.0065281107	0.003197442	0.0065281107

1495301093069	0.009725553	-0.003197442	0.0065281107

1495301093074	0.009725553	-0.004263256	0.009725553

1495301093086	0.003197442	-0.00532907	0.00532907

1495301093094	0.0065281107	-0.00532907	0.0075939246

1495301093105	0.004263256	-0.0065281107	0.008659739

1495301093114	0.0075939246	-0.0065281107	0.0075939246

1495301093124	0.008659739	-0.00532907	0.013056221

1495301093136	0.008659739	-0.00532907	0.015187849

1495301093144	0.0075939246	-0.003197442	0.008659739

1495301093155	0.0065281107	-0.002131628	0.0

1495301093164	0.0075939246	-0.00532907	0.0075939246

1495301093174	0.009725553	-0.001065814	0.013056221

1495301093187	0.009725553	-0.003197442	0.003197442

1495301093195	0.0119904075	-0.0075939246	0.0075939246

1495301093204	0.010791367	-0.00532907	0.004263256

1495301093214	0.0075939246	-0.0065281107	0.0075939246

1495301093224	0.00532907	-0.008659739	0.008659739

1495301093236	0.002131628	-0.0065281107	0.010791367

1495301093244	0.0065281107	-0.004263256	0.0065281107

1495301093256	0.0065281107	-0.0075939246	0.004263256

1495301093264	0.0065281107	-0.004263256	0.0075939246

1495301093274	0.00532907	-0.004263256	0.010791367

1495301093286	0.008659739	-0.0065281107	0.0075939246

1495301093294	0.00532907	-0.0065281107	0.008659739

1495301093305	0.00532907	-0.004263256	0.010791367

1495301093314	0.0065281107	-0.003197442	0.010791367

1495301093324	0.008659739	-0.004263256	0.008659739

1495301093338	0.008659739	-0.00532907	0.0075939246

1495301093344	0.008659739	-0.003197442	0.0075939246

1495301093356	0.00532907	-0.00532907	0.004263256

1495301093364	0.003197442	-0.004263256	0.0065281107

1495301093374	0.004263256	-0.004263256	0.00532907

1495301093386	0.0075939246	-0.009725553	0.003197442

1495301093394	0.010791367	0.002131628	0.0065281107

1495301093407	0.014122035	0.0	0.00532907

1495301093414	0.013056221	-0.002131628	0.00532907

1495301093424	0.008659739	-0.002131628	0.00532907

1495301093436	0.009725553	-0.00532907	0.00532907

1495301093444	0.0065281107	-0.00532907	0.0065281107

1495301093455	0.0075939246	0.001065814	0.0

1495301093464	0.008659739	-0.008659739	0.003197442

1495301093474	0.010791367	-0.00532907	0.00532907

1495301093487	0.00532907	0.0	0.008659739

1495301093498	0.008659739	-0.003197442	0.009725553

1495301093504	0.0075939246	-0.00532907	0.009725553

1495301093514	0.0075939246	-0.0075939246	0.00532907

1495301093524	0.008659739	-0.004263256	0.00532907

1495301093536	0.003197442	-0.00532907	0.004263256

1495301093545	0.00532907	-0.00532907	0.009725553

1495301093556	0.010791367	-0.0075939246	0.008659739

1495301093564	0.009725553	-0.0075939246	0.0075939246

1495301093575	0.0065281107	-0.00532907	0.0065281107

1495301093586	0.00532907	-0.002131628	0.0065281107

1495301093604	0.008659739	-0.00532907	0.010791367

1495301093614	0.0075939246	-0.004263256	0.003197442

1495301093624	0.004263256	-0.0075939246	0.004263256

1495301093638	0.00532907	-0.002131628	0.008659739

1495301093644	0.00532907	-0.008659739	0.0075939246

1495301093656	0.00532907	-0.0065281107	0.0065281107

1495301093664	0.009725553	-0.0075939246	0.015187849

1495301093674	0.0075939246	-0.003197442	0.0119904075

1495301093686	0.008659739	0.002131628	0.008659739

1495301093694	0.003197442	-0.002131628	0.014122035

1495301093704	0.00532907	-0.0065281107	0.0065281107

1495301093714	0.00532907	-0.00532907	0.0065281107

1495301093725	0.0075939246	-0.0075939246	0.00532907

1495301093739	0.0065281107	-0.0065281107	0.0075939246

1495301093763	0.0065281107	-0.00532907	0.009725553

1495301093766	0.009725553	-0.003197442	0.004263256

1495301093770	0.009725553	-0.004263256	0.0075939246

1495301093774	0.0075939246	-0.0065281107	0.010791367

1495301093787	0.009725553	-0.27924326	0.010791367

1495301093794	0.009725553	-0.001065814	0.010791367

1495301093804	0.008659739	-0.002131628	0.008659739

1495301093814	0.0065281107	-0.001065814	0.0065281107

1495301093824	0.008659739	-0.002131628	0.009725553

1495301093837	0.009725553	-0.003197442	0.010791367

1495301093844	0.00532907	0.0	0.0075939246

1495301093856	0.0075939246	-0.010791367	0.010791367

1495301093864	0.009725553	-0.0075939246	0.00532907

1495301093874	0.008659739	-0.003197442	0.009725553

1495301093886	0.00532907	-0.00532907	0.015187849

1495301093894	0.004263256	0.001065814	0.008659739

1495301093904	0.008659739	-0.001065814	0.013056221

1495301093914	0.0075939246	-0.004263256	0.0119904075

1495301093924	0.009725553	-0.003197442	0.0075939246

1495301093948	0.0065281107	-0.004263256	0.0065281107

1495301093956	0.009725553	-0.00532907	0.009725553

1495301093974	0.0075939246	-0.010791367	0.004263256

1495301093976	0.008659739	-0.001065814	0.009725553

1495301093985	0.009725553	-0.0065281107	0.0065281107

1495301093995	0.010791367	-0.004263256	0.00532907

1495301094004	0.0065281107	-0.001065814	0.010791367

1495301094014	0.0075939246	-0.0075939246	0.010791367

1495301094031	0.002131628	-0.00532907	0.0065281107

1495301094036	0.00532907	-0.001065814	0.004263256

1495301094044	0.008659739	-0.003197442	0.0065281107

1495301094054	0.0075939246	-0.004263256	0.008659739

1495301094066	0.004263256	-0.003197442	0.0075939246

1495301094074	0.009725553	0.001065814	0.00532907

1495301094086	0.008659739	-0.001065814	0.009725553

1495301094101	0.0075939246	-0.001065814	0.0065281107

1495301094105	0.008659739	-0.004263256	0.002131628

1495301094114	0.0119904075	-0.004263256	0.001065814

1495301094124	0.008659739	-0.004263256	0.004263256

1495301094137	0.0075939246	-0.00532907	0.004263256

1495301094145	0.0075939246	-0.00532907	0.0075939246

1495301094154	0.009725553	-0.002131628	0.003197442

1495301094166	0.0075939246	0.0	0.0119904075

1495301094174	0.0065281107	-0.004263256	0.008659739

1495301094191	0.010791367	-0.002131628	0.004263256

1495301094194	0.013056221	-0.008659739	0.004263256

1495301094204	0.0065281107	-0.0075939246	0.0065281107

1495301094215	0.0065281107	-0.003197442	0.010791367

1495301094224	0.0065281107	-0.008659739	0.0075939246

1495301094238	0.003197442	-0.00532907	0.013056221

1495301094244	0.0075939246	-0.004263256	0.013056221

1495301094256	0.0075939246	-0.003197442	0.0065281107

1495301094265	0.0065281107	-0.0065281107	0.00532907

1495301094274	0.0065281107	0.0	0.0075939246

1495301094286	0.0065281107	-0.003197442	0.009725553

1495301094294	0.008659739	-0.001065814	0.009725553

1495301094304	0.0075939246	-0.010791367	0.00532907

1495301094314	0.0075939246	-0.008659739	0.008659739

1495301094324	0.002131628	-0.0065281107	0.00532907

1495301094344	0.004263256	-0.003197442	0.008659739

1495301094346	0.009725553	-0.002131628	0.008659739

1495301094354	0.00532907	-0.003197442	0.010791367

1495301094366	0.00532907	-0.00532907	0.0119904075

1495301094374	0.0075939246	-0.001065814	0.00532907

1495301094392	0.00532907	-0.003197442	0.0075939246

1495301094405	0.00532907	-0.003197442	0.0065281107

1495301094414	0.008659739	0.0	0.0075939246

1495301094424	0.0065281107	-0.0065281107	0.0075939246

1495301094436	0.0065281107	-0.008659739	0.0119904075

1495301094444	0.010791367	-0.00532907	0.009725553

