1495839515447	-1.0	-11.5	17.75

1495839515505	-0.625	-11.0	17.625

1495839515554	0.0	-10.625	18.0625

1495839515657	0.6875	-10.4375	18.25

1495839515755	0.25	-10.25	18.4375

1495839515865	0.5625	-10.375	18.5625

1495839515955	0.75	-9.875	18.8125

1495839516055	1.0	-10.0	19.3125

1495839516155	1.6875	-10.0	19.3125

1495839516256	2.125	-10.25	19.5

1495839516356	1.9375	-10.1875	19.5625

1495839516456	1.625	-10.1875	19.0625

1495839516562	1.3125	-10.1875	19.25

1495839516656	0.5	-9.8125	18.875

1495839516757	0.0625	-10.0	18.875

1495839516856	-0.125	-10.0625	19.25

1495839516962	0.4375	-10.1875	19.5625

1495839517056	0.6875	-10.125	19.9375

1495839517162	1.0625	-10.1875	20.0

1495839517256	1.4375	-10.0	20.25

1495839517362	1.1875	-9.875	20.4375

1495839517470	1.125	-10.0	20.5625

1495839517557	1.1875	-10.3125	20.75

1495839517657	1.4375	-9.6875	20.125

1495839517757	1.25	-10.0	19.625

1495839517858	1.75	-9.75	19.6875

1495839517958	1.875	-9.6875	19.3125

1495839518062	2.125	-10.3125	20.0625

1495839518158	2.1875	-10.0625	20.3125

1495839518261	2.1875	-10.5	20.125

1495839518358	2.1875	-10.5	19.875

1495839518459	1.75	-10.5	19.25

1495839518563	1.9375	-10.5	19.25

1495839518669	1.6875	-10.125	19.3125

1495839518759	2.0625	-9.9375	19.375

1495839518860	2.1875	-10.0625	19.375

1495839518961	2.4375	-10.25	19.625

1495839519063	2.5625	-11.0	19.625

1495839519161	2.3125	-11.125	20.25

1495839519263	2.5625	-11.3125	20.375

1495839519361	2.0625	-11.5	20.3125

1495839519473	1.75	-11.6875	19.6875

1495839519564	1.6875	-12.3125	19.5

1495839519661	1.5	-11.8125	19.875

1495839519773	1.9375	-11.25	20.3125

1495839519862	2.1875	-10.9375	20.9375

1495839519971	2.1875	-10.375	21.0625

1495839520062	1.9375	-10.8125	20.4375

1495839520172	2.0	-10.875	20.6875

