1496747967916	-0.5682121	0.41766587	0.05662137

1496747967917	-0.51265657	0.47335464	0.055555556

1496747967927	-0.4994671	0.4994671	0.074074075

1496747967937	-0.48427925	0.4994671	0.046895817

1496747967947	-0.47335464	0.44937384	0.019584332

1496747967964	-0.47335464	0.55622166	0.037037037

1496747967979	-0.48747668	0.5518252	0.029443111

1496747967981	-0.48747668	0.47881696	0.0065281107

1496747967989	-0.50173193	0.45043966	-0.019584332

1496747967997	-0.53224087	0.48427925	-0.055555556

1496747968007	-0.5518252	0.43951505	-0.101385556

1496747968017	-0.5311751	0.5289102	-0.062083665

1496747968027	-0.47442046	0.57913667	-0.02824407

1496747968037	-0.40794033	0.54316545	-0.015187849

1496747968048	-0.3511857	0.47335464	0.00532907

1496747968057	-0.31081802	0.34359178	0.034905408

1496747968067	-0.26831868	0.17772448	0.101385556

1496747968077	-0.14721556	0.23114842	0.15267786

1496747968097	-0.117772445	0.19304556	0.15480949

1496747968099	-0.118838266	0.17772448	0.11670663

1496747968109	-0.12323475	-0.042499334	0.045696776

1496747968122	-0.034905408	-0.19078071	-0.026112443

1496747968127	0.06648015	-0.31947774	-0.098054886

1496747968137	0.16573408	-0.36317614	-0.20610179

1496747968147	0.2529976	-0.43298694	-0.2246203

1496747968157	0.36424193	-0.5398348	-0.18105516

1496747968170	0.44710898	-0.6739941	-0.21809219

1496747968177	0.5114575	-0.8136158	-0.2126299

1496747968188	0.61191046	-0.87370104	-0.101385556

1496747968197	0.6926459	-0.85731417	-0.02504663

1496747968207	0.74273914	-0.76565415	0.07300826

1496747968218	0.804956	-0.6565414	0.19078071

1496747968228	0.8846256	-0.54756194	0.31734613

1496747968243	0.9816147	-0.45590195	0.4351186

1496747968247	1.0808686	-0.41340262	0.52464694

1496747968257	1.1954436	-0.4373834	0.59445775

1496747968267	1.2881695	-0.46895817	0.6707967

1496747968277	1.3481215	-0.5223821	0.7208899

1496747968288	1.2871037	-0.67292833	0.72861713

1496747968298	1.2063682	-0.7460698	0.7111644

1496747968312	1.1103117	-0.8245404	0.63362646

1496747968317	1.0514256	-0.91073805	0.51811886

1496747968327	1.0297096	-0.9969358	0.3904876

1496747968337	0.98814285	-1.0448974	0.2704503

1496747968347	0.9456435	-1.0417	0.16027178

1496747968365	0.91953105	-1.0165201	0.057687182

1496747968373	0.9172662	-0.9773514	0.004263256

1496747968382	0.9445777	-0.918332	0.0119904075

1496747968387	0.96642685	-0.8943512	0.023980815

1496747968397	0.9816147	-0.9128697	0.019584332

1496747968407	0.9467093	-0.9347189	-0.00532907

1496747968417	0.86930454	-0.9260591	-0.032640554

1496747968428	0.78417265	-0.9063416	-0.02504663

1496747968442	0.7046363	-0.88569146	0.0065281107

1496747968450	0.63482547	-0.8485212	0.043565147

1496747968457	0.5682121	-0.87263525	0.07847056

1496747968467	0.49733546	-0.88236076	0.10031974

1496747968477	0.42752466	-0.76458836	0.09259259

1496747968487	0.20277111	-0.4940048	0.04143352

1496747968498	0.029443111	-0.32933652	0.003197442

1496747968508	-0.1624034	-0.35331735	-0.06861178

1496747968517	-0.33040234	-0.37623236	-0.12323475

1496747968527	-0.44937384	-0.35664803	-0.18318678

1496747968537	-0.45483613	-0.2475353	-0.22022381

1496747968547	-0.42539302	-0.27804422	-0.2300826

1496747968557	-0.35438317	-0.40674126	-0.21049827

1496747968570	-0.264988	-0.41446844	-0.173328

1496747968577	-0.1613376	-0.41113776	-0.1438849

1496747968588	-0.08180123	-0.3261391	-0.10578204

1496747968597	-0.08832934	-0.2017053	-0.018518519

1496747968608	-0.18864909	-0.23554489	0.07194245

1496747968620	-0.22901678	-0.22795098	0.1613376

1496747968627	-0.18531841	-0.17119637	0.26059154

1496747968637	-0.2246203	0.09259259	0.25512922

1496747968647	-0.36863843	0.41553423	0.14068745

1496747968657	-0.46029842	0.63362646	0.049027443

1496747968669	-0.5867306	0.7689848	0.032640554

1496747968679	-0.70889956	0.84092724	0.11231015

1496747968695	-0.8093525	0.5824674	0.19197975

1496747968697	-0.71982414	0.33160138	0.2693845

1496747968707	-0.6270983	0.1449507	0.34239274

1496747968717	-0.5540901	0.06861178	0.36317614

1496747968727	-0.492939	0.069810815	0.32494006

1496747968740	-0.43844923	0.10031974	0.25086597

1496747968747	-0.39475086	0.17559285	0.17772448

1496747968757	-0.37183586	0.2977618	0.117772445

1496747968767	-0.36530775	0.41766587	0.07513989

1496747968777	-0.36424193	0.49520382	0.049027443

1496747968787	-0.36211032	0.53224087	0.05662137

1496747968799	-0.34785506	0.5507594	0.087263525

1496747968813	-0.32387424	0.5726086	0.12216893

1496747968817	-0.2933653	0.6041833	0.15707435

1496747968827	-0.2693845	0.63589126	0.18864909

1496747968837	-0.23447908	0.6424194	0.20397016

1496747968857	-0.2126299	0.6249667	0.23341326

1496747968859	-0.20397016	0.5921929	0.26831868

1496747968868	-0.2071676	0.5780709	0.29549694

1496747968877	-0.21049827	0.56608045	0.3282707

1496747968888	-0.2475353	0.50492936	0.3228084

1496747968904	-0.27804422	0.47122303	0.30748734

1496747968907	-0.31081802	0.45803356	0.27924326

1496747968917	-0.3347988	0.44710898	0.23554489

1496747968930	-0.34572342	0.44710898	0.20503597

1496747968937	-0.3391953	0.48094857	0.17665868

1496747968947	-0.3282707	0.48974153	0.150413

1496747968960	-0.3141487	0.46576074	0.108979486

1496747968967	-0.28030908	0.48094857	0.111244336

1496747968977	-0.23994137	0.49626964	0.11337597

1496747968991	-0.20063949	0.49080735	0.09152678

1496747968997	-0.1613376	0.48427925	0.058886223

1496747969007	-0.12869704	0.48321342	0.029443111

1496747969017	-0.108979486	0.49080735	-0.0075939246

1496747969027	-0.111244336	0.50492936	-0.03810285

1496747969037	-0.12536637	0.5082601	-0.067545965

1496747969047	-0.13962163	0.49626964	-0.09152678

1496747969057	-0.1438849	0.48974153	-0.12869704

1496747969067	-0.118838266	0.5038636	-0.15480949

1496747969077	-0.009725553	0.56501466	-0.19078071

1496747969088	0.058886223	0.6053824	-0.196243

1496747969099	0.10471623	0.62163603	-0.20823342

1496747969108	0.11670663	0.6325606	-0.19957368

1496747969117	0.09925393	0.6478817	-0.17772448

1496747969130	0.093791634	0.6609379	-0.14068745

1496747969137	0.10351719	0.6239009	-0.11337597

1496747969147	0.15267786	0.6554756	-0.053423926

1496747969157	0.2071676	0.6882494	0.004263256

1496747969167	0.23554489	0.6544098	0.057687182

1496747969178	0.2584599	0.58459896	0.107913665

1496747969194	0.29229948	0.5343725	0.18758327

1496747969204	0.33586463	0.47881696	0.23554489

1496747969224	0.3490541	0.39261925	0.2628564

1496747969234	0.35877964	0.30868638	0.27378097

1496747969270	0.38822275	0.2126299	0.23554489

1496747969271	0.46243006	0.14281908	0.20397016

1496747969273	0.5638156	0.14828138	0.21476153

1496747969276	0.62283504	0.12869704	0.1329603

