1494566519043	28.02	10.5	-44.64

1494566519139	28.02	10.68	-44.82

1494566519245	28.02	10.8	-45.12

1494566519352	27.9	10.68	-45.18

1494566519444	27.72	10.8	-45.54

1494566519547	27.66	10.92	-45.6

1494566519639	27.54	11.1	-45.78

1494566519741	27.66	11.16	-46.02

1494566519860	27.54	11.16	-46.02

1494566519939	27.66	11.1	-45.96

1494566520043	27.84	11.16	-46.32

1494566520139	27.72	11.22	-46.56

1494566520239	27.9	11.16	-46.5

1494566520339	27.84	11.04	-46.44

1494566520439	27.6	11.1	-46.62

1494566520539	27.54	11.04	-46.5

1494566520640	27.6	10.86	-46.5

1494566520741	27.3	10.86	-46.26

1494566520840	27.12	10.86	-45.84

1494566520939	27.24	10.68	-45.54

1494566521045	27.12	10.68	-45.42

1494566521156	27.24	10.62	-45.36

1494566521239	27.36	10.62	-45.24

1494566521340	27.24	10.86	-45.48

1494566521439	27.3	11.04	-45.54

1494566521540	27.48	10.98	-45.48

1494566521639	27.66	10.98	-45.48

1494566521739	27.48	11.28	-45.54

1494566521850	27.6	11.22	-45.48

1494566521939	27.54	11.52	-45.42

1494566522041	27.78	11.52	-45.24

1494566522139	27.72	11.7	-45.12

1494566522241	27.66	11.82	-45.24

1494566522339	27.6	11.88	-45.54

1494566522439	27.3	12.0	-45.54

1494566522539	27.6	11.88	-45.54

1494566522641	27.66	12.12	-45.66

1494566522739	27.48	12.0	-45.84

1494566522846	27.54	11.94	-45.72

1494566522940	27.54	11.76	-45.72

1494566523040	27.72	11.52	-45.42

1494566523139	27.84	11.4	-45.12

1494566523239	27.9	11.46	-45.06

1494566523339	27.6	11.34	-44.94

1494566523439	27.54	11.34	-45.06

1494566523541	27.78	11.22	-45.0

1494566523644	27.6	11.1	-45.0

1494566523739	27.54	11.1	-44.88

1494566523839	27.54	11.22	-45.12

1494566523939	27.54	11.28	-45.24

