1495997356711	0.124	-0.105	9.711

1495997356729	0.105	-0.105	9.672

1495997356741	0.114	-0.076	9.72

1495997356751	0.124	-0.095	9.672

1495997356760	0.114	-0.067	9.672

1495997356769	0.114	-0.057	9.682

1495997356779	0.105	-0.038	9.682

1495997356789	0.114	-0.019	9.692

1495997356807	0.114	-0.019	9.711

1495997356818	0.086	-0.028	9.653

1495997356820	0.143	-0.057	9.692

1495997356829	0.134	-0.057	9.73

1495997356840	0.134	-0.076	9.73

1495997356852	0.105	-0.086	9.692

1495997356860	0.105	-0.076	9.682

1495997356869	0.114	-0.067	9.682

1495997356879	0.086	-0.076	9.634

1495997356891	0.076	-0.067	9.692

1495997356899	0.114	-0.038	9.672

1495997356909	0.067	-0.067	9.682

1495997356919	0.105	-0.114	9.653

1495997356929	0.095	-0.143	9.653

1495997356942	0.105	-0.143	9.672

1495997356950	0.105	-0.134	9.692

1495997356959	0.143	-0.143	9.663

1495997356969	0.153	-0.124	9.682

1495997356979	0.124	-0.086	9.701

1495997356998	0.124	-0.067	9.711

1495997357001	0.134	-0.047	9.692

1495997357009	0.124	-0.009	9.701

1495997357019	0.114	0.0	9.701

1495997357030	0.095	0.0	9.72

1495997357044	0.114	0.0	9.711

1495997357052	0.095	0.019	9.701

1495997357059	0.095	0.0	9.692

1495997357069	0.114	-0.019	9.682

1495997357079	0.105	-0.057	9.701

1495997357092	0.105	-0.086	9.682

1495997357099	0.114	-0.086	9.73

1495997357109	0.114	-0.105	9.701

1495997357119	0.124	-0.134	9.711

1495997357129	0.143	-0.153	9.711

1495997357141	0.153	-0.162	9.692

1495997357150	0.162	-0.134	9.682

1495997357161	0.143	-0.114	9.663

1495997357169	0.143	-0.076	9.663

1495997357179	0.134	-0.057	9.749

1495997357200	0.086	-0.028	9.644

1495997357204	0.134	0.0	9.682

1495997357210	0.105	0.019	9.672

1495997357219	0.086	0.0	9.663

1495997357229	0.076	-0.009	9.663

1495997357241	0.105	-0.019	9.72

1495997357249	0.086	-0.047	9.653

1495997357260	0.067	-0.028	9.663

1495997357269	0.086	-0.067	9.634

1495997357279	0.105	-0.095	9.672

1495997357293	0.124	-0.114	9.692

1495997357299	0.086	-0.114	9.644

1495997357309	0.095	-0.114	9.692

1495997357319	0.124	-0.153	9.663

1495997357329	0.134	-0.124	9.701

1495997357341	0.172	-0.105	9.739

1495997357350	0.162	-0.095	9.739

1495997357359	0.162	-0.038	9.701

1495997357369	0.114	-0.009	9.672

1495997357383	0.124	-0.009	9.73

1495997357392	0.067	0.028	9.663

1495997357399	0.086	-0.009	9.711

1495997357409	0.124	-0.028	9.711

1495997357419	0.086	-0.028	9.701

1495997357429	0.057	-0.047	9.663

1495997357441	0.095	-0.114	9.672

1495997357450	0.124	-0.114	9.692

1495997357461	0.095	-0.114	9.711

1495997357469	0.114	-0.143	9.692

1495997357479	0.143	-0.114	9.701

1495997357491	0.172	-0.124	9.692

1495997357499	0.095	-0.086	9.663

1495997357509	0.134	-0.067	9.711

1495997357519	0.124	-0.047	9.72

1495997357529	0.114	-0.028	9.692

1495997357543	0.105	-0.028	9.672

1495997357549	0.067	-0.038	9.653

1495997357560	0.114	-0.038	9.682

1495997357571	0.076	-0.038	9.701

1495997357579	0.124	-0.086	9.72

1495997357591	0.134	-0.086	9.682

1495997357599	0.143	-0.114	9.682

1495997357609	0.143	-0.124	9.73

1495997357619	0.153	-0.134	9.701

1495997357629	0.105	-0.095	9.672

1495997357652	0.105	-0.114	9.72

1495997357674	0.095	-0.086	9.701

1495997357676	0.076	-0.028	9.672

1495997357677	0.086	-0.028	9.663

1495997357681	0.086	-0.019	9.644

1495997357692	0.086	-0.019	9.682

1495997357700	0.095	-0.057	9.692

1495997357709	0.114	-0.057	9.759

1495997357719	0.095	-0.047	9.72

1495997357729	0.124	-0.067	9.682

1495997357741	0.124	-0.105	9.711

1495997357751	0.114	-0.067	9.672

1495997357759	0.114	-0.095	9.682

1495997357769	0.172	-0.105	9.711

1495997357779	0.153	-0.086	9.682

1495997357791	0.124	-0.076	9.701

1495997357799	0.114	-0.076	9.672

1495997357809	0.143	-0.067	9.701

1495997357819	0.124	-0.076	9.653

1495997357829	0.095	-0.086	9.663

1495997357843	0.124	-0.076	9.701

1495997357849	0.095	-0.047	9.72

1495997357861	0.095	-0.095	9.653

1495997357870	0.143	-0.086	9.711

1495997357879	0.105	-0.057	9.692

1495997357891	0.124	-0.067	9.711

1495997357899	0.114	-0.067	9.672

1495997357909	0.114	-0.086	9.682

1495997357923	0.114	-0.057	9.682

1495997357929	0.086	-0.038	9.672

1495997357941	0.105	-0.047	9.711

1495997357949	0.134	-0.067	9.711

1495997357960	0.114	-0.076	9.711

1495997357969	0.114	-0.086	9.663

1495997357979	0.124	-0.105	9.72

1495997357995	0.134	-0.095	9.682

1495997357999	0.143	-0.114	9.692

1495997358009	0.134	-0.105	9.711

1495997358027	0.124	-0.076	9.72

1495997358031	0.114	-0.095	9.682

1495997358050	0.105	-0.067	9.711

1495997358051	0.105	-0.076	9.682

1495997358060	0.134	-0.067	9.72

1495997358069	0.086	-0.057	9.644

1495997358079	0.124	-0.047	9.711

1495997358092	0.114	-0.047	9.701

1495997358099	0.134	-0.067	9.711

1495997358110	0.095	-0.038	9.692

1495997358123	0.114	-0.067	9.711

1495997358129	0.105	-0.067	9.672

1495997358143	0.095	-0.105	9.672

1495997358149	0.114	-0.086	9.672

1495997358160	0.143	-0.086	9.711

1495997358169	0.095	-0.076	9.672

1495997358180	0.134	-0.057	9.682

1495997358191	0.105	-0.057	9.701

1495997358200	0.095	-0.028	9.72

1495997358216	0.086	-0.047	9.682

1495997358219	0.153	-0.086	9.711

1495997358229	0.134	-0.076	9.73

1495997358242	0.114	-0.095	9.692

1495997358249	0.143	-0.086	9.739

1495997358260	0.134	-0.114	9.72

1495997358269	0.114	-0.095	9.739

1495997358279	0.105	-0.076	9.682

1495997358291	0.105	-0.095	9.682

1495997358299	0.114	-0.076	9.72

1495997358312	0.105	-0.067	9.701

1495997358319	0.105	-0.067	9.672

1495997358329	0.095	-0.057	9.634

1495997358342	0.124	-0.047	9.672

1495997358348	0.076	-0.047	9.625

1495997358359	0.086	-0.038	9.663

1495997358369	0.086	-0.076	9.653

1495997358379	0.086	-0.057	9.663

1495997358391	0.124	-0.076	9.711

1495997358399	0.095	-0.067	9.672

1495997358411	0.124	-0.067	9.644

1495997358419	0.105	-0.067	9.672

1495997358429	0.086	-0.057	9.663

1495997358444	0.134	-0.095	9.672

1495997358449	0.105	-0.076	9.653

1495997358461	0.095	-0.076	9.682

1495997358474	0.086	-0.038	9.711

1495997358480	0.124	-0.076	9.701

1495997358491	0.105	-0.067	9.701

1495997358499	0.114	-0.076	9.73

1495997358509	0.114	-0.067	9.692

1495997358519	0.105	-0.076	9.692

1495997358529	0.105	-0.047	9.682

1495997358542	0.076	-0.057	9.711

1495997358548	0.114	-0.076	9.663

1495997358561	0.134	-0.067	9.711

1495997358570	0.124	-0.067	9.701

1495997358579	0.124	-0.086	9.692

1495997358591	0.124	-0.076	9.682

1495997358599	0.105	-0.067	9.73

1495997358609	0.124	-0.067	9.72

1495997358619	0.114	-0.067	9.701

1495997358630	0.105	-0.047	9.663

1495997358645	0.124	-0.057	9.692

1495997358649	0.153	-0.076	9.72

1495997358661	0.124	-0.067	9.711

1495997358684	0.143	-0.086	9.73

1495997358687	0.086	-0.086	9.692

1495997358692	0.124	-0.095	9.682

1495997358699	0.095	-0.086	9.711

1495997358709	0.105	-0.086	9.701

1495997358719	0.086	-0.076	9.672

1495997358729	0.076	-0.067	9.644

1495997358744	0.105	-0.047	9.701

1495997358748	0.114	-0.095	9.711

1495997358763	0.143	-0.076	9.672

1495997358769	0.114	-0.067	9.672

1495997358779	0.143	-0.086	9.692

1495997358791	0.114	-0.086	9.711

1495997358799	0.124	-0.067	9.682

1495997358810	0.134	-0.076	9.692

1495997358819	0.124	-0.057	9.682

1495997358829	0.105	-0.086	9.682

1495997358842	0.105	-0.076	9.711

1495997358849	0.143	-0.086	9.73

1495997358862	0.114	-0.057	9.701

1495997358870	0.114	-0.057	9.663

1495997358879	0.095	-0.057	9.701

1495997358891	0.105	-0.067	9.644

1495997358899	0.095	-0.047	9.653

1495997358909	0.105	-0.057	9.701

1495997358919	0.105	-0.057	9.682

1495997358930	0.095	-0.057	9.672

1495997358946	0.143	-0.105	9.701

1495997358949	0.153	-0.105	9.711

1495997358961	0.143	-0.105	9.72

1495997358973	0.105	-0.047	9.692

1495997358979	0.105	-0.057	9.711

1495997358999	0.124	-0.067	9.73

1495997359002	0.114	-0.057	9.711

1495997359009	0.105	-0.057	9.711

1495997359019	0.086	-0.076	9.672

1495997359029	0.124	-0.067	9.711

1495997359042	0.134	-0.076	9.701

1495997359049	0.095	-0.095	9.682

1495997359064	0.124	-0.095	9.72

1495997359070	0.114	-0.076	9.73

1495997359079	0.105	-0.105	9.692

1495997359091	0.124	-0.076	9.72

1495997359107	0.124	-0.067	9.72

1495997359109	0.143	-0.067	9.711

1495997359120	0.114	-0.086	9.701

1495997359130	0.134	-0.086	9.72

1495997359141	0.134	-0.076	9.682

1495997359149	0.105	-0.076	9.692

1495997359160	0.134	-0.076	9.72

1495997359170	0.086	-0.067	9.644

1495997359179	0.095	-0.086	9.644

1495997359191	0.105	-0.076	9.672

1495997359203	0.124	-0.095	9.72

1495997359209	0.095	-0.076	9.682

1495997359226	0.105	-0.076	9.692

1495997359229	0.105	-0.047	9.72

1495997359241	0.095	-0.057	9.663

1495997359249	0.124	-0.057	9.682

1495997359260	0.114	-0.067	9.644

1495997359269	0.114	-0.057	9.682

1495997359279	0.105	-0.047	9.701

1495997359304	0.095	-0.047	9.692

1495997359309	0.143	-0.086	9.739

1495997359319	0.124	-0.086	9.72

1495997359329	0.114	-0.076	9.701

1495997359343	0.124	-0.076	9.672

1495997359349	0.153	-0.086	9.759

1495997359360	0.124	-0.067	9.739

1495997359369	0.124	-0.076	9.663

1495997359379	0.095	-0.057	9.663

1495997359391	0.124	-0.086	9.672

1495997359399	0.086	-0.047	9.672

1495997359411	0.095	-0.067	9.72

1495997359419	0.095	-0.047	9.692

1495997359429	0.114	-0.067	9.682

1495997359441	0.095	-0.095	9.672

1495997359449	0.114	-0.076	9.739

1495997359460	0.134	-0.067	9.749

1495997359469	0.114	-0.076	9.672

1495997359479	0.114	-0.067	9.711

1495997359491	0.114	-0.057	9.692

1495997359499	0.114	-0.076	9.663

1495997359510	0.143	-0.086	9.701

1495997359519	0.086	-0.057	9.663

1495997359529	0.143	-0.086	9.701

1495997359541	0.105	-0.076	9.663

1495997359549	0.105	-0.086	9.701

1495997359559	0.086	-0.057	9.701

1495997359569	0.124	-0.086	9.701

1495997359579	0.114	-0.057	9.692

1495997359593	0.124	-0.076	9.692

1495997359599	0.086	-0.086	9.682

1495997359615	0.105	-0.057	9.73

1495997359619	0.105	-0.067	9.711

1495997359629	0.114	-0.067	9.73

1495997359641	0.105	-0.076	9.72

1495997359649	0.124	-0.095	9.73

1495997359661	0.114	-0.067	9.749

1495997359670	0.134	-0.076	9.711

1495997359679	0.114	-0.076	9.701

1495997359691	0.134	-0.086	9.701

1495997359699	0.134	-0.076	9.682

1495997359709	0.105	-0.067	9.72

1495997359719	0.153	-0.095	9.749

1495997359729	0.114	-0.076	9.73

1495997359741	0.134	-0.076	9.692

1495997359750	0.124	-0.067	9.701

1495997359762	0.134	-0.067	9.73

1495997359770	0.105	-0.057	9.672

1495997359779	0.124	-0.047	9.692

1495997359791	0.124	-0.057	9.701

1495997359800	0.114	-0.067	9.682

1495997359811	0.134	-0.086	9.692

1495997359819	0.114	-0.086	9.73

1495997359831	0.114	-0.076	9.711

1495997359847	0.153	-0.095	9.759

1495997359851	0.124	-0.076	9.701

1495997359861	0.134	-0.076	9.72

1495997359872	0.124	-0.095	9.73

1495997359884	0.124	-0.105	9.711

1495997359893	0.114	-0.067	9.701

1495997359899	0.124	-0.057	9.73

1495997359909	0.095	-0.047	9.692

1495997359920	0.086	-0.047	9.682

1495997359929	0.134	-0.057	9.749

1495997359942	0.086	-0.076	9.672

1495997359957	0.124	-0.086	9.739

1495997359961	0.095	-0.067	9.644

1495997359970	0.114	-0.057	9.72

1495997359979	0.124	-0.067	9.739

1495997359996	0.134	-0.095	9.692

1495997359999	0.114	-0.067	9.692

1495997360009	0.114	-0.076	9.653

1495997360019	0.134	-0.076	9.739

1495997360029	0.124	-0.095	9.701

1495997360043	0.114	-0.067	9.672

1495997360049	0.134	-0.086	9.73

1495997360061	0.134	-0.076	9.711

1495997360069	0.114	-0.105	9.739

1495997360079	0.153	-0.086	9.701

1495997360091	0.134	-0.086	9.701

1495997360099	0.134	-0.076	9.73

1495997360109	0.105	-0.067	9.692

1495997360119	0.086	-0.067	9.692

1495997360130	0.095	-0.095	9.672

1495997360148	0.114	-0.067	9.73

1495997360154	0.134	-0.114	9.692

1495997360167	0.105	-0.067	9.672

1495997360169	0.105	-0.095	9.711

1495997360179	0.124	-0.086	9.711

1495997360194	0.134	-0.086	9.711

1495997360199	0.134	-0.076	9.692

1495997360209	0.162	-0.067	9.749

1495997360219	0.153	-0.086	9.73

1495997360229	0.134	-0.086	9.711

1495997360242	0.153	-0.095	9.73

1495997360249	0.114	-0.057	9.711

1495997360260	0.114	-0.047	9.682

1495997360269	0.086	-0.057	9.692

1495997360279	0.114	-0.067	9.682

1495997360291	0.124	-0.067	9.73

1495997360299	0.095	-0.105	9.634

1495997360311	0.105	-0.095	9.663

1495997360320	0.114	-0.105	9.701

1495997360337	0.124	-0.124	9.72

1495997360350	0.124	-0.124	9.692

1495997360369	0.143	-0.105	9.692

1495997360370	0.162	-0.105	9.72

1495997360372	0.143	-0.067	9.711

1495997360379	0.105	-0.057	9.672

1495997360391	0.143	-0.057	9.711

1495997360399	0.143	-0.019	9.701

1495997360409	0.095	0.009	9.653

1495997360421	0.095	-0.009	9.672

1495997360429	0.086	-0.028	9.692

1495997360441	0.095	-0.057	9.682

1495997360449	0.076	-0.076	9.692

1495997360460	0.086	-0.095	9.663

1495997360469	0.095	-0.114	9.644

1495997360479	0.114	-0.124	9.692

1495997360493	0.124	-0.105	9.701

1495997360499	0.114	-0.095	9.682

1495997360509	0.134	-0.114	9.682

1495997360519	0.143	-0.086	9.682

1495997360529	0.143	-0.067	9.682

1495997360541	0.172	-0.038	9.73

1495997360549	0.105	-0.019	9.701

1495997360560	0.153	-0.057	9.682

1495997360569	0.143	-0.038	9.711

1495997360579	0.124	-0.047	9.692

1495997360597	0.095	-0.057	9.711

1495997360602	0.114	-0.086	9.711

1495997360613	0.114	-0.095	9.701

1495997360619	0.114	-0.114	9.692

1495997360629	0.105	-0.114	9.711

1495997360641	0.124	-0.105	9.672

1495997360649	0.086	-0.076	9.663

1495997360660	0.134	-0.076	9.72

1495997360669	0.095	-0.038	9.692

1495997360679	0.114	-0.038	9.701

1495997360692	0.114	-0.047	9.682

1495997360699	0.143	-0.047	9.759

1495997360709	0.134	-0.038	9.711

1495997360719	0.124	-0.076	9.711

1495997360729	0.134	-0.105	9.692

1495997360743	0.153	-0.057	9.701

1495997360749	0.124	-0.095	9.653

1495997360759	0.124	-0.086	9.653

1495997360776	0.143	-0.095	9.701

1495997360780	0.105	-0.095	9.711

1495997360791	0.124	-0.086	9.72

1495997360799	0.076	-0.067	9.701

1495997360809	0.086	-0.067	9.672

1495997360819	0.124	-0.076	9.701

1495997360829	0.114	-0.076	9.701

1495997360841	0.143	-0.067	9.749

1495997360850	0.162	-0.076	9.768

1495997360860	0.162	-0.095	9.72

1495997360872	0.134	-0.086	9.72

1495997360880	0.162	-0.067	9.73

1495997360892	0.143	-0.067	9.759

1495997360899	0.153	-0.086	9.692

1495997360909	0.124	-0.076	9.72

1495997360919	0.114	-0.076	9.701

1495997360929	0.114	-0.086	9.701

1495997360941	0.086	-0.067	9.711

1495997360949	0.105	-0.067	9.73

1495997360959	0.086	-0.057	9.711

1495997360970	0.105	-0.076	9.72

1495997360979	0.105	-0.086	9.701

1495997360996	0.095	-0.057	9.682

1495997360999	0.095	-0.095	9.692

1495997361009	0.134	-0.076	9.711

1495997361019	0.134	-0.057	9.692

1495997361029	0.134	-0.076	9.682

1495997361042	0.114	-0.057	9.711

1495997361052	0.143	-0.067	9.73

1495997361062	0.153	-0.076	9.73

1495997361071	0.124	-0.057	9.701

1495997361080	0.162	-0.105	9.72

1495997361091	0.134	-0.105	9.711

1495997361099	0.162	-0.105	9.711

1495997361109	0.134	-0.114	9.73

1495997361119	0.134	-0.124	9.711

1495997361129	0.124	-0.076	9.692

1495997361141	0.114	-0.095	9.72

1495997361149	0.114	-0.057	9.711

1495997361159	0.105	-0.095	9.701

1495997361171	0.134	-0.067	9.72

1495997361179	0.124	-0.057	9.711

1495997361192	0.105	-0.067	9.644

1495997361199	0.114	-0.047	9.72

1495997361210	0.143	-0.076	9.692

1495997361219	0.124	-0.067	9.701

1495997361229	0.114	-0.067	9.672

1495997361242	0.134	-0.076	9.72

1495997361249	0.114	-0.095	9.672

1495997361269	0.162	-0.095	9.73

1495997361279	0.153	-0.124	9.711

1495997361291	0.105	-0.086	9.663

1495997361299	0.114	-0.086	9.682

1495997361309	0.095	-0.038	9.711

1495997361319	0.153	-0.038	9.73

1495997361329	0.095	-0.009	9.711

1495997361343	0.076	-0.019	9.711

1495997361349	0.047	-0.028	9.663

1495997361359	0.076	-0.019	9.701

1495997361370	0.105	-0.057	9.711

1495997361379	0.114	-0.057	9.711

1495997361391	0.105	-0.086	9.701

1495997361399	0.124	-0.086	9.72

1495997361414	0.095	-0.067	9.711

1495997361419	0.086	-0.067	9.692

1495997361429	0.114	-0.057	9.672

1495997361441	0.143	-0.086	9.701

1495997361450	0.21	-0.162	9.739

1495997361471	0.22	-0.162	9.768

1495997361482	0.229	-0.162	9.816

1495997361493	0.201	-0.105	9.759

1495997361505	0.201	-0.086	9.749

1495997361510	0.143	-0.076	9.72

1495997361528	0.114	-0.028	9.72

1495997361545	0.067	-0.019	9.644

1495997361549	0.076	-0.028	9.701

1495997361559	0.057	-0.038	9.653

1495997361569	0.028	-0.038	9.653

1495997361579	0.019	-0.057	9.644

1495997361591	0.067	-0.086	9.644

1495997361599	0.095	-0.153	9.682

1495997361611	0.153	-0.153	9.739

1495997361619	0.153	-0.162	9.711

1495997361629	0.172	-0.124	9.768

1495997361643	0.162	-0.114	9.73

1495997361650	0.162	-0.057	9.72

1495997361659	0.153	-0.047	9.682

1495997361671	0.134	0.009	9.759

1495997361680	0.095	0.009	9.72

1495997361692	0.076	-0.009	9.663

