1496591718160	12.72	-21.96	-20.28

1496591718208	-22.62	-30.54	-1.02

1496591718279	-23.22	-30.48	0.06

1496591718376	-22.8	-30.72	1.98

1496591718462	-21.66	-31.2	2.58

1496591718562	-20.28	-31.98	3.84

1496591718661	-19.68	-31.98	2.7

1496591718762	-21.24	-31.2	0.48

1496591718861	-23.52	-29.82	0.0

1496591718961	-25.26	-28.08	-0.72

1496591719080	-26.88	-26.64	-2.1

1496591719164	-28.44	-25.62	-3.12

1496591719263	-29.88	-25.02	-4.32

1496591719361	-30.84	-24.72	-4.8

1496591719460	-30.66	-24.78	-4.74

1496591719563	-29.76	-25.5	-3.66

1496591719661	-28.26	-26.82	-2.82

1496591719761	-26.22	-28.98	-0.84

1496591719861	-23.82	-30.84	1.74

1496591719971	-21.72	-32.16	3.12

1496591720062	-20.82	-32.88	3.48

1496591720161	-21.66	-32.52	3.6

1496591720261	-23.7	-31.26	3.66

1496591720361	-25.92	-29.46	2.7

1496591720471	-27.54	-28.08	1.98

1496591720561	-29.04	-26.94	0.72

1496591720660	-30.36	-26.4	-0.36

1496591720771	-30.78	-26.46	-0.78

1496591720891	-30.18	-26.7	-0.96

1496591720960	-28.56	-27.54	-1.08

1496591721071	-26.58	-29.34	-0.24

1496591721171	-24.42	-31.14	1.02

1496591721271	-22.02	-33.0	2.4

1496591721371	-19.56	-34.44	3.42

1496591721470	-17.64	-35.16	3.18

1496591721570	-16.92	-35.1	1.98

1496591721671	-16.62	-34.56	0.48

1496591721771	-17.34	-33.54	-1.08

1496591721875	-17.94	-31.98	-3.9

1496591721974	-17.46	-30.12	-7.5

1496591722071	-16.74	-28.92	-10.86

1496591722171	-16.14	-27.96	-14.04

1496591722271	-14.64	-27.42	-16.2

1496591722379	-12.18	-26.88	-17.28

1496591722471	-9.24	-26.82	-17.16

1496591722571	-5.4	-27.96	-16.68

1496591722671	-1.5	-29.22	-15.54

1496591722770	1.56	-30.96	-13.5

1496591722871	4.08	-31.8	-12.0

1496591722971	5.88	-31.98	-11.64

1496591723070	6.3	-32.1	-12.12

