1495736706878	0.15696123	0.6278449	9.810077

1495736706879	0.15696123	0.6278449	9.888557

1495736706880	0.15696123	0.6278449	9.810077

1495736706888	0.15696123	0.6278449	9.888557

1495736706899	0.15696123	0.6278449	9.810077

1495736706928	0.15696123	0.6278449	9.888557

1495736706969	0.15696123	0.6278449	9.810077

1495736707002	0.15696123	0.6278449	9.888557

1495736707036	0.15696123	0.6278449	9.810077

1495736707040	0.15696123	0.6278449	9.810077

1495736707049	0.15696123	0.6278449	9.810077

1495736707059	0.15696123	0.6278449	9.810077

1495736707086	0.15696123	0.6278449	9.810077

1495736707109	0.15696123	0.6278449	9.888557

1495736707118	0.15696123	0.6278449	9.888557

1495736707128	0.15696123	0.6278449	9.888557

1495736707149	0.15696123	0.5493643	9.810077

1495736707159	0.15696123	0.6278449	9.888557

1495736707169	0.15696123	0.6278449	9.888557

1495736707190	0.15696123	0.6278449	9.810077

1495736707219	0.15696123	0.6278449	9.888557

1495736707268	0.15696123	0.6278449	9.810077

1495736707299	0.15696123	0.6278449	9.888557

1495736707313	0.078480616	0.6278449	9.888557

1495736707319	0.078480616	0.6278449	9.888557

1495736707355	0.15696123	0.6278449	9.888557

1495736707356	0.15696123	0.6278449	9.810077

1495736707359	0.15696123	0.6278449	9.810077

1495736707369	0.15696123	0.6278449	9.810077

1495736707379	0.15696123	0.6278449	9.810077

1495736707395	0.15696123	0.70632553	9.810077

1495736707399	0.078480616	0.6278449	9.810077

1495736707409	0.15696123	0.6278449	9.888557

1495736707430	0.15696123	0.6278449	9.810077

1495736707432	0.078480616	0.6278449	9.810077

1495736707448	0.15696123	0.6278449	9.810077

1495736707468	0.15696123	0.6278449	9.810077

1495736707483	0.078480616	0.6278449	9.810077

1495736707488	0.15696123	0.6278449	9.888557

1495736707549	0.15696123	0.70632553	9.888557

1495736707563	0.15696123	0.6278449	9.888557

1495736707589	0.15696123	0.6278449	9.810077

1495736707611	0.15696123	0.6278449	9.888557

1495736707612	0.15696123	0.6278449	9.888557

1495736707619	0.15696123	0.6278449	9.888557

1495736707639	0.15696123	0.5493643	9.888557

1495736707659	0.15696123	0.6278449	9.888557

1495736707679	0.15696123	0.6278449	9.810077

1495736707719	0.078480616	0.6278449	9.967038

1495736707729	0.15696123	0.6278449	9.888557

1495736707742	0.15696123	0.6278449	9.810077

1495736707759	0.15696123	0.6278449	9.888557

1495736707784	0.15696123	0.6278449	9.888557

1495736707785	0.078480616	0.6278449	9.967038

1495736707789	0.15696123	0.6278449	9.888557

1495736707799	0.078480616	0.6278449	9.810077

1495736707808	0.15696123	0.6278449	9.888557

1495736707828	0.15696123	0.6278449	9.810077

1495736707838	0.15696123	0.6278449	9.888557

1495736707855	0.15696123	0.6278449	9.888557

1495736707862	0.15696123	0.70632553	9.888557

1495736707869	0.15696123	0.6278449	9.888557

1495736707879	0.15696123	0.6278449	9.810077

1495736707909	0.078480616	0.6278449	9.810077

1495736707919	0.15696123	0.6278449	9.888557

1495736707931	0.15696123	0.6278449	9.810077

1495736707938	0.15696123	0.5493643	9.810077

1495736707948	0.15696123	0.6278449	9.888557

1495736707967	0.15696123	0.6278449	9.810077

1495736707969	0.15696123	0.6278449	9.888557

1495736707979	0.15696123	0.6278449	9.888557

1495736707992	0.15696123	0.6278449	9.888557

1495736707998	0.15696123	0.6278449	9.888557

1495736708029	0.15696123	0.6278449	9.888557

1495736708039	0.15696123	0.6278449	9.810077

1495736708049	0.15696123	0.6278449	9.888557

1495736708071	0.15696123	0.6278449	9.810077

1495736708089	0.15696123	0.6278449	9.888557

1495736708111	0.15696123	0.6278449	9.810077

1495736708119	0.15696123	0.6278449	9.888557

1495736708129	0.15696123	0.6278449	9.810077

1495736708150	0.15696123	0.70632553	9.810077

1495736708151	0.078480616	0.6278449	9.810077

1495736708159	0.15696123	0.6278449	9.888557

1495736708169	0.15696123	0.6278449	9.810077

1495736708180	0.15696123	0.70632553	9.810077

1495736708195	0.15696123	0.6278449	9.731596

1495736708199	0.15696123	0.6278449	9.810077

1495736708209	0.15696123	0.6278449	9.888557

1495736708218	0.15696123	0.6278449	9.810077

1495736708228	0.15696123	0.6278449	9.888557

1495736708248	0.15696123	0.6278449	9.810077

1495736708263	0.15696123	0.6278449	9.810077

1495736708269	0.15696123	0.6278449	9.810077

1495736708288	0.15696123	0.6278449	9.810077

1495736708298	0.15696123	0.6278449	9.888557

1495736708359	0.15696123	0.6278449	9.810077

1495736708379	0.15696123	0.6278449	9.888557

1495736708402	0.23544185	0.6278449	9.888557

1495736708409	0.15696123	0.6278449	9.888557

1495736708497	0.078480616	0.6278449	9.888557

1495736708501	0.15696123	0.6278449	9.888557

1495736708521	0.15696123	0.70632553	9.810077

1495736708521	0.15696123	0.6278449	9.888557

1495736708522	0.15696123	0.6278449	9.888557

1495736708538	0.15696123	0.6278449	9.810077

1495736708600	0.15696123	0.6278449	9.888557

1495736708609	0.078480616	0.6278449	9.888557

1495736708619	0.15696123	0.6278449	9.888557

1495736708628	0.078480616	0.6278449	9.888557

1495736708645	0.15696123	0.6278449	9.888557

1495736708648	0.15696123	0.6278449	9.888557

1495736708658	0.15696123	0.6278449	9.810077

1495736708681	0.078480616	0.6278449	9.810077

1495736708682	0.078480616	0.6278449	9.888557

1495736708689	0.078480616	0.6278449	9.810077

1495736708699	0.078480616	0.6278449	9.888557

1495736708722	0.15696123	0.6278449	9.888557

1495736708729	0.15696123	0.6278449	9.810077

1495736708761	0.15696123	0.6278449	9.888557

1495736708766	0.15696123	0.6278449	9.810077

1495736708769	0.15696123	0.6278449	9.810077

1495736708779	0.15696123	0.6278449	9.888557

1495736708788	0.078480616	0.6278449	9.888557

1495736708804	0.078480616	0.6278449	9.888557

1495736708808	0.078480616	0.6278449	9.810077

1495736708826	0.15696123	0.6278449	9.810077

1495736708828	0.15696123	0.6278449	9.810077

1495736708838	0.078480616	0.6278449	9.888557

1495736708848	0.15696123	0.6278449	9.810077

1495736708862	0.15696123	0.6278449	9.810077

1495736708869	0.15696123	0.6278449	9.888557

1495736708879	0.15696123	0.6278449	9.888557

1495736708905	0.15696123	0.6278449	9.810077

1495736708928	0.15696123	0.6278449	9.888557

1495736708979	0.15696123	0.6278449	9.888557

1495736708989	0.15696123	0.6278449	9.810077

1495736708999	0.15696123	0.70632553	9.888557

1495736709022	0.15696123	0.70632553	9.810077

1495736709024	0.078480616	0.6278449	9.810077

1495736709039	0.15696123	0.6278449	9.888557

1495736709065	0.078480616	0.6278449	9.888557

1495736709066	0.078480616	0.6278449	9.810077

1495736709079	0.15696123	0.6278449	9.888557

1495736709088	0.078480616	0.6278449	9.810077

1495736709103	0.078480616	0.6278449	9.810077

1495736709108	0.078480616	0.6278449	9.810077

1495736709118	0.15696123	0.6278449	9.888557

1495736709136	0.078480616	0.6278449	9.888557

1495736709139	0.15696123	0.6278449	9.810077

1495736709199	0.15696123	0.6278449	9.810077

1495736709221	0.15696123	0.6278449	9.810077

1495736709223	0.15696123	0.70632553	9.810077

1495736709229	0.15696123	0.6278449	9.810077

1495736709248	0.15696123	0.6278449	9.810077

1495736709268	0.15696123	0.6278449	9.888557

1495736709289	0.15696123	0.6278449	9.888557

1495736709299	0.15696123	0.70632553	9.810077

1495736709308	0.15696123	0.6278449	9.810077

1495736709318	0.15696123	0.6278449	9.810077

1495736709332	0.15696123	0.6278449	9.888557

1495736709339	0.15696123	0.6278449	9.888557

1495736709361	0.15696123	0.6278449	9.810077

1495736709362	0.15696123	0.6278449	9.810077

1495736709375	0.15696123	0.70632553	9.888557

1495736709379	0.15696123	0.6278449	9.810077

1495736709399	0.15696123	0.70632553	9.888557

1495736709420	0.15696123	0.6278449	9.810077

1495736709429	0.15696123	0.6278449	9.810077

1495736709457	0.078480616	0.6278449	9.888557

1495736709461	0.15696123	0.6278449	9.888557

1495736709478	0.15696123	0.6278449	9.888557

1495736709488	0.15696123	0.6278449	9.888557

1495736709507	0.15696123	0.6278449	9.888557

1495736709509	0.15696123	0.6278449	9.810077

1495736709519	0.078480616	0.6278449	9.888557

1495736709543	0.15696123	0.6278449	9.888557

1495736709544	0.15696123	0.6278449	9.888557

1495736709558	0.15696123	0.6278449	9.888557

1495736709576	0.15696123	0.6278449	9.810077

1495736709589	0.15696123	0.6278449	9.888557

1495736709619	0.15696123	0.70632553	9.810077

1495736709628	0.15696123	0.6278449	9.888557

1495736709656	0.15696123	0.6278449	9.810077

1495736709659	0.15696123	0.6278449	9.810077

1495736709669	0.15696123	0.6278449	9.810077

1495736709701	0.15696123	0.6278449	9.888557

1495736709702	0.15696123	0.70632553	9.810077

1495736709702	0.078480616	0.70632553	9.810077

1495736709709	0.15696123	0.6278449	9.810077

1495736709719	0.15696123	0.70632553	9.810077

1495736709729	0.15696123	0.6278449	9.810077

1495736709749	0.078480616	0.6278449	9.810077

1495736709759	0.078480616	0.6278449	9.888557

1495736709788	0.15696123	0.6278449	9.810077

1495736709789	0.15696123	0.5493643	9.888557

1495736709790	0.15696123	0.6278449	9.888557

1495736709799	0.15696123	0.70632553	9.888557

1495736709808	0.15696123	0.70632553	9.888557

1495736709823	0.15696123	0.70632553	9.810077

1495736709828	0.078480616	0.70632553	9.810077

1495736709838	0.15696123	0.70632553	9.888557

1495736709867	0.15696123	0.6278449	9.888557

1495736709869	0.15696123	0.6278449	9.888557

1495736709870	0.15696123	0.6278449	9.810077

1495736709879	0.15696123	0.6278449	9.888557

1495736709888	0.078480616	0.6278449	9.810077

1495736709903	0.15696123	0.6278449	9.810077

1495736709909	0.15696123	0.6278449	9.888557

1495736709919	0.15696123	0.6278449	9.888557

1495736709945	0.15696123	0.6278449	9.888557

1495736709949	0.15696123	0.70632553	9.888557

1495736709959	0.15696123	0.6278449	9.888557

1495736710015	0.15696123	0.6278449	9.810077

1495736710019	0.15696123	0.6278449	9.810077

1495736710039	0.15696123	0.6278449	9.888557

1495736710048	0.15696123	0.70632553	9.888557

1495736710063	0.078480616	0.6278449	9.888557

1495736710069	0.15696123	0.70632553	9.888557

1495736710079	0.15696123	0.70632553	9.810077

1495736710101	0.15696123	0.6278449	9.888557

1495736710109	0.078480616	0.6278449	9.888557

1495736710118	0.15696123	0.70632553	9.810077

1495736710143	0.15696123	0.70632553	9.810077

1495736710149	0.078480616	0.70632553	9.888557

1495736710159	0.15696123	0.6278449	9.888557

1495736710181	0.078480616	0.6278449	9.888557

1495736710208	0.15696123	0.6278449	9.888557

1495736710226	0.15696123	0.6278449	9.810077

1495736710228	0.15696123	0.6278449	9.888557

1495736710239	0.15696123	0.6278449	9.888557

1495736710269	0.15696123	0.6278449	9.888557

1495736710289	0.15696123	0.6278449	9.888557

1495736710299	0.15696123	0.6278449	9.888557

1495736710312	0.15696123	0.6278449	9.888557

1495736710319	0.15696123	0.6278449	9.810077

1495736710329	0.15696123	0.6278449	9.888557

1495736710355	0.15696123	0.6278449	9.810077

1495736710359	0.15696123	0.6278449	9.810077

1495736710369	0.15696123	0.6278449	9.810077

1495736710399	0.15696123	0.6278449	9.888557

1495736710439	0.15696123	0.6278449	9.888557

1495736710449	0.15696123	0.6278449	9.888557

1495736710459	0.15696123	0.70632553	9.810077

1495736710468	0.15696123	0.6278449	9.810077

1495736710521	0.15696123	0.6278449	9.888557

1495736710522	0.15696123	0.6278449	9.888557

1495736710529	0.15696123	0.6278449	9.810077

1495736710538	0.078480616	0.6278449	9.810077

1495736710548	0.078480616	0.6278449	9.810077

1495736710563	0.078480616	0.6278449	9.888557

1495736710568	0.15696123	0.6278449	9.888557

1495736710579	0.15696123	0.70632553	9.810077

1495736710588	0.15696123	0.6278449	9.810077

1495736710614	0.078480616	0.6278449	9.810077

1495736710614	0.15696123	0.6278449	9.888557

1495736710628	0.15696123	0.6278449	9.888557

1495736710648	0.15696123	0.6278449	9.810077

1495736710669	0.15696123	0.6278449	9.888557

1495736710684	0.15696123	0.6278449	9.810077

1495736710689	0.078480616	0.6278449	9.810077

1495736710699	0.15696123	0.6278449	9.810077

1495736710709	0.15696123	0.6278449	9.810077

1495736710719	0.078480616	0.70632553	9.810077

1495736710733	0.15696123	0.6278449	9.810077

1495736710749	0.15696123	0.6278449	9.888557

1495736710775	0.15696123	0.6278449	9.810077

1495736710776	0.15696123	0.6278449	9.810077

1495736710778	0.15696123	0.6278449	9.888557

1495736710798	0.15696123	0.6278449	9.888557

1495736710811	0.078480616	0.6278449	9.888557

1495736710819	0.15696123	0.6278449	9.888557

1495736710829	0.15696123	0.6278449	9.810077

1495736710839	0.15696123	0.6278449	9.888557

1495736710865	0.15696123	0.70632553	9.810077

1495736710865	0.15696123	0.6278449	9.810077

1495736710869	0.15696123	0.6278449	9.888557

1495736710879	0.15696123	0.6278449	9.888557

1495736710888	0.15696123	0.6278449	9.888557

1495736710909	0.15696123	0.6278449	9.888557

1495736710939	0.15696123	0.70632553	9.810077

1495736710941	0.15696123	0.6278449	9.810077

1495736710949	0.15696123	0.6278449	9.888557

1495736710959	0.15696123	0.6278449	9.888557

1495736710986	0.15696123	0.6278449	9.888557

1495736710998	0.15696123	0.6278449	9.810077

1495736711018	0.15696123	0.6278449	9.888557

1495736711029	0.15696123	0.70632553	9.888557

1495736711048	0.15696123	0.70632553	9.731596

1495736711049	0.15696123	0.70632553	9.810077

1495736711059	0.15696123	0.6278449	9.810077

1495736711090	0.15696123	0.6278449	9.810077

1495736711090	0.15696123	0.6278449	9.810077

1495736711109	0.15696123	0.6278449	9.888557

1495736711129	0.15696123	0.70632553	9.888557

1495736711149	0.15696123	0.6278449	9.888557

1495736711167	0.15696123	0.70632553	9.888557

1495736711170	0.15696123	0.6278449	9.810077

1495736711189	0.15696123	0.6278449	9.810077

1495736711199	0.15696123	0.6278449	9.888557

1495736711213	0.15696123	0.70632553	9.810077

1495736711219	0.15696123	0.70632553	9.888557

1495736711229	0.15696123	0.6278449	9.888557

1495736711239	0.15696123	0.6278449	9.810077

1495736711256	0.15696123	0.6278449	9.810077

1495736711260	0.15696123	0.6278449	9.888557

1495736711269	0.15696123	0.6278449	9.810077

1495736711279	0.078480616	0.6278449	9.810077

1495736711302	0.15696123	0.6278449	9.888557

1495736711309	0.15696123	0.6278449	9.888557

1495736711319	0.078480616	0.70632553	9.888557

1495736711345	0.15696123	0.70632553	9.810077

1495736711347	0.15696123	0.70632553	9.810077

1495736711349	0.15696123	0.6278449	9.810077

1495736711359	0.078480616	0.6278449	9.810077

1495736711368	0.15696123	0.6278449	9.810077

1495736711383	0.15696123	0.6278449	9.810077

1495736711389	0.15696123	0.70632553	9.888557

1495736711419	0.15696123	0.70632553	9.810077

1495736711420	0.15696123	0.6278449	9.810077

1495736711428	0.15696123	0.6278449	9.888557

1495736711438	0.15696123	0.6278449	9.888557

1495736711449	0.15696123	0.6278449	9.810077

1495736711462	0.078480616	0.70632553	9.810077

1495736711469	0.078480616	0.6278449	9.810077

1495736711479	0.15696123	0.6278449	9.888557

1495736711501	0.15696123	0.6278449	9.888557

1495736711519	0.15696123	0.6278449	9.888557

1495736711538	0.15696123	0.6278449	9.810077

1495736711552	0.15696123	0.6278449	9.888557

1495736711559	0.15696123	0.6278449	9.888557

1495736711569	0.15696123	0.6278449	9.888557

1495736711609	0.078480616	0.6278449	9.888557

1495736711619	0.078480616	0.6278449	9.810077

1495736711639	0.15696123	0.6278449	9.810077

1495736711641	0.15696123	0.6278449	9.888557

1495736711649	0.15696123	0.70632553	9.888557

1495736711671	0.15696123	0.6278449	9.888557

1495736711672	0.15696123	0.6278449	9.810077

1495736711678	0.15696123	0.6278449	9.810077

1495736711704	0.15696123	0.6278449	9.888557

1495736711708	0.15696123	0.6278449	9.810077

1495736711735	0.15696123	0.6278449	9.888557

1495736711740	0.15696123	0.6278449	9.888557

1495736711759	0.078480616	0.6278449	9.810077

1495736711782	0.078480616	0.6278449	9.888557

1495736711783	0.15696123	0.6278449	9.888557

