1496870437824	-1.0198507	1.8106848	3.7282174

1496870437831	-1.1540102	2.0724754	3.2144952

1496870437840	-0.98494536	2.0266454	2.6887822

1496870437850	-0.8234745	1.3077538	2.1935785

1496870437860	-0.6053824	0.18318678	1.732081

1496870437870	-0.34026113	-0.6205702	1.3056222

1496870437888	-0.21702638	-0.85837996	1.0143884

1496870437890	-0.27258193	-0.6544098	0.7809752

1496870437902	-0.41766587	-0.2300826	0.46576074

1496870437911	-0.5595524	0.051159073	0.061017852

1496870437921	-0.65880626	-0.2693845	-0.97948307

1496870437930	-0.65880626	-0.18758327	-0.97948307

1496870437940	-0.59445775	-0.35438317	-1.5074607

1496870437950	-0.43631762	-1.6044497	-2.235012

1496870437960	-0.22355449	-1.6807888	-2.5883293

1496870437972	0.29882762	-1.0579536	-2.865441

1496870437982	0.94244605	0.13082866	-2.7781775

1496870437990	1.2391421	1.2248868	-2.213163

1496870438003	1.032907	1.9448441	-1.2619238

1496870438018	0.38502532	2.0527577	-0.015187849

1496870438022	-0.5551559	1.4583	1.338396

1496870438030	-1.5892619	0.83106846	2.3963497

1496870438042	-2.5512922	1.1660005	2.7651212

1496870438050	-3.0891287	1.4201971	2.515321

1496870438060	-2.844791	-0.17985612	2.0277112

1496870438070	-1.4321876	-1.1397549	1.2673861

1496870438080	1.8902211	3.7751133	0.26831868

1496870438091	2.2022383	6.6657343	-0.3347988

1496870438100	-0.41007194	2.6189716	-0.53224087

1496870438110	-0.3665068	-0.5496936	-0.6794564

1496870438122	0.38822275	0.987077	-1.0514256

1496870438140	0.13415934	1.8990141	-1.0917932

1496870438151	-0.27378097	0.14068745	-1.3426592

1496870438161	0.39701572	-0.49187317	-2.081135

1496870438170	0.9031442	-1.2597922	-3.023581

1496870438180	1.4528377	-1.6208366	-3.88316

1496870438199	1.5837996	-1.7855049	-4.499467

1496870438201	1.2673861	-1.5455636	-4.963096

1496870438210	0.7580602	-0.8846256	-5.314282

1496870438221	0.2464695	-0.4308553	-5.426592

1496870438230	-0.080602184	-0.85398346	-5.303357

1496870438240	-0.43951505	-1.7627232	-5.1670666

1496870438250	-1.0448974	-2.0855315	-5.252065

1496870438261	-1.0045297	-0.2519318	-5.2171597

1496870438270	0.71982414	2.8414602	-4.4940047

1496870438280	2.2230215	2.8316014	-3.701039

1496870438290	2.380096	0.6751932	-3.33773

1496870438300	1.869571	-1.4986677	-3.2636557

1496870438310	1.2565948	-2.6713295	-3.2243538

1496870438322	-0.23994137	-3.2090328	-2.3975487

1496870438340	-0.86930454	-3.7490008	-1.5619504

1496870438350	-0.23447908	-3.867839	1.0165201

1496870438360	0.5311751	-3.9126031	2.309086

1496870438370	1.0373034	-4.32494	2.8567812

1496870438381	1.0885957	-4.0293097	2.7760458

1496870438390	0.95004	-2.6625366	2.4661603

1496870438400	1.1191047	0.029443111	1.9622968

1496870438410	1.2444711	2.7334132	1.6023182

1496870438421	0.73834264	3.6922462	1.8258727

1496870438430	0.2464695	3.5723422	2.2360778

1496870438440	0.23887557	3.806821	2.554623

1496870438450	0.39155343	4.4220624	2.904743

1496870438460	0.5965894	4.568212	3.405409

1496870438470	1.0307754	3.8221424	4.058753

1496870438480	1.6056488	2.6265655	4.673994

1496870438490	1.6994405	1.5161204	5.0873966

1496870438500	0.99360514	0.5540901	5.337197

1496870438510	0.45909938	0.35011992	5.5826006

1496870438522	0.84638953	1.5750066	5.800826

1496870438530	0.84638953	1.4528377	5.800826

1496870438540	0.52784437	1.9797496	5.224887

1496870438550	-1.1681322	1.9633627	3.5995204

1496870438560	-1.6677325	1.2009059	3.1282973

1496870438570	-1.6971756	1.2324806	2.7781775

1496870438580	-1.3699707	1.1277645	2.4728217

1496870438590	-0.76565415	0.2868372	2.2011724

1496870438601	-0.15267786	-1.1289635	1.9076738

1496870438610	0.23221423	-2.1706634	1.534639

1496870438622	0.3860911	-2.3363976	1.0983213

1496870438630	0.3675726	-1.9219291	0.66200376

1496870438640	0.29003465	-1.4267253	0.2998934

1496870438650	0.24313882	-0.8333333	0.003197442

1496870438660	0.052358113	-0.03157474	-0.30202505

1496870438670	-0.38928857	0.80815345	-0.63589126

1496870438680	-0.8430589	1.4681588	-1.0253131

1496870438691	-1.1289635	1.7146283	-1.421263

1496870438701	-1.184519	1.5935252	-1.7517985

1496870438710	-0.90207833	1.329603	-1.938316

1496870438721	-0.45043966	1.2903011	-1.9492406

1496870438730	-0.12643218	1.664535	-1.8619771

1496870438740	-0.003197442	2.0506263	-1.7299494

1496870438750	0.40460965	1.7331468	-1.3798295

1496870438762	0.3959499	-1.0568879	-0.9292566

1496870438771	-0.10031974	-2.2655208	-0.16360246

1496870438780	-1.0873967	-2.9734879	0.7689848

1496870438790	-1.952438	-3.596323	1.467093

1496870438801	-1.9110045	-4.1231017	1.7440714

1496870438810	0.37729818	-0.02504663	1.7572608

1496870438824	2.1225686	7.251532	1.9197975

1496870438830	-0.62163603	5.7899013	1.6885159

1496870438840	-1.1310952	2.7039702	1.0263789

1496870438852	-0.1449507	2.0386357	0.28896883

1496870438860	0.6827871	2.1717293	-0.41993073

1496870438870	0.73834264	2.022249	-1.0307754

1496870438880	0.3282707	0.71982414	-1.6656009

1496870438890	0.48427925	-0.2769784	-2.5109246

1496870438900	0.74380493	-1.4070077	-3.4501731

1496870438910	0.8562483	-3.0464962	-4.0860643

1496870438921	1.0219824	-3.8221424	-4.387157

1496870438930	0.91406876	-3.7980282	-4.621636

1496870438940	0.46456167	-3.0584865	-4.947775

1496870438950	-0.22248867	-1.5444977	-5.3764987

1496870438960	-0.38928857	0.4014122	-5.2030377

1496870438970	-0.78963494	-0.045696776	-4.9456434

1496870438980	-1.2783107	-0.5770051	-4.790701

1496870438991	-1.1758593	0.3162803	-4.6706634

1496870439002	0.44284573	3.071676	-4.156941

1496870439010	1.8586464	3.1305623	-3.5908606

1496870439023	2.0943246	0.5442313	-3.3650413

1496870439030	1.9415134	-1.8302691	-3.3509192

1496870439040	1.5913936	-2.8687716	-3.2843058

1496870439050	0.972955	-2.9428458	-3.0290434

1496870439060	0.17119637	-2.7356782	-2.5632827

1496870439070	-0.5507594	-3.0203836	-1.938316

1496870439080	-0.8387956	-3.9758859	-1.216227

1496870439090	-0.46456167	-4.3194776	-0.22795098

1496870439100	0.31841195	-3.9201972	1.0318412

1496870439110	0.8377298	-3.8482547	2.12923

1496870439120	0.99360514	-3.7271516	2.5676792

1496870439130	0.94351184	-2.5087929	2.3494537

1496870439140	0.90967226	-0.3032241	1.9034106

1496870439150	0.89221954	2.212097	1.5564882

1496870439160	0.46895817	3.9758859	1.9284573

1496870439171	0.31947774	3.8341327	2.3538504

1496870439180	0.48974153	3.945377	2.7640555

1496870439190	0.8016254	3.7140954	3.2811084

1496870439200	1.2423395	2.8927524	3.9519053

1496870439210	1.5674127	1.8193445	4.591127

1496870439222	1.1594725	0.7853717	5.047029

1496870439230	0.46789235	0.15707435	5.3601117

1496870439240	0.5442313	0.108979486	5.581535

1496870439252	1.3405275	0.51265657	5.6294966

1496870439260	1.6372236	1.4364508	5.2183585

1496870439270	0.94897413	2.0626166	4.323874

1496870439280	-0.22901678	1.7953637	3.297362

1496870439294	-1.2728484	0.74273914	2.651612

1496870439300	-1.8390621	-0.17452705	2.4084733

1496870439313	-1.732081	-0.03157474	2.3200107

1496870439320	-1.1376232	0.3839595	2.2600586

1496870439330	-0.47775114	0.049027443	2.1084466

1496870439340	0.029443111	-0.83106846	1.7593925

1496870439351	0.2628564	-1.5815347	0.736211

1496870439361	0.20277111	-1.7724487	0.34132695

1496870439370	0.18212096	-1.6426859	0.12216893

1496870439380	0.14721556	-1.5695443	-0.017452704

1496870439390	-0.034905408	-1.2685851	-0.2071676

1496870439402	-0.29549694	-0.7231548	-0.492939

1496870439412	-0.48534507	-0.30868638	-0.8005596

1496870439420	-0.6020517	-0.23114842	-1.101652

1496870439430	-0.5038636	-0.2071676	-1.4223288

1496870439441	0.004263256	0.22022381	-1.6710632

1496870439450	0.7122302	1.2084999	-1.6807888

1496870439460	1.1332268	2.3691714	-1.3884892

1496870439470	1.0831335	3.129363	-0.9118039

1496870439482	0.676259	3.0530243	-0.3959499

1496870439491	-0.08606448	1.9547029	0.13082866

1496870439500	-1.1332268	0.43192112	0.827871

1496870439510	-2.1629362	0.017452704	1.6492139

1496870439521	-3.6115108	0.51478815	2.4379163

1496870439530	-3.6115108	-0.09046096	2.4379163

1496870439540	-2.9527044	-2.0931256	2.1771915

1496870439550	3.695577	-0.12430056	0.30535573

1496870439560	1.398348	6.695177	0.22901678

1496870439570	-1.428857	2.8010924	0.18651745

1496870439580	-1.4834799	0.2136957	-0.042499334

1496870439591	-0.5627498	0.0075939246	-0.42645884

1496870439600	0.46349588	0.47228885	-0.85398346

1496870439610	0.70343727	0.24860112	-1.1506795

1496870439621	-0.029443111	-1.0133227	-1.4201971

1496870439630	0.26392218	-1.0133227	-2.0953903

1496870439640	0.46349588	-1.064615	-2.903677

1496870439650	0.73727685	-1.6731948	-3.4664268

1496870439660	1.2391421	-1.8422595	-3.9399147

1496870439671	1.3306688	-1.6710632	-4.4830804

1496870439680	1.1758593	-1.0656807	-5.01652

1496870439690	0.92819077	-0.4765521	-5.436451

1496870439700	0.5671463	-0.5692779	-5.660005

1496870439710	0.10684785	-1.5444977	-5.642553

1496870439721	-0.561684	-2.813083	-5.5531573

1496870439730	-1.5303757	-3.1741273	-5.502931

1496870439740	-1.6252332	-0.77111644	-5.2466025

1496870439750	2.2741807	3.573408	-3.4708233

1496870439763	2.0386357	0.53224087	-3.1719956

1496870439773	1.3798295	-2.0472956	-3.221023

1496870439780	0.78417265	-3.1076472	-3.2090328

1496870439800	0.06541433	-3.1119106	-2.948308

1496870439807	-0.7307487	-3.1512125	-2.3876898

1496870439811	-1.0951239	-3.3355982	-1.5532907

1496870439821	-0.48534507	-2.5643485	-0.3162803

1496870439830	0.40567547	-2.2175593	1.2314149

1496870439847	0.74713564	-3.1829202	2.4411137

1496870439851	0.73834264	-3.9563017	2.8523848

1496870439860	0.76671994	-3.3181455	2.676792

1496870439870	1.1584066	-1.3449241	2.2524648

1496870439880	1.6088463	1.2270184	1.9110045

1496870439890	1.1878498	2.7039702	2.1160405

1496870439900	0.42099655	2.6091127	2.622169

1496870439910	0.30642152	2.5098588	3.0214496

1496870439920	0.50932586	3.2025046	3.2876365

1496870439930	0.7078337	3.9551027	3.5155876

1496870439940	1.0754063	3.9617639	3.8297362

1496870439950	1.4790834	3.1654677	4.6085796

1496870439960	0.35438317	0.31734613	4.9237943

1496870439970	0.43631762	-0.022781774	5.2869706

1496870439980	1.1180389	0.35771382	5.7440715

1496870439990	1.3928857	1.1670663	5.929523

1496870440002	0.8038902	1.8226752	5.3851585

1496870440014	-0.19197975	1.7539302	4.2692513

1496870440022	-1.124567	1.2030376	3.2046363

1496870440031	-1.7888356	0.6096456	2.5960565

1496870440040	-2.0113242	0.5900613	2.2863042

1496870440050	-1.7005062	1.0154543	2.1019185

1496870440060	-1.055822	0.87370104	1.9677591

1496870440070	-0.33586463	-0.04796163	1.7517985

1496870440080	0.17119637	-1.1430855	1.3678391

1496870440090	0.45043966	-1.8073541	0.8617106

1496870440100	0.6009859	-1.9492406	0.36530775

1496870440110	0.64575005	-1.6841193	0.003197442

1496870440121	0.3381295	-1.2521982	-0.44497734

1496870440130	0.38062882	-0.63908875	-0.44497734

1496870440146	-0.2071676	0.28030908	-0.7155609

1496870440150	-0.80602187	1.0318412	-1.3994138

1496870440160	-1.064615	0.41993073	-1.8138822

1496870440170	-0.47228885	-0.001065814	-2.2306156

1496870440180	0.6239009	0.36424193	-2.5382361

1496870440191	1.603384	1.1758593	-2.5338397

1496870440200	1.7364775	1.8510525	-2.1029842

1496870440212	1.0524913	1.580469	-1.3699707

1496870440222	-0.16679989	-0.003197442	-0.42539302

1496870440230	-1.6710632	-1.4321876	0.8104183

1496870440240	-3.0738077	-1.5478284	2.158673

1496870440250	-3.717426	-1.4114043	3.0313082

1496870440260	-2.3418598	-0.9773514	3.169731

1496870440270	1.1823875	2.455369	2.63749

1496870440280	2.5960565	4.8222756	1.7703171

1496870440290	0.196243	6.9209967	0.7525979

1496870440300	-1.329603	5.0066614	-0.06314948

1496870440310	-0.5551559	2.8675725	-0.5572875

1496870440322	0.80815345	1.7430056	-0.9511058

1496870440330	0.75472957	0.4820144	-0.9511058

1496870440341	1.0831335	-0.7721822	-1.2172928

1496870440350	1.1693312	-1.8487877	-2.6734612

1496870440360	0.7330136	-2.4345856	-3.671596

1496870440370	0.6468159	-2.0855315	-4.2681856

1496870440380	0.67292833	-1.4267253	-4.593259

1496870440396	0.58353317	-0.36863843	-4.9444447

1496870440401	0.44604316	0.69038105	-5.336131

1496870440410	0.45150545	1.0722089	-5.633893

1496870440423	0.51918465	0.28030908	-5.7135625

1496870440430	0.45043966	-1.4801493	-5.645883

1496870440442	0.049027443	-3.2733812	-5.5760727

1496870440452	-0.745004	-3.610445	-5.5662136

1496870440460	-0.23887557	-0.19957368	-5.014255

1496870440475	1.7669864	2.9548361	-3.8570478

1496870440480	2.7159605	2.2501998	-3.1675992

1496870440490	2.5436983	0.2529976	-3.0672796

1496870440500	1.8128164	-1.193312	-3.1207035

1496870440510	0.8430589	-1.892486	-3.0519583

1496870440522	-0.9685585	-2.2676525	-2.1520116

1496870440530	-0.92819077	-2.803224	-2.1520116

1496870440540	-1.161604	-3.1829202	-1.3220091

1496870440550	-0.61617374	-2.531708	1.1584066

1496870440560	0.74713564	-2.2404742	2.2513988

1496870440570	0.9031442	-2.6473489	2.6232347

1496870440580	0.8987477	-2.1258993	2.386624

1496870440590	1.0524913	-0.6380229	1.94591

1496870440600	1.4082068	1.2696509	1.5859313

1496870440610	1.3884892	2.4913402	1.6994405

1496870440622	0.78310686	2.5371702	2.173861

1496870440630	0.2748468	2.180389	2.5643485

1496870440640	0.29443112	2.370237	2.7640555

1496870440650	0.63362646	2.8862243	2.9844124

1496870440660	1.0242473	2.8545163	3.3574474

1496870440670	1.2139622	2.2895017	3.823208

1496870440680	0.827871	1.6754596	4.308553

1496870440690	0.10578204	1.2227551	4.804823

1496870440701	-0.12869704	0.9990674	5.291367

1496870440710	0.35664803	1.116973	5.7200904

1496870440721	1.018785	1.6164402	5.8641086

1496870440730	0.8943512	2.2775114	5.8641086

1496870440741	-0.12216893	2.5414336	5.069944

1496870440750	-1.2150279	2.0756729	2.977751

1496870440761	-1.6012523	0.90207833	2.5807354

1496870440770	-1.2772449	0.46243006	2.4989343

1496870440780	-0.8518519	-0.21915801	2.4476418

1496870440791	-0.3272049	-1.2641886	2.272049

1496870440800	0.17226219	-2.2447376	1.9360511

1496870440810	0.47881696	-2.7018385	1.4473754

1496870440821	0.54316545	-2.600453	0.90860647

1496870440830	0.4373834	-2.1749268	0.4416467

1496870440840	0.28457233	-1.6109779	0.14281908

1496870440850	0.08832934	-0.93804955	-0.051159073

1496870440860	-0.3042899	-0.039168663	-0.23887557

1496870440870	-0.97508657	1.2139622	-0.4864109

1496870440880	-1.664535	2.377831	-0.79842794

1496870440890	-1.7549961	2.54583	-1.1889155

1496870440900	-1.0579536	1.6350919	-1.50413

1496870440910	0.002131628	0.3272049	-1.512923

1496870440921	0.93911535	-0.2246203	-0.9990674

1496870440930	1.1649348	0.6806555	-0.9990674

1496870440941	0.7525979	1.9852118	-0.77871037

1496870440950	0.16679989	2.2043698	-0.4537703

1496870440960	-1.4681588	-0.9685585	-0.003197442

1496870440971	-2.150946	-2.3527844	0.8234745

1496870440980	-2.456435	-2.3746336	1.6481482

1496870440990	-2.5010657	-3.0126565	2.1149747

1496870441001	-1.534639	-3.784972	2.0102584

1496870441010	1.8575807	1.2358114	1.2772449

1496870441021	3.1272316	6.537037	1.0579536

1496870441030	-0.40021315	4.4896083	1.2848388

1496870441041	-1.7833734	1.1681322	1.2587264

1496870441050	-1.1649348	0.7918998	0.93258727

1496870441060	0.1842526	1.4201971	0.2519318

1496870441070	1.3840927	2.3124168	-0.6270983

1496870441080	0.91406876	1.9011457	-1.5161204

1496870441090	0.21596056	0.38928857	-2.599254

1496870441100	0.6239009	-0.6380229	-3.8100185

1496870441110	0.7166267	-2.904743	-4.490674

1496870441121	0.8038902	-4.2463365	-4.926992

1496870441130	0.6500133	-4.318412	-4.926992

1496870441140	0.20063949	-3.4173994	-5.261924

1496870441150	-0.008659739	-2.0331736	-5.6055155

1496870441160	-0.16466826	-0.7057021	-5.578204

1496870441170	-0.66746604	-1.0667466	-5.5325074

1496870441180	-1.2576605	-1.5019984	-5.445244

1496870441190	-1.3285372	-0.31947774	-5.283773

1496870441200	-0.09046096	2.4345856	-4.688116

1496870441213	1.071143	2.7803092	-4.1264324

1496870441222	1.1834532	0.61617374	-3.83733

1496870441230	0.97069013	-1.9961364	-3.625766

1496870441240	0.827871	-3.740208	-3.3093526

1496870441250	0.43844923	-4.4776177	-2.8555822

1496870441260	-0.26179057	-4.448175	-2.2382095

1496870441270	-0.6794564	-3.88316	-1.4136691

1496870441280	-0.2584599	-3.0519583	-0.34132695

1496870441290	0.45696777	-2.6320276	0.745004

1496870441300	0.8038902	-2.7617905	1.5423661

1496870441310	0.88782305	-2.5567546	1.8891554

1496870441322	0.9773514	-1.5171863	1.6929123

1496870441330	1.0405009	0.06861178	1.6929123

1496870441340	0.9521716	1.7855049	1.6546763

1496870441350	0.6282974	2.8610444	2.2001066

1496870441360	0.070876636	3.1686652	2.554623

1496870441370	0.015187849	3.3868904	2.9407141

1496870441380	0.118838266	3.6999733	3.3465228

1496870441390	0.41113776	3.6508126	3.740208

1496870441400	0.88569146	3.1228352	4.0772715

1496870441410	1.3787637	2.2665868	4.328271

1496870441422	1.1801226	1.1638689	4.461231

1496870441430	0.057687182	0.015187849	4.546363

1496870441440	-0.4308553	-0.5027978	4.7753797

1496870441450	0.55302423	-0.1329603	5.1681323

1496870441460	1.5095923	0.36970425	5.2684517

1496870441470	1.4485744	0.6554756	4.804823

1496870441480	0.72861713	0.44830802	4.1024513

1496870441490	-0.069810815	-0.115507595	3.5570211

1496870441501	-0.6751932	-0.6664002	3.253797

1496870441510	-1.0623502	-0.7208899	3.024647

