1495728113885	23.0	-16.4375	-24.3125

1495728114005	23.1875	-16.0	-24.3125

1495728114092	23.0	-16.4375	-24.4375

1495728114182	22.875	-16.0	-24.3125

1495728114282	22.9375	-15.625	-24.8125

1495728114382	23.1875	-15.6875	-24.875

1495728114482	24.125	-14.6875	-25.125

1495728114582	24.5	-14.625	-25.0625

1495728114682	24.375	-14.625	-24.625

1495728114782	24.0625	-14.1875	-24.125

1495728114884	23.1875	-14.625	-24.625

1495728115049	22.8125	-14.5625	-25.125

1495728115129	22.625	-15.375	-25.375

1495728115380	22.8125	-15.875	-25.3125

1495728115541	23.125	-15.75	-24.8125

1495728115544	23.0625	-16.125	-24.625

1495728115619	23.25	-15.4375	-24.8125

1495728115710	22.875	-15.375	-25.5

1495728115840	23.125	-15.625	-25.5625

1495728115980	23.625	-15.8125	-25.6875

1495728116130	23.4375	-16.25	-25.375

1495728116205	23.625	-16.125	-24.75

1495728116290	23.5625	-15.75	-24.8125

1495728116356	23.625	-15.0625	-24.75

1495728116480	22.8125	-15.1875	-25.125

1495728116600	23.125	-15.625	-25.3125

1495728116726	23.1875	-15.5	-25.5

1495728116740	22.375	-15.75	-25.4375

1495728116841	23.0	-15.5	-25.375

1495728116941	22.25	-15.625	-25.625

1495728117041	21.625	-15.75	-25.625

1495728117141	21.25	-15.8125	-25.6875

1495728117251	21.0625	-15.875	-25.625

1495728117341	22.125	-15.375	-25.0625

1495728117444	22.125	-15.5	-25.0625

1495728117541	23.4375	-15.375	-25.1875

1495728117653	23.6875	-15.125	-25.125

1495728117742	23.8125	-15.4375	-25.875

1495728117842	24.1875	-15.0625	-26.125

1495728117942	23.5	-14.875	-25.625

1495728118043	23.625	-14.8125	-25.375

1495728118146	23.125	-14.75	-24.8125

1495728118243	23.0625	-14.9375	-24.4375

1495728118343	23.0	-15.4375	-24.6875

1495728118444	22.8125	-15.3125	-25.0

1495728118544	22.75	-15.375	-25.0625

1495728118664	23.125	-15.1875	-24.375

1495728118748	23.3125	-14.9375	-24.625

