1495821844814	17.6875	-4.9375	70.25

1495821844918	18.125	-4.9375	70.25

1495821845014	17.625	-4.5625	70.3125

1495821845123	17.5	-4.4375	69.75

1495821845219	17.5	-4.6875	70.1875

1495821845311	17.875	-4.5	70.75

1495821845411	17.875	-4.75	70.875

1495821845511	18.125	-4.9375	71.1875

1495821845614	18.3125	-5.0625	71.0

1495821845714	17.6875	-5.0625	70.75

1495821845816	17.9375	-4.875	70.3125

1495821845925	18.3125	-4.0625	70.75

1495821846012	18.625	-4.0	70.8125

1495821846112	19.25	-4.125	71.25

1495821846212	19.375	-4.25	71.25

1495821846313	19.8125	-5.3125	71.125

1495821846412	19.625	-4.9375	71.5

1495821846524	19.3125	-4.5	70.6875

1495821846632	19.4375	-4.3125	70.6875

1495821846712	19.125	-3.25	70.1875

1495821846837	19.3125	-3.4375	69.9375

1495821846923	19.5625	-4.0	70.5

1495821847013	19.25	-3.6875	71.125

1495821847122	19.0	-4.5	71.8125

1495821847213	19.0	-4.5	71.625

1495821847319	18.875	-4.8125	71.1875

1495821847413	18.5	-5.4375	70.8125

1495821847524	18.5	-5.4375	70.625

1495821847613	18.375	-5.75	70.3125

1495821847722	18.5625	-5.6875	71.0

1495821847813	19.125	-5.75	70.625

1495821847923	18.875	-5.375	71.0

1495821848030	19.25	-5.125	70.9375

1495821848114	19.6875	-4.5625	70.5

1495821848214	19.4375	-4.3125	70.875

1495821848315	19.625	-4.9375	70.25

1495821848426	19.4375	-4.8125	70.875

1495821848515	18.9375	-4.875	70.8125

1495821848623	19.75	-4.5	71.3125

1495821848717	20.0	-4.125	71.875

1495821848815	20.25	-4.875	71.5625

1495821848923	20.875	-5.0	71.5625

1495821849015	20.3125	-5.8125	71.0

1495821849121	20.0	-5.75	70.9375

1495821849216	19.9375	-5.0625	70.6875

1495821849325	19.5625	-5.4375	70.625

1495821849446	19.625	-5.375	70.375

1495821849516	19.75	-5.9375	70.125

1495821849626	19.375	-6.3125	70.625

