1496525019400	-15.72	-25.08	-18.48

1496525019457	-30.24	-18.0	-4.26

1496525019626	-27.84	-21.9	-2.28

1496525019678	-21.72	-28.38	-0.42

1496525019784	-22.38	-26.7	-2.28

1496525019847	-19.86	-29.34	-1.44

1496525019875	-18.54	-29.88	-1.2

1496525019994	-17.7	-30.06	0.42

1496525020072	-19.98	-28.38	-0.3

1496525020182	-18.6	-29.64	0.0

1496525020272	-18.48	-29.7	-0.36

1496525020375	-20.04	-28.02	-0.9

1496525020473	-21.78	-25.92	-2.1

1496525020574	-23.16	-24.6	-3.12

1496525020672	-23.94	-24.3	-3.54

1496525020774	-24.72	-24.0	-4.5

1496525020874	-24.48	-24.36	-5.28

1496525020971	-23.94	-25.14	-5.28

1496525021072	-23.04	-25.68	-5.22

1496525021171	-21.42	-27.48	-4.86

1496525021272	-19.74	-29.7	-3.12

1496525021372	-17.64	-31.74	-1.8

1496525021474	-15.54	-32.88	-1.2

1496525021573	-14.28	-33.66	-1.62

1496525021672	-13.98	-32.94	-2.88

1496525021765	-13.74	-31.92	-5.16

1496525021872	-13.98	-30.6	-7.56

1496525021972	-14.64	-28.2	-10.98

1496525022073	-14.22	-25.98	-14.94

1496525022163	-13.86	-24.42	-18.72

1496525022276	-13.38	-23.88	-22.14

1496525022373	-11.52	-23.28	-24.54

1496525022474	-8.64	-23.4	-25.44

1496525022573	-5.88	-24.66	-24.96

1496525022672	-1.8	-26.76	-24.18

1496525022775	2.82	-29.4	-22.2

1496525022873	5.58	-31.5	-21.54

1496525022971	7.02	-32.22	-21.18

1496525023072	6.9	-31.92	-21.66

1496525023172	4.92	-31.32	-22.5

1496525023275	2.64	-31.08	-23.46

1496525023377	1.26	-30.72	-24.48

1496525023472	0.48	-30.84	-24.96

1496525023572	0.54	-30.66	-25.98

1496525023667	1.2	-31.56	-24.96

1496525023773	2.46	-33.0	-23.4

1496525023872	5.34	-34.32	-20.88

1496525023973	9.0	-35.94	-18.78

1496525024073	10.98	-36.6	-17.94

1496525024171	11.58	-36.66	-18.3

1496525024273	9.9	-35.7	-19.5

