1496869745619	3.802	-14.595	-8.734

1496869745621	5.88	-12.162	-9.557

1496869745631	6.617	-9.05	-7.632

1496869745646	6.234	-6.014	-3.936

1496869745651	6.225	-3.074	-1.139

1496869745661	6.301	-0.45	0.507

1496869745671	5.87	1.771	1.877

1496869745681	5.526	3.878	3.189

1496869745701	4.922	4.769	3.399

1496869745703	3.917	3.888	1.743

1496869746543	2.241	4.146	1.005

1496869746550	-1.379	4.769	1.436

1496869746561	-2.853	4.798	2.375

1496869746562	-4.807	4.319	3.332

1496869746563	-7.307	2.528	3.438

1496869746564	-7.623	-0.143	0.316

1496869746565	-7.029	-2.308	-3.419

1496869746567	-6.282	-4.74	-6.205

1496869746568	-4.424	-7.067	-8.504

1496869746569	-2.413	-7.719	-7.92

1496869746571	-2.394	-6.818	-6.292

1496869746572	-3.486	-5.516	-6.138

1496869746576	-4.185	-6.847	8.312

1496869746577	-9.136	-12.45	19.221

1496869746589	-10.065	-16.76	-0.43

1496869746590	-2.461	-18.713	-10.142

1496869746594	9.366	-13.427	7.7

1496869746595	12.143	-8.743	5.468

1496869746596	11.866	-13.321	-2.786

1496869746598	12.833	-16.003	-5.535

1496869746599	13.015	-19.23	-8.274

1496869746600	11.09	-19.604	-6.435

1496869746604	8.447	-19.604	-5.937

1496869746605	6.771	-19.604	-3.802

1496869746614	5.545	-19.604	-0.852

1496869746615	4.903	-19.604	-0.095

1496869746617	4.865	-19.604	-1.168

1496869746618	4.798	-19.604	-3.706

1496869746619	3.974	-19.594	-7.728

1496869746620	2.921	-19.594	-10.534

1496869746623	1.743	-19.604	-11.08

1496869746624	0.258	-19.604	-10.027

1496869746625	-1.302	-19.604	-7.422

1496869746626	-3.275	-19.604	-2.327

1496869746627	-12.134	-19.604	15.591

1496869746631	-11.799	-18.072	-0.134

1496869746633	-8.964	-8.494	-5.928

1496869746642	-6.713	-5.238	-4.664

1496869746643	-6.474	-3.533	-4.539

1496869746647	-7.077	-3.217	-5.918

1496869746648	-7.996	-3.821	-8.054

1496869746649	-9.462	-3.782	-9.423

1496869746651	-11.645	-2.518	-8.734

1496869746652	-15.026	-1.024	-2.719

1496869746653	-19.278	-0.134	3.237

1496869746654	-19.614	1.063	2.154

1496869746654	-18.522	4.376	-0.756

1496869746658	-11.368	7.537	-1.656

1496869746660	-3.495	6.244	-1.484

1496869746670	1.676	2.681	1.417

1496869746672	7.23	0.162	8.552

1496869746673	11.521	-2.451	9.596

1496869746674	11.521	-5.669	6.148

1496869746675	8.763	-11.253	1.685

1496869746675	5.64	-14.155	-2.327

1496869746676	3.399	-17.114	-5.851

1496869746677	2.557	-19.441	-4.702

1496869746678	1.934	-19.604	0.565

1496869746679	1.292	-19.604	2.154

1496869746683	2.001	-19.604	-0.622

1496869746685	3.466	-19.604	-3.38

1496869746687	3.773	-19.604	-6.11

1496869746695	2.221	-19.604	-8.763

1496869746696	-0.871	-19.604	-7.364

1496869746700	-6.263	-19.604	-3.284

1496869746701	-9.51	-19.604	-0.067

1496869746702	-9.443	-19.604	0.335

1496869746703	-5.928	-18.397	-0.402

1496869746706	-1.101	-14.969	-2.087

1496869746708	2.461	-12.335	-3.016

1496869746711	8.973	-9.117	-4.146

1496869746723	10.305	-7.01	-3.782

1496869746725	9.586	-4.108	-3.294

1496869746726	8.916	-1.091	-2.825

1496869746727	8.743	2.154	-3.562

1496869746729	9.385	5.64	-4.549

1496869746730	9.289	9.031	-3.39

1496869746731	6.742	11.425	-1.513

1496869746732	2.901	11.799	-0.134

1496869746733	-0.938	10.822	2.662

1496869746737	-4.252	8.734	5.382

1496869746738	-8.408	5.775	6.751

1496869746740	-9.366	1.944	0.488

1496869746750	-9.778	-0.526	-4.328

1496869746751	-10.151	-2.959	-10.563

1496869746752	-11.205	-6.981	-11.09

1496869746753	-5.334	-10.132	-3.897

1496869746754	-1.771	-7.767	-7.709

1496869746758	-3.246	-7.92	7.862

1496869746760	-5.506	-10.831	19.403

1496869746761	-0.172	-10.324	0.67

1496869746762	4.826	-7.767	-4.434

1496869746765	6.493	-7.652	-1.101

1496869746767	7.853	-10.151	-2.001

1496869746775	10.783	-14.672	-4.223

1496869746777	12.986	-19.403	-9.002

1496869746778	14.518	-19.604	-4.271

1496869746779	15.754	-19.604	-3.754

1496869746780	15.093	-19.604	-6.301

1496869746782	10.352	-19.604	-2.327

1496869746782	6.474	-19.604	0.162

1496869746783	5.085	-19.585	0.593

1496869746784	4.213	-18.694	-0.287

1496869746785	3.945	-18.062	-3.284

1496869746786	1.177	-18.953	-12.871

1496869746790	-1.043	-19.604	-15.773

1496869746792	-2.739	-19.604	-15.084

1496869746793	-3.993	-19.604	-10.094

1496869746801	-4.96	-19.604	-0.325

1496869746805	-12.565	-19.604	18.752

1496869746811	-17.602	-19.163	12.957

1496869746830	-14.93	-13.867	-5.66

1496869746834	-10.008	-7.747	-4.07

1496869746841	-7.537	-4.367	0.507

1496869746851	-6.742	-2.882	-1.723

1496869746861	-6.004	-2.451	-4.98

1496869746871	-5.842	-2.633	-7.393

1496869746881	-6.943	-1.972	-7.881

1496869746894	-8.437	-0.105	-7.431

1496869746905	-10.534	2.03	-5.593

1496869746913	-13.484	2.968	-2.068

1496869746926	-15.074	3.687	1.857

1496869746931	-8.236	6.512	1.484

1496869746945	-3.342	5.114	5.152

1496869746957	0.009	1.388	9.021

1496869746961	4.577	-1.417	13.178

1496869746971	8.198	-3.955	12.967

1496869746981	8.293	-6.723	5.861

1496869746991	5.296	-8.916	-1.446

1496869747006	1.618	-11.483	-6.11

1496869747011	-1.245	-14.758	-8.15

1496869747025	-1.656	-18.541	-8.427

1496869747031	-0.239	-19.604	-8.389

1496869747041	0.938	-19.604	-4.721

1496869747062	1.819	-19.604	9.557

1496869747064	4.271	-19.604	7.613

1496869747071	8.552	-19.604	-1.953

1496869747092	9.711	-19.604	-8.236

1496869747093	6.828	-19.604	-13.331

1496869747103	1.829	-18.263	-4.941

1496869747111	-1.235	-15.036	1.857

1496869747123	-2.461	-12.383	1.723

1496869747131	-0.565	-10.87	-0.603

1496869747143	2.164	-9.366	-2.317

1496869747154	4.52	-8.092	-3.208

1496869747161	6.186	-6.876	-3.323

1496869747171	7.154	-4.041	-3.648

1496869747182	7.46	-0.612	-3.802

1496869747191	7.604	2.777	-3.323

1496869747204	6.866	6.225	-0.402

1496869747214	5.2	8.533	2.25

1496869747221	2.614	9.376	5.181

1496869747231	0.028	9.395	14.202

1496869747244	-3.773	8.169	13.944

1496869747255	-3.907	3.457	-2.269

1496869747272	-4.711	1.532	-8.983

1496869747281	-4.606	-2.269	-10.783

1496869747300	-2.298	-5.43	-6.761

1496869747302	0.296	-7.173	2.001

1496869747311	-0.067	-6.359	-2.288

1496869747327	-1.35	-4.089	-6.062

1496869747331	-1.561	-2.71	-7.949

1496869747341	-0.181	-1.503	-1.139

1496869747352	6.014	0.201	19.029

1496869747361	5.382	-6.33	11.846

1496869747372	-2.624	-9.797	-18.895

1496869747381	-6.004	-16.3	-16.98

1496869747391	1.589	-19.594	-8.954

1496869747404	6.33	-19.604	-6.704

1496869747411	9.433	-19.604	-6.282

1496869747421	9.318	-19.604	-5.602

1496869747431	9.462	-19.604	-1.58

1496869747441	10.659	-19.604	5.114

1496869747454	8.15	-18.282	4.855

1496869747461	5.573	-18.857	1.676

1496869747472	4.75	-19.585	-1.503

1496869747481	4.778	-19.594	-6.062

1496869747497	4.386	-19.499	-11.722

1496869747506	3.237	-19.211	-16.281

1496869747511	1.608	-19.47	-17.152

1496869747527	-0.105	-19.604	-13.379

1496869747531	-0.584	-18.934	-8.686

1496869747541	-1.091	-18.349	-2.039

1496869747551	-5.956	-19.25	14.241

1496869747561	-13.321	-17.65	18.388

1496869747571	-11.952	-12.469	-0.316

1496869747584	-7.69	-8.734	-8.035

1496869747592	-4.922	-6.751	-7.345

1496869747604	-4.252	-5.171	-7.575

1496869747613	-6.656	-4.079	-9.012

1496869747621	-11.722	-1.474	-9.04

1496869747631	-15.658	0.124	-0.928

1496869747642	-19.499	0.201	11.779

1496869747651	-19.537	0.89	2.509

1496869747661	-15.888	3.85	-4.271

1496869747671	-7.891	5.104	-0.593

1496869747684	-2.269	2.911	2.135

1496869747692	2.604	0.229	7.02

1496869747701	7.661	-1.388	11.109

1496869747716	11.166	-3.888	11.099

1496869747721	10.64	-7.106	6.129

1496869747731	8.609	-9.174	1.656

1496869747741	7.058	-11.32	-1.551

1496869747753	4.836	-12.986	-5.363

1496869747761	5.267	-14.624	-5.028

1496869747771	6.598	-16.855	-2.585

1496869747790	6.397	-19.403	2.844

1496869747791	3.227	-19.604	-1.398

1496869747801	1.369	-19.604	-5.497

1496869747811	1.12	-19.604	-7.202

1496869747821	2.231	-19.604	-9.261

1496869747831	3.639	-19.604	-11.703

1496869747841	2.154	-19.604	-12.22

1496869747853	-1.158	-19.604	-9.768

1496869747861	-2.988	-19.604	-3.878

1496869747871	-4.204	-19.585	0.363

1496869747883	-4.357	-17.028	0.9

1496869747893	-2.901	-13.101	-0.612

1496869747901	-0.162	-10.056	-1.79

1496869747911	3.055	-7.326	-1.379

1496869747926	6.215	-5.64	-0.411

1496869747931	7.278	-4.041	-0.114

1496869747941	8.188	-2.202	0.316

1496869747951	8.734	-0.201	0.009

1496869747961	8.648	1.599	-2.145

1496869747971	6.167	5.066	-2.154

1496869747981	4.127	6.656	-1.005

1496869747991	2.93	8.035	3.122

1496869748006	1.398	8.37	7.202

1496869748011	-0.928	7.412	4.185

1496869748021	-2.442	5.286	-0.766

1496869748031	-3.131	3.428	-3.246

1496869748041	-3.744	1.407	-4.051

1496869748051	-4.012	-1.177	-2.93

1496869748061	-4.261	-3.457	-2.145

1496869748072	-4.568	-4.338	-4.491

1496869748081	-4.137	-4.175	-7.441

1496869748091	-2.882	-3.227	-0.632

1496869748105	2.365	-2.02	18.483

1496869748111	2.221	-6.732	12.977

1496869748121	-3.84	-12.708	-17.909

1496869748137	-6.416	-15.562	-17.803

1496869748141	6.349	-19.604	-2.844

1496869748151	10.027	-19.604	-1.312

1496869748165	10.937	-19.604	0.593

1496869748171	11.933	-19.604	-1.34

1496869748181	13.034	-19.604	-1.723

1496869748194	11.253	-19.489	-0.009

1496869748204	8.178	-18.34	-0.938

1496869748211	6.1	-18.254	-2.174

1496869748221	4.683	-18.273	-5.487

1496869748231	3.514	-18.665	-8.092

1496869748241	2.681	-18.934	-11.071

1496869748251	2.059	-19.288	-12.603

1496869748261	1.043	-19.604	-11.243

1496869748271	0.526	-19.604	-8.083

1496869748281	0.124	-19.604	-3.141

1496869748292	-1.34	-19.604	2.087

1496869748306	-7.202	-19.604	16.463

1496869748311	-10.515	-13.197	-0.306

1496869748321	-8.447	-9.213	-4.146

1496869748331	-6.435	-6.263	-3.457

1496869748344	-6.598	-4.424	-4.922

1496869748351	-7.307	-3.83	-7.508

1496869748361	-8.868	-3.275	-8.36

1496869748371	-12.153	-2.327	-7.154

1496869748381	-16.08	-1.331	-2.595

1496869748391	-19.144	-0.287	3.419

1496869748402	-19.614	1.024	4.204

1496869748411	-16.74	3.17	-0.181

1496869748421	-9.059	4.616	-2.528

1496869748430	-3.16	4.462	-2.288

1496869748441	0.363	2.02	0.229

1496869748451	3.38	0.057	3.85

1496869748461	8.226	-1.503	10.295

1496869748471	12.21	-3.016	13.532

1496869748481	11.712	-4.989	5.372

1496869748492	8.753	-7.671	-0.316

1496869748501	5.832	-9.634	-4.472

1496869748511	1.292	-12.871	-7.556

1496869748523	-0.603	-16.76	-8.322

1496869748532	-0.785	-19.585	-3.792

1496869748541	-1.34	-19.604	5.707

1496869748552	-1.752	-19.604	7.719

