1495752618117	0.8093525	1.2903011	0.115507595

1495752618126	1.0089262	0.6598721	0.06648015

1495752618138	1.2227551	0.03810285	-0.014122035

1495752618147	1.3034905	-0.34785506	0.0

1495752618157	1.1605382	-0.39368504	0.14721556

1495752618168	0.90207833	-0.2748468	0.3326672

1495752618176	-0.86823875	-3.047562	0.7023714

1495752618186	-4.660938	-9.998135	1.7877698

1495752618197	-3.1806555	-6.2077007	1.9492406

1495752618206	-0.41660005	-0.2769784	1.3285372

1495752618216	0.6937117	1.5859313	0.9969358

1495752618227	0.9162004	1.2379429	0.20277111

1495752618238	0.84638953	0.66853184	-0.6969091

1495752618247	0.65880626	0.14281908	-1.6448175

1495752618257	0.73834264	0.57047695	-2.233946

1495752618268	0.96642685	1.7452705	-2.5306423

1495752618277	0.9990674	2.553424	-2.4444444

1495752618286	0.9685585	3.230882	-1.885958

1495752618296	1.064615	4.0019984	-1.1899813

1495752618306	1.5510259	5.384093	-0.84972024

1495752618317	2.6963763	7.6235013	-0.84972024

1495752618326	3.7523315	7.7936316	-0.76125765

1495752618341	3.746869	4.0860643	-0.50932586

1495752618347	3.5221157	1.0591527	-0.50932586

1495752618357	3.9126031	0.73727685	-0.45483613

1495752618368	4.376232	1.4397815	-0.40794033

1495752618377	4.3968825	1.8990141	-0.42312816

1495752618388	3.8558486	1.7888356	-0.8562483

1495752618397	2.9909406	1.5106581	-0.8518519

1495752618408	1.7801758	1.9786837	-1.1550759

1495752618427	1.6807888	2.6396217	-1.0820677

1495752618439	2.0768719	2.303757	-0.9685585

1495752618447	1.938316	1.2597922	-0.84638953

1495752618457	1.4343193	0.22568612	-0.71009856

1495752618470	0.8234745	-0.50173193	-0.4864109

1495752618476	0.2933653	-0.81801224	-0.18318678

1495752618486	-0.11444178	-0.699174	0.12643218

1495752618496	-0.40460965	-0.29549694	0.39701572

1495752618506	-0.5955236	0.2475353	0.5496936

1495752618516	-0.7525979	0.71329606	0.5955236

1495752618526	-0.941247	0.9511058	0.6239009

1495752618536	-1.2042366	0.74167335	0.6697309

1495752618547	-1.5369039	-0.30868638	0.69584334

1495752618557	-1.9721556	-1.7637889	0.6369571

1495752618567	-2.3963497	-2.577538	0.5780709

1495752618576	-2.720357	-2.6232347	0.56608045

1495752618588	-3.0029309	-2.1237676	0.6239009

1495752618596	-3.3759658	-1.4648281	0.8028244

1495752618606	-3.8242738	-0.9980016	1.1681322

1495752618617	-4.3467894	-0.9303224	1.7408739

1495752618626	-4.294431	-1.124567	2.4138024

1495752618636	-3.5700772	-2.7945642	1.9143353

1495752618647	-2.8567812	-5.252065	0.88782305

1495752618656	-2.2371435	-7.199174	-0.15480949

1495752618666	-1.7211564	-7.5700774	-0.68491876

1495752618678	-1.5837996	-6.2872367	-0.34359178

1495752618690	-1.8521183	-4.4809484	0.43844923

1495752618697	-2.142286	-3.0170531	1.0078604

1495752618709	-2.1608047	-2.2840395	1.1365575

1495752618739	-2.0550227	-1.9698907	0.9401812

1495752618740	-1.9305888	-1.6241673	0.6697309

1495752618742	-1.5314416	-0.94897413	0.26179057

1495752618746	-1.5314416	-0.85944575	0.26179057

1495752618756	-1.2532641	-0.5921929	-0.0065281107

1495752618768	-0.92499334	-0.44604316	-0.26605383

1495752618776	-0.5671463	-0.41660005	-0.5114575

1495752618787	-0.21702638	-0.4188649	-0.69584334

1495752618797	0.06541433	-0.3097522	-0.77551293

1495752618806	0.30642152	0.083932854	-0.7918998

1495752618816	0.5169198	0.84425795	-0.7580602

1495752618827	0.70023984	2.7051692	-0.60751396

1495752618838	0.68172127	3.1905143	-0.4820144

1495752618847	0.7013056	3.129363	-0.31841195

1495752618857	0.85078603	2.8174794	-0.24313882

1495752618867	1.0896616	2.4869437	-0.30748734

1495752618876	1.3623768	2.0779376	-0.37729818

1495752618889	1.7419398	1.4713563	-0.38502532

1495752618896	2.0386357	0.86823875	-0.25952572

1495752618906	2.074607	0.51811886	-0.009725553

1495752618917	1.8390621	0.4537703	0.25952572

1495752618926	1.1899813	-0.2529976	0.48094857

1495752618938	-3.0508926	-7.619105	1.0417

1495752618947	-6.325473	-12.94551	2.0266454

1495752618957	-3.3879564	-4.813616	1.8804955

1495752618967	-0.6009859	1.1889155	1.3710365

1495752618978	0.4014122	2.3439915	1.0383693

1495752618987	0.80602187	1.9110045	0.49187317

1495752618997	1.0688782	1.4713563	-0.26605383

1495752619007	1.2216893	1.0209166	-1.1103117

1495752619017	1.3317347	0.6270983	-2.021183

1495752619026	1.3743671	0.84972024	-2.166267

1495752619036	1.3569145	1.8073541	-2.0047963

1495752619047	1.4997336	3.1981082	-1.6176392

1495752619057	1.9513723	5.0655475	-1.2707168

1495752619066	2.7716494	7.2166266	-1.1235012

1495752619078	3.7065015	8.39142	-0.99480414

1495752619086	3.8635757	5.7964296	-0.83986145

1495752619096	3.313749	1.7463362	-0.7973621

1495752619106	3.3355982	0.37183586	-0.86384225

1495752619116	3.861311	0.8659739	-0.8387956

1495752619127	4.186384	1.5466293	-0.73834264

1495752619140	4.0009327	1.6458833	-0.63362646

1495752619147	3.3334665	1.1300293	-0.62283504

1495752619157	2.515321	0.6020517	-0.70023984

1495752619181	1.8674394	0.6510791	-0.79949373

1495752619185	1.4801493	1.3972821	-0.9315215

1495752619197	1.3252065	2.759659	-1.1899813

1495752619206	1.1540102	1.892486	-1.0143884

1495752619216	0.8888889	0.7013056	-0.41446844

1495752619228	0.44710898	-0.33586463	0.019584332

1495752619236	0.23221423	-0.287903	0.30748734

1495752619246	0.04143352	0.042499334	0.54316545

1495752619257	-0.10351719	0.47881696	0.6751932

1495752619266	-0.22568612	0.7635225	0.7252864

1495752619277	-0.4308553	0.54636294	0.7721822

1495752619286	-0.8605116	-0.6369571	0.77005064

1495752619297	-1.4082068	-2.097522	0.7013056

1495752619307	-1.8651745	-2.5185184	0.67292833

1495752619316	-2.1454837	-2.0451639	0.7460698

1495752619326	-2.278577	-1.3264055	0.86930454

1495752619337	-2.5818012	-1.0579536	0.9532374

1495752619347	-3.0977883	-0.8943512	1.048228

1495752619357	-3.618039	-0.47228885	1.1889155

1495752619367	-4.090461	-0.19304556	1.4551026

1495752619378	-4.684919	-0.54316545	1.9873434

1495752619386	-5.3601117	-2.0342393	2.5349054

1495752619396	-4.8681054	-3.6508126	2.6167066

1495752619407	-1.1191047	-4.6249666	0.25406343

1495752619416	-1.1420197	-6.461764	-0.987077

1495752619427	-0.7776446	-7.680256	-1.0471623

1495752619439	-1.2892352	-5.6437516	-0.16573408

1495752619447	-1.6044497	-3.5897949	0.83000267

1495752619457	-1.6502798	-2.4116707	1.3121502

1495752619467	-1.5303757	-1.8445244	1.1735945

1495752619478	-1.3798295	-1.4158007	0.7023714

1495752619493	-1.2892352	-0.9761524	0.23447908

1495752619498	-1.2019718	-0.5955236	-0.13522515

1495752619507	-1.0209166	-0.30535573	-0.37410071

1495752619517	-0.6806555	-0.19304556	-0.43405277

1495752619527	-0.2813749	-0.17665868	-0.36530775

1495752619536	0.08832934	-0.1624034	-0.2464695

1495752619546	0.4014122	-0.10351719	-0.1842526

1495752619557	0.68172127	0.21156408	-0.20610179

1495752619566	0.9586997	1.009992	-0.26179057

1495752619577	1.1855849	2.134559	-0.28896883

1495752619586	1.2402078	3.154543	-0.23994137

1495752619597	1.0274447	3.58753	-0.12643218

1495752619607	0.6565414	3.6060486	0.118838266

1495752619616	0.33586463	3.4392486	0.14175327

1495752619626	0.35984546	2.2022383	0.12976286

1495752619637	0.6806555	1.2282175	0.17985612

1495752619647	1.0634159	0.2715161	0.32387424

1495752619658	1.2783107	-0.35011992	0.53224087

1495752619667	1.2336798	-0.5114575	0.76458836

1495752619678	1.0230483	-0.43631762	0.95989877

1495752619687	0.41660005	-1.1354916	1.0297096

1495752619697	-4.2801757	-7.868905	1.4583

1495752619706	-6.750866	-9.314281	2.0430322

1495752619716	-3.6289635	-2.8513188	1.5030643

1495752619727	-1.1223022	0.20063949	1.0089262

1495752619738	-0.14934719	0.7122302	0.90421

1495752619747	0.074074075	0.92059684	0.8888889

1495752619758	0.26059154	1.1693312	0.63482547

1495752619767	0.5223821	0.88782305	-0.067545965

1495752619777	0.7918998	0.1438849	-0.99040765

1495752619792	1.1103117	0.22688515	-1.8521183

1495752619807	1.4201971	1.7364775	-1.6296296

1495752619817	3.0879297	6.9209967	-1.3165468

1495752619826	4.136291	9.402611	-1.3787637

1495752619836	5.038369	10.771516	-1.2685851

1495752619847	4.3772984	6.7541966	-0.97508657

1495752619857	2.6156409	0.767919	-0.8779643

1495752619866	2.4749534	-0.17119637	-0.83986145

1495752619878	3.1381562	1.3470557	-0.7732481

1495752619888	3.549427	2.819611	-0.5682121

1495752619897	3.3814282	3.3944845	-0.42099655

1495752619907	2.6461496	2.796696	-0.52464694

1495752619916	1.800826	1.777911	-0.83106846

1495752619926	1.2827072	1.2793765	-1.032907

1495752619936	1.315481	1.3470557	-1.0133227

1495752619947	1.7583266	1.6296296	-0.81694645

1495752619957	2.2022383	1.678657	-0.58459896

1495752619967	2.2699175	1.0732747	-0.4014122

1495752619978	1.9993339	0.045696776	-0.31841195

1495752619987	1.5760725	-0.7067679	-0.28577137

1495752619997	1.116973	-0.98934186	-0.21596056

1495752620007	0.6707967	-0.91953105	-0.09485745

1495752620017	-0.09592326	-0.061017852	0.039168663

1495752620027	-0.43298694	0.31081802	-0.010791367

1495752620038	-0.76671994	0.4864109	-0.022781774

1495752620047	-1.2084999	-0.19730882	0.026112443

1495752620057	-1.7855049	-1.7560618	0.11670663

1495752620066	-2.2316813	-2.6179056	0.31521448

1495752620078	-2.339728	-2.134559	0.6424194

1495752620087	-2.1935785	-1.009992	0.94897413

1495752620097	-2.4869437	-0.8377298	1.092859

1495752620107	-3.024647	-0.90421	1.2107648

1495752620119	-3.503597	-0.6249667	1.3808953

1495752620127	-3.9792166	-0.5103917	1.7343459

1495752620137	-4.6489477	-0.8714362	2.3222754

1495752620147	-5.353584	-2.2066348	2.798961

1495752620157	-4.6706634	-3.5526245	2.5818012

1495752620166	-2.4661603	-4.0074606	1.3655742

1495752620178	-1.1300293	-5.5390353	-0.29003465

1495752620186	-1.0427657	-6.9657607	-1.2805755

1495752620197	-1.5215827	-6.674527	-0.98934186

1495752620206	-1.7986944	-5.330669	-0.09152678

1495752620216	-1.4626966	-3.9399147	1.032907

1495752620226	-1.3689048	-2.2001066	0.8802292

1495752620236	-1.2248868	-1.4757527	0.51918465

1495752620246	-1.0995203	-0.8093525	0.15920597

1495752620257	-0.9357847	-0.36970425	-0.08939515

1495752620267	-0.6739941	-0.33586463	-0.25739408

1495752620278	-0.3490541	-0.53330666	-0.36211032

1495752620287	-0.042499334	-0.71982414	-0.3959499

1495752620297	0.18864909	-0.7252864	-0.40794033

1495752620307	0.3555822	-0.52025044	-0.402478

1495752620317	0.47881696	-0.1100453	-0.4014122

1495752620327	0.59992003	0.6468159	-0.41553423

1495752620340	0.7492673	1.8062884	-0.41553423

1495752620347	0.8888889	3.1043165	-0.3490541

1495752620357	0.9118039	4.011857	-0.1897149

1495752620367	0.8202771	4.365308	0.032640554

1495752620377	0.7155609	4.3413267	0.21702638

1495752620389	0.6293632	3.4184651	0.2977618

1495752620407	0.9008793	1.3721023	0.24966693

1495752620416	1.0274447	1.3721023	0.3784972

1495752620426	0.95656806	-0.15707435	0.58353317

1495752620436	0.44284573	-1.0034639	0.7078337

1495752620447	-1.4364508	-4.3445244	0.699174

1495752620457	-4.5507593	-9.135359	1.1180389

1495752620467	-4.7482014	-6.4596324	1.352518

1495752620477	-2.325473	-1.2903011	0.80815345

1495752620491	-0.8016254	0.44497734	0.48321342

1495752620509	-0.22022381	0.6783906	0.57593924

1495752620512	0.001065814	0.736211	0.9401812

1495752620517	0.16573408	0.42539302	1.2652545

1495752620527	0.45803356	-0.38062882	1.1266986

1495752620537	0.8791633	-1.2543299	0.3326672

1495752620546	1.2194245	-1.5139889	-0.74167335

1495752620557	1.632827	0.17226219	-1.678657

1495752620568	1.9263256	2.386624	-2.218625

1495752620577	2.0735412	4.3751664	-2.2676525

1495752620586	2.5731416	6.8467894	-2.0539567

1495752620597	3.411937	9.270583	-1.7223555

1495752620606	3.877698	9.169198	-1.138689

1495752620616	2.2436717	1.0417	-0.24860112

1495752620627	2.7236876	0.64575005	-0.22688515

1495752620645	3.6115108	1.5947242	-0.20610179

1495752620648	4.117639	2.3582468	-0.11990408

1495752620658	3.9060752	2.3691714	-0.13522515

1495752620688	3.0181189	1.6742606	-0.3326672

1495752620690	2.022249	1.0568879	-0.58459896

1495752620691	1.3972821	0.972955	-0.77111644

1495752620696	1.337197	1.3503864	-0.8888889

1495752620706	1.6677325	1.840128	-0.91073805

1495752620716	1.982947	1.8717027	-0.83106846

1495752620729	1.9415134	1.2259526	-0.68718356

1495752620736	1.5259792	0.33693045	-0.5551559

1495752620750	0.57474023	-0.73181456	-0.28577137

1495752620766	0.22142287	-0.8485212	-0.111244336

1495752620778	-0.046895817	-0.71329606	0.02504663

1495752620786	-0.19730882	-0.31188384	0.16466826

1495752620797	-0.2693845	0.22795098	0.21915801

1495752620807	-0.3839595	0.6140421	0.20943245

1495752620816	-1.078737	-0.68172127	0.09592326

1495752620826	-1.6284306	-2.3113508	0.06861178

1495752620836	-2.0582201	-3.0313082	0.14281908

1495752620846	-2.128031	-2.2633893	0.3511857

1495752620857	-2.2164934	-1.3590461	0.6140421

1495752620867	-2.7815082	-1.3863575	0.72861713

1495752620878	-3.3858247	-1.2053025	0.80815345

1495752620888	-3.861311	-0.71875834	0.9521716

1495752620897	-4.2965627	-0.4416467	1.3241407

1495752620915	-4.908473	-0.6369571	2.0702105

1495752620918	-5.4778843	-2.1444178	2.8555822

1495752620927	-4.5333066	-4.5419664	3.024647

1495752620937	-2.0702105	-5.9720225	1.9143353

1495752620947	-0.27378097	-7.238476	0.030508926

1495752620957	0.12430056	-7.655076	-1.1071143

1495752620966	-0.43405277	-6.6101785	-0.8148148

1495752620977	-1.170397	-4.865974	0.2071676

1495752620987	-1.6372236	-3.207967	0.96522784

1495752620998	-1.7179589	-2.0266454	1.0841993

1495752621008	-1.6056488	-1.1626699	0.34239274

1495752621017	-1.2292832	0.07953637	-0.051159073

1495752621027	-0.86930454	0.19078071	-0.34678924

1495752621037	-0.40567547	-0.10684785	-0.5442313

1495752621047	0.069810815	-0.60751396	-0.66200376

1495752621057	0.47548628	-0.8998135	-0.6184386

1495752621066	0.76671994	-0.8038902	-0.5223821

1495752621078	1.0198507	-0.21049827	-0.47228885

1495752621088	1.2761791	0.92499334	-0.5452971

1495752621103	1.4757527	2.309086	-0.6478817

1495752621107	1.527045	3.5057287	-0.6239009

1495752621116	1.3689048	4.089262	-0.44497734

1495752621126	0.9696243	4.0347724	-0.2071676

1495752621137	0.492939	3.6813216	-0.021715961

1495752621147	0.13735679	3.2876365	0.087263525

1495752621157	0.008659739	2.7116973	0.15920597

1495752621167	0.07847056	1.877165	0.2300826

1495752621177	0.24860112	0.87370104	0.35438317

1495752621186	0.46243006	-0.09592326	0.52358115

1495752621196	0.5921929	-0.78963494	0.70343727

1495752621206	0.52464694	-1.329603	0.9555023

1495752621216	-5.133227	-10.924194	1.7234212

1495752621226	-4.1373568	-6.959233	1.8619771

1495752621236	-1.2216893	-0.8888889	1.3241407

1495752621247	0.06314948	1.0885957	0.9456435

1495752621257	0.3261391	1.36664	0.52025044

1495752621267	0.29882762	1.59579	-0.11444178

1495752621278	0.21702638	1.512923	-0.8703704

1495752621287	0.12096989	0.99360514	-1.5837996

1495752621296	0.045696776	0.39914736	-2.1084466

1495752621306	0.06434852	0.21702638	-2.339728

1495752621317	0.36211032	1.0612843	-2.203304

1495752621327	1.0820677	3.247269	-1.7648548

1495752621337	1.9469757	5.597922	-1.3350652

1495752621347	2.6985078	7.1217694	-1.1223022

1495752621356	3.5025313	8.33693	-1.1103117

1495752621366	3.936584	7.7805758	-1.0438316

1495752621378	3.19158	3.8810284	-0.90421

1495752621391	3.0203836	1.2030376	-0.7046363

1495752621409	3.7565947	3.129363	-0.45803356

1495752621417	3.3846257	2.9996004	-0.4373834

1495752621427	2.6265655	2.0407674	-0.60751396

1495752621442	1.9764189	1.4528377	-0.8028244

1495752621446	1.6306955	1.6580069	-0.8791633

1495752621456	1.5051959	2.1183054	-0.85731417

1495752621466	1.4397815	2.2600586	-0.804956

1495752621478	1.3852918	2.0298429	-0.68718356

1495752621486	1.2761791	1.4605649	-0.50492936

1495752621497	1.0547562	0.6510791	-0.35877964

1495752621507	0.7624567	-0.117772445	-0.3032241

1495752621517	0.47881696	-0.7395417	-0.28244072

1495752621527	0.22142287	-1.1540102	-0.19730882

1495752621543	-0.15480949	-0.8987477	0.1384226

1495752621557	-0.28896883	-0.42859045	0.23767653

1495752621566	-0.470024	0.05995204	0.24313882

1495752621578	-0.7122302	0.3446576	0.25952572

1495752621586	-1.0253131	-0.080602184	0.25952572

1495752621597	-1.4158007	-1.4845457	0.30748734

1495752621606	-1.8062884	-2.8992805	0.50066614

1495752621617	-1.9698907	-1.8619771	0.6739941

1495752621626	-2.5676792	-1.1037836	0.91406876

1495752621636	-3.2777777	-0.44937384	1.2946975

1495752621647	-4.0402346	-0.061017852	1.9535038

1495752621656	-4.880096	-0.33586463	2.6997068

1495752621666	-5.381961	-1.6666666	3.0662136

1495752621678	-4.320544	-2.446576	2.5523582

1495752621690	-2.6015189	-3.4381828	1.1921129

1495752621697	-1.6677325	-5.700373	-0.3162803

1495752621707	-1.488809	-7.254863	-1.1681322

1495752621731	-1.7190248	-6.858913	-0.9990674

1495752621740	-1.9120704	-5.235811	-0.22901678

1495752621744	-1.80842	-2.4869437	0.9511058

1495752621757	-1.5608846	-2.0321076	0.9031442

1495752621767	-1.2619238	-1.8914202	0.56608045

1495752621777	-0.94897413	-1.7932321	0.1449507

1495752621795	-0.27258193	-1.4070077	-0.41220358

1495752621799	0.0065281107	-1.4070077	-0.48094857

1495752621809	0.38502532	-1.2347455	-0.49520382

1495752621817	0.653344	-0.8234745	-0.492939

1495752621826	0.7907008	-0.44830802	-0.42206234

1495752621836	0.8419931	0.023980815	-0.34359178

1495752621846	0.84425795	0.63589126	-0.2868372

1495752621857	0.8791633	1.5051959	-0.24540368

1495752621866	0.96096456	2.4902744	-0.14281908

1495752621876	0.98814285	3.2592592	0.04023448

1495752621888	0.95004	3.6747935	0.29229948

1495752621896	0.88782305	3.6835864	0.5169198

1495752621906	0.79949373	3.3726351	0.64575005

1495752621917	0.77005064	2.9331203	0.63908875

1495752621927	0.7525979	2.4367173	0.5824674

1495752621937	0.75153214	1.8302691	0.55622166

1495752621947	0.7307487	1.1899813	0.54103386

1495752621964	0.6642686	0.6184386	0.6009859

1495752621967	0.47548628	0.051159073	0.676259

1495752621978	-5.086331	-9.634958	1.3840927

1495752621989	-4.139488	-6.0102587	1.5085266

1495752621999	-4.139488	-6.0102587	0.95004

1495752622007	0.0	0.9315215	0.6064482

1495752622017	0.3839595	0.9467093	0.6794564

1495752622027	0.2464695	1.0078604	1.0297096

1495752622038	-0.05662137	0.9467093	1.1735945

1495752622046	-0.19197975	0.33373302	0.74167335

1495752622057	-0.054489743	-0.68172127	-0.2017053

1495752622067	0.19850786	-1.5161204	-1.2707168

1495752622077	0.41993073	-1.2314149	-1.968825

1495752622088	0.7275513	0.61617374	-2.128031

1495752622097	1.2816414	3.4523048	-1.8367972

1495752622106	2.1957102	6.583933	-1.3994138

1495752622116	3.1261656	8.855049	-1.0417

1495752622127	3.6115108	9.016387	-0.75153214

1495752622137	2.9996004	5.138689	-0.5507594

1495752622146	2.1902478	1.3329337	-0.5627498

1495752622156	2.340794	0.57474023	-0.56501466

1495752622166	3.025846	1.4223288	-0.46789235

1495752622178	3.81668	3.0203836	-0.16027178

1495752622187	3.81668	2.917799	-0.19850786

1495752622197	3.5286438	2.5742073	-0.47775114

1495752622207	2.3353317	0.71875834	-0.69584334

1495752622217	2.1357582	0.57913667	-0.8038902

1495752622227	2.1683986	0.93698376	-0.8245404

1495752622236	2.2633893	1.2740474	-0.84972024

1495752622246	2.2011724	1.2118305	-0.78963494

1495752622256	1.8739675	0.71875834	-0.70889956

1495752622266	1.41247	0.14934719	-0.68491876

1495752622278	0.9467093	-0.17772448	-0.63362646

1495752622286	0.5770051	-0.23994137	-0.4886757

1495752622297	0.32387424	-0.19850786	-0.2759126

1495752622307	0.17013057	-0.07847056	-0.033706367

1495752622316	0.08606448	0.17452705	0.20397016

1495752622326	-0.003197442	0.41553423	0.33693045

1495752622337	-0.23341326	0.15480949	0.36424193

1495752622347	-0.71875834	-1.2347455	0.31081802

1495752622357	-1.2751132	-2.6254995	0.24207301

1495752622367	-1.5369039	-2.189182	0.26605383

1495752622378	-2.3855581	-1.1136425	0.53663737

1495752622395	-3.0159872	-1.0242473	0.69584334

1495752622400	-3.0159872	-1.0242473	0.8758327

1495752622409	-4.0718093	-0.11444178	1.1223022

1495752622417	-4.582334	0.016253663	1.5739409

1495752622439	-5.1899815	-0.64028776	2.1324275

1495752622442	-5.4179325	-2.6473489	2.3876898

1495752622447	-3.8864908	-4.372902	1.9328537

1495752622457	-1.6382893	-5.554223	0.6718625

1495752622466	-0.59339195	-7.0889955	-0.7307487

1495752622477	-0.6969091	-7.434852	-1.1496136

1495752622487	-1.2827072	-6.3429255	-0.54316545

1495752622496	-1.7375433	-4.82454	0.29443112

1495752622506	-1.869571	-3.6137757	0.84425795

1495752622516	-1.8651745	-2.6843858	0.98387957

1495752622526	-1.823741	-1.9251266	0.75472957

1495752622536	-1.7452705	-1.3840927	0.3097522

1495752622547	-1.6197709	-1.0417	-0.2071676

1495752622557	-1.4343193	-0.7744471	-0.64575005

1495752622567	-1.1485479	-0.5682121	-0.8943512

1495752622578	-0.4308553	-0.51372236	-0.9805489

1495752622610	-0.10684785	-0.46456167	-0.88129497

1495752622615	-0.10684785	-0.46456167	-0.74820143

1495752622618	0.3860911	0.021715961	-0.64455104

1495752622621	0.6522782	0.9544364	-0.6041833

1495752622627	1.1212363	2.6156409	-0.59765524

1495752622641	1.6121769	4.2387424	-0.5169198

1495752622646	1.8117507	4.827738	-0.2519318

1495752622656	1.7049028	4.5496936	0.14068745

1495752622668	1.3743671	3.9496403	0.49520382

1495752622677	0.96203035	3.3661072	0.6697309

1495752622688	0.653344	2.8218758	0.6554756

1495752622696	0.51265657	2.0691447	0.6129763

1495752622706	0.55302423	0.9826805	0.62603253

1495752622716	0.6413536	-0.12536637	0.676259

1495752622727	0.6041833	-1.0766054	0.7395417

1495752622737	-0.28350654	-3.367173	0.7208899

1495752622747	-2.8534505	-8.666267	0.9805489

1495752622757	-3.6464162	-9.839994	1.3928857

1495752622766	-1.2095656	-2.8938184	0.8900879

1495752622778	0.3272049	2.6953104	0.43405277

1495752622789	-0.25739408	1.8848921	0.27378097

1495752622797	-0.25739408	1.8848921	-0.24860112

1495752622807	-0.470024	0.10031974	-1.078737

1495752622817	-0.36211032	0.1787903	-1.9360511

1495752622827	0.117772445	1.1899813	-2.1946442

1495752622842	0.42206234	1.5161204	-1.968825

1495752622847	0.48747668	1.451772	-1.5390354

1495752622857	0.50612843	1.8445244	-1.0133227

1495752622866	0.7330136	2.8675725	-0.68598455

1495752622878	1.535838	5.043832	-0.78856915

1495752622886	2.6505463	7.162137	-0.98387957

1495752622896	3.3301358	7.048628	-0.8998135

1495752622908	3.1490808	4.3194776	-0.65880626

1495752622916	2.7148948	1.7528644	-0.51372236

1495752622926	2.8054888	1.0776712	-0.50066614

1495752622936	3.298561	1.7713829	-0.54316545

1495752622947	3.6127098	2.4301891	-0.5518252

1495752622956	3.4249933	2.2840395	-0.5911271

1495752622967	2.864375	1.7255529	-0.67732483

1495752622976	2.248068	1.4485744	-0.7907008

1495752622994	1.5434319	1.9360511	-0.8551825

1495752622997	1.5652812	2.1040502	-0.78417265

1495752623007	1.7583266	1.982947	-0.73727685

1495752623018	1.960032	1.3808953	-0.6697309

1495752623027	1.7942979	0.40354383	-0.5027978

1495752623037	1.3558487	-0.25739408	-0.28896883

1495752623046	0.8649081	-0.35225153	-0.051159073

1495752623056	0.45043966	-0.1558753	0.20823342

1495752623066	0.15707435	0.12323475	0.47988275

1495752623077	-0.03157474	0.51265657	0.71875834

1495752623086	-0.173328	0.9696243	0.88675725

1495752623097	-0.3610445	1.2444711	0.9544364

1495752623106	-0.69038105	0.66853184	0.97188914

