1495400528156	-1.177	11.741	-2.346

1495400528162	-0.258	9.912	-2.394

1495400528174	2.26	9.031	-0.181

1495400528181	1.685	9.356	1.436

1495400528193	0.785	8.945	1.369

1495400528211	0.287	8.207	0.718

1495400528214	0.124	7.767	0.478

1495400528221	0.229	7.767	0.574

1495400528231	-0.076	7.795	1.225

1495400528243	-0.095	7.68	0.699

1495400528256	-0.823	7.316	1.561

1495400528261	-1.398	6.349	2.336

1495400528273	-1.216	5.64	2.298

1495400528283	-1.072	5.286	2.394

1495400528298	-0.718	5.372	2.308

1495400528301	-0.507	5.698	1.857

1495400528313	-0.306	5.631	1.072

1495400528326	0.095	5.162	1.273

1495400528331	0.651	4.711	1.695

1495400528341	1.13	4.721	2.001

1495400528354	1.187	4.893	2.279

1495400528361	1.091	5.593	2.47

1495400528371	1.273	5.755	2.442

1495400528381	0.909	6.167	2.94

1495400528391	1.053	6.656	3.342

1495400528402	1.407	7.106	3.687

1495400528419	1.723	7.489	4.204

1495400528421	1.934	7.958	5.248

1495400528431	2.154	8.389	6.32

1495400528441	2.212	8.839	7.47

1495400528451	3.15	8.897	7.881

1495400528461	3.945	8.245	8.667

1495400528471	5.162	8.016	9.059

1495400528486	5.861	7.422	8.925

1495400528491	5.937	6.569	8.38

1495400528502	5.64	5.851	7.441

1495400528513	5.736	5.794	6.78

1495400528521	5.583	5.621	6.569

1495400528531	5.42	5.478	6.579

1495400528540	4.932	5.439	6.167

1495400528550	3.735	6.148	5.765

1495400528562	2.978	11.521	6.225

1495400528579	2.978	11.521	5.803

1495400528581	4.099	16.204	4.644

1495400528591	7.115	19.614	2.585

1495400528601	4.941	19.575	2.346

1495400528611	-2.384	11.99	2.164

1495400528626	-7.929	3.352	2.624

1495400528631	-6.981	2.02	3.543

1495400528641	-4.932	3.878	4.031

1495400528650	-2.71	4.807	2.423

1495400528661	-0.766	4.328	0.881

1495400528671	0.632	2.71	-0.785

1495400528691	2.7	4.194	-2.451

1495400528692	3.591	7.585	-2.71

1495400528702	3.917	9.682	-2.221

1495400528711	3.83	11.042	-0.325

1495400528721	2.643	12.287	2.068

1495400528730	1.656	14.336	3.227

1495400528740	1.589	16.74	3.562

1495400528750	2.126	17.459	2.892

1495400528761	2.806	15.007	2.212

1495400528774	3.399	10.812	2.03

1495400528781	3.476	7.7	1.963

1495400528791	3.294	5.679	0.89

1495400528802	3.074	4.597	0.153

1495400528812	2.93	4.865	-0.737

1495400528821	2.691	5.095	-1.13

1495400528831	2.231	5.593	-1.206

1495400528847	1.676	6.617	-1.58

1495400528879	0.335	10.008	-0.986

1495400528884	0.335	10.008	-0.986

1495400528885	0.028	11.233	-0.459

1495400528908	0.287	11.837	0.373

1495400528909	0.325	11.301	0.823

1495400528911	0.507	10.86	0.699

1495400528921	0.689	9.682	0.574

1495400528931	0.344	8.6	0.938

1495400528942	-0.114	8.121	0.679

1495400528952	-0.095	7.719	0.459

1495400528973	-0.095	7.575	0.239

1495400528974	0.105	7.585	0.181

1495400528981	0.316	7.958	0.335

1495400528991	0.766	8.571	0.718

1495400529002	1.446	9.835	0.708

1495400529018	1.838	10.123	0.67

1495400529026	1.934	10.707	0.565

1495400529031	2.001	11.32	0.402

1495400529041	1.867	11.875	0.316

1495400529050	1.369	12.153	0.373

1495400529061	0.976	12.44	0.191

1495400529071	0.603	12.881	-0.038

1495400529080	0.363	13.398	0.095

1495400529100	0.517	13.762	0.181

1495400529102	0.881	14.413	-0.095

1495400529111	1.283	15.361	-0.967

1495400529121	1.513	15.256	-1.743

1495400529130	1.714	14.145	-1.8

1495400529140	1.436	13.159	-1.57

1495400529150	1.005	12.249	-1.494

1495400529162	0.689	11.55	-1.513

1495400529189	0.047	10.582	-2.126

1495400529199	-0.344	9.49	-1.743

1495400529200	-0.565	9.136	-0.565

1495400529202	-1.264	9.739	0.038

1495400529211	-1.072	11.502	1.206

1495400529221	-1.781	16.3	1.407

1495400529231	-2.346	18.043	1.81

1495400529241	-2.796	18.685	0.814

1495400529250	-2.968	17.219	-0.067

1495400529265	-2.308	14.336	-1.953

1495400529271	-1.474	12.364	-2.336

1495400529281	-0.44	11.387	-2.403

1495400529290	1.034	10.458	-1.292

1495400529302	2.145	9.979	-0.086

1495400529311	1.666	10.056	1.11

1495400529325	0.66	9.749	1.321

1495400529331	0.095	8.878	0.881

1495400529341	0.038	8.408	0.756

1495400529351	0.22	8.217	0.775

1495400529361	0.526	8.102	1.379

1495400529371	0.344	7.977	1.398

1495400529380	-0.124	7.604	1.599

1495400529390	-0.996	6.684	2.116

1495400529402	-1.58	6.273	2.461

1495400529415	-0.66	5.162	2.375

1495400529421	-0.43	4.711	2.183

1495400529431	-0.641	4.376	2.03

1495400529445	-0.871	3.773	1.877

1495400529451	-0.785	3.141	1.541

1495400529461	-0.373	2.633	1.494

1495400529471	0.201	2.968	1.608

1495400529481	0.976	3.409	1.944

1495400529491	1.34	3.562	2.049

1495400529501	1.254	4.031	2.346

1495400529511	1.158	4.51	2.767

1495400529525	1.417	4.826	3.409

1495400529532	1.436	5.2	4.233

1495400529541	2.039	6.445	5.085

1495400529550	2.681	7.546	6.033

1495400529561	3.409	8.763	7.077

1495400529571	4.003	9.356	7.728

1495400529580	3.926	9.711	9.222

1495400529591	4.616	10.506	9.969

1495400529602	5.909	9.423	10.41

1495400529622	6.464	7.91	9.51

1495400529623	5.899	4.951	7.556

1495400529631	5.267	4.367	6.598

1495400529641	3.639	4.29	5.526

1495400529650	1.838	5.707	4.549

1495400529661	0.833	8.36	4.185

1495400529671	1.245	12.402	3.974

1495400529681	2.796	18.349	3.227

1495400529691	3.869	19.614	2.403

1495400529702	3.217	19.614	3.648

1495400529713	-0.239	18.254	4.826

1495400529721	-3.419	8.992	2.959

1495400529731	-3.486	3.361	2.451

1495400529741	-2.068	3.639	3.16

1495400529758	-0.948	4.587	2.336

1495400529761	0.392	4.568	1.561

1495400529771	1.637	4.29	0.536

1495400529781	2.566	4.903	-1.541

1495400529790	2.681	6.933	-3.016

1495400529801	3.294	8.801	-2.394

1495400529811	2.595	9.778	-0.909

1495400529821	1.417	10.707	0.766

1495400529830	-0.574	12.881	1.829

1495400529841	-0.335	15.457	1.915

1495400529854	0.191	16.003	1.628

1495400529861	1.388	13.781	1.13

1495400529871	2.241	10.745	0.919

1495400529883	2.528	8.226	0.775

1495400529892	2.528	6.454	0.469

1495400529902	2.93	5.104	0.047

1495400529911	2.853	5.095	-0.938

1495400529921	2.451	6.158	-1.513

1495400529930	2.25	6.962	-1.848

1495400529940	1.857	7.556	-1.934

1495400529950	0.928	7.901	-1.369

1495400529963	0.593	8.715	-0.89

1495400529971	0.239	9.366	-0.335

1495400529981	0.057	10.094	-0.009

1495400529991	0.076	10.525	0.095

1495400530002	0.411	9.912	0.612

1495400530013	0.689	8.743	0.507

1495400530031	0.316	8.063	0.363

1495400530049	-0.268	7.297	0.363

1495400530051	-0.277	7.451	0.258

1495400530061	0.162	7.987	0.229

1495400530071	0.43	8.983	0.402

1495400530081	1.197	9.979	0.43

1495400530090	1.896	10.937	0.373

1495400530101	2.365	11.387	0.478

1495400530111	2.394	11.186	0.747

1495400530125	2.336	10.688	1.072

1495400530131	1.877	10.467	1.379

1495400530141	1.235	10.812	1.513

1495400530150	0.938	11.262	1.34

1495400530161	0.622	11.961	0.996

1495400530171	0.086	12.431	0.814

1495400530181	-0.172	13.187	0.498

1495400530191	-0.172	13.685	0.028

1495400530202	0.114	13.982	-0.718

1495400530224	0.708	14.787	-1.752

1495400530225	0.785	15.601	-2.221

1495400530231	0.45	15.562	-2.26

1495400530241	0.651	14.423	-1.905

1495400530250	0.411	12.316	-1.963

1495400530261	0.268	11.08	-1.925

1495400530271	0.43	9.711	-1.886

1495400530282	0.66	9.203	-1.398

1495400530291	0.651	9.969	-0.536

1495400530303	0.459	11.971	0.488

1495400530313	0.383	13.685	0.9

1495400530320	-0.373	15.026	1.005

1495400530331	-1.359	16.156	1.369

1495400530341	-2.135	17.162	1.235

1495400530350	-2.691	16.52	0.478

1495400530361	-2.624	14.48	-1.34

1495400530371	-2.355	12.306	-2.231

1495400530381	-1.81	11.483	-2.423

1495400530391	-0.679	10.324	-1.79

1495400530401	1.005	9.51	-0.057

1495400530411	2.193	10.036	0.804

1495400530421	1.915	10.142	1.082

1495400530431	0.641	8.935	1.963

1495400530440	0.067	8.044	1.225

1495400530450	0.335	8.111	1.359

1495400530461	0.181	8.485	1.235

1495400530471	-0.181	7.479	1.254

1495400530481	-0.938	6.684	1.848

1495400530491	-1.541	6.34	2.269

1495400530502	-1.436	5.736	2.221

1495400530511	-0.22	4.625	2.212

1495400530521	-0.488	4.223	2.308

1495400530531	-0.756	4.003	2.308

1495400530541	-0.881	3.438	2.145

1495400530552	-1.053	2.786	1.886

1495400530563	-1.072	2.576	1.925

1495400530585	-0.612	2.7	1.79

1495400530586	0.038	2.873	1.915

1495400530591	0.469	3.15	2.375

1495400530603	1.206	3.572	2.758

1495400530615	1.762	4.721	4.051

1495400530631	1.972	5.621	5.075

1495400530646	2.767	5.947	5.65

1495400530651	3.668	7.106	6.407

1495400530661	4.3	8.063	8.102

1495400530671	5.219	9.826	9.05

1495400530681	5.305	10.352	9.759

1495400530690	5.832	10.123	10.056

1495400530701	5.899	9.117	9.787

1495400530725	5.037	8.035	8.753

1495400530726	4.127	6.818	7.795

1495400530731	3.658	5.439	7.134

1495400530741	2.988	4.769	6.694

1495400530751	2.336	5.047	6.234

1495400530761	1.656	6.11	5.267

1495400530771	0.919	8.15	4.807

1495400530780	0.009	11.511	4.434

1495400530809	0.996	17.468	3.543

1495400530817	3.754	19.614	2.557

1495400530819	5.535	19.614	3.505

1495400530821	0.871	17.392	2.461

1495400530831	-3.648	7.508	0.804

1495400530841	-4.664	2.777	1.752

1495400530851	-3.265	3.744	3.141

1495400530863	-0.181	6.387	1.254

1495400530872	1.091	6.387	-0.124

1495400530881	2.001	4.846	-1.704

1495400530891	2.001	6.608	-2.365

1495400530903	2.566	8.6	-1.532

1495400530912	2.298	9.443	0.421

1495400530921	1.264	9.941	1.446

1495400530931	0.354	11.569	1.695

1495400530941	-0.143	13.082	1.925

1495400530950	0.785	15.878	2.308

1495400530961	1.877	16.721	2.078

1495400530976	2.25	13.484	1.685

1495400530981	2.777	9.787	1.666

1495400530991	3.007	7.221	1.676

1495400531001	3.035	6.349	1.302

1495400531011	2.624	5.966	0.756

1495400531021	2.652	5.918	-0.038

1495400531030	2.643	5.679	-0.555

1495400531040	2.403	5.88	-0.919

1495400531051	1.838	6.397	-1.015

1495400531067	1.216	7.221	-1.024

1495400531071	0.871	7.872	-0.957

1495400531081	0.239	9.931	-0.766

1495400531091	-0.095	10.678	-0.354

1495400531102	-0.134	10.879	0.009

1495400531111	-0.047	10.63	0.277

1495400531121	0.191	9.883	0.411

1495400531138	0.114	9.155	0.708

1495400531141	-0.124	8.389	1.034

1495400531151	-0.239	8.044	0.871

1495400531162	-0.478	8.044	0.651

1495400531171	-0.411	8.676	0.507

1495400531181	0.296	9.184	0.612

1495400531191	0.66	9.385	0.833

1495400531202	1.302	9.644	0.938

1495400531211	1.848	9.682	0.861

1495400531224	2.145	9.778	0.852

1495400531231	2.279	9.893	0.89

1495400531241	2.126	10.266	0.967

1495400531250	1.666	11.004	0.938

1495400531261	1.043	11.473	0.996

1495400531271	0.708	12.076	0.421

1495400531281	0.708	12.507	0.21

1495400531291	0.028	13.657	-0.421

1495400531313	0.21	15.112	-1.254

1495400531335	0.45	15.984	-1.781

1495400531336	0.679	15.208	-1.551

1495400531337	1.647	13.829	-1.034

1495400531341	2.011	13.206	-1.072

1495400531351	1.81	12.373	-1.206

1495400531361	1.273	11.607	-1.34

1495400531371	0.622	10.688	-1.503

1495400531381	0.545	10.372	-1.58

1495400531391	0.718	10.735	-0.967

1495400531402	0.737	11.913	-0.699

1495400531411	0.45	13.379	-0.009

1495400531421	-0.258	14.557	0.679

1495400531430	-1.312	15.419	1.264

1495400531440	-2.126	16.166	1.58

1495400531453	-2.652	16.166	0.833

1495400531472	-1.982	13.331	-1.398

1495400531481	-0.392	12.287	-2.26

1495400531491	0.584	9.988	-0.689

1495400531503	2.039	10.822	0.153

1495400531511	1.877	11.052	1.245

1495400531521	1.254	9.96	0.986

1495400531530	0.009	8.341	0.852

1495400531540	-0.277	7.786	0.727

1495400531550	0.134	7.795	0.852

1495400531561	0.095	7.546	1.005

1495400531577	-0.172	7.374	1.321

1495400531581	-0.9	6.838	1.752

1495400531591	-1.484	6.177	1.944

1495400531601	-1.647	5.65	2.097

1495400531611	-0.565	4.798	2.145

1495400531621	-0.258	4.74	2.03

1495400531630	-0.45	4.664	2.049

1495400531640	-0.804	4.28	1.953

1495400531650	-1.034	3.897	1.944

1495400531671	-0.756	3.533	1.704

1495400531672	-0.21	3.361	1.676

1495400531681	0.287	3.533	1.972

1495400531691	0.804	3.878	2.346

1495400531702	1.235	4.606	2.451

1495400531711	1.177	4.826	2.853

1495400531721	1.139	5.353	3.419

1495400531731	1.551	6.301	3.897

1495400531741	2.049	7.24	4.826

1495400531751	2.509	8.15	5.937

1495400531763	3.007	9.433	6.962

1495400531771	3.083	9.672	7.632

1495400531781	3.217	9.672	8.619

1495400531791	3.984	9.807	9.605

1495400531802	5.439	9.778	10.448

1495400531812	6.138	9.127	10.161

1495400531826	5.861	7.881	9.031

1495400531831	5.305	6.56	8.016

1495400531841	5.19	5.334	7.096

1495400531851	5.363	4.75	6.454

1495400531861	4.405	4.711	5.152

1495400531871	2.451	6.397	5.133

1495400531881	2.461	8.724	5.928

1495400531892	3.342	11.923	4.951

1495400531908	4.319	19.374	1.216

1495400531918	6.043	19.614	1.245

1495400531921	3.112	19.614	2.518

1495400531931	-4.616	13.8	3.553

1495400531941	-7.757	5.047	3.792

1495400531950	-5.842	3.217	4.271

1495400531961	-3.294	4.597	3.658

1495400531970	-1.034	5.344	1.541

1495400531980	0.249	4.52	0.086

1495400531992	0.957	3.313	-1.417

1495400532004	1.867	4.893	-2.557

1495400532023	3.045	8.571	-1.254

1495400532033	2.298	9.241	0.239

1495400532054	1.905	10.879	1.752

1495400532058	1.685	13.35	2.537

1495400532061	2.413	16.903	2.863

1495400532071	2.968	17.411	2.308

1495400532081	3.447	14.049	1.819

1495400532095	3.62	10.103	1.666

1495400532108	3.553	5.123	1.216

1495400532111	2.949	4.52	0.498

1495400532121	3.227	4.826	-0.737

1495400532131	2.844	4.913	-1.273

1495400532140	2.394	5.382	-1.676

1495400532150	1.857	6.33	-2.059

1495400532161	1.474	7.383	-1.925

1495400532174	0.737	8.293	-1.666

1495400532181	0.114	9.605	-1.273

1495400532191	-0.536	10.898	-1.139

1495400532202	-0.699	11.272	-0.383

1495400532211	-0.545	11.224	-0.105

1495400532221	-0.66	10.592	0.028

1495400532231	-0.316	9.749	0.172

1495400532241	-0.335	9.05	0.325

1495400532259	-0.785	8.178	0.45

1495400532272	-0.928	7.623	0.469

1495400532273	-0.967	7.604	0.421

1495400532281	-0.747	8.284	0.258

1495400532291	-0.306	9.232	-0.076

1495400532302	0.45	9.797	-0.009

1495400532311	0.45	9.912	0.067

1495400532321	2.317	10.247	0.181

1495400532330	2.451	10.582	0.498

1495400532348	2.241	11.061	0.967

1495400532353	1.925	11.492	1.12

1495400532363	1.398	11.569	0.957

1495400532371	1.043	11.827	0.488

1495400532381	0.584	12.191	0.019

1495400532391	0.325	12.957	-0.325

1495400532402	0.526	14.231	-0.804

1495400532412	0.651	15.534	-1.302

1495400532428	0.708	15.61	-1.953

1495400532431	1.043	14.279	-1.503

