1495426102451	0.008659739	-0.003197442	0.009725553

1495426102456	0.008659739	-0.001065814	0.0065281107

1495426102461	0.0119904075	0.0	0.014122035

1495426102479	0.010791367	-0.0075939246	0.0075939246

1495426102488	0.0075939246	-0.002131628	0.015187849

1495426102498	0.004263256	0.003197442	0.0119904075

1495426102508	0.008659739	-0.00532907	0.0119904075

1495426102518	0.00532907	-0.004263256	0.018518519

1495426102528	0.009725553	-0.004263256	0.010791367

1495426102538	0.0119904075	-0.001065814	0.013056221

1495426102549	0.0065281107	-0.0075939246	0.017452704

1495426102558	0.009725553	-0.0065281107	0.017452704

1495426102569	0.0075939246	-0.002131628	0.016253663

1495426102578	0.008659739	-0.00532907	0.015187849

1495426102588	0.008659739	-0.003197442	0.017452704

1495426102598	0.009725553	-0.002131628	0.015187849

1495426102610	0.010791367	-0.002131628	0.015187849

1495426102618	0.010791367	0.003197442	0.019584332

1495426102632	0.0065281107	0.001065814	0.016253663

1495426102638	0.0065281107	0.003197442	0.014122035

1495426102649	0.010791367	0.001065814	0.013056221

1495426102658	0.004263256	0.001065814	0.0119904075

1495426102671	0.002131628	-0.003197442	0.019584332

1495426102683	0.004263256	0.0	0.016253663

1495426102689	0.009725553	-0.001065814	0.016253663

1495426102698	0.0075939246	-0.003197442	0.018518519

1495426102708	0.0119904075	-0.002131628	0.016253663

1495426102718	0.009725553	0.0	0.016253663

1495426102729	0.0065281107	-0.0075939246	0.0119904075

1495426102739	0.013056221	-0.001065814	0.010791367

1495426102750	0.009725553	-0.002131628	0.014122035

1495426102758	0.014122035	-0.002131628	0.016253663

1495426102770	0.009725553	-0.002131628	0.016253663

1495426102779	0.004263256	-0.00532907	0.016253663

1495426102788	0.009725553	-0.00532907	0.0119904075

1495426102798	0.009725553	-0.002131628	0.019584332

1495426102808	0.008659739	-0.002131628	0.016253663

1495426102818	0.0075939246	0.0	0.020650147

1495426102830	0.0065281107	-0.003197442	0.020650147

1495426102839	0.00532907	-0.003197442	0.017452704

1495426102849	0.004263256	-0.008659739	0.0119904075

1495426102858	0.010791367	-0.0065281107	0.015187849

1495426102869	0.0119904075	0.0	0.009725553

1495426102879	0.0075939246	-0.003197442	0.014122035

1495426102888	0.010791367	-0.004263256	0.014122035

1495426102898	0.008659739	0.0	0.018518519

1495426102908	0.009725553	-0.003197442	0.019584332

1495426102918	0.0065281107	-0.003197442	0.013056221

1495426102930	0.00532907	-0.0065281107	0.019584332

1495426102939	0.0075939246	-0.002131628	0.019584332

1495426102950	0.009725553	-0.0065281107	0.014122035

1495426102966	0.009725553	0.001065814	0.014122035

1495426102970	0.0119904075	0.001065814	0.010791367

1495426102979	0.0075939246	0.002131628	0.014122035

1495426102988	0.010791367	0.002131628	0.015187849

1495426102998	0.009725553	-0.004263256	0.016253663

1495426103008	0.0075939246	-0.00532907	0.016253663

1495426103018	0.0119904075	-0.0065281107	0.013056221

1495426103029	0.009725553	-0.004263256	0.013056221

1495426103039	0.008659739	-0.00532907	0.016253663

1495426103049	0.0065281107	-0.0065281107	0.014122035

1495426103058	0.008659739	-0.00532907	0.010791367

1495426103070	0.0065281107	-0.00532907	0.010791367

1495426103079	0.004263256	-0.002131628	0.015187849

1495426103088	0.0075939246	-0.002131628	0.020650147

1495426103098	0.008659739	-0.001065814	0.013056221

1495426103108	0.00532907	-0.003197442	0.013056221

1495426103118	0.013056221	-0.0075939246	0.009725553

1495426103133	0.008659739	-0.002131628	0.015187849

1495426103149	0.0075939246	0.001065814	0.015187849

1495426103158	0.0075939246	0.0	0.019584332

1495426103169	0.003197442	0.002131628	0.020650147

1495426103179	0.008659739	0.001065814	0.020650147

1495426103188	0.009725553	-0.001065814	0.014122035

1495426103198	0.008659739	-0.001065814	0.0119904075

1495426103208	0.00532907	-0.002131628	0.013056221

1495426103218	0.00532907	-0.001065814	0.009725553

1495426103229	0.009725553	0.0	0.013056221

1495426103238	0.010791367	0.0	0.019584332

1495426103249	0.008659739	-0.002131628	0.020650147

1495426103259	0.008659739	0.0	0.018518519

1495426103270	0.010791367	-0.002131628	0.021715961

1495426103280	0.014122035	-0.002131628	0.016253663

1495426103289	0.013056221	0.001065814	0.013056221

1495426103299	0.0065281107	-0.003197442	0.013056221

1495426103308	0.013056221	-0.00532907	0.015187849

1495426103319	0.008659739	-0.004263256	0.016253663

1495426103329	0.008659739	-0.003197442	0.013056221

1495426103338	0.0075939246	-0.0065281107	0.008659739

1495426103349	0.004263256	-0.00532907	0.014122035

1495426103358	0.0065281107	-0.00532907	0.017452704

1495426103370	0.009725553	-0.00532907	0.015187849

1495426103379	0.0075939246	-0.003197442	0.014122035

1495426103388	0.0119904075	0.001065814	0.014122035

1495426103399	0.0119904075	0.0	0.008659739

1495426103408	0.0065281107	-0.003197442	0.010791367

1495426103418	0.008659739	-0.002131628	0.015187849

1495426103431	0.0075939246	-0.001065814	0.014122035

1495426103439	0.009725553	-0.004263256	0.0075939246

1495426103449	0.010791367	-0.003197442	0.009725553

1495426103458	0.009725553	0.002131628	0.010791367

1495426103469	0.003197442	0.003197442	0.010791367

1495426103481	0.0075939246	0.001065814	0.010791367

1495426103488	0.009725553	-0.002131628	0.010791367

1495426103499	0.0119904075	0.00532907	0.015187849

1495426103509	0.0119904075	0.001065814	0.010791367

1495426103520	0.010791367	-0.003197442	0.018518519

1495426103531	0.008659739	-0.003197442	0.013056221

1495426103548	0.008659739	0.003197442	0.0075939246

1495426103558	0.008659739	-0.004263256	0.015187849

1495426103570	0.002131628	0.001065814	0.016253663

1495426103579	0.008659739	0.0	0.013056221

1495426103588	0.009725553	0.00532907	0.010791367

1495426103598	0.010791367	-0.0065281107	0.013056221

1495426103608	0.009725553	-0.00532907	0.015187849

1495426103618	0.009725553	-0.00532907	0.016253663

1495426103634	0.009725553	-0.0065281107	0.015187849

1495426103638	0.008659739	-0.004263256	0.020650147

1495426103649	0.0075939246	0.001065814	0.017452704

1495426103658	0.013056221	0.001065814	0.016253663

1495426103670	0.009725553	0.002131628	0.022781774

1495426103680	0.009725553	0.0	0.016253663

1495426103689	0.009725553	0.001065814	0.015187849

1495426103699	0.013056221	-0.003197442	0.013056221

1495426103708	0.009725553	-0.003197442	0.010791367

1495426103718	0.0119904075	-0.001065814	0.017452704

1495426103729	0.009725553	0.001065814	0.014122035

1495426103738	0.009725553	-0.004263256	0.010791367

1495426103749	0.009725553	-0.003197442	0.013056221

1495426103758	0.008659739	-0.002131628	0.013056221

1495426103769	0.008659739	-0.0065281107	0.017452704

1495426103779	0.008659739	-0.008659739	0.016253663

1495426103788	0.0075939246	-0.001065814	0.014122035

1495426103798	0.0065281107	-0.002131628	0.0065281107

1495426103808	0.0075939246	-0.001065814	0.010791367

1495426103818	0.0065281107	-0.001065814	0.010791367

1495426103829	0.0075939246	-0.009725553	0.014122035

1495426103838	0.0075939246	-0.0075939246	0.009725553

1495426103849	0.008659739	-0.001065814	0.0119904075

1495426103858	0.010791367	0.001065814	0.015187849

1495426103870	0.0119904075	0.00532907	0.014122035

1495426103879	0.008659739	0.0	0.015187849

1495426103889	0.004263256	-0.003197442	0.009725553

1495426103898	0.013056221	0.0	0.015187849

1495426103908	0.010791367	0.0	0.010791367

1495426103919	0.00532907	-0.002131628	0.014122035

1495426103932	0.009725553	-0.0075939246	0.010791367

1495426103950	0.0119904075	-0.002131628	0.013056221

1495426103959	0.010791367	0.001065814	0.013056221

1495426103971	0.010791367	-0.002131628	0.0119904075

1495426103989	0.004263256	-0.00532907	0.015187849

1495426104017	0.00532907	-0.0065281107	0.010791367

1495426104018	0.013056221	-0.001065814	0.013056221

1495426104019	0.013056221	0.001065814	0.008659739

1495426104028	0.009725553	-0.001065814	0.0075939246

1495426104039	0.009725553	-0.009725553	0.010791367

1495426104048	0.0075939246	-0.002131628	0.015187849

1495426104058	0.010791367	0.0	0.014122035

1495426104070	0.0119904075	-0.001065814	0.018518519

1495426104079	0.009725553	-0.003197442	0.016253663

1495426104088	0.008659739	0.001065814	0.016253663

1495426104098	0.0075939246	-0.001065814	0.014122035

1495426104108	0.009725553	-0.004263256	0.015187849

1495426104118	0.0075939246	-0.010791367	0.0075939246

1495426104129	0.004263256	-0.00532907	0.014122035

1495426104138	0.0075939246	0.0	0.016253663

1495426104149	0.0075939246	-0.0075939246	0.014122035

1495426104158	0.009725553	-0.001065814	0.018518519

1495426104169	0.0065281107	-0.00532907	0.015187849

1495426104179	0.0119904075	-0.0065281107	0.015187849

1495426104188	0.009725553	-0.004263256	0.0119904075

1495426104198	0.00532907	0.0	0.017452704

1495426104208	0.0065281107	-0.003197442	0.014122035

1495426104218	0.008659739	-0.002131628	0.014122035

1495426104229	0.00532907	-0.00532907	0.009725553

1495426104238	0.0075939246	-0.002131628	0.013056221

1495426104249	0.00532907	-0.003197442	0.016253663

1495426104258	0.008659739	-0.002131628	0.017452704

1495426104270	0.008659739	-0.00532907	0.013056221

1495426104281	0.008659739	-0.004263256	0.017452704

1495426104289	0.00532907	0.001065814	0.0119904075

1495426104298	0.008659739	0.0	0.013056221

1495426104309	0.0119904075	-0.003197442	0.0119904075

1495426104319	0.008659739	0.003197442	0.017452704

1495426104329	0.010791367	-0.001065814	0.016253663

1495426104338	0.013056221	-0.001065814	0.018518519

1495426104348	0.009725553	-0.002131628	0.018518519

1495426104358	0.0075939246	-0.001065814	0.0119904075

1495426104370	0.010791367	0.0	0.016253663

1495426104379	0.008659739	-0.00532907	0.013056221

1495426104388	0.008659739	-0.003197442	0.0119904075

1495426104399	0.0075939246	-0.002131628	0.019584332

1495426104408	0.008659739	-0.003197442	0.014122035

1495426104419	0.009725553	-0.002131628	0.010791367

1495426104429	0.0065281107	-0.002131628	0.015187849

1495426104439	0.0119904075	0.003197442	0.013056221

1495426104448	0.009725553	-0.003197442	0.008659739

1495426104458	0.0075939246	-0.0065281107	0.009725553

1495426104470	0.008659739	-0.00532907	0.013056221

1495426104483	0.008659739	-0.004263256	0.008659739

1495426104499	0.00532907	-0.003197442	0.010791367

1495426104509	0.0065281107	0.004263256	0.014122035

1495426104519	0.0065281107	-0.00532907	0.010791367

1495426104537	0.0075939246	0.001065814	0.017452704

1495426104562	0.0119904075	0.001065814	0.010791367

1495426104563	0.010791367	-0.003197442	0.013056221

1495426104570	0.008659739	-0.002131628	0.019584332

1495426104580	0.0075939246	-0.002131628	0.022781774

1495426104588	0.004263256	-0.002131628	0.020650147

1495426104598	0.004263256	-0.004263256	0.020650147

1495426104609	0.010791367	-0.0075939246	0.020650147

1495426104618	0.008659739	-0.004263256	0.019584332

1495426104632	0.008659739	-0.002131628	0.017452704

1495426104639	0.009725553	-0.002131628	0.015187849

1495426104649	0.0119904075	-0.002131628	0.015187849

1495426104658	0.0119904075	-0.001065814	0.017452704

1495426104670	0.008659739	-0.002131628	0.010791367

1495426104679	0.010791367	-0.004263256	0.013056221

1495426104688	0.010791367	0.0	0.009725553

1495426104698	0.008659739	0.001065814	0.010791367

1495426104708	0.0065281107	-0.002131628	0.015187849

1495426104718	0.009725553	-0.002131628	0.022781774

1495426104729	0.010791367	-0.0075939246	0.023980815

1495426104738	0.0119904075	-0.001065814	0.017452704

1495426104748	0.010791367	-0.2748468	0.015187849

1495426104758	0.0119904075	-0.004263256	0.013056221

1495426104769	0.009725553	-0.0065281107	0.015187849

1495426104778	0.009725553	-0.008659739	0.008659739

1495426104789	0.0075939246	-0.0065281107	0.014122035

1495426104798	0.0065281107	-0.0065281107	0.013056221

1495426104808	0.008659739	-0.0075939246	0.013056221

1495426104818	0.0075939246	-0.009725553	0.0075939246

1495426104829	0.0119904075	-0.001065814	0.015187849

1495426104838	0.00532907	-0.003197442	0.020650147

1495426104849	0.008659739	0.0	0.017452704

1495426104858	0.0065281107	-0.001065814	0.013056221

1495426104870	0.0075939246	0.002131628	0.014122035

1495426104882	0.004263256	0.003197442	0.013056221

1495426104888	0.009725553	0.001065814	0.016253663

1495426104898	0.010791367	-0.003197442	0.013056221

1495426104908	0.010791367	0.003197442	0.017452704

1495426104918	0.009725553	0.00532907	0.017452704

1495426104929	0.008659739	0.001065814	0.016253663

1495426104938	0.0075939246	-0.004263256	0.016253663

1495426104948	0.009725553	-0.0075939246	0.013056221

1495426104958	0.013056221	-0.00532907	0.008659739

1495426104970	0.013056221	-0.002131628	0.009725553

1495426104979	0.010791367	-0.00532907	0.022781774

1495426104988	0.0065281107	-0.003197442	0.019584332

1495426104998	0.010791367	-0.004263256	0.015187849

1495426105009	0.0065281107	-0.00532907	0.016253663

1495426105019	0.010791367	-0.00532907	0.017452704

1495426105033	0.010791367	-0.0075939246	0.016253663

1495426105038	0.0065281107	-0.008659739	0.015187849

1495426105049	0.00532907	-0.0065281107	0.018518519

1495426105059	0.008659739	-0.004263256	0.018518519

1495426105069	0.008659739	0.0	0.016253663

1495426105079	0.010791367	0.001065814	0.017452704

1495426105088	0.008659739	-0.002131628	0.014122035

1495426105098	0.0075939246	-0.004263256	0.013056221

1495426105108	0.010791367	-0.003197442	0.013056221

1495426105118	0.013056221	0.0	0.010791367

1495426105131	0.0119904075	-0.0075939246	0.0119904075

1495426105148	0.0075939246	-0.004263256	0.014122035

1495426105159	0.008659739	-0.001065814	0.015187849

1495426105170	0.00532907	-0.001065814	0.015187849

1495426105179	0.0065281107	-0.004263256	0.015187849

1495426105188	0.008659739	-0.00532907	0.010791367

1495426105198	0.0075939246	-0.008659739	0.0119904075

1495426105208	0.0075939246	-0.002131628	0.014122035

1495426105218	0.010791367	0.001065814	0.014122035

1495426105228	0.0065281107	-0.002131628	0.013056221

1495426105238	0.0075939246	-0.003197442	0.013056221

1495426105249	0.010791367	0.001065814	0.017452704

1495426105258	0.0119904075	-0.002131628	0.013056221

1495426105270	0.0119904075	-0.008659739	0.0075939246

1495426105279	0.0075939246	-0.0065281107	0.016253663

1495426105288	0.008659739	-0.00532907	0.014122035

1495426105298	0.010791367	-0.00532907	0.020650147

1495426105308	0.009725553	-0.0075939246	0.010791367

1495426105318	0.0119904075	-0.001065814	0.016253663

1495426105328	0.0075939246	0.001065814	0.016253663

1495426105339	0.008659739	0.001065814	0.020650147

1495426105348	0.0119904075	0.001065814	0.014122035

1495426105358	0.013056221	-0.001065814	0.014122035

1495426105369	0.0119904075	-0.00532907	0.014122035

1495426105379	0.010791367	-0.003197442	0.010791367

1495426105388	0.008659739	0.0	0.016253663

1495426105398	0.009725553	-0.00532907	0.018518519

1495426105408	0.0119904075	-0.003197442	0.015187849

1495426105418	0.009725553	-0.0075939246	0.013056221

1495426105430	0.00532907	-0.004263256	0.013056221

1495426105439	0.009725553	0.001065814	0.014122035

1495426105449	0.008659739	0.002131628	0.0119904075

1495426105458	0.010791367	-0.003197442	0.015187849

1495426105470	0.013056221	-0.003197442	0.016253663

1495426105479	0.010791367	-0.004263256	0.013056221

1495426105488	0.010791367	-0.004263256	0.016253663

1495426105498	0.0075939246	-0.00532907	0.014122035

1495426105508	0.0075939246	-0.0065281107	0.010791367

1495426105518	0.010791367	0.0	0.019584332

1495426105529	0.014122035	0.0	0.0119904075

1495426105538	0.0119904075	0.0	0.010791367

1495426105548	0.0065281107	-0.00532907	0.013056221

1495426105558	0.003197442	-0.003197442	0.010791367

1495426105570	0.00532907	0.0	0.015187849

1495426105579	0.00532907	-0.00532907	0.009725553

1495426105588	0.009725553	0.001065814	0.015187849

1495426105598	0.010791367	0.0	0.016253663

1495426105608	0.008659739	0.001065814	0.016253663

1495426105618	0.010791367	0.003197442	0.017452704

1495426105634	0.009725553	-0.001065814	0.0119904075

1495426105639	0.0065281107	-0.002131628	0.015187849

1495426105650	0.003197442	-0.0075939246	0.018518519

1495426105663	0.010791367	-0.002131628	0.015187849

1495426105669	0.016253663	-0.001065814	0.013056221

1495426105679	0.010791367	-0.004263256	0.010791367

1495426105688	0.0119904075	-0.0065281107	0.017452704

1495426105698	0.009725553	-0.001065814	0.018518519

1495426105708	0.010791367	0.0	0.016253663

1495426105718	0.008659739	-0.003197442	0.017452704

1495426105731	0.009725553	-0.008659739	0.014122035

1495426105740	0.009725553	-0.008659739	0.015187849

1495426105749	0.004263256	-0.0075939246	0.018518519

1495426105759	0.008659739	-0.00532907	0.017452704

1495426105770	0.0065281107	-0.00532907	0.016253663

1495426105779	0.0075939246	-0.004263256	0.010791367

1495426105788	0.010791367	-0.00532907	0.0075939246

1495426105799	0.013056221	-0.003197442	0.0119904075

1495426105808	0.017452704	-0.00532907	0.016253663

1495426105818	0.018518519	-0.003197442	0.015187849

1495426105829	0.008659739	0.001065814	0.010791367

1495426105838	0.00532907	-0.001065814	0.0119904075

1495426105848	0.0065281107	-0.002131628	0.017452704

1495426105858	0.00532907	0.0	0.014122035

1495426105870	0.008659739	-0.003197442	0.017452704

1495426105879	0.013056221	0.002131628	0.016253663

1495426105888	0.0065281107	0.0	0.017452704

1495426105899	0.00532907	0.0	0.015187849

1495426105908	0.010791367	-0.004263256	0.008659739

1495426105918	0.009725553	-0.00532907	0.0119904075

1495426105929	0.009725553	0.001065814	0.013056221

1495426105939	0.009725553	-0.001065814	0.0119904075

1495426105948	0.010791367	-0.003197442	0.016253663

1495426105958	0.008659739	-0.00532907	0.023980815

1495426105970	0.0075939246	-0.0075939246	0.019584332

1495426105983	0.0119904075	-0.0065281107	0.0119904075

1495426105989	0.0119904075	-0.002131628	0.015187849

1495426105999	0.010791367	0.001065814	0.019584332

1495426106010	0.009725553	-0.004263256	0.016253663

1495426106018	0.0065281107	-0.0075939246	0.015187849

1495426106031	0.0075939246	-0.00532907	0.016253663

1495426106038	0.010791367	-0.002131628	0.015187849

1495426106048	0.003197442	-0.001065814	0.010791367

1495426106058	0.00532907	-0.003197442	0.016253663

1495426106070	0.0065281107	-0.0065281107	0.019584332

1495426106078	0.0075939246	-0.004263256	0.020650147

1495426106089	0.008659739	-0.004263256	0.016253663

1495426106098	0.009725553	-0.001065814	0.017452704

1495426106108	0.0065281107	-0.002131628	0.015187849

1495426106119	0.013056221	-0.00532907	0.015187849

1495426106129	0.0075939246	-0.003197442	0.014122035

1495426106138	0.0065281107	-0.00532907	0.009725553

1495426106148	0.0119904075	0.001065814	0.013056221

1495426106158	0.010791367	-0.003197442	0.010791367

1495426106169	0.0075939246	-0.002131628	0.010791367

1495426106180	0.008659739	-0.002131628	0.016253663

1495426106188	0.003197442	-0.0065281107	0.018518519

1495426106198	0.010791367	0.001065814	0.017452704

1495426106208	0.009725553	0.0	0.018518519

1495426106218	0.014122035	0.002131628	0.0119904075

1495426106229	0.010791367	-0.00532907	0.015187849

1495426106239	0.00532907	-0.0075939246	0.014122035

1495426106249	0.008659739	-0.003197442	0.017452704

1495426106258	0.010791367	-0.001065814	0.013056221

1495426106269	0.0065281107	-0.0065281107	0.013056221

1495426106281	0.0065281107	-0.003197442	0.013056221

1495426106289	0.0119904075	-0.008659739	0.0075939246

1495426106307	0.010791367	-0.0065281107	0.0119904075

1495426106308	0.0119904075	0.0	0.0119904075

1495426106318	0.001065814	-0.003197442	0.014122035

1495426106331	0.0075939246	-0.004263256	0.015187849

1495426106338	0.0075939246	-0.004263256	0.0119904075

1495426106348	0.0065281107	-0.0075939246	0.013056221

1495426106359	0.010791367	-0.0065281107	0.015187849

1495426106370	0.010791367	-0.002131628	0.019584332

1495426106379	0.010791367	0.003197442	0.017452704

1495426106388	0.0075939246	-0.001065814	0.016253663

1495426106398	0.00532907	-0.002131628	0.013056221

1495426106408	0.008659739	-0.004263256	0.015187849

1495426106418	0.0119904075	-0.002131628	0.017452704

1495426106428	0.014122035	-0.002131628	0.013056221

1495426106439	0.0119904075	0.0	0.0075939246

1495426106448	0.009725553	0.001065814	0.0119904075

1495426106459	0.015187849	-0.003197442	0.0119904075

1495426106470	0.0075939246	-0.003197442	0.010791367

1495426106480	0.0119904075	-0.001065814	0.0119904075

1495426106488	0.0065281107	-0.00532907	0.0065281107

1495426106498	0.010791367	0.0	0.0119904075

1495426106508	0.0075939246	-0.001065814	0.016253663

1495426106518	0.008659739	-0.002131628	0.013056221

1495426106528	0.008659739	-0.004263256	0.016253663

1495426106539	0.0065281107	0.002131628	0.017452704

1495426106548	0.0075939246	-0.002131628	0.008659739

1495426106558	0.0075939246	-0.010791367	0.008659739

1495426106569	0.0075939246	-0.008659739	0.015187849

1495426106579	0.008659739	-0.001065814	0.014122035

1495426106588	0.014122035	0.0	0.013056221

1495426106599	0.0119904075	-0.001065814	0.018518519

1495426106608	0.0065281107	-0.003197442	0.0119904075

1495426106619	0.0075939246	-0.0075939246	0.015187849

1495426106635	0.0075939246	-0.002131628	0.010791367

1495426106646	0.008659739	-0.002131628	0.010791367

1495426106649	0.0075939246	0.0	0.017452704

1495426106676	0.013056221	0.002131628	0.017452704

1495426106680	0.008659739	-0.001065814	0.018518519

1495426106709	0.0065281107	-0.00532907	0.017452704

1495426106711	0.010791367	-0.003197442	0.013056221

1495426106717	0.009725553	-0.004263256	0.016253663

1495426106731	0.0119904075	-0.001065814	0.015187849

1495426106732	0.010791367	0.00532907	0.017452704

1495426106738	0.010791367	0.00532907	0.010791367

1495426106751	0.0075939246	-0.004263256	0.015187849

1495426106760	0.003197442	-0.0065281107	0.0119904075

1495426106770	0.0065281107	-0.00532907	0.013056221

1495426106780	0.00532907	-0.00532907	0.015187849

1495426106788	0.004263256	0.0	0.016253663

1495426106798	0.009725553	-0.001065814	0.013056221

1495426106808	0.0119904075	-0.008659739	0.0075939246

1495426106818	0.009725553	-0.008659739	0.0119904075

1495426106829	0.014122035	-0.001065814	0.0119904075

1495426106838	0.0119904075	-0.001065814	0.0119904075

1495426106849	0.0075939246	-0.00532907	0.015187849

1495426106858	0.010791367	-0.004263256	0.016253663

1495426106869	0.009725553	0.001065814	0.013056221

1495426106880	0.009725553	-0.002131628	0.010791367

1495426106888	0.009725553	-0.001065814	0.010791367

1495426106899	0.0075939246	-0.0075939246	0.0075939246

1495426106909	0.009725553	-0.004263256	0.0065281107

1495426106918	0.008659739	-0.00532907	0.014122035

1495426106929	0.009725553	-0.008659739	0.014122035

1495426106938	0.00532907	-0.001065814	0.013056221

1495426106948	0.009725553	-0.0119904075	0.0119904075

1495426106958	0.008659739	-0.003197442	0.015187849

1495426106970	0.008659739	-0.0075939246	0.015187849

1495426106979	0.008659739	-0.002131628	0.016253663

1495426106989	0.0119904075	0.0	0.014122035

1495426106999	0.014122035	-0.00532907	0.0119904075

1495426107008	0.009725553	-0.0065281107	0.0119904075

1495426107018	0.0119904075	-0.004263256	0.014122035

1495426107029	0.009725553	-0.00532907	0.016253663

1495426107038	0.014122035	-0.0065281107	0.0119904075

1495426107048	0.009725553	-0.0075939246	0.019584332

1495426107058	0.010791367	-0.0065281107	0.014122035

1495426107070	0.010791367	-0.00532907	0.014122035

1495426107080	0.008659739	-0.004263256	0.008659739

1495426107089	0.008659739	0.0	0.014122035

1495426107099	0.00532907	-0.00532907	0.017452704

1495426107109	0.0065281107	-0.002131628	0.014122035

1495426107119	0.008659739	0.0	0.016253663

1495426107140	0.009725553	-0.003197442	0.013056221

1495426107146	0.0119904075	0.0	0.010791367

1495426107168	0.010791367	0.001065814	0.014122035

1495426107169	0.010791367	-0.001065814	0.009725553

1495426107171	0.008659739	-0.003197442	0.008659739

1495426107180	0.010791367	-0.002131628	0.016253663

1495426107188	0.0065281107	-0.001065814	0.018518519

1495426107198	0.013056221	0.0	0.013056221

1495426107208	0.0119904075	-0.003197442	0.015187849

1495426107219	0.010791367	0.0	0.017452704

1495426107229	0.0119904075	-0.003197442	0.014122035

1495426107238	0.010791367	-0.001065814	0.016253663

1495426107258	0.009725553	-0.002131628	0.013056221

1495426107270	0.009725553	0.001065814	0.016253663

1495426107279	0.008659739	-0.008659739	0.015187849

1495426107288	0.010791367	-0.004263256	0.014122035

1495426107299	0.0065281107	-0.00532907	0.016253663

1495426107308	0.0075939246	-0.002131628	0.019584332

1495426107318	0.008659739	0.0	0.018518519

1495426107329	0.010791367	-0.0065281107	0.018518519

1495426107338	0.00532907	-0.003197442	0.015187849

1495426107348	0.00532907	0.001065814	0.017452704

1495426107358	0.0075939246	-0.002131628	0.010791367

1495426107370	0.00532907	-0.003197442	0.014122035

1495426107380	0.0075939246	-0.003197442	0.018518519

1495426107389	0.013056221	-0.002131628	0.016253663

1495426107399	0.009725553	0.001065814	0.018518519

1495426107409	0.0065281107	-0.004263256	0.017452704

1495426107419	0.0065281107	-0.0075939246	0.0119904075

1495426107429	0.010791367	-0.00532907	0.013056221

