1495892128011	0.009725553	-0.00532907	0.010791367

1495892128017	0.013056221	0.003197442	0.0065281107

1495892128029	0.010791367	-0.003197442	0.0065281107

1495892128038	0.010791367	-0.004263256	0.019584332

1495892128048	0.00532907	-0.002131628	0.020650147

1495892128059	0.008659739	-0.0065281107	0.010791367

1495892128068	0.0119904075	0.003197442	0.016253663

1495892128078	0.010791367	-0.001065814	0.0119904075

1495892128088	0.008659739	-0.001065814	0.009725553

1495892128101	0.0075939246	-0.003197442	0.010791367

1495892128108	0.009725553	-0.003197442	0.010791367

1495892128119	0.014122035	-0.004263256	0.0065281107

1495892128128	0.0119904075	0.001065814	0.014122035

1495892128138	0.010791367	0.004263256	0.0119904075

1495892128148	0.008659739	-0.004263256	0.009725553

1495892128158	0.0065281107	-0.002131628	0.017452704

1495892128168	0.00532907	-0.002131628	0.015187849

1495892128179	0.0119904075	0.0	0.0075939246

1495892128188	0.00532907	-0.002131628	0.010791367

1495892128199	0.009725553	0.003197442	0.014122035

1495892128208	0.0119904075	0.001065814	0.009725553

1495892128219	0.015187849	0.00532907	0.010791367

1495892128228	0.014122035	0.002131628	0.00532907

1495892128238	0.008659739	-0.001065814	0.003197442

1495892128248	0.015187849	-0.003197442	0.009725553

1495892128258	0.00532907	-0.002131628	0.018518519

1495892128269	0.008659739	-0.0065281107	0.015187849

1495892128278	0.008659739	-0.00532907	0.019584332

1495892128288	0.009725553	0.001065814	0.016253663

1495892128299	0.008659739	0.001065814	0.010791367

1495892128308	0.0065281107	-0.0065281107	0.015187849

1495892128318	0.009725553	-0.0075939246	0.016253663

1495892128328	0.0075939246	-0.0065281107	0.010791367

1495892128338	0.008659739	-0.003197442	0.008659739

1495892128350	0.0119904075	-0.003197442	0.010791367

1495892128358	0.0075939246	-0.002131628	0.013056221

1495892128369	0.004263256	-0.004263256	0.014122035

1495892128379	0.008659739	-0.0065281107	0.018518519

1495892128388	0.009725553	-0.00532907	0.016253663

1495892128398	0.009725553	-0.003197442	0.014122035

1495892128408	0.010791367	-0.00532907	0.014122035

1495892128418	0.008659739	-0.002131628	0.0119904075

1495892128428	0.0119904075	-0.00532907	0.008659739

1495892128438	0.013056221	0.003197442	0.0119904075

1495892128448	0.013056221	0.003197442	0.008659739

1495892128460	0.010791367	-0.0075939246	0.0065281107

1495892128469	0.00532907	-0.003197442	0.00532907

1495892128478	0.010791367	0.0	0.0119904075

1495892128488	0.00532907	-0.0075939246	0.014122035

1495892128499	0.0075939246	-0.00532907	0.010791367

1495892128508	0.0065281107	-0.003197442	0.014122035

1495892128518	0.0075939246	-0.003197442	0.014122035

1495892128528	0.0119904075	-0.0075939246	0.013056221

1495892128538	0.0075939246	-0.004263256	0.018518519

1495892128548	0.0075939246	-0.004263256	0.020650147

1495892128558	0.010791367	-0.0065281107	0.015187849

1495892128568	0.0065281107	-0.0065281107	0.0075939246

1495892128578	0.008659739	-0.008659739	0.010791367

1495892128587	0.009725553	-0.00532907	0.0065281107

1495892128599	0.008659739	-0.00532907	0.013056221

1495892128608	0.0065281107	-0.00532907	0.0119904075

1495892128618	0.010791367	-0.001065814	0.010791367

1495892128628	0.00532907	0.001065814	0.015187849

1495892128638	0.0065281107	-0.003197442	0.010791367

1495892128648	0.0075939246	-0.002131628	0.014122035

1495892128658	0.008659739	0.001065814	0.015187849

1495892128669	0.008659739	0.002131628	0.013056221

1495892128678	0.004263256	-0.00532907	0.009725553

1495892128689	0.00532907	-0.004263256	0.0119904075

1495892128699	0.008659739	-0.0075939246	0.010791367

1495892128708	0.009725553	-0.003197442	0.013056221

1495892128718	0.00532907	-0.004263256	0.0119904075

1495892128728	0.004263256	-0.002131628	0.0119904075

1495892128737	0.00532907	-0.004263256	0.008659739

1495892128747	0.0075939246	-0.0119904075	0.0075939246

1495892128758	0.0075939246	-0.0065281107	0.009725553

1495892128768	0.0075939246	-0.0075939246	0.015187849

1495892128780	0.010791367	-0.0075939246	0.013056221

1495892128788	0.009725553	0.0	0.009725553

1495892128800	0.009725553	-0.00532907	0.016253663

1495892128808	0.010791367	0.0	0.016253663

1495892128818	0.008659739	-0.00532907	0.008659739

1495892128838	0.013056221	-0.0065281107	0.0075939246

1495892128848	0.0065281107	-0.0065281107	0.015187849

1495892128858	0.009725553	0.0	0.016253663

1495892128872	0.0119904075	-0.003197442	0.014122035

1495892128879	0.009725553	-0.004263256	0.018518519

1495892128888	0.008659739	-0.001065814	0.014122035

1495892128898	0.0075939246	-0.00532907	0.014122035

1495892128908	0.0075939246	0.0	0.014122035

1495892128918	0.0065281107	-0.003197442	0.013056221

1495892128928	0.0065281107	-0.001065814	0.0119904075

1495892128937	0.0075939246	-0.003197442	0.014122035

1495892128947	0.004263256	-0.004263256	0.009725553

1495892128957	0.009725553	-0.001065814	0.009725553

1495892128969	0.010791367	0.001065814	0.010791367

1495892128978	0.0119904075	0.0	0.013056221

1495892128988	0.008659739	0.0	0.0119904075

1495892128999	0.0065281107	-0.00532907	0.0119904075

1495892129008	0.008659739	-0.00532907	0.016253663

1495892129018	0.00532907	-0.00532907	0.013056221

1495892129028	0.009725553	-0.00532907	0.0119904075

1495892129037	0.015187849	0.0	0.010791367

1495892129047	0.010791367	-0.003197442	0.015187849

1495892129059	0.008659739	-0.0065281107	0.009725553

1495892129075	0.008659739	-0.010791367	0.00532907

1495892129078	0.009725553	-0.0075939246	0.009725553

1495892129088	0.0065281107	-0.0075939246	0.008659739

1495892129116	0.0075939246	-0.002131628	0.008659739

1495892129119	0.009725553	-0.002131628	0.013056221

1495892129124	0.014122035	-0.004263256	0.016253663

1495892129128	0.008659739	0.001065814	0.017452704

1495892129139	0.0065281107	-0.001065814	0.014122035

1495892129148	0.004263256	-0.003197442	0.010791367

1495892129158	0.00532907	0.003197442	0.013056221

1495892129168	0.009725553	-0.003197442	0.010791367

1495892129178	0.0119904075	-0.00532907	0.013056221

1495892129188	0.013056221	-0.00532907	0.013056221

1495892129198	0.014122035	0.0	0.017452704

1495892129208	0.009725553	0.002131628	0.014122035

1495892129218	0.008659739	-0.002131628	0.00532907

1495892129228	0.010791367	-0.0075939246	0.0065281107

1495892129239	0.0065281107	-0.003197442	0.015187849

1495892129248	0.010791367	-0.001065814	0.015187849

1495892129258	0.0119904075	-0.001065814	0.018518519

1495892129268	0.015187849	-0.004263256	0.013056221

1495892129278	0.0119904075	-0.001065814	0.013056221

1495892129288	0.009725553	-0.002131628	0.009725553

1495892129298	0.008659739	-0.0075939246	0.013056221

1495892129307	0.0065281107	-0.009725553	0.015187849

1495892129318	0.0065281107	-0.0065281107	0.021715961

1495892129328	0.0075939246	-0.002131628	0.021715961

1495892129338	0.00532907	-0.00532907	0.0119904075

1495892129348	0.009725553	0.001065814	0.0119904075

1495892129358	0.010791367	0.001065814	0.010791367

1495892129368	0.008659739	-0.003197442	0.016253663

1495892129379	0.0075939246	0.0	0.016253663

1495892129388	0.0119904075	0.003197442	0.017452704

1495892129399	0.008659739	-0.002131628	0.015187849

1495892129408	0.00532907	-0.003197442	0.009725553

1495892129425	0.00532907	-0.002131628	0.0119904075

1495892129428	0.008659739	0.0	0.018518519

1495892129442	0.008659739	-0.00532907	0.008659739

1495892129449	0.008659739	-0.0065281107	0.010791367

1495892129458	0.008659739	-0.004263256	0.0119904075

1495892129472	0.008659739	0.001065814	0.017452704

1495892129478	0.0065281107	-0.001065814	0.019584332

1495892129488	0.008659739	-0.004263256	0.019584332

1495892129497	0.008659739	-0.00532907	0.009725553

1495892129508	0.010791367	-0.001065814	0.004263256

1495892129525	0.010791367	-0.003197442	0.0075939246

1495892129531	0.010791367	-0.00532907	0.017452704

1495892129538	0.0119904075	-0.009725553	0.008659739

1495892129547	0.009725553	-0.003197442	0.0119904075

1495892129558	0.010791367	-0.002131628	0.014122035

1495892129569	0.009725553	0.001065814	0.0119904075

1495892129578	0.0119904075	-0.002131628	0.0119904075

1495892129588	0.014122035	-0.003197442	0.0119904075

1495892129598	0.008659739	-0.00532907	0.017452704

1495892129611	0.0075939246	-0.004263256	0.015187849

1495892129628	0.009725553	0.002131628	0.0065281107

1495892129638	0.004263256	-0.003197442	0.009725553

1495892129648	0.010791367	-0.27804422	0.014122035

1495892129658	0.0075939246	-0.0065281107	0.004263256

1495892129668	0.014122035	-0.0075939246	0.0075939246

1495892129678	0.010791367	-0.0065281107	0.016253663

1495892129688	0.0075939246	-0.00532907	0.018518519

1495892129698	0.0119904075	-0.004263256	0.013056221

1495892129709	0.013056221	-0.0075939246	0.015187849

1495892129718	0.008659739	-0.002131628	0.010791367

1495892129728	0.0075939246	-0.001065814	0.016253663

1495892129738	0.010791367	-0.004263256	0.017452704

1495892129748	0.0119904075	-0.002131628	0.015187849

1495892129758	0.010791367	-0.0075939246	0.014122035

1495892129768	0.010791367	0.0	0.013056221

1495892129778	0.0119904075	0.002131628	0.008659739

1495892129794	0.0119904075	-0.001065814	0.0119904075

1495892129798	0.0119904075	-0.002131628	0.010791367

1495892129809	0.009725553	-0.002131628	0.0119904075

1495892129818	0.009725553	0.001065814	0.0119904075

1495892129828	0.010791367	-0.003197442	0.019584332

1495892129838	0.010791367	0.001065814	0.009725553

1495892129848	0.0075939246	-0.001065814	0.00532907

1495892129858	0.010791367	-0.003197442	0.008659739

1495892129869	0.010791367	-0.004263256	0.013056221

1495892129880	0.00532907	-0.0065281107	0.018518519

1495892129889	0.003197442	-0.004263256	0.014122035

1495892129898	0.0075939246	-0.00532907	0.004263256

1495892129908	0.0075939246	-0.001065814	0.016253663

1495892129919	0.0065281107	-0.00532907	0.017452704

1495892129928	0.004263256	-0.008659739	0.016253663

1495892129939	0.0075939246	0.001065814	0.010791367

1495892129949	0.009725553	0.001065814	0.016253663

1495892129960	0.010791367	0.0	0.014122035

1495892129968	0.008659739	0.001065814	0.0065281107

1495892129978	0.009725553	-0.002131628	0.014122035

1495892129988	0.008659739	-0.004263256	0.013056221

1495892129998	0.008659739	-0.001065814	0.013056221

1495892130008	0.008659739	0.0	0.009725553

1495892130018	0.008659739	-0.002131628	0.0119904075

1495892130028	0.013056221	0.0	0.00532907

1495892130038	0.008659739	0.003197442	0.0119904075

1495892130048	0.014122035	0.002131628	0.008659739

1495892130058	0.009725553	0.002131628	0.014122035

1495892130075	0.013056221	0.002131628	0.014122035

1495892130082	0.010791367	0.003197442	0.016253663

1495892130088	0.008659739	-0.00532907	0.014122035

1495892130097	0.009725553	-0.004263256	0.0119904075

1495892130109	0.0075939246	-0.00532907	0.0119904075

1495892130118	0.0075939246	-0.004263256	0.009725553

1495892130128	0.008659739	-0.002131628	0.008659739

1495892130138	0.0065281107	0.0	0.016253663

1495892130148	0.0065281107	-0.003197442	0.014122035

1495892130158	0.008659739	-0.003197442	0.017452704

1495892130176	0.010791367	-0.004263256	0.019584332

1495892130180	0.009725553	-0.004263256	0.014122035

1495892130201	0.010791367	-0.001065814	0.0119904075

1495892130203	0.009725553	-0.001065814	0.016253663

1495892130209	0.0065281107	-0.002131628	0.016253663

1495892130225	0.0065281107	0.001065814	0.016253663

1495892130228	0.009725553	-0.004263256	0.013056221

1495892130238	0.009725553	-0.00532907	0.010791367

1495892130248	0.0065281107	0.0	0.015187849

1495892130258	0.0075939246	0.002131628	0.009725553

1495892130268	0.0075939246	-0.002131628	0.014122035

1495892130278	0.0119904075	-0.002131628	0.013056221

1495892130288	0.015187849	0.001065814	0.015187849

1495892130297	0.0065281107	-0.003197442	0.009725553

1495892130307	0.004263256	-0.001065814	0.016253663

1495892130320	0.0075939246	0.002131628	0.013056221

1495892130330	0.010791367	-0.003197442	0.015187849

1495892130350	0.0075939246	-0.0065281107	0.010791367

1495892130352	0.010791367	0.0	0.010791367

1495892130358	0.008659739	-0.002131628	0.015187849

1495892130368	0.009725553	0.0	0.014122035

1495892130379	0.003197442	0.0	0.013056221

1495892130388	0.010791367	0.001065814	0.010791367

1495892130398	0.0065281107	0.003197442	0.010791367

1495892130409	0.00532907	-0.003197442	0.021715961

1495892130418	0.0075939246	-0.004263256	0.021715961

1495892130428	0.010791367	-0.003197442	0.013056221

1495892130438	0.008659739	-0.004263256	0.017452704

1495892130447	0.014122035	0.001065814	0.010791367

1495892130457	0.003197442	-0.00532907	0.013056221

1495892130468	0.0075939246	-0.001065814	0.015187849

1495892130478	0.009725553	-0.00532907	0.00532907

1495892130488	0.0075939246	-0.002131628	0.0065281107

1495892130498	0.010791367	0.003197442	0.010791367

1495892130509	0.015187849	0.0	0.0119904075

1495892130518	0.0119904075	-0.0065281107	0.008659739

1495892130528	0.009725553	-0.004263256	0.016253663

1495892130538	0.004263256	-0.002131628	0.010791367

1495892130548	0.0065281107	-0.002131628	0.013056221

1495892130558	0.0075939246	0.0	0.0119904075

1495892130568	0.0075939246	-0.001065814	0.013056221

1495892130578	0.0119904075	-0.0065281107	0.013056221

1495892130589	0.0119904075	0.0	0.008659739

1495892130598	0.015187849	-0.00532907	0.010791367

1495892130608	0.009725553	-0.001065814	0.009725553

1495892130619	0.010791367	-0.004263256	0.016253663

1495892130631	0.00532907	-0.001065814	0.014122035

1495892130649	0.008659739	-0.00532907	0.0119904075

1495892130652	0.008659739	-0.008659739	0.013056221

1495892130658	0.00532907	-0.00532907	0.017452704

1495892130669	0.0065281107	-0.0075939246	0.009725553

1495892130678	0.009725553	-0.002131628	0.010791367

1495892130688	0.0075939246	-0.001065814	0.014122035

1495892130698	0.010791367	-0.002131628	0.0119904075

1495892130708	0.0119904075	-0.002131628	0.008659739

1495892130720	0.0065281107	-0.002131628	0.010791367

1495892130728	0.0065281107	-0.009725553	0.016253663

1495892130738	0.009725553	-0.0065281107	0.008659739

1495892130747	0.0075939246	-0.008659739	0.015187849

1495892130757	0.0075939246	-0.00532907	0.010791367

1495892130768	0.00532907	-0.0065281107	0.018518519

1495892130778	0.009725553	-0.004263256	0.015187849

1495892130788	0.010791367	-0.003197442	0.014122035

1495892130799	0.008659739	-0.004263256	0.016253663

1495892130808	0.008659739	-0.001065814	0.009725553

1495892130818	0.010791367	0.003197442	0.015187849

1495892130828	0.00532907	0.002131628	0.016253663

1495892130838	0.004263256	-0.00532907	0.0119904075

1495892130848	0.003197442	-0.0065281107	0.008659739

1495892130858	0.008659739	-0.001065814	0.014122035

1495892130880	0.0075939246	0.001065814	0.015187849

1495892130883	0.0119904075	-0.001065814	0.0119904075

1495892130888	0.0119904075	0.001065814	0.013056221

1495892130898	0.009725553	-0.003197442	0.00532907

1495892130909	0.009725553	-0.004263256	0.0075939246

1495892130918	0.00532907	-0.003197442	0.016253663

1495892130928	0.0075939246	-0.004263256	0.016253663

1495892130938	0.008659739	-0.002131628	0.008659739

1495892130948	0.0119904075	-0.004263256	0.015187849

1495892130957	0.0075939246	0.0	0.020650147

1495892130969	0.008659739	-0.001065814	0.014122035

1495892130978	0.015187849	-0.002131628	0.0119904075

1495892130988	0.009725553	-0.001065814	0.008659739

1495892130997	0.0119904075	0.0	0.010791367

1495892131008	0.0119904075	0.003197442	0.010791367

1495892131018	0.010791367	0.002131628	0.014122035

1495892131027	0.010791367	-0.0065281107	0.017452704

1495892131039	0.010791367	-0.004263256	0.008659739

1495892131048	0.010791367	0.001065814	0.010791367

1495892131058	0.008659739	-0.0065281107	0.008659739

1495892131076	0.010791367	-0.004263256	0.014122035

1495892131079	0.008659739	-0.00532907	0.016253663

1495892131089	0.013056221	-0.00532907	0.014122035

1495892131102	0.0119904075	-0.004263256	0.014122035

1495892131109	0.009725553	-0.00532907	0.010791367

1495892131118	0.008659739	-0.00532907	0.013056221

1495892131128	0.00532907	-0.002131628	0.014122035

1495892131138	0.008659739	-0.001065814	0.019584332

1495892131149	0.009725553	0.00532907	0.018518519

1495892131158	0.010791367	0.0	0.016253663

1495892131168	0.009725553	-0.004263256	0.014122035

1495892131178	0.002131628	-0.002131628	0.013056221

1495892131188	0.004263256	0.0	0.015187849

1495892131198	0.0075939246	0.002131628	0.013056221

1495892131209	0.008659739	0.0	0.008659739

1495892131228	0.009725553	0.0	0.008659739

1495892131238	0.010791367	-0.002131628	0.008659739

1495892131248	0.008659739	-0.001065814	0.013056221

1495892131258	0.0065281107	-0.001065814	0.014122035

1495892131268	0.009725553	-0.002131628	0.009725553

1495892131278	0.010791367	-0.002131628	0.0119904075

1495892131288	0.004263256	-0.001065814	0.018518519

1495892131298	0.008659739	-0.00532907	0.013056221

1495892131309	0.0075939246	-0.0065281107	0.010791367

1495892131318	0.010791367	-0.00532907	0.013056221

1495892131328	0.013056221	0.0	0.010791367

1495892131340	0.010791367	0.001065814	0.017452704

1495892131348	0.0075939246	-0.001065814	0.018518519

1495892131370	0.015187849	0.002131628	0.018518519

1495892131371	0.014122035	0.0065281107	0.016253663

1495892131378	0.0119904075	-0.003197442	0.021715961

1495892131388	0.0119904075	-0.001065814	0.018518519

1495892131398	0.010791367	-0.002131628	0.013056221

1495892131409	0.0119904075	-0.00532907	0.018518519

1495892131428	0.0075939246	-0.004263256	0.016253663

1495892131438	0.0119904075	-0.008659739	0.013056221

1495892131447	0.008659739	-0.001065814	0.008659739

1495892131457	0.0119904075	-0.004263256	0.010791367

1495892131468	0.0075939246	-0.003197442	0.015187849

1495892131478	0.010791367	0.003197442	0.0119904075

1495892131488	0.009725553	-0.003197442	0.015187849

1495892131498	0.010791367	-0.002131628	0.013056221

1495892131508	0.010791367	-0.002131628	0.016253663

1495892131518	0.0075939246	0.002131628	0.015187849

1495892131528	0.010791367	0.001065814	0.014122035

1495892131537	0.013056221	-0.004263256	0.015187849

1495892131547	0.010791367	-0.003197442	0.016253663

1495892131557	0.010791367	0.001065814	0.013056221

1495892131568	0.0075939246	0.0	0.018518519

1495892131579	0.0075939246	-0.004263256	0.017452704

1495892131588	0.009725553	0.0	0.013056221

1495892131598	0.009725553	0.0	0.016253663

1495892131609	0.009725553	-0.003197442	0.013056221

1495892131630	0.010791367	0.0	0.016253663

1495892131640	0.0065281107	-0.004263256	0.0065281107

1495892131648	0.010791367	-0.004263256	0.009725553

1495892131657	0.008659739	-0.00532907	0.016253663

1495892131668	0.00532907	0.002131628	0.008659739

1495892131678	0.0075939246	-0.002131628	0.010791367

1495892131688	0.0075939246	-0.002131628	0.015187849

1495892131698	0.010791367	0.0	0.009725553

1495892131708	0.013056221	-0.002131628	0.016253663

1495892131718	0.009725553	-0.001065814	0.017452704

1495892131728	0.00532907	-0.0075939246	0.015187849

1495892131737	0.008659739	-0.004263256	0.016253663

1495892131748	0.009725553	-0.002131628	0.008659739

1495892131759	0.009725553	-0.00532907	0.014122035

1495892131770	0.009725553	-0.002131628	0.0119904075

1495892131778	0.013056221	-0.001065814	0.008659739

1495892131789	0.010791367	-0.003197442	0.014122035

1495892131817	0.009725553	-0.003197442	0.013056221

1495892131819	0.0075939246	-0.010791367	0.013056221

1495892131820	0.010791367	-0.003197442	0.010791367

1495892131828	0.013056221	-0.001065814	0.0119904075

1495892131838	0.0075939246	-0.008659739	0.0119904075

1495892131847	0.008659739	-0.008659739	0.009725553

1495892131857	0.0065281107	-0.0075939246	0.010791367

1495892131868	0.003197442	-0.0075939246	0.013056221

1495892131879	0.0065281107	-0.004263256	0.018518519

1495892131890	0.0075939246	0.001065814	0.015187849

1495892131898	0.009725553	-0.004263256	0.00532907

1495892131908	0.0075939246	-0.00532907	0.013056221

1495892131918	0.008659739	0.0	0.014122035

1495892131928	0.00532907	-0.00532907	0.014122035

1495892131938	0.0075939246	-0.001065814	0.0075939246

1495892131948	0.010791367	-0.00532907	0.0065281107

1495892131957	0.009725553	-0.0075939246	0.010791367

1495892131968	0.010791367	-0.003197442	0.013056221

1495892131978	0.010791367	-0.008659739	0.013056221

1495892131993	0.0075939246	-0.002131628	0.0119904075

1495892131998	0.0075939246	-0.004263256	0.014122035

1495892132008	0.0065281107	-0.002131628	0.014122035

1495892132018	0.010791367	-0.001065814	0.015187849

1495892132028	0.008659739	0.0	0.013056221

1495892132038	0.004263256	-0.00532907	0.013056221

1495892132048	0.0065281107	-0.00532907	0.016253663

1495892132058	0.009725553	-0.001065814	0.014122035

1495892132068	0.010791367	-0.002131628	0.009725553

1495892132077	0.009725553	0.001065814	0.0119904075

1495892132089	0.009725553	-0.003197442	0.017452704

1495892132098	0.008659739	-0.002131628	0.010791367

1495892132110	0.008659739	-0.002131628	0.013056221

1495892132119	0.009725553	0.001065814	0.0119904075

1495892132128	0.008659739	-0.002131628	0.017452704

1495892132138	0.0065281107	-0.00532907	0.013056221

1495892132148	0.00532907	-0.0065281107	0.0119904075

1495892132157	0.008659739	-0.003197442	0.0119904075

1495892132168	0.009725553	-0.002131628	0.014122035

1495892132178	0.0075939246	-0.004263256	0.018518519

1495892132188	0.010791367	0.001065814	0.014122035

1495892132197	0.0065281107	0.001065814	0.013056221

1495892132210	0.010791367	-0.001065814	0.008659739

1495892132228	0.004263256	-0.003197442	0.017452704

1495892132238	0.0065281107	-0.00532907	0.010791367

1495892132248	0.008659739	-0.001065814	0.013056221

1495892132258	0.0075939246	-0.0075939246	0.010791367

1495892132277	0.008659739	-0.003197442	0.014122035

1495892132291	0.008659739	0.001065814	0.017452704

1495892132294	0.008659739	-0.003197442	0.013056221

1495892132298	0.010791367	-0.002131628	0.009725553

1495892132308	0.0075939246	-0.001065814	0.00532907

1495892132318	0.0075939246	0.001065814	0.010791367

1495892132328	0.013056221	-0.001065814	0.017452704

1495892132338	0.013056221	0.001065814	0.021715961

1495892132348	0.008659739	-0.0075939246	0.021715961

1495892132357	0.010791367	-0.001065814	0.017452704

1495892132368	0.008659739	0.001065814	0.009725553

1495892132379	0.010791367	0.0	0.013056221

1495892132388	0.009725553	-0.00532907	0.014122035

1495892132398	0.0075939246	-0.001065814	0.019584332

1495892132407	0.008659739	0.001065814	0.020650147

1495892132425	0.009725553	0.003197442	0.016253663

1495892132428	0.009725553	0.003197442	0.017452704

1495892132438	0.010791367	0.0	0.013056221

1495892132448	0.0075939246	-0.0065281107	0.015187849

1495892132458	0.008659739	-0.002131628	0.010791367

1495892132468	0.009725553	-0.002131628	0.010791367

1495892132478	0.009725553	-0.001065814	0.015187849

1495892132488	0.009725553	-0.00532907	0.015187849

1495892132498	0.009725553	-0.0075939246	0.014122035

1495892132509	0.0075939246	-0.0075939246	0.009725553

1495892132518	0.008659739	-0.002131628	0.0075939246

1495892132529	0.009725553	-0.001065814	0.015187849

1495892132548	0.010791367	-0.002131628	0.016253663

1495892132559	0.008659739	-0.002131628	0.008659739

1495892132569	0.010791367	-0.002131628	0.008659739

1495892132578	0.015187849	-0.009725553	0.0065281107

1495892132588	0.009725553	-0.003197442	0.013056221

1495892132598	0.00532907	0.0	0.020650147

1495892132608	0.008659739	0.0	0.015187849

1495892132619	0.003197442	-0.003197442	0.010791367

1495892132628	0.010791367	0.0065281107	0.018518519

1495892132638	0.010791367	0.0	0.014122035

1495892132648	0.009725553	0.0	0.019584332

1495892132658	0.009725553	-0.004263256	0.013056221

1495892132668	0.008659739	-0.002131628	0.00532907

1495892132678	0.0075939246	-0.00532907	0.009725553

1495892132687	0.009725553	-0.0065281107	0.0119904075

1495892132697	0.0119904075	-0.004263256	0.0119904075

1495892132708	0.009725553	-0.001065814	0.009725553

1495892132724	0.0075939246	-0.004263256	0.016253663

1495892132731	0.009725553	-0.004263256	0.013056221

1495892132738	0.0119904075	-0.003197442	0.008659739

1495892132748	0.008659739	-0.004263256	0.009725553

1495892132758	0.004263256	-0.003197442	0.010791367

1495892132768	-0.001065814	-0.008659739	0.018518519

1495892132779	0.0075939246	-0.001065814	0.014122035

1495892132788	0.010791367	-0.00532907	0.013056221

1495892132798	0.0065281107	-0.004263256	0.010791367

1495892132809	0.0065281107	-0.002131628	0.010791367

1495892132828	0.0065281107	-0.00532907	0.010791367

1495892132856	0.010791367	0.001065814	0.009725553

1495892132860	0.013056221	-0.001065814	0.0119904075

1495892132867	0.016253663	-0.004263256	0.017452704

1495892132868	0.0119904075	-0.00532907	0.013056221

1495892132869	0.0119904075	0.004263256	0.017452704

1495892132878	0.008659739	0.0	0.017452704

1495892132894	0.0065281107	-0.0065281107	0.0119904075

1495892132900	0.008659739	-0.0119904075	0.016253663

1495892132909	0.008659739	-0.0075939246	0.018518519

1495892132928	0.0075939246	-0.0065281107	0.019584332

1495892132938	0.00532907	0.001065814	0.016253663

1495892132947	0.013056221	-0.003197442	0.015187849

1495892132959	0.0119904075	-0.009725553	0.0119904075

1495892132969	0.010791367	-0.002131628	0.00532907

1495892132978	0.0075939246	-0.001065814	0.0075939246

1495892132989	0.008659739	-0.001065814	0.0119904075

