1496000391175	-0.16280572	-0.019153614	9.950302

1496000391188	-0.17238252	0.0	9.959879

1496000391194	-0.17238252	-0.019153614	9.940725

1496000391221	-0.17238252	-0.038307227	9.940725

1496000391226	-0.17238252	-0.02873042	9.969456

1496000391241	-0.1340753	-0.047884032	9.931149

1496000391245	-0.15322891	-0.038307227	9.950302

1496000391259	-0.15322891	-0.019153614	9.921572

1496000391263	-0.16280572	-0.009576807	9.950302

1496000391278	-0.17238252	-0.019153614	9.940725

1496000391288	-0.16280572	-0.019153614	9.940725

1496000391299	-0.16280572	-0.009576807	9.988609

1496000391308	-0.18195933	-0.019153614	9.940725

1496000391319	-0.16280572	-0.02873042	9.940725

1496000391324	-0.1340753	-0.038307227	9.931149

1496000391342	-0.16280572	-0.038307227	9.911995

1496000391345	-0.16280572	-0.02873042	9.950302

1496000391358	-0.16280572	-0.038307227	9.950302

1496000391370	-0.17238252	-0.009576807	9.950302

1496000391375	-0.19153613	-0.02873042	9.931149

1496000391390	-0.22026655	-0.009576807	9.9790325

1496000391399	-0.22026655	0.0	9.959879

1496000391404	-0.20111294	-0.009576807	9.959879

1496000391420	-0.18195933	0.019153614	9.988609

1496000391429	-0.19153613	-0.009576807	9.9790325

1496000391440	-0.17238252	-0.019153614	9.950302

1496000391450	-0.16280572	-0.02873042	9.969456

1496000391459	-0.18195933	-0.038307227	9.950302

1496000391471	-0.19153613	-0.019153614	9.911995

1496000391476	-0.16280572	-0.009576807	9.940725

1496000391490	-0.15322891	0.019153614	9.969456

1496000391493	-0.18195933	-0.009576807	9.9790325

1496000391504	-0.21068975	0.0	9.998186

1496000391514	-0.19153613	0.0	9.969456

1496000391524	-0.21068975	0.02873042	9.998186

1496000391539	-0.21068975	0.009576807	9.959879

1496000391550	-0.15322891	0.0	9.931149

1496000391559	-0.1436521	0.0	9.911995

1496000391570	-0.17238252	0.0	9.931149

1496000391579	-0.16280572	-0.047884032	9.892841

1496000391584	-0.17238252	-0.02873042	9.940725

1496000391599	-0.17238252	-0.047884032	9.969456

1496000391619	-0.15322891	-0.009576807	9.998186

1496000391640	-0.11492168	-0.038307227	9.959879

1496000391651	-0.16280572	-0.02873042	9.959879

1496000391657	-0.15322891	0.0	9.950302

1496000391666	-0.17238252	0.009576807	9.921572

1496000391680	-0.19153613	0.009576807	9.931149

1496000391685	-0.17238252	-0.019153614	9.940725

1496000391699	-0.17238252	0.019153614	9.9790325

1496000391705	-0.16280572	0.0	9.940725

1496000391719	-0.18195933	-0.009576807	9.950302

1496000391724	-0.16280572	-0.038307227	9.969456

1496000391734	-0.19153613	-0.02873042	9.950302

1496000391751	-0.17238252	-0.02873042	9.940725

1496000391755	-0.17238252	-0.05746084	9.950302

1496000391765	-0.15322891	-0.019153614	9.959879

1496000391780	-0.15322891	-0.047884032	9.950302

1496000391785	-0.1436521	-0.05746084	9.9790325

1496000391798	-0.1436521	-0.038307227	9.998186

1496000391810	-0.16280572	-0.009576807	10.007763

1496000391820	-0.15322891	-0.009576807	9.959879

1496000391829	-0.18195933	0.019153614	9.969456

1496000391848	-0.16280572	0.0	9.940725

1496000391860	-0.18195933	0.019153614	9.969456

1496000391869	-0.19153613	-0.009576807	9.911995

1496000391874	-0.19153613	-0.02873042	9.883265

1496000391895	-0.21068975	-0.047884032	9.902418

1496000391905	-0.19153613	-0.038307227	9.9790325

1496000391916	-0.15322891	-0.02873042	9.969456

1496000391928	-0.1436521	-0.038307227	9.988609

1496000391944	-0.1436521	-0.02873042	9.988609

1496000391947	-0.15322891	-0.06703765	9.959879

1496000391964	-0.18195933	-0.05746084	9.950302

1496000391967	-0.19153613	0.0	9.950302

1496000391971	-0.18195933	-0.019153614	9.931149

1496000392005	-0.16280572	-0.009576807	9.931149

1496000392008	-0.17238252	-0.019153614	9.931149

1496000392012	-0.17238252	-0.019153614	9.9790325

1496000392016	-0.15322891	-0.02873042	9.950302

1496000392020	-0.15322891	-0.047884032	9.950302

1496000392040	-0.16280572	-0.047884032	9.940725

1496000392045	-0.16280572	-0.038307227	9.950302

1496000392048	-0.18195933	-0.019153614	9.950302

1496000392060	-0.16280572	-0.047884032	9.931149

1496000392069	-0.16280572	-0.019153614	9.969456

1496000392074	-0.19153613	-0.02873042	9.921572

1496000392084	-0.17238252	-0.047884032	9.950302

1496000392094	-0.16280572	-0.038307227	9.969456

1496000392109	-0.16280572	-0.038307227	9.950302

1496000392120	-0.16280572	-0.05746084	9.969456

1496000392129	-0.1436521	-0.02873042	9.969456

1496000392134	-0.16280572	-0.038307227	9.940725

1496000392148	-0.16280572	-0.038307227	9.940725

1496000392161	-0.16280572	-0.076614454	9.950302

1496000392169	-0.18195933	-0.038307227	9.940725

1496000392174	-0.17238252	-0.05746084	9.988609

1496000392184	-0.1436521	-0.02873042	9.959879

1496000392195	-0.15322891	-0.05746084	9.921572

1496000392209	-0.16280572	-0.019153614	9.911995

1496000392221	-0.15322891	-0.019153614	9.911995

1496000392229	-0.1340753	-0.019153614	9.940725

1496000392241	-0.15322891	-0.009576807	9.844957

1496000392246	-0.17238252	-0.038307227	9.950302

1496000392255	-0.21068975	-0.05746084	9.883265

1496000392270	-0.22026655	-0.009576807	9.969456

1496000392274	-0.22026655	0.009576807	10.04607

1496000392291	-0.19153613	-0.02873042	10.084377

1496000392295	-0.19153613	-0.02873042	9.998186

1496000392309	-0.16280572	-0.047884032	9.998186

1496000392315	-0.11492168	-0.06703765	10.0269165

1496000392330	-0.10534488	-0.05746084	10.0269165

1496000392334	-0.10534488	-0.047884032	10.036493

1496000392349	-0.16280572	-0.05746084	9.940725

1496000392360	-0.18195933	-0.019153614	9.873688

1496000392369	-0.15322891	0.0	9.864111

1496000392384	-0.15322891	-0.02873042	9.911995

1496000392401	-0.1340753	0.009576807	9.959879

1496000392405	-0.11492168	-0.019153614	9.950302

1496000392421	-0.21068975	-0.02873042	10.04607

1496000392425	-0.17238252	-0.038307227	10.055647

1496000392440	-0.16280572	-0.02873042	9.940725

1496000392445	-0.16280572	-0.02873042	9.940725

1496000392454	-0.17238252	-0.02873042	10.04607

1496000392471	-0.12449849	-0.019153614	9.988609

1496000392475	-0.12449849	-0.019153614	9.988609

1496000392484	-0.08619126	0.019153614	10.0269165

1496000392499	-0.1340753	-0.038307227	9.921572

1496000392504	-0.1340753	-0.038307227	9.921572

1496000392519	-0.22026655	-0.019153614	9.969456

1496000392539	-0.15322891	-0.009576807	9.9790325

1496000392544	-0.15322891	-0.009576807	9.9790325

1496000392558	-0.17238252	0.0	9.959879

1496000392564	-0.17238252	0.0	9.959879

1496000392579	-0.17238252	0.0	9.902418

1496000392584	-0.17238252	0.0	9.902418

1496000392598	-0.1436521	-0.02873042	9.950302

1496000392610	-0.18195933	-0.047884032	9.998186

1496000392618	-0.19153613	-0.06703765	10.04607

1496000392630	-0.21068975	-0.038307227	10.055647

1496000392640	-0.19153613	-0.02873042	10.007763

1496000392651	-0.20111294	0.009576807	9.998186

1496000392656	-0.17238252	0.0	10.007763

1496000392664	-0.17238252	0.0	10.007763

1496000392680	-0.23942018	0.0	9.921572

1496000392691	-0.21068975	0.009576807	9.9790325

1496000392700	-0.17238252	0.009576807	9.9790325

1496000392705	-0.17238252	0.009576807	9.9790325

1496000392715	-0.1436521	-0.009576807	9.959879

1496000392731	-0.1340753	-0.009576807	9.9790325

1496000392741	-0.1340753	-0.02873042	10.01734

1496000392745	-0.11492168	-0.02873042	10.01734

1496000392761	-0.15322891	-0.038307227	9.959879

1496000392769	-0.17238252	-0.038307227	9.959879

1496000392778	-0.12449849	-0.02873042	10.01734

1496000392801	-0.12449849	-0.009576807	9.950302

1496000392810	-0.15322891	-0.019153614	9.883265

1496000392818	-0.16280572	-0.02873042	9.883265

1496000392825	-0.18195933	-0.02873042	9.921572

1496000392836	-0.20111294	-0.02873042	9.959879

1496000392853	-0.12449849	-0.038307227	9.9790325

1496000392867	-0.15322891	-0.019153614	9.911995

1496000392870	-0.19153613	-0.038307227	9.844957

1496000392872	-0.1340753	-0.019153614	10.036493

1496000392932	-0.15322891	0.019153614	9.835381

1496000392936	-0.19153613	0.009576807	9.931149

1496000392939	-0.22026655	-0.02873042	9.940725

1496000392943	-0.19153613	-0.038307227	9.950302

1496000392946	-0.18195933	-0.038307227	9.988609

1496000392949	-0.17238252	-0.038307227	10.01734

1496000392952	-0.12449849	-0.009576807	10.01734

1496000392956	-0.19153613	-0.038307227	9.969456

1496000392974	-0.18195933	-0.009576807	9.998186

1496000392978	-0.16280572	0.02873042	10.084377

1496000392985	-0.18195933	-0.009576807	10.0269165

1496000392999	-0.19153613	0.009576807	10.01734

1496000393004	-0.18195933	0.019153614	10.01734

1496000393018	-0.18195933	-0.009576807	9.940725

1496000393024	-0.15322891	-0.02873042	9.892841

1496000393039	-0.11492168	-0.02873042	9.873688

1496000393050	-0.11492168	-0.019153614	9.911995

1496000393059	-0.08619126	-0.06703765	9.988609

1496000393070	-0.11492168	-0.047884032	9.959879

1496000393080	-0.1436521	-0.038307227	10.01734

1496000393090	-0.19153613	-0.038307227	9.969456

1496000393101	-0.22026655	-0.038307227	10.103531

1496000393104	-0.18195933	-0.038307227	10.007763

1496000393115	-0.19153613	-0.019153614	9.959879

1496000393129	-0.1436521	-0.02873042	9.959879

1496000393140	-0.1340753	-0.02873042	9.931149

1496000393149	-0.15322891	-0.019153614	10.007763

1496000393160	-0.12449849	-0.02873042	9.959879

1496000393170	-0.1340753	-0.009576807	9.969456

1496000393174	-0.1436521	-0.038307227	10.084377

1496000393190	-0.17238252	-0.02873042	10.0269165

1496000393195	-0.19153613	-0.009576807	10.007763

1496000393210	-0.17238252	-0.038307227	9.911995

1496000393214	-0.15322891	-0.047884032	9.911995

1496000393240	-0.18195933	-0.019153614	9.959879

1496000393250	-0.16280572	-0.009576807	10.01734

1496000393261	-0.18195933	-0.019153614	10.01734

1496000393266	-0.18195933	0.0	9.969456

1496000393281	-0.17238252	-0.02873042	9.959879

1496000393286	-0.16280572	-0.02873042	9.969456

1496000393300	-0.15322891	-0.009576807	9.959879

1496000393309	-0.17238252	0.0	9.950302

1496000393320	-0.15322891	-0.038307227	9.959879

1496000393324	-0.17238252	-0.02873042	9.931149

1496000393339	-0.15322891	-0.02873042	9.959879

1496000393344	-0.1436521	-0.047884032	9.959879

1496000393355	-0.15322891	-0.02873042	9.940725

1496000393369	-0.20111294	-0.019153614	9.959879

1496000393381	-0.17238252	-0.02873042	9.988609

1496000393386	-0.17238252	-0.019153614	9.988609

1496000393400	-0.16280572	-0.009576807	9.969456

1496000393404	-0.1436521	-0.009576807	9.950302

1496000393414	-0.16280572	-0.02873042	9.921572

1496000393424	-0.16280572	-0.06703765	9.892841

1496000393434	-0.18195933	-0.05746084	9.911995

1496000393451	-0.15322891	-0.038307227	9.931149

1496000393455	-0.16280572	-0.009576807	9.940725

1496000393469	-0.16280572	-0.009576807	9.950302

1496000393480	-0.16280572	0.0	9.940725

1496000393489	-0.15322891	-0.019153614	9.921572

1496000393494	-0.15322891	-0.019153614	9.950302

1496000393509	-0.20111294	-0.009576807	9.940725

1496000393515	-0.18195933	-0.009576807	9.931149

1496000393529	-0.17238252	-0.019153614	9.9790325

1496000393540	-0.17238252	0.0	9.998186

1496000393549	-0.18195933	-0.009576807	9.911995

1496000393569	-0.15322891	-0.009576807	9.9790325

1496000393589	-0.1340753	-0.019153614	9.940725

1496000393605	-0.17238252	0.0	9.931149

1496000393620	-0.18195933	0.009576807	9.911995

1496000393630	-0.17238252	-0.009576807	9.969456

1496000393642	-0.18195933	0.0	10.0269165

1496000393649	-0.15322891	-0.038307227	9.9790325

1496000393743	-0.18195933	-0.019153614	9.921572

1496000393746	-0.20111294	-0.02873042	9.959879

1496000393749	-0.17238252	-0.009576807	9.9790325

1496000393750	-0.16280572	-0.047884032	9.998186

1496000393752	-0.15322891	-0.02873042	9.9790325

1496000393756	-0.18195933	-0.038307227	9.998186

1496000393758	-0.18195933	-0.019153614	9.998186

1496000393759	-0.17238252	-0.009576807	9.9790325

1496000393762	-0.15322891	-0.047884032	9.9790325

1496000393765	-0.1436521	-0.05746084	9.931149

1496000393769	-0.18195933	-0.02873042	9.931149

1496000393773	-0.17238252	-0.02873042	9.950302

1496000393776	-0.17238252	-0.019153614	10.007763

1496000393801	-0.16280572	0.0	10.01734

1496000393804	-0.16280572	-0.038307227	9.940725

1496000393808	-0.18195933	-0.038307227	9.931149

1496000393819	-0.18195933	-0.038307227	9.902418

1496000393829	-0.18195933	-0.047884032	9.921572

1496000393839	-0.19153613	0.009576807	9.931149

1496000393850	-0.21068975	0.02873042	9.959879

1496000393858	-0.16280572	-0.009576807	9.950302

1496000393864	-0.19153613	-0.019153614	9.9790325

1496000393878	-0.18195933	-0.02873042	9.969456

1496000393890	-0.17238252	-0.047884032	9.950302

1496000393894	-0.18195933	-0.02873042	9.9790325

1496000393911	-0.15322891	-0.038307227	9.988609

1496000393919	-0.12449849	-0.019153614	9.988609

1496000393924	-0.20111294	-0.02873042	9.988609

1496000393934	-0.20111294	-0.02873042	9.969456

1496000393960	-0.19153613	-0.009576807	9.959879

1496000393971	-0.19153613	-0.02873042	9.969456

1496000393980	-0.16280572	-0.009576807	9.969456

1496000393990	-0.19153613	0.0	9.988609

1496000393994	-0.19153613	-0.038307227	9.9790325

1496000394018	-0.15322891	-0.047884032	10.007763

1496000394024	-0.1436521	-0.05746084	9.931149

1496000394035	-0.15322891	-0.009576807	9.959879

1496000394051	-0.16280572	-0.009576807	9.988609

1496000394060	-0.16280572	0.0	9.931149

1496000394064	-0.17238252	-0.019153614	9.940725

1496000394074	-0.18195933	-0.019153614	9.950302

1496000394091	-0.16280572	-0.02873042	9.931149

1496000394095	-0.19153613	-0.02873042	9.959879

1496000394105	-0.17238252	-0.019153614	9.940725

1496000394120	-0.18195933	-0.02873042	9.931149

1496000394131	-0.18195933	-0.05746084	9.969456

1496000394135	-0.20111294	-0.038307227	9.988609

1496000394145	-0.18195933	-0.047884032	9.921572

1496000394160	-0.19153613	-0.05746084	9.940725

1496000394171	-0.17238252	-0.047884032	9.921572

1496000394180	-0.1340753	-0.076614454	9.921572

1496000394184	-0.17238252	-0.02873042	9.950302

1496000394194	-0.16280572	-0.038307227	9.911995

1496000394211	-0.15322891	-0.019153614	9.931149

1496000394216	-0.15322891	-0.038307227	9.940725

1496000394231	-0.1340753	-0.047884032	9.940725

1496000394236	-0.15322891	-0.038307227	9.921572

1496000394251	-0.16280572	-0.019153614	9.902418

1496000394255	-0.17238252	-0.019153614	9.911995

1496000394271	-0.1436521	-0.009576807	9.931149

1496000394274	-0.15322891	-0.05746084	9.988609

1496000394285	-0.16280572	-0.019153614	9.950302

1496000394294	-0.18195933	-0.02873042	9.9790325

1496000394304	-0.19153613	-0.019153614	9.940725

1496000394319	-0.16280572	-0.009576807	9.902418

1496000394330	-0.19153613	-0.047884032	9.950302

1496000394341	-0.18195933	-0.05746084	9.998186

1496000394345	-0.17238252	-0.047884032	9.988609

1496000394360	-0.17238252	-0.038307227	9.950302

1496000394364	-0.18195933	-0.05746084	9.950302

1496000394381	-0.18195933	-0.047884032	9.931149

1496000394386	-0.18195933	-0.019153614	9.959879

1496000394396	-0.19153613	0.0	9.9790325

1496000394410	-0.17238252	0.0	10.007763

1496000394421	-0.18195933	-0.009576807	9.9790325

1496000394426	-0.17238252	-0.009576807	9.940725

1496000394440	-0.15322891	-0.019153614	9.969456

1496000394445	-0.18195933	-0.02873042	10.01734

1496000394461	-0.17238252	-0.019153614	9.998186

1496000394471	-0.18195933	0.009576807	9.959879

1496000394475	-0.17238252	0.0	9.959879

1496000394490	-0.16280572	-0.019153614	9.969456

1496000394501	-0.16280572	0.0	9.998186

1496000394505	-0.15322891	0.0	10.01734

1496000394514	-0.1436521	0.009576807	9.998186

1496000394634	-0.15322891	-0.019153614	10.007763

1496000394638	-0.16280572	-0.019153614	9.9790325

1496000394640	-0.18195933	-0.019153614	9.940725

1496000394644	-0.18195933	-0.047884032	9.921572

1496000394647	-0.21068975	-0.047884032	9.921572

1496000394649	-0.18195933	0.0	9.9790325

1496000394652	-0.19153613	-0.009576807	9.911995

1496000394656	-0.17238252	-0.019153614	9.950302

1496000394660	-0.16280572	-0.02873042	9.902418

1496000394666	-0.17238252	-0.02873042	9.892841

1496000394669	-0.1436521	-0.02873042	9.911995

1496000394672	-0.17238252	-0.02873042	9.950302

1496000394676	-0.18195933	-0.02873042	9.9790325

1496000394680	-0.17238252	-0.019153614	9.988609

1496000394684	-0.16280572	-0.019153614	9.969456

1496000394687	-0.19153613	-0.019153614	9.950302

1496000394691	-0.19153613	-0.009576807	10.01734

1496000394694	-0.16280572	-0.05746084	9.9790325

1496000394735	-0.17238252	-0.047884032	9.940725

1496000394739	-0.17238252	-0.02873042	9.940725

1496000394743	-0.16280572	-0.02873042	9.940725

1496000394747	-0.1436521	-0.038307227	9.969456

1496000394762	-0.15322891	-0.02873042	9.969456

1496000394765	-0.12449849	-0.038307227	9.969456

1496000394780	-0.1436521	-0.038307227	10.007763

1496000394784	-0.22026655	-0.038307227	9.9790325

1496000394800	-0.19153613	-0.02873042	9.998186

1496000394808	-0.17238252	-0.038307227	10.007763

1496000394824	-0.18195933	-0.05746084	9.988609

1496000394838	-0.16280572	-0.038307227	9.959879

1496000394849	-0.20111294	-0.009576807	9.950302

1496000394854	-0.19153613	-0.05746084	9.959879

1496000394870	-0.15322891	-0.009576807	9.988609

1496000394874	-0.19153613	-0.009576807	9.988609

1496000394885	-0.19153613	-0.009576807	9.9790325

1496000394901	-0.16280572	0.019153614	9.988609

1496000394906	-0.19153613	-0.02873042	9.940725

1496000394921	-0.19153613	-0.02873042	9.940725

1496000394930	-0.16280572	-0.009576807	9.969456

1496000394941	-0.18195933	-0.019153614	9.950302

1496000394945	-0.18195933	-0.038307227	9.921572

1496000394961	-0.21068975	-0.009576807	9.931149

1496000394969	-0.18195933	-0.02873042	9.940725

1496000394974	-0.18195933	0.0	9.998186

1496000394989	-0.18195933	-0.02873042	9.911995

1496000395000	-0.16280572	-0.047884032	9.950302

1496000395009	-0.16280572	-0.009576807	9.921572

1496000395018	-0.16280572	-0.038307227	9.902418

1496000395024	-0.18195933	0.0	9.835381

1496000395039	-0.18195933	-0.038307227	9.844957

1496000395050	-0.21068975	-0.038307227	9.940725

1496000395059	-0.18195933	-0.038307227	9.998186

1496000395064	-0.15322891	-0.009576807	10.04607

1496000395078	-0.1340753	-0.047884032	9.988609

1496000395090	-0.1340753	-0.06703765	9.902418

1496000395099	-0.15322891	-0.05746084	9.835381

1496000395104	-0.15322891	-0.02873042	9.9790325

1496000395120	-0.18195933	-0.08619126	9.931149

1496000395130	-0.18195933	-0.08619126	9.950302

1496000395141	-0.17238252	-0.009576807	9.969456

1496000395145	-0.1340753	-0.009576807	9.950302

1496000395160	-0.15322891	-0.019153614	10.01734

1496000395164	-0.15322891	-0.019153614	10.01734

1496000395180	-0.21068975	-0.009576807	10.0748005

1496000395190	-0.22984336	-0.019153614	10.065224

1496000395199	-0.16280572	-0.019153614	9.988609

1496000395211	-0.17238252	-0.038307227	9.969456

1496000395216	-0.17238252	-0.02873042	9.959879

1496000395231	-0.16280572	-0.038307227	9.998186

1496000395241	-0.20111294	-0.02873042	9.998186

1496000395250	-0.18195933	-0.019153614	10.036493

1496000395255	-0.18195933	-0.019153614	10.036493

1496000395265	-0.18195933	-0.009576807	10.113108

1496000395280	-0.1436521	-0.02873042	9.940725

1496000395285	-0.1436521	-0.02873042	9.940725

1496000395295	-0.1340753	-0.047884032	10.0269165

1496000395304	-0.15322891	-0.038307227	9.950302

1496000395320	-0.21068975	-0.038307227	9.969456

1496000395325	-0.21068975	-0.038307227	9.969456

1496000395340	-0.16280572	-0.047884032	9.969456

1496000395345	-0.16280572	-0.047884032	9.969456

1496000395360	-0.20111294	-0.038307227	10.01734

1496000395365	-0.20111294	-0.038307227	10.01734

1496000395379	-0.1340753	-0.02873042	9.998186

1496000395384	-0.1340753	-0.02873042	9.998186

1496000395432	-0.16280572	-0.076614454	9.969456

1496000395437	-0.15322891	-0.05746084	9.931149

1496000395448	-0.15322891	-0.05746084	9.931149

1496000395456	-0.21068975	-0.047884032	9.931149

1496000395468	-0.21068975	-0.02873042	9.940725

1496000395472	-0.18195933	-0.038307227	9.959879

1496000395476	-0.18195933	-0.038307227	9.959879

1496000395481	-0.18195933	-0.038307227	9.9790325

1496000395483	-0.16280572	-0.02873042	9.988609

1496000395486	-0.16280572	-0.02873042	9.988609

1496000395515	-0.18195933	0.0	9.931149

1496000395518	-0.20111294	-0.009576807	9.921572

1496000395521	-0.19153613	-0.038307227	9.911995

1496000395532	-0.19153613	-0.038307227	9.921572

1496000395536	-0.15322891	-0.038307227	9.883265

1496000395544	-0.15322891	-0.038307227	9.883265

1496000395559	-0.047884032	-0.047884032	9.892841

1496000395570	-0.16280572	-0.038307227	9.911995

1496000395574	-0.16280572	-0.038307227	9.911995

1496000395591	-0.16280572	-0.02873042	9.969456

1496000395596	-0.16280572	-0.02873042	9.969456

1496000395610	-0.15322891	0.009576807	9.969456

1496000395619	-0.15322891	0.009576807	9.816227

1496000395624	-0.20111294	-0.02873042	9.902418

1496000395637	-0.20111294	-0.019153614	9.854534

1496000395654	-0.15322891	-0.05746084	9.940725

1496000395670	-0.2777274	-0.019153614	9.969456

1496000395675	-0.16280572	-0.019153614	9.969456

1496000395684	-0.20111294	-0.05746084	10.007763

1496000395700	-0.17238252	-0.047884032	9.959879

1496000395704	-0.19153613	-0.05746084	9.931149

1496000395714	-0.16280572	0.0	9.988609

1496000395724	-0.19153613	-0.009576807	9.940725

1496000395735	-0.15322891	-0.019153614	9.969456

1496000395744	-0.16280572	-0.06703765	9.9790325

1496000395760	-0.1340753	-0.019153614	9.931149

1496000395763	-0.10534488	-0.019153614	9.931149

1496000395775	-0.17238252	-0.009576807	9.940725

1496000395789	-0.19153613	-0.047884032	9.911995

1496000395800	-0.20111294	-0.019153614	10.065224

1496000395809	-0.15322891	-0.02873042	9.988609

1496000395829	-0.16280572	0.019153614	9.988609

1496000395835	-0.1436521	-0.019153614	9.988609

1496000395849	-0.18195933	-0.038307227	9.9790325

1496000395855	-0.20111294	-0.02873042	9.911995

1496000395870	-0.18195933	-0.038307227	9.911995

1496000395881	-0.19153613	-0.02873042	9.921572

1496000395886	-0.17238252	-0.019153614	9.921572

1496000395900	-0.18195933	-0.019153614	9.873688

1496000395909	-0.20111294	-0.019153614	9.911995

1496000395920	-0.19153613	-0.019153614	9.969456

1496000395929	-0.21068975	-0.009576807	9.921572

1496000395934	-0.17238252	-0.05746084	9.911995

1496000395944	-0.20111294	-0.047884032	9.892841

1496000395960	-0.16280572	-0.06703765	9.950302

1496000395969	-0.18195933	-0.05746084	9.969456

1496000395980	-0.17238252	-0.047884032	9.959879

1496000395989	-0.17238252	-0.019153614	9.950302

1496000395994	-0.18195933	-0.009576807	9.940725

1496000396009	-0.22026655	-0.019153614	9.921572

1496000396019	-0.20111294	-0.019153614	9.921572

1496000396028	-0.17238252	-0.038307227	9.931149

1496000396034	-0.19153613	-0.02873042	9.988609

1496000396049	-0.19153613	-0.038307227	9.940725

1496000396059	-0.15322891	-0.047884032	9.950302

1496000396064	-0.17238252	-0.02873042	9.959879

1496000396074	-0.15322891	-0.02873042	9.9790325

1496000396084	-0.15322891	-0.02873042	9.940725

1496000396100	-0.16280572	-0.019153614	9.911995

1496000396104	-0.1436521	-0.02873042	9.940725

1496000396121	-0.16280572	-0.02873042	9.940725

1496000396128	-0.17238252	-0.047884032	9.940725

1496000396140	-0.17238252	-0.038307227	9.931149

1496000396148	-0.1340753	-0.019153614	9.998186

1496000396160	-0.16280572	-0.019153614	9.9790325

