1495479478431	36.6875	17.625	-13.875

1495479478439	37.25	18.375	-13.125

1495479478490	38.9375	18.125	-12.25

1495479478591	39.1875	18.25	-11.5625

1495479478693	40.25	17.75	-10.75

1495479478803	41.3125	16.25	-10.125

1495479478915	41.5	13.375	-10.1875

1495479478994	41.9375	10.9375	-10.8125

1495479479104	41.75	9.6875	-11.5

1495479479192	41.4375	9.25	-12.4375

1495479479294	41.1875	10.25	-12.25

1495479479392	40.75	11.4375	-12.6875

1495479479507	40.5625	11.5625	-13.1875

1495479479592	40.5	11.0625	-13.25

1495479479703	40.125	10.6875	-13.625

1495479479793	40.0625	9.75	-13.25

1495479479901	39.8125	7.875	-12.5625

1495479480027	39.1875	5.9375	-12.5

1495479480093	38.0625	4.8125	-13.1875

1495479480261	37.1875	4.5625	-14.25

1495479480348	36.125	5.9375	-15.0625

1495479480444	35.3125	7.875	-16.0625

1495479480498	34.4375	9.0625	-16.8125

1495479480606	34.1875	9.75	-16.75

1495479480693	33.75	9.4375	-17.25

1495479480794	33.5	9.0	-16.75

1495479480894	33.8125	8.3125	-16.0625

1495479480994	33.25	7.4375	-16.25

1495479481094	32.8125	6.3125	-15.75

1495479481205	32.125	6.0625	-16.3125

1495479481294	31.125	6.1875	-16.4375

1495479481398	30.1875	7.875	-16.25

1495479481510	29.1875	9.875	-16.9375

1495479481603	28.25	11.5625	-17.125

1495479481731	27.75	13.125	-16.625

1495479481805	27.5	13.375	-16.625

1495479481910	27.625	14.125	-15.375

1495479481999	28.125	14.0625	-14.375

1495479482106	28.6875	13.0	-14.5625

1495479482209	29.5	11.625	-13.4375

1495479482324	29.4375	10.8125	-13.9375

1495479482407	28.5	10.75	-13.4375

1495479482509	28.0625	11.75	-12.3125

1495479482600	27.5	13.25	-12.625

1495479482708	27.375	14.3125	-12.0

1495479482812	27.5625	14.8125	-11.375

1495479482903	27.1875	15.1875	-11.125

1495479483002	26.875	15.1875	-10.5625

1495479483104	26.75	14.4375	-9.75

1495479483202	27.6875	13.625	-9.5625

