1495903096797	-19.56	-29.58	4.62

1495903096896	-19.62	-29.46	3.36

1495903096996	-19.98	-29.1	3.06

1495903097102	-19.98	-28.98	2.76

1495903097196	-19.98	-28.8	3.12

1495903097296	-20.28	-28.86	2.88

1495903097397	-20.7	-28.8	2.7

1495903097496	-20.64	-28.62	2.7

1495903097599	-21.6	-28.2	2.58

1495903097696	-22.26	-27.78	3.0

1495903097799	-22.26	-27.96	3.3

1495903097896	-21.36	-28.32	4.14

1495903097996	-20.88	-28.32	4.86

1495903098103	-20.76	-28.2	4.62

1495903098196	-20.52	-28.08	4.44

1495903098296	-20.64	-27.96	4.56

1495903098396	-20.7	-27.78	4.56

1495903098496	-20.58	-27.96	4.44

1495903098608	-20.46	-27.9	4.44

1495903098696	-20.76	-27.96	4.74

1495903098796	-20.94	-27.9	4.56

1495903098906	-20.88	-28.02	4.26

1495903098995	-20.94	-28.38	3.84

1495903099096	-21.06	-28.8	3.0

1495903099202	-20.94	-28.92	2.34

1495903099302	-21.24	-28.2	1.5

1495903099396	-21.3	-27.84	0.42

1495903099496	-21.18	-27.84	-1.02

1495903099596	-20.76	-28.14	-1.62

1495903099698	-20.22	-28.44	-2.16

1495903099798	-19.98	-28.32	-2.76

1495903099896	-19.56	-28.38	-3.3

1495903099996	-19.26	-28.32	-4.32

1495903100102	-18.9	-28.74	-4.62

1495903100195	-18.0	-29.22	-4.5

1495903100296	-17.52	-29.58	-3.6

1495903100398	-17.22	-29.76	-3.84

1495903100496	-17.4	-29.82	-4.02

1495903100596	-17.04	-30.06	-3.42

1495903100696	-17.88	-29.94	-3.3

1495903100796	-18.0	-30.0	-3.36

1495903100887	-17.82	-29.82	-3.48

1495903100996	-17.52	-30.3	-3.42

1495903101104	-17.28	-30.24	-3.24

1495903101195	-16.98	-30.48	-3.66

1495903101296	-16.98	-30.6	-4.02

1495903101397	-16.56	-30.9	-4.5

