1495727763147	23.75	-15.5	-24.625

1495727763299	23.625	-15.6875	-25.5

1495727763310	23.6875	-15.875	-25.125

1495727763399	23.8125	-15.5625	-25.3125

1495727763500	23.375	-15.75	-25.75

1495727763599	23.6875	-15.0	-24.375

1495727763700	22.8125	-14.6875	-24.0625

1495727763983	22.4375	-14.5	-24.1875

1495727764129	22.9375	-14.6875	-23.625

1495727764219	22.8125	-15.625	-24.0625

1495727764386	23.75	-15.5	-24.4375

1495727764659	23.875	-15.5	-24.4375

1495727764850	23.875	-15.25	-24.75

1495727764885	23.6875	-14.6875	-24.875

1495727765095	23.375	-14.875	-25.0

1495727765450	22.75	-15.0625	-25.25

1495727765507	22.4375	-15.375	-25.375

1495727765560	22.875	-15.5	-25.8125

1495727765660	22.5	-15.3125	-25.75

1495727765759	22.8125	-14.875	-25.3125

1495727766059	22.5625	-14.3125	-25.5

1495727766176	22.875	-14.0625	-25.0625

1495727766221	23.375	-14.4375	-25.0

1495727766482	23.25	-15.125	-25.625

1495727766579	23.5625	-16.0625	-24.875

1495727766602	23.125	-16.1875	-24.875

1495727766700	22.75	-15.5	-24.9375

1495727766804	23.1875	-14.9375	-24.625

1495727766890	23.3125	-14.9375	-25.5

1495727766993	23.375	-15.125	-25.4375

1495727767098	23.625	-15.6875	-25.5

1495727767190	23.3125	-15.9375	-25.0625

1495727767292	23.0625	-15.5	-24.9375

1495727767400	22.8125	-15.75	-25.125

1495727767490	22.6875	-15.875	-25.3125

1495727767590	22.75	-16.125	-25.6875

1495727767692	22.9375	-16.1875	-26.0625

1495727767794	23.1875	-15.8125	-26.125

