1495701622665	-0.75	-4.9375	-13.5

1495701622683	-0.8125	-4.5625	-13.4375

1495701623460	-0.8125	-4.4375	-13.875

1495701623513	-0.8125	-3.6875	-13.875

1495701623601	-0.25	-3.25	-14.1875

1495701623675	-0.5	-3.4375	-14.0

1495701623773	-0.375	-3.6875	-13.4375

1495701623874	-0.75	-3.8125	-12.875

1495701623971	-0.625	-4.125	-12.625

1495701624071	-0.4375	-3.9375	-12.0

1495701624191	-0.5625	-3.9375	-12.0

1495701624295	0.0625	-4.3125	-12.6875

1495701624995	-0.625	-4.0625	-12.875

1495701625060	-0.75	-4.625	-13.8125

1495701625320	-0.1875	-4.9375	-14.25

1495701625340	-0.75	-4.8125	-13.8125

1495701625681	-0.4375	-4.8125	-13.9375

1495701625722	-0.4375	-4.1875	-13.8125

1495701625874	-1.1875	-3.9375	-13.3125

1495701625893	-0.6875	-3.5625	-13.4375

1495701625993	-0.6875	-3.6875	-13.5625

1495701626092	-0.6875	-3.4375	-12.8125

1495701626200	-1.125	-3.4375	-13.125

1495701626291	-1.5625	-3.4375	-13.125

1495701626510	-1.75	-3.375	-12.9375

1495701626513	-2.0625	-4.0625	-13.375

1495701627033	-1.6875	-4.3125	-13.3125

1495701627060	-1.3125	-4.9375	-13.375

1495701627200	-1.4375	-5.25	-12.875

1495701627251	-1.125	-5.1875	-13.125

1495701627341	-1.25	-5.4375	-13.125

1495701627450	-1.0	-4.8125	-12.875

