1496012363578	0.010791367	-0.002131628	0.023980815

1496012363581	0.008659739	-0.003197442	0.019584332

1496012363592	0.0119904075	-0.003197442	0.018518519

1496012363598	0.0065281107	-0.0065281107	0.02504663

1496012363609	0.0065281107	-0.00532907	0.026112443

1496012363621	0.0065281107	-0.004263256	0.023980815

1496012363628	0.002131628	-0.004263256	0.021715961

1496012363640	0.009725553	-0.0065281107	0.02824407

1496012363648	0.0119904075	-0.003197442	0.019584332

1496012363658	0.008659739	-0.003197442	0.021715961

1496012363669	0.0119904075	-0.002131628	0.017452704

1496012363678	0.0119904075	0.0	0.019584332

1496012363690	0.0075939246	0.0	0.021715961

1496012363698	0.010791367	-0.00532907	0.021715961

1496012363710	0.003197442	-0.008659739	0.022781774

1496012363718	0.003197442	-0.0075939246	0.022781774

1496012363728	0.0065281107	-0.003197442	0.02504663

1496012363740	0.0065281107	-0.004263256	0.032640554

1496012363748	0.002131628	0.001065814	0.027178258

1496012363758	0.009725553	-0.003197442	0.020650147

1496012363768	0.0075939246	-0.004263256	0.023980815

1496012363778	0.004263256	-0.00532907	0.023980815

1496012363792	0.0075939246	-0.0065281107	0.018518519

1496012363798	0.010791367	-0.003197442	0.018518519

1496012363810	0.0119904075	-0.002131628	0.016253663

1496012363819	0.0119904075	-0.003197442	0.017452704

1496012363828	0.013056221	-0.00532907	0.020650147

1496012363841	0.010791367	-0.0065281107	0.020650147

1496012363849	0.0075939246	-0.004263256	0.017452704

1496012363858	0.0075939246	-0.003197442	0.020650147

1496012363868	0.004263256	-0.00532907	0.022781774

1496012363878	0.0065281107	-0.00532907	0.02504663

1496012363890	0.008659739	0.0	0.030508926

1496012363898	0.003197442	-0.001065814	0.02504663

1496012363909	0.008659739	-0.002131628	0.020650147

1496012363918	0.0065281107	-0.003197442	0.020650147

1496012363928	0.009725553	0.001065814	0.022781774

1496012363940	0.013056221	-0.0065281107	0.013056221

1496012363949	0.0119904075	0.002131628	0.019584332

1496012363958	0.010791367	0.001065814	0.018518519

1496012363996	0.008659739	-0.004263256	0.017452704

1496012364000	0.010791367	-0.003197442	0.022781774

1496012364013	0.008659739	-0.001065814	0.023980815

1496012364015	0.008659739	-0.001065814	0.016253663

1496012364015	0.0119904075	-0.00532907	0.021715961

1496012364020	0.013056221	0.0	0.022781774

1496012364028	0.008659739	-0.002131628	0.029443111

1496012364040	0.008659739	-0.0075939246	0.03157474

1496012364065	0.008659739	-0.004263256	0.027178258

1496012364067	0.009725553	-0.001065814	0.026112443

1496012364068	0.010791367	-0.00532907	0.017452704

1496012364079	0.0075939246	-0.001065814	0.021715961

1496012364089	0.008659739	0.0	0.017452704

1496012364099	0.009725553	-0.004263256	0.017452704

1496012364113	0.008659739	-0.004263256	0.018518519

1496012364142	0.0075939246	-0.004263256	0.015187849

1496012364143	0.00532907	-0.001065814	0.022781774

1496012364148	0.008659739	-0.0075939246	0.021715961

1496012364160	0.009725553	-0.004263256	0.021715961

1496012364168	0.010791367	-0.002131628	0.020650147

1496012364178	0.008659739	-0.003197442	0.02504663

1496012364192	0.008659739	-0.001065814	0.021715961

1496012364198	0.009725553	-0.001065814	0.019584332

1496012364209	0.00532907	-0.004263256	0.017452704

1496012364218	0.00532907	-0.004263256	0.019584332

1496012364228	0.0065281107	-0.004263256	0.019584332

1496012364241	0.009725553	-0.0065281107	0.019584332

1496012364250	0.010791367	-0.003197442	0.016253663

1496012364258	0.009725553	-0.00532907	0.016253663

1496012364268	0.0065281107	-0.0075939246	0.019584332

1496012364278	0.0065281107	-0.001065814	0.021715961

1496012364291	0.010791367	-0.004263256	0.020650147

1496012364298	0.013056221	-0.004263256	0.015187849

1496012364310	0.010791367	-0.00532907	0.020650147

1496012364318	0.010791367	-0.004263256	0.020650147

1496012364328	0.004263256	-0.00532907	0.019584332

1496012364340	0.008659739	-0.0075939246	0.015187849

1496012364348	0.0075939246	0.003197442	0.020650147

1496012364358	0.00532907	-0.0065281107	0.017452704

1496012364368	0.009725553	-0.003197442	0.023980815

1496012364378	0.009725553	0.0	0.022781774

1496012364388	0.008659739	-0.004263256	0.02504663

1496012364398	0.0075939246	-0.002131628	0.019584332

1496012364410	0.0119904075	-0.001065814	0.018518519

1496012364418	0.0075939246	-0.004263256	0.016253663

1496012364428	0.009725553	-0.0075939246	0.026112443

1496012364438	0.008659739	-0.0075939246	0.022781774

1496012364448	0.009725553	0.0	0.022781774

1496012364458	0.0065281107	0.002131628	0.023980815

1496012364468	0.009725553	-0.001065814	0.022781774

1496012364478	0.0075939246	-0.008659739	0.02504663

1496012364488	0.010791367	-0.002131628	0.02504663

1496012364500	0.009725553	-0.003197442	0.015187849

1496012364509	0.008659739	-0.0065281107	0.017452704

1496012364518	0.008659739	-0.0119904075	0.020650147

1496012364528	0.0065281107	-0.0075939246	0.018518519

1496012364539	0.0075939246	-0.003197442	0.021715961

1496012364548	0.009725553	-0.0065281107	0.022781774

1496012364558	0.009725553	-0.003197442	0.020650147

1496012364569	0.0075939246	-0.004263256	0.029443111

1496012364578	0.009725553	-0.0065281107	0.021715961

1496012364595	0.0075939246	0.001065814	0.021715961

1496012364599	0.0075939246	-0.004263256	0.019584332

1496012364609	0.009725553	-0.003197442	0.014122035

1496012364619	0.013056221	0.0	0.02504663

1496012364633	0.0075939246	-0.00532907	0.020650147

1496012364639	0.004263256	-0.0065281107	0.018518519

1496012364648	0.0065281107	-0.008659739	0.019584332

1496012364658	0.009725553	-0.0065281107	0.02504663

1496012364668	0.008659739	-0.001065814	0.022781774

1496012364678	0.008659739	-0.002131628	0.020650147

1496012364688	0.010791367	-0.003197442	0.021715961

1496012364698	0.013056221	0.0	0.019584332

1496012364710	0.009725553	-0.0065281107	0.02504663

1496012364718	0.009725553	-0.003197442	0.02504663

1496012364728	0.013056221	-0.001065814	0.016253663

1496012364738	0.009725553	0.001065814	0.016253663

1496012364749	0.002131628	-0.00532907	0.019584332

1496012364758	0.00532907	-0.003197442	0.019584332

1496012364768	0.010791367	-0.003197442	0.020650147

1496012364778	0.010791367	-0.004263256	0.021715961

1496012364789	0.0075939246	0.0	0.020650147

1496012364798	0.010791367	0.001065814	0.020650147

1496012364810	0.0075939246	-0.003197442	0.018518519

1496012364819	0.00532907	-0.003197442	0.0119904075

1496012364828	0.0065281107	-0.003197442	0.020650147

1496012364839	0.014122035	-0.001065814	0.022781774

1496012364848	0.014122035	0.0	0.018518519

1496012364862	0.013056221	0.0	0.023980815

1496012364869	0.0065281107	0.002131628	0.020650147

1496012364878	0.0075939246	-0.002131628	0.02504663

1496012364888	0.014122035	-0.001065814	0.020650147

1496012364898	0.015187849	-0.004263256	0.020650147

1496012364910	0.010791367	-0.00532907	0.023980815

1496012364918	0.010791367	-0.001065814	0.023980815

1496012364928	0.0119904075	-0.001065814	0.021715961

1496012364938	0.0065281107	-0.0075939246	0.021715961

1496012364948	0.00532907	0.0	0.022781774

1496012364960	0.008659739	0.003197442	0.019584332

1496012364968	0.009725553	0.003197442	0.020650147

1496012364978	0.0075939246	-0.002131628	0.018518519

1496012365003	0.008659739	-0.003197442	0.020650147

1496012365016	0.010791367	-0.001065814	0.020650147

1496012365018	0.010791367	-0.002131628	0.022781774

1496012365020	0.013056221	-0.002131628	0.023980815

1496012365028	0.00532907	-0.004263256	0.017452704

1496012365040	0.0075939246	-0.002131628	0.022781774

1496012365048	0.009725553	0.002131628	0.018518519

1496012365059	0.010791367	-0.001065814	0.021715961

1496012365068	0.010791367	-0.0075939246	0.027178258

1496012365078	0.008659739	-0.008659739	0.019584332

1496012365088	0.0065281107	-0.002131628	0.018518519

1496012365098	0.010791367	-0.001065814	0.020650147

1496012365108	0.010791367	-0.003197442	0.026112443

1496012365119	0.0119904075	0.0	0.022781774

1496012365140	0.004263256	-0.009725553	0.019584332

1496012365149	0.00532907	-0.001065814	0.023980815

1496012365159	0.008659739	-0.001065814	0.02504663

1496012365169	0.009725553	-0.002131628	0.019584332

1496012365178	0.009725553	-0.0065281107	0.018518519

1496012365188	0.010791367	-0.001065814	0.015187849

1496012365198	0.013056221	-0.002131628	0.017452704

1496012365208	0.009725553	-0.00532907	0.019584332

1496012365219	0.009725553	-0.003197442	0.019584332

1496012365229	0.010791367	0.002131628	0.017452704

1496012365239	0.008659739	-0.010791367	0.017452704

1496012365249	0.0075939246	-0.003197442	0.020650147

1496012365259	0.009725553	0.001065814	0.020650147

1496012365275	0.008659739	-0.004263256	0.026112443

1496012365279	0.013056221	-0.003197442	0.027178258

1496012365290	0.009725553	-0.0119904075	0.022781774

1496012365298	0.0119904075	-0.0065281107	0.017452704

1496012365308	0.014122035	-0.001065814	0.017452704

1496012365320	0.014122035	0.001065814	0.018518519

1496012365338	0.004263256	-0.0065281107	0.020650147

1496012365348	0.013056221	0.001065814	0.021715961

1496012365358	0.0065281107	-0.002131628	0.02504663

1496012365368	0.008659739	-0.004263256	0.023980815

1496012365379	0.0075939246	0.0	0.021715961

1496012365389	0.00532907	-0.004263256	0.020650147

1496012365398	0.004263256	-0.00532907	0.017452704

1496012365408	0.0119904075	0.0	0.018518519

1496012365421	0.010791367	0.003197442	0.022781774

1496012365429	0.009725553	0.0	0.020650147

1496012365441	0.009725553	-0.002131628	0.026112443

1496012365448	0.009725553	-0.00532907	0.021715961

1496012365458	0.0075939246	-0.00532907	0.017452704

1496012365468	0.008659739	-0.001065814	0.021715961

1496012365478	0.004263256	-0.001065814	0.017452704

1496012365488	0.0065281107	-0.0075939246	0.016253663

1496012365499	0.0065281107	-0.004263256	0.017452704

1496012365508	0.010791367	0.0	0.017452704

1496012365520	0.008659739	-0.004263256	0.019584332

1496012365528	0.004263256	-0.003197442	0.026112443

1496012365539	0.008659739	0.002131628	0.019584332

1496012365548	0.009725553	0.0	0.018518519

1496012365559	0.0075939246	-0.002131628	0.020650147

1496012365568	0.00532907	-0.0065281107	0.019584332

1496012365578	0.0065281107	-0.009725553	0.018518519

1496012365588	0.0075939246	-0.00532907	0.016253663

1496012365599	0.009725553	-0.001065814	0.015187849

1496012365608	0.008659739	-0.003197442	0.020650147

1496012365620	0.009725553	0.0	0.020650147

1496012365628	0.013056221	-0.004263256	0.021715961

1496012365638	0.0119904075	-0.00532907	0.019584332

1496012365649	0.009725553	-0.008659739	0.022781774

1496012365658	0.010791367	-0.003197442	0.021715961

1496012365668	0.013056221	-0.001065814	0.023980815

1496012365678	0.009725553	-0.002131628	0.02504663

1496012365688	0.008659739	-0.00532907	0.021715961

1496012365698	0.00532907	-0.0065281107	0.016253663

1496012365708	0.013056221	-0.00532907	0.020650147

1496012365719	0.010791367	0.001065814	0.021715961

1496012365740	0.009725553	-0.0065281107	0.016253663

1496012365748	0.004263256	-0.0065281107	0.020650147

1496012365758	0.008659739	-0.001065814	0.02504663

1496012365768	0.0119904075	-0.001065814	0.023980815

1496012365778	0.0065281107	-0.0075939246	0.022781774

1496012365788	0.008659739	-0.001065814	0.018518519

1496012365798	0.010791367	-0.004263256	0.020650147

1496012365808	0.008659739	-0.002131628	0.02504663

1496012365820	0.008659739	-0.002131628	0.018518519

1496012365829	0.009725553	-0.00532907	0.019584332

1496012365838	0.009725553	-0.0065281107	0.02504663

1496012365848	0.008659739	-0.001065814	0.021715961

1496012365858	0.008659739	0.0	0.02504663

1496012365868	0.0119904075	0.0	0.022781774

1496012365878	0.008659739	-0.002131628	0.021715961

1496012365888	0.0075939246	-0.001065814	0.023980815

1496012365898	0.010791367	0.001065814	0.021715961

1496012365908	0.013056221	-0.003197442	0.023980815

1496012365920	0.0075939246	-0.003197442	0.020650147

1496012365938	0.010791367	-0.27924326	0.021715961

1496012365949	0.0065281107	-0.001065814	0.020650147

1496012365958	0.00532907	-0.003197442	0.019584332

1496012365968	0.0119904075	0.002131628	0.022781774

1496012365979	0.00532907	-0.0075939246	0.020650147

1496012365993	0.00532907	-0.004263256	0.022781774

1496012365998	0.008659739	-0.001065814	0.020650147

1496012366008	0.009725553	-0.003197442	0.022781774

1496012366019	0.010791367	-0.001065814	0.023980815

1496012366028	0.0075939246	-0.002131628	0.02504663

1496012366038	0.004263256	-0.004263256	0.015187849

1496012366048	0.0075939246	-0.008659739	0.021715961

1496012366058	0.004263256	-0.0065281107	0.02504663

1496012366068	0.003197442	-0.0065281107	0.022781774

1496012366078	0.0119904075	-0.008659739	0.019584332

1496012366088	0.0119904075	-0.003197442	0.015187849

1496012366099	0.009725553	-0.002131628	0.020650147

1496012366108	0.0065281107	-0.00532907	0.021715961

1496012366119	0.010791367	-0.00532907	0.022781774

1496012366128	0.008659739	-0.002131628	0.023980815

1496012366138	0.010791367	0.002131628	0.021715961

1496012366148	0.009725553	-0.003197442	0.022781774

1496012366158	0.009725553	-0.0065281107	0.019584332

1496012366168	0.009725553	-0.004263256	0.021715961

1496012366178	0.008659739	-0.002131628	0.021715961

1496012366188	0.0075939246	-0.0065281107	0.014122035

1496012366198	0.0065281107	0.0	0.013056221

1496012366208	0.008659739	0.0	0.014122035

1496012366220	0.0119904075	0.0	0.018518519

1496012366228	0.013056221	0.0	0.021715961

1496012366238	0.004263256	-0.004263256	0.022781774

1496012366249	0.00532907	-0.001065814	0.02504663

1496012366259	0.009725553	-0.0065281107	0.023980815

1496012366268	0.0065281107	-0.00532907	0.023980815

1496012366279	0.004263256	-0.0075939246	0.023980815

1496012366289	0.002131628	-0.0065281107	0.026112443

1496012366298	0.0119904075	-0.008659739	0.017452704

1496012366308	0.008659739	-0.00532907	0.014122035

1496012366320	0.009725553	-0.00532907	0.017452704

1496012366339	0.0075939246	0.003197442	0.023980815

1496012366349	0.008659739	-0.002131628	0.027178258

1496012366359	0.0119904075	-0.004263256	0.02824407

1496012366369	0.009725553	-0.0065281107	0.022781774

1496012366378	0.0075939246	0.004263256	0.02504663

1496012366388	0.0065281107	-0.001065814	0.02504663

1496012366398	0.0075939246	-0.001065814	0.022781774

1496012366408	0.004263256	0.0	0.021715961

1496012366419	0.0065281107	-0.001065814	0.027178258

1496012366429	0.0075939246	-0.00532907	0.02504663

1496012366439	0.010791367	-0.00532907	0.019584332

1496012366453	0.015187849	-0.002131628	0.019584332

1496012366459	0.010791367	-0.003197442	0.019584332

1496012366478	0.008659739	-0.002131628	0.015187849

1496012366481	0.0119904075	0.0	0.020650147

1496012366490	0.010791367	-0.002131628	0.010791367

1496012366498	0.009725553	-0.0065281107	0.013056221

1496012366508	0.0075939246	-0.003197442	0.026112443

1496012366520	0.0119904075	-0.004263256	0.023980815

1496012366538	0.008659739	-0.27924326	0.016253663

1496012366548	0.008659739	-0.00532907	0.017452704

1496012366558	0.009725553	0.0	0.026112443

1496012366568	0.010791367	-0.004263256	0.022781774

1496012366579	0.008659739	-0.004263256	0.020650147

1496012366588	0.0065281107	-0.00532907	0.022781774

1496012366598	0.013056221	-0.00532907	0.018518519

1496012366608	0.0075939246	-0.002131628	0.022781774

1496012366620	0.003197442	-0.002131628	0.026112443

1496012366628	0.0075939246	-0.004263256	0.020650147

1496012366638	0.0075939246	-0.0075939246	0.023980815

1496012366648	0.010791367	-0.00532907	0.019584332

1496012366658	0.008659739	-0.003197442	0.018518519

1496012366669	0.002131628	-0.0075939246	0.019584332

1496012366678	0.0075939246	-0.0075939246	0.018518519

1496012366688	0.009725553	-0.00532907	0.021715961

1496012366699	0.009725553	-0.001065814	0.030508926

1496012366708	0.009725553	-0.001065814	0.021715961

1496012366720	0.0075939246	-0.002131628	0.018518519

1496012366729	0.0075939246	-0.002131628	0.020650147

1496012366751	0.0075939246	-0.003197442	0.020650147

1496012366755	0.0075939246	-0.003197442	0.020650147

1496012366759	0.0075939246	0.0	0.02504663

1496012366768	0.010791367	-0.003197442	0.022781774

1496012366778	0.0065281107	-0.002131628	0.02824407

1496012366788	0.004263256	-0.0075939246	0.017452704

1496012366799	0.010791367	-0.004263256	0.018518519

1496012366808	0.013056221	-0.001065814	0.019584332

1496012366820	0.0075939246	-0.003197442	0.018518519

1496012366828	0.002131628	-0.002131628	0.020650147

1496012366838	0.004263256	-0.004263256	0.020650147

1496012366848	0.008659739	-0.002131628	0.020650147

1496012366858	0.008659739	0.001065814	0.021715961

1496012366868	0.010791367	-0.001065814	0.021715961

1496012366879	0.009725553	-0.002131628	0.022781774

1496012366892	0.009725553	-0.0065281107	0.023980815

1496012366898	0.00532907	-0.004263256	0.022781774

1496012366910	0.009725553	-0.0065281107	0.023980815

1496012366920	0.009725553	-0.00532907	0.018518519

1496012366938	0.0075939246	-0.002131628	0.020650147

1496012366948	0.008659739	-0.00532907	0.016253663

1496012366958	0.0119904075	0.001065814	0.018518519

1496012366968	0.013056221	-0.001065814	0.021715961

1496012366978	0.009725553	-0.0065281107	0.019584332

1496012367002	0.004263256	-0.004263256	0.021715961

1496012367006	0.00532907	-0.0065281107	0.02504663

1496012367012	0.00532907	-0.00532907	0.020650147

1496012367027	0.0075939246	-0.00532907	0.026112443

1496012367029	0.008659739	-0.009725553	0.023980815

1496012367040	0.00532907	-0.009725553	0.019584332

1496012367048	0.00532907	-0.0065281107	0.020650147

1496012367058	0.009725553	-0.002131628	0.020650147

1496012367068	0.0065281107	-0.002131628	0.021715961

1496012367078	0.009725553	-0.002131628	0.022781774

1496012367088	0.0075939246	-0.00532907	0.023980815

1496012367098	0.0075939246	-0.002131628	0.020650147

1496012367108	0.008659739	0.002131628	0.021715961

1496012367120	0.014122035	-0.008659739	0.023980815

1496012367139	0.0075939246	-0.002131628	0.02504663

1496012367149	0.0119904075	0.0	0.022781774

1496012367158	0.008659739	-0.004263256	0.022781774

1496012367170	0.0065281107	-0.002131628	0.022781774

1496012367178	0.0075939246	0.0	0.018518519

1496012367189	0.0065281107	0.001065814	0.022781774

1496012367198	0.0075939246	-0.009725553	0.023980815

1496012367209	0.0065281107	-0.00532907	0.02824407

1496012367220	0.00532907	-0.004263256	0.026112443

1496012367228	0.0065281107	0.002131628	0.022781774

1496012367239	0.0075939246	-0.003197442	0.020650147

1496012367248	0.008659739	-0.003197442	0.018518519

1496012367258	0.009725553	-0.00532907	0.016253663

1496012367268	0.00532907	-0.0075939246	0.019584332

1496012367281	0.0075939246	-0.0075939246	0.026112443

1496012367288	0.0065281107	-0.010791367	0.02504663

1496012367298	0.0065281107	-0.003197442	0.026112443

1496012367308	0.008659739	-0.004263256	0.017452704

1496012367320	0.0119904075	-0.0075939246	0.020650147

1496012367338	0.0075939246	-0.004263256	0.02504663

1496012367348	0.009725553	-0.0075939246	0.018518519

1496012367358	0.008659739	0.0	0.016253663

1496012367368	0.008659739	-0.003197442	0.018518519

1496012367378	0.009725553	-0.001065814	0.020650147

1496012367388	0.010791367	-0.004263256	0.014122035

1496012367398	0.00532907	-0.0075939246	0.015187849

1496012367408	0.0075939246	-0.00532907	0.019584332

1496012367420	0.009725553	-0.004263256	0.017452704

1496012367428	0.008659739	0.0	0.018518519

1496012367438	0.008659739	-0.0065281107	0.023980815

1496012367449	0.00532907	-0.0075939246	0.018518519

1496012367465	0.00532907	-0.003197442	0.017452704

1496012367470	0.0119904075	-0.004263256	0.017452704

1496012367479	0.0119904075	0.0	0.027178258

1496012367488	0.014122035	0.0	0.026112443

1496012367498	0.014122035	-0.004263256	0.018518519

1496012367508	0.0075939246	-0.002131628	0.018518519

1496012367518	0.0075939246	0.001065814	0.017452704

1496012367528	0.013056221	-0.001065814	0.0119904075

1496012367538	0.010791367	-0.001065814	0.019584332

1496012367548	0.0075939246	0.0	0.022781774

1496012367558	0.010791367	0.0	0.021715961

1496012367568	0.009725553	-0.008659739	0.016253663

1496012367578	0.0075939246	-0.00532907	0.016253663

1496012367588	0.008659739	-0.001065814	0.017452704

1496012367599	0.0065281107	-0.00532907	0.018518519

1496012367608	0.00532907	-0.0065281107	0.020650147

1496012367620	0.008659739	-0.00532907	0.017452704

1496012367628	0.0075939246	-0.00532907	0.02504663

1496012367638	0.008659739	-0.002131628	0.023980815

1496012367648	0.00532907	-0.002131628	0.021715961

1496012367658	0.009725553	-0.002131628	0.02504663

1496012367668	0.008659739	0.001065814	0.022781774

1496012367678	0.009725553	0.003197442	0.018518519

1496012367689	0.0075939246	-0.001065814	0.022781774

1496012367698	0.010791367	-0.003197442	0.019584332

1496012367708	0.00532907	0.0	0.026112443

1496012367720	0.010791367	0.002131628	0.022781774

1496012367729	0.010791367	0.002131628	0.021715961

1496012367742	0.0075939246	-0.001065814	0.023980815

1496012367754	0.0075939246	-0.003197442	0.02824407

1496012367758	0.009725553	-0.003197442	0.021715961

1496012367768	0.0075939246	-0.0065281107	0.023980815

1496012367778	0.0075939246	-0.0075939246	0.020650147

1496012367788	0.0075939246	-0.008659739	0.018518519

1496012367798	0.0075939246	-0.008659739	0.017452704

1496012367808	0.0065281107	-0.003197442	0.017452704

1496012367820	0.010791367	-0.001065814	0.016253663

1496012367828	0.013056221	0.0	0.016253663

1496012367839	0.009725553	-0.00532907	0.013056221

1496012367848	0.0065281107	-0.0065281107	0.016253663

1496012367858	0.0075939246	-0.004263256	0.019584332

1496012367868	0.009725553	-0.008659739	0.021715961

1496012367878	0.013056221	-0.003197442	0.019584332

1496012367888	0.0065281107	-0.00532907	0.022781774

1496012367898	0.0065281107	-0.004263256	0.023980815

1496012367908	0.0065281107	-0.004263256	0.02504663

1496012367920	0.0119904075	-0.00532907	0.013056221

1496012367928	0.0119904075	-0.00532907	0.017452704

1496012367938	0.0065281107	-0.001065814	0.019584332

1496012367948	0.008659739	-0.003197442	0.02504663

1496012367959	0.0075939246	-0.013056221	0.021715961

1496012367968	0.009725553	0.001065814	0.02504663

1496012367978	0.0075939246	-0.002131628	0.014122035

1496012368014	0.008659739	-0.004263256	0.023980815

1496012368018	0.008659739	-0.004263256	0.023980815

1496012368019	0.0065281107	-0.004263256	0.023980815

1496012368022	0.008659739	-0.002131628	0.030508926

1496012368028	0.0075939246	-0.004263256	0.029443111

1496012368040	0.010791367	0.003197442	0.027178258

1496012368048	0.0119904075	-0.003197442	0.020650147

1496012368058	0.00532907	-0.0065281107	0.016253663

1496012368068	0.008659739	-0.003197442	0.017452704

1496012368078	0.0065281107	-0.001065814	0.021715961

1496012368088	0.00532907	-0.00532907	0.019584332

1496012368098	0.0065281107	-0.004263256	0.021715961

1496012368108	0.008659739	-0.004263256	0.023980815

1496012368118	0.0065281107	-0.008659739	0.027178258

1496012368128	0.009725553	-0.00532907	0.016253663

1496012368143	0.009725553	-0.002131628	0.020650147

1496012368148	0.010791367	-0.004263256	0.020650147

1496012368158	0.013056221	0.0	0.02504663

1496012368169	0.010791367	-0.009725553	0.021715961

1496012368202	0.004263256	-0.009725553	0.020650147

1496012368203	0.00532907	-0.00532907	0.020650147

1496012368208	0.009725553	-0.003197442	0.021715961

1496012368220	0.010791367	-0.00532907	0.021715961

1496012368228	0.014122035	-0.001065814	0.018518519

1496012368240	0.0119904075	-0.001065814	0.019584332

1496012368248	0.00532907	-0.001065814	0.021715961

1496012368259	0.0075939246	-0.003197442	0.019584332

1496012368268	0.010791367	-0.003197442	0.018518519

1496012368278	0.014122035	-0.001065814	0.026112443

1496012368295	0.010791367	-0.004263256	0.014122035

1496012368308	0.016253663	-0.003197442	0.021715961

1496012368320	0.0075939246	-0.003197442	0.026112443

1496012368328	0.0075939246	-0.003197442	0.02504663

1496012368340	0.00532907	0.0	0.018518519

1496012368348	0.003197442	-0.001065814	0.022781774

1496012368358	0.004263256	-0.001065814	0.026112443

1496012368368	0.0075939246	-0.00532907	0.02504663

1496012368378	0.008659739	-0.003197442	0.027178258

1496012368391	0.0119904075	0.0	0.02504663

1496012368398	0.00532907	-0.00532907	0.018518519

1496012368408	0.013056221	-0.004263256	0.019584332

1496012368418	0.008659739	0.002131628	0.018518519

1496012368428	0.008659739	0.001065814	0.021715961

1496012368440	0.00532907	0.0	0.022781774

1496012368448	0.0065281107	-0.004263256	0.02504663

1496012368458	0.0075939246	-0.001065814	0.019584332

1496012368468	0.014122035	0.0	0.021715961

1496012368478	0.0119904075	-0.001065814	0.020650147

1496012368493	0.010791367	0.003197442	0.018518519

1496012368498	0.010791367	0.001065814	0.022781774

1496012368508	0.013056221	-0.003197442	0.02504663

1496012368520	0.0065281107	-0.00532907	0.023980815

1496012368528	0.0065281107	-0.00532907	0.020650147

1496012368540	0.0119904075	-0.002131628	0.02504663

1496012368548	0.00532907	-0.003197442	0.018518519

1496012368558	0.013056221	0.002131628	0.016253663

