1498310599934	63.75	-67.5	-73.0

1498310599972	63.75	-67.5	-73.0

1498310600022	63.75	-67.5	-73.0

1498310600073	63.75	-67.5	-73.0

1498310600122	63.75	-67.5	-73.0

1498310600173	63.75	-67.5	-73.0

1498310600222	63.75	-67.5	-73.0

1498310600273	63.75	-67.5	-73.0

1498310600324	63.75	-67.5	-73.0

1498310600375	63.75	-67.5	-73.0

1498310600426	63.75	-67.5	-73.0

1498310600491	63.75	-67.5	-73.0

1498310600527	63.75	-67.5	-73.0

1498310600576	63.75	-67.5	-73.0

1498310600627	63.75	-67.5	-73.0

1498310600678	63.75	-67.5	-73.0

1498310600729	63.75	-67.5	-73.0

1498310600779	63.75	-67.5	-73.0

1498310600830	63.75	-67.5	-73.0

1498310600885	63.75	-67.5	-73.0

1498310600930	63.75	-67.5	-73.0

1498310600979	64.5	-68.0	-72.75

1498310601030	64.5	-68.0	-72.75

1498310601082	64.5	-68.0	-73.25

1498310601132	64.5	-68.0	-73.25

1498310601182	64.5	-68.0	-72.75

1498310601233	64.5	-68.0	-72.75

1498310601284	64.5	-67.75	-73.5

1498310601335	64.5	-67.75	-73.5

1498310601386	64.5	-68.0	-73.5

1498310601436	64.5	-68.0	-73.5

1498310601496	64.5	-68.0	-73.75

1498310601540	64.5	-68.0	-73.75

1498310601587	64.5	-67.5	-73.5

1498310601637	64.5	-67.5	-73.5

1498310601688	64.75	-68.0	-73.0

1498310601739	64.75	-68.0	-73.0

1498310601789	64.0	-68.5	-72.75

1498310601839	64.0	-68.5	-72.75

1498310601889	64.5	-67.5	-72.0

1498310601940	64.5	-67.5	-72.0

1498310601991	64.5	-67.5	-72.5

1498310602039	64.5	-67.5	-72.5

1498310602089	64.25	-67.75	-73.0

1498310602140	64.25	-67.75	-73.0

1498310602189	64.5	-68.0	-72.75

1498310602240	64.5	-68.0	-72.75

1498310602290	64.5	-68.0	-73.0

1498310602341	64.5	-68.0	-73.0

1498310602391	64.5	-68.0	-72.25

1498310602442	64.5	-68.0	-72.25

1498310602492	64.5	-68.75	-72.75

1498310602543	64.5	-68.75	-72.75

1498310602598	64.25	-68.5	-73.25

1498310602643	64.25	-68.5	-73.25

1498310602692	64.5	-68.25	-73.0

1498310602743	64.5	-68.25	-73.0

1498310602794	64.5	-68.0	-73.0

1498310602857	64.5	-68.0	-73.0

1498310602896	64.5	-68.0	-73.0

1498310602947	64.5	-68.0	-73.0

1498310602998	64.5	-68.0	-73.25

1498310603049	64.5	-68.0	-73.25

1498310603100	64.5	-68.25	-73.25

1498310603150	64.5	-68.25	-73.25

1498310603201	64.75	-68.5	-73.0

1498310603258	64.75	-68.5	-73.0

1498310603318	64.75	-68.5	-73.0

1498310603360	64.75	-68.5	-73.0

1498310603411	64.75	-68.5	-73.0

1498310603462	64.75	-68.5	-73.0

1498310603511	64.75	-68.5	-73.0

1498310603562	64.75	-68.5	-73.0

1498310603612	65.0	-67.5	-72.75

1498310603663	65.0	-67.5	-72.75

1498310603714	64.25	-67.5	-73.0

1498310603764	64.25	-67.5	-73.0

1498310603814	64.0	-68.0	-73.25

1498310603865	64.0	-68.0	-73.25

1498310603915	64.25	-68.0	-73.0

1498310603965	64.25	-68.0	-73.0

1498310604015	64.25	-68.0	-72.75

1498310604065	64.25	-68.0	-72.75

1498310604115	64.25	-68.0	-73.25

1498310604171	64.25	-68.0	-73.25

1498310604216	64.25	-67.75	-73.25

1498310604266	64.25	-67.75	-73.25

1498310604317	64.5	-67.75	-73.25

1498310604367	64.5	-67.75	-73.25

1498310604418	64.5	-67.75	-73.25

1498310604469	64.5	-67.75	-73.25

1498310604519	64.5	-67.75	-73.25

1498310604577	64.5	-67.75	-73.25

1498310604622	64.5	-67.75	-73.25

1498310604670	64.5	-67.75	-73.25

1498310604721	64.5	-67.75	-73.25

1498310604772	64.5	-67.75	-73.25

1498310604824	64.5	-67.75	-73.25

1498310604873	64.5	-67.75	-73.25

