1495313948279	0.172	-0.038	9.72

1495313948300	0.124	-0.067	9.711

1495313948313	0.124	-0.057	9.711

1495313948315	0.153	-0.076	9.701

1495313948316	0.153	-0.067	9.73

1495313948317	0.162	-0.076	9.73

1495313948325	0.153	-0.086	9.72

1495313948335	0.143	-0.067	9.692

1495313948354	0.153	-0.076	9.739

1495313948355	0.143	-0.076	9.701

1495313948367	0.124	-0.057	9.653

1495313948385	0.143	-0.086	9.692

1495313948397	0.124	-0.086	9.682

1495313948407	0.124	-0.076	9.644

1495313948416	0.134	-0.076	9.682

1495313948425	0.153	-0.057	9.672

1495313948441	0.143	-0.076	9.72

1495313948445	0.114	-0.067	9.701

1495313948455	0.143	-0.057	9.701

1495313948466	0.143	-0.057	9.73

1495313948475	0.143	-0.076	9.682

1495313948487	0.162	-0.076	9.759

1495313948498	0.134	-0.076	9.682

1495313948505	0.134	-0.067	9.701

1495313948515	0.134	-0.057	9.682

1495313948525	0.124	-0.086	9.663

1495313948537	0.134	-0.067	9.701

1495313948546	0.143	-0.086	9.73

1495313948556	0.124	-0.105	9.663

1495313948580	0.153	-0.076	9.739

1495313948583	0.153	-0.076	9.711

1495313948593	0.143	-0.067	9.72

1495313948595	0.143	-0.076	9.701

1495313948605	0.143	-0.067	9.672

1495313948615	0.153	-0.086	9.711

1495313948624	0.124	-0.067	9.73

1495313948639	0.134	-0.076	9.682

1495313948658	0.153	-0.095	9.73

1495313948660	0.153	-0.067	9.711

1495313948665	0.153	-0.086	9.701

1495313948675	0.153	-0.057	9.72

1495313948687	0.153	-0.086	9.701

1495313948707	0.172	-0.067	9.701

1495313948708	0.124	-0.067	9.73

1495313948715	0.153	-0.057	9.73

1495313948725	0.124	-0.047	9.701

1495313948737	0.143	-0.086	9.692

1495313948745	0.134	-0.076	9.672

1495313948755	0.134	-0.076	9.692

1495313948766	0.153	-0.067	9.692

1495313948775	0.153	-0.067	9.72

1495313948797	0.153	-0.086	9.711

1495313948801	0.153	-0.076	9.711

1495313948805	0.153	-0.076	9.692

1495313948815	0.105	-0.076	9.692

1495313948824	0.134	-0.076	9.692

1495313948837	0.153	-0.067	9.701

1495313948846	0.095	-0.057	9.73

1495313948855	0.124	-0.057	9.682

1495313948873	0.124	-0.095	9.701

1495313948876	0.105	-0.057	9.701

1495313948888	0.105	-0.076	9.663

1495313948895	0.124	-0.076	9.682

1495313948905	0.153	-0.086	9.711

1495313948914	0.153	-0.076	9.711

1495313948924	0.134	-0.086	9.701

1495313948939	0.153	-0.076	9.73

1495313948945	0.153	-0.067	9.682

1495313948959	0.134	-0.047	9.73

1495313948965	0.143	-0.057	9.692

1495313948975	0.124	-0.076	9.701

1495313948987	0.134	-0.047	9.682

1495313949000	0.143	-0.067	9.739

1495313949005	0.134	-0.067	9.692

1495313949015	0.114	-0.076	9.739

1495313949025	0.105	-0.067	9.692

1495313949037	0.143	-0.067	9.711

1495313949059	0.114	-0.076	9.682

1495313949060	0.162	-0.105	9.72

1495313949066	0.153	-0.086	9.749

1495313949075	0.172	-0.114	9.711

1495313949087	0.162	-0.076	9.749

1495313949100	0.134	-0.086	9.701

1495313949106	0.143	-0.076	9.701

1495313949119	0.162	-0.095	9.73

1495313949125	0.172	-0.076	9.749

1495313949137	0.153	-0.076	9.711

1495313949145	0.143	-0.076	9.72

1495313949155	0.153	-0.067	9.663

1495313949166	0.124	-0.067	9.682

1495313949175	0.172	-0.086	9.739

1495313949189	0.095	-0.057	9.692

1495313949203	0.134	-0.076	9.72

1495313949205	0.181	-0.076	9.72

1495313949215	0.143	-0.057	9.759

1495313949225	0.172	-0.067	9.739

1495313949237	0.153	-0.067	9.701

1495313949256	0.162	-0.086	9.701

1495313949257	0.143	-0.067	9.73

1495313949266	0.143	-0.057	9.692

1495313949275	0.134	-0.086	9.701

1495313949287	0.134	-0.086	9.663

1495313949295	0.162	-0.095	9.653

1495313949305	0.124	-0.076	9.682

1495313949314	0.124	-0.076	9.692

1495313949326	0.124	-0.067	9.692

1495313949351	0.134	-0.047	9.692

1495313949353	0.105	-0.076	9.682

1495313949355	0.124	-0.067	9.653

1495313949366	0.114	-0.095	9.672

1495313949375	0.124	-0.057	9.682

1495313949387	0.134	-0.057	9.749

1495313949395	0.143	-0.067	9.711

1495313949405	0.143	-0.067	9.692

1495313949415	0.134	-0.076	9.692

1495313949425	0.114	-0.057	9.682

1495313949437	0.134	-0.076	9.711

1495313949446	0.134	-0.086	9.653

1495313949454	0.143	-0.086	9.682

1495313949467	0.124	-0.086	9.711

1495313949478	0.153	-0.086	9.72

1495313949499	0.134	-0.095	9.739

1495313949507	0.134	-0.067	9.701

1495313949516	0.134	-0.047	9.711

1495313949526	0.134	-0.095	9.682

1495313949549	0.143	-0.057	9.692

1495313949550	0.124	-0.067	9.672

1495313949556	0.114	-0.067	9.682

1495313949565	0.124	-0.067	9.701

1495313949576	0.162	-0.057	9.72

1495313949593	0.134	-0.038	9.72

1495313949595	0.162	-0.086	9.682

1495313949605	0.153	-0.076	9.701

1495313949615	0.172	-0.086	9.739

1495313949625	0.134	-0.076	9.653

1495313949637	0.143	-0.095	9.72

1495313949653	0.134	-0.057	9.682

1495313949655	0.153	-0.086	9.73

1495313949666	0.134	-0.076	9.72

1495313949675	0.143	-0.076	9.73

1495313949687	0.143	-0.067	9.672

1495313949695	0.143	-0.086	9.682

1495313949705	0.124	-0.047	9.672

1495313949715	0.105	-0.086	9.682

1495313949725	0.114	-0.038	9.682

1495313949752	0.162	-0.067	9.711

1495313949753	0.162	-0.086	9.72

1495313949756	0.153	-0.067	9.701

1495313949767	0.124	-0.057	9.682

1495313949775	0.114	-0.057	9.692

1495313949789	0.134	-0.057	9.692

1495313949795	0.162	-0.086	9.72

1495313949816	0.124	-0.057	9.711

1495313949818	0.134	-0.057	9.682

1495313949825	0.153	-0.095	9.72

1495313949837	0.105	-0.067	9.701

1495313949845	0.162	-0.076	9.672

1495313949855	0.143	-0.095	9.701

1495313949865	0.114	-0.067	9.663

1495313949875	0.153	-0.086	9.701

1495313949896	0.143	-0.076	9.701

1495313949903	0.134	-0.076	9.701

1495313949905	0.162	-0.067	9.682

1495313949915	0.172	-0.067	9.701

1495313949925	0.143	-0.067	9.759

1495313949937	0.114	-0.047	9.692

1495313949945	0.143	-0.076	9.682

1495313949955	0.114	-0.076	9.739

1495313949966	0.105	-0.076	9.692

1495313949975	0.134	-0.076	9.72

1495313950013	0.143	-0.095	9.701

1495313950015	0.143	-0.095	9.701

1495313950017	0.143	-0.076	9.692

1495313950019	0.143	-0.067	9.73

1495313950042	0.143	-0.086	9.711

1495313950043	0.143	-0.067	9.73

1495313950045	0.105	-0.076	9.711

1495313950055	0.114	-0.076	9.644

1495313950067	0.124	-0.095	9.682

1495313950075	0.134	-0.095	9.701

1495313950088	0.124	-0.086	9.672

1495313950095	0.134	-0.067	9.711

1495313950120	0.134	-0.067	9.672

1495313950121	0.124	-0.047	9.672

1495313950136	0.134	-0.067	9.73

1495313950145	0.143	-0.076	9.653

1495313950155	0.143	-0.067	9.701

1495313950169	0.134	-0.067	9.701

1495313950187	0.124	-0.076	9.692

1495313950195	0.114	-0.076	9.692

1495313950205	0.143	-0.067	9.711

1495313950214	0.134	-0.047	9.692

1495313950225	0.134	-0.086	9.711

1495313950242	0.124	-0.086	9.739

1495313950244	0.124	-0.076	9.653

1495313950266	0.134	-0.076	9.73

1495313950267	0.143	-0.047	9.701

1495313950276	0.124	-0.076	9.672

1495313950287	0.143	-0.057	9.682

1495313950295	0.124	-0.067	9.701

1495313950305	0.134	-0.067	9.72

1495313950314	0.114	-0.057	9.701

1495313950338	0.134	-0.067	9.701

1495313950345	0.124	-0.057	9.692

1495313950355	0.114	-0.067	9.682

1495313950366	0.134	-0.057	9.711

1495313950375	0.124	-0.057	9.663

1495313950389	0.105	-0.057	9.692

1495313950395	0.114	-0.038	9.682

1495313950412	0.143	-0.057	9.739

1495313950415	0.153	-0.057	9.72

1495313950425	0.124	-0.057	9.663

1495313950437	0.124	-0.047	9.663

1495313950445	0.143	-0.067	9.711

1495313950455	0.153	-0.067	9.692

1495313950465	0.105	-0.067	9.711

1495313950475	0.153	-0.067	9.672

1495313950487	0.124	-0.067	9.739

1495313950495	0.134	-0.076	9.663

1495313950505	0.134	-0.076	9.701

1495313950514	0.114	-0.067	9.701

1495313950524	0.124	-0.057	9.692

1495313950537	0.134	-0.067	9.72

1495313950546	0.095	-0.067	9.653

1495313950555	0.124	-0.057	9.682

1495313950566	0.134	-0.067	9.692

1495313950575	0.095	-0.057	9.682

1495313950587	0.143	-0.076	9.692

1495313950596	0.143	-0.067	9.73

1495313950605	0.124	-0.038	9.692

1495313950615	0.143	-0.067	9.692

1495313950625	0.162	-0.076	9.711

1495313950639	0.143	-0.067	9.692

1495313950645	0.143	-0.086	9.72

1495313950655	0.134	-0.086	9.672

1495313950675	0.143	-0.067	9.701

1495313950676	0.153	-0.095	9.711

1495313950687	0.143	-0.095	9.692

1495313950695	0.124	-0.047	9.682

1495313950705	0.124	-0.057	9.701

1495313950714	0.143	-0.067	9.72

1495313950737	0.143	-0.067	9.672

1495313950753	0.124	-0.067	9.663

1495313950755	0.095	-0.057	9.672

1495313950765	0.153	-0.086	9.701

1495313950775	0.134	-0.067	9.701

1495313950787	0.143	-0.076	9.682

1495313950796	0.134	-0.067	9.663

1495313950805	0.153	-0.067	9.739

1495313950815	0.162	-0.076	9.72

1495313950826	0.143	-0.076	9.711

1495313950851	0.124	-0.057	9.692

1495313950853	0.114	-0.067	9.701

1495313950855	0.162	-0.076	9.682

1495313950866	0.134	-0.076	9.711

1495313950875	0.153	-0.086	9.739

1495313950887	0.134	-0.076	9.682

1495313950895	0.153	-0.095	9.692

1495313950905	0.134	-0.057	9.672

1495313950915	0.114	-0.067	9.692

1495313950925	0.114	-0.076	9.663

1495313950939	0.134	-0.086	9.682

1495313950945	0.162	-0.076	9.768

1495313950955	0.143	-0.076	9.711

1495313950966	0.143	-0.086	9.701

1495313950988	0.143	-0.076	9.711

1495313950990	0.153	-0.076	9.72

1495313951003	0.105	-0.047	9.682

1495313951005	0.143	-0.086	9.672

1495313951015	0.134	-0.076	9.653

1495313951025	0.124	-0.067	9.711

1495313951037	0.143	-0.067	9.73

1495313951045	0.105	-0.076	9.692

1495313951055	0.134	-0.086	9.692

1495313951067	0.153	-0.086	9.672

1495313951087	0.153	-0.105	9.701

1495313951109	0.124	-0.067	9.692

1495313951110	0.153	-0.086	9.749

1495313951116	0.162	-0.067	9.72

1495313951125	0.134	-0.095	9.692

1495313951137	0.172	-0.067	9.72

1495313951145	0.105	-0.076	9.653

1495313951155	0.134	-0.067	9.701

1495313951166	0.143	-0.057	9.682

1495313951175	0.124	-0.067	9.682

1495313951192	0.143	-0.047	9.682

1495313951194	0.172	-0.086	9.739

1495313951205	0.114	-0.047	9.73

1495313951215	0.134	-0.057	9.701

1495313951224	0.134	-0.076	9.711

1495313951239	0.153	-0.086	9.692

1495313951245	0.134	-0.086	9.672

1495313951255	0.143	-0.086	9.711

1495313951271	0.143	-0.114	9.711

1495313951274	0.134	-0.076	9.72

1495313951286	0.143	-0.114	9.701

1495313951295	0.143	-0.086	9.72

1495313951305	0.124	-0.067	9.682

1495313951314	0.114	-0.095	9.72

1495313951324	0.114	-0.057	9.682

1495313951345	0.143	-0.095	9.73

1495313951346	0.162	-0.076	9.739

1495313951371	0.172	-0.076	9.711

1495313951372	0.162	-0.086	9.73

1495313951375	0.124	-0.057	9.682

1495313951387	0.143	-0.057	9.701

1495313951395	0.143	-0.067	9.72

1495313951405	0.143	-0.057	9.73

1495313951414	0.162	-0.076	9.73

1495313951424	0.124	-0.076	9.72

1495313951439	0.134	-0.086	9.692

1495313951445	0.143	-0.076	9.701

1495313951455	0.153	-0.057	9.73

1495313951466	0.134	-0.095	9.682

1495313951475	0.134	-0.105	9.672

1495313951495	0.172	-0.095	9.692

1495313951498	0.153	-0.086	9.682

1495313951506	0.143	-0.076	9.72

1495313951517	0.134	-0.057	9.73

1495313951531	0.134	-0.067	9.692

1495313951539	0.143	-0.095	9.711

1495313951545	0.105	-0.067	9.672

1495313951555	0.143	-0.067	9.701

1495313951566	0.134	-0.086	9.692

1495313951575	0.134	-0.076	9.711

1495313951587	0.162	-0.095	9.711

1495313951603	0.143	-0.076	9.711

1495313951605	0.162	-0.086	9.682

1495313951615	0.162	-0.095	9.701

1495313951624	0.124	-0.047	9.682

1495313951637	0.162	-0.086	9.711

1495313951645	0.134	-0.076	9.711

1495313951655	0.134	-0.095	9.672

1495313951665	0.134	-0.047	9.711

1495313951675	0.181	-0.076	9.73

1495313951689	0.162	-0.086	9.701

1495313951695	0.143	-0.067	9.711

1495313951705	0.143	-0.095	9.672

1495313951714	0.134	-0.086	9.692

1495313951724	0.153	-0.076	9.682

1495313951737	0.134	-0.076	9.672

1495313951745	0.153	-0.047	9.739

1495313951757	0.153	-0.076	9.701

1495313951768	0.134	-0.057	9.653

1495313951775	0.124	-0.047	9.72

1495313951787	0.153	-0.057	9.711

1495313951795	0.114	-0.047	9.692

1495313951805	0.086	-0.057	9.625

1495313951814	0.114	-0.067	9.634

1495313951824	0.134	-0.067	9.663

1495313951841	0.105	-0.057	9.672

1495313951847	0.124	-0.057	9.672

1495313951862	0.095	-0.047	9.682

1495313951867	0.114	-0.067	9.701

1495313951877	0.162	-0.095	9.711

1495313951887	0.134	-0.086	9.701

1495313951895	0.153	-0.086	9.73

1495313951905	0.162	-0.095	9.711

1495313951921	0.114	-0.067	9.682

1495313951925	0.105	-0.067	9.672

1495313951937	0.114	-0.057	9.749

1495313951945	0.114	-0.076	9.682

1495313951955	0.143	-0.076	9.682

1495313951965	0.124	-0.057	9.682

1495313951975	0.124	-0.076	9.73

1495313951987	0.124	-0.057	9.672

1495313951998	0.134	-0.076	9.692

1495313952005	0.105	-0.047	9.692

1495313952022	0.143	-0.067	9.701

1495313952025	0.114	-0.057	9.672

1495313952037	0.134	-0.047	9.72

1495313952045	0.114	-0.047	9.682

1495313952055	0.114	-0.038	9.663

1495313952067	0.124	-0.067	9.663

1495313952076	0.076	-0.047	9.653

1495313952088	0.114	-0.086	9.682

1495313952095	0.134	-0.086	9.682

1495313952113	0.153	-0.067	9.672

1495313952116	0.105	-0.076	9.672

1495313952125	0.134	-0.076	9.692

1495313952138	0.114	-0.076	9.711

1495313952145	0.153	-0.067	9.701

1495313952155	0.095	-0.038	9.653

1495313952183	0.134	-0.047	9.672

1495313952187	0.124	-0.047	9.701

1495313952210	0.134	-0.047	9.692

1495313952211	0.134	-0.076	9.701

1495313952215	0.162	-0.086	9.701

1495313952225	0.134	-0.095	9.701

1495313952237	0.114	-0.067	9.682

1495313952253	0.114	-0.095	9.692

1495313952255	0.143	-0.057	9.701

1495313952265	0.114	-0.067	9.692

1495313952275	0.134	-0.067	9.682

1495313952287	0.124	-0.067	9.72

1495313952296	0.124	-0.067	9.701

1495313952305	0.114	-0.057	9.692

1495313952315	0.143	-0.076	9.711

1495313952326	0.134	-0.076	9.72

1495313952339	0.162	-0.057	9.72

1495313952360	0.153	-0.067	9.701

1495313952362	0.134	-0.038	9.711

1495313952367	0.114	-0.067	9.672

1495313952376	0.124	-0.076	9.692

1495313952389	0.124	-0.067	9.701

1495313952395	0.114	-0.076	9.663

1495313952405	0.124	-0.076	9.692

1495313952415	0.114	-0.067	9.711

1495313952425	0.105	-0.076	9.644

1495313952437	0.134	-0.086	9.73

1495313952445	0.172	-0.095	9.701

1495313952455	0.143	-0.105	9.73

1495313952466	0.153	-0.067	9.73

1495313952475	0.181	-0.086	9.701

1495313952487	0.143	-0.076	9.711

1495313952498	0.153	-0.067	9.739

1495313952505	0.134	-0.067	9.711

1495313952515	0.143	-0.076	9.701

1495313952524	0.143	-0.076	9.672

1495313952537	0.172	-0.076	9.701

1495313952545	0.134	-0.076	9.701

1495313952555	0.124	-0.057	9.663

1495313952565	0.153	-0.095	9.739

1495313952589	0.134	-0.086	9.692

1495313952590	0.153	-0.057	9.768

1495313952595	0.143	-0.076	9.672

1495313952604	0.134	-0.076	9.701

1495313952614	0.124	-0.076	9.711

1495313952624	0.191	-0.095	9.72

1495313952638	0.153	-0.086	9.701

1495313952644	0.134	-0.067	9.711

1495313952655	0.172	-0.105	9.711

1495313952666	0.153	-0.095	9.701

1495313952675	0.153	-0.095	9.739

1495313952689	0.153	-0.086	9.739

1495313952695	0.153	-0.076	9.711

1495313952706	0.143	-0.076	9.692

1495313952715	0.153	-0.047	9.711

1495313952725	0.134	-0.067	9.692

1495313952737	0.143	-0.076	9.72

1495313952749	0.172	-0.057	9.711

1495313952760	0.143	-0.067	9.701

1495313952766	0.134	-0.076	9.692

1495313952775	0.124	-0.047	9.682

1495313952787	0.143	-0.067	9.711

1495313952795	0.134	-0.095	9.701

1495313952805	0.162	-0.086	9.672

1495313952814	0.153	-0.067	9.692

1495313952824	0.134	-0.086	9.653

1495313952837	0.124	-0.095	9.682

1495313952849	0.162	-0.086	9.711

1495313952855	0.143	-0.076	9.692

1495313952865	0.143	-0.067	9.711

1495313952875	0.114	-0.057	9.692

1495313952887	0.153	-0.067	9.701

1495313952896	0.124	-0.067	9.672

1495313952905	0.134	-0.067	9.759

1495313952917	0.134	-0.067	9.692

1495313952926	0.143	-0.076	9.73

1495313952939	0.143	-0.114	9.701

1495313952945	0.134	-0.105	9.701

1495313952955	0.143	-0.076	9.711

1495313952966	0.153	-0.105	9.749

1495313952975	0.124	-0.086	9.682

1495313952989	0.114	-0.076	9.672

1495313953002	0.105	-0.086	9.663

1495313953005	0.143	-0.067	9.653

1495313953024	0.114	-0.076	9.692

1495313953041	0.162	-0.076	9.73

1495313953043	0.134	-0.067	9.711

1495313953045	0.124	-0.047	9.692

1495313953055	0.162	-0.076	9.682

1495313953067	0.172	-0.086	9.711

1495313953076	0.162	-0.047	9.672

1495313953087	0.134	-0.076	9.692

1495313953095	0.143	-0.057	9.682

1495313953105	0.143	-0.076	9.711

1495313953120	0.134	-0.067	9.711

1495313953125	0.143	-0.086	9.739

1495313953137	0.143	-0.086	9.701

1495313953145	0.134	-0.086	9.73

1495313953155	0.162	-0.057	9.72

1495313953165	0.143	-0.095	9.73

1495313953175	0.201	-0.114	9.759

1495313953188	0.153	-0.076	9.711

1495313953195	0.134	-0.067	9.653

1495313953205	0.143	-0.057	9.692

1495313953215	0.143	-0.086	9.692

1495313953225	0.134	-0.047	9.711

1495313953237	0.143	-0.095	9.701

1495313953245	0.153	-0.076	9.711

1495313953255	0.153	-0.086	9.711

