1495710903571	-0.0	0.5493643	10.045519

1495710903576	-0.0	0.6278449	10.045519

1495710903577	-0.0	0.5493643	10.045519

1495710903659	0.078480616	0.5493643	10.045519

1495710903674	0.078480616	0.5493643	10.124

1495710903679	-0.0	0.5493643	10.045519

1495710903689	-0.0	0.5493643	10.045519

1495710903713	-0.0	0.5493643	9.967038

1495710903715	-0.0	0.5493643	10.045519

1495710903720	-0.0	0.5493643	10.045519

1495710903730	-0.0	0.5493643	10.045519

1495710903739	-0.0	0.5493643	9.967038

1495710903759	-0.0	0.5493643	10.045519

1495710903800	-0.0	0.6278449	10.045519

1495710903810	-0.0	0.6278449	9.967038

1495710903830	-0.0	0.5493643	10.045519

1495710903840	-0.0	0.5493643	9.967038

1495710903850	-0.0	0.6278449	9.967038

1495710903870	-0.0	0.5493643	9.967038

1495710903871	-0.0	0.5493643	10.045519

1495710903879	-0.0	0.5493643	10.045519

1495710903890	-0.0	0.6278449	10.045519

1495710903899	0.078480616	0.6278449	10.045519

1495710903914	0.078480616	0.5493643	9.967038

1495710903920	-0.0	0.5493643	9.967038

1495710903930	-0.0	0.5493643	10.045519

1495710903949	-0.0	0.5493643	9.967038

1495710903959	-0.0	0.4708837	9.967038

1495710903978	-0.0	0.5493643	10.045519

1495710903990	-0.0	0.5493643	10.045519

1495710904000	-0.0	0.5493643	9.967038

1495710904019	-0.0	0.5493643	9.967038

1495710904021	-0.0	0.5493643	10.045519

1495710904050	-0.0	0.6278449	10.045519

1495710904063	-0.0	0.6278449	10.124

1495710904070	-0.0	0.5493643	10.124

1495710904080	-0.0	0.5493643	10.045519

1495710904110	-0.0	0.6278449	10.045519

1495710904111	-0.0	0.5493643	10.045519

1495710904119	-0.0	0.6278449	9.967038

1495710904150	-0.0	0.6278449	9.967038

1495710904160	-0.0	0.6278449	10.045519

1495710904170	-0.0	0.5493643	10.045519

1495710904190	-0.0	0.5493643	10.045519

1495710904200	-0.0	0.5493643	10.045519

1495710904210	-0.0	0.6278449	10.045519

1495710904233	-0.0	0.5493643	10.045519

1495710904270	-0.0	0.5493643	10.124

1495710904279	-0.0	0.5493643	10.045519

1495710904300	0.078480616	0.5493643	10.045519

1495710904314	-0.0	0.5493643	9.967038

1495710904319	-0.0	0.5493643	10.045519

1495710904329	-0.078480616	0.5493643	10.045519

1495710904356	-0.0	0.5493643	10.124

1495710904357	-0.0	0.5493643	10.045519

1495710904359	-0.0	0.5493643	10.045519

1495710904370	-0.0	0.5493643	10.045519

1495710904430	-0.0	0.6278449	9.967038

1495710904439	-0.0	0.5493643	10.045519

1495710904471	-0.0	0.5493643	9.967038

1495710904480	-0.0	0.5493643	10.045519

1495710904530	-0.0	0.5493643	10.045519

1495710904539	-0.0	0.5493643	9.967038

1495710904564	0.078480616	0.5493643	10.045519

1495710904569	-0.0	0.5493643	9.967038

1495710904602	-0.0	0.6278449	9.967038

1495710904604	-0.0	0.6278449	10.045519

1495710904619	-0.0	0.5493643	9.967038

1495710904639	-0.0	0.6278449	9.967038

1495710904675	-0.0	0.5493643	10.045519

1495710904676	-0.0	0.5493643	9.967038

1495710904680	-0.0	0.5493643	10.045519

1495710904719	-0.0	0.5493643	9.967038

1495710904739	-0.0	0.6278449	10.045519

1495710904759	-0.0	0.5493643	10.045519

1495710904794	-0.0	0.5493643	10.045519

1495710904800	-0.0	0.5493643	9.967038

1495710904810	-0.0	0.5493643	9.967038

1495710904831	-0.0	0.5493643	10.045519

1495710904832	-0.0	0.6278449	10.045519

1495710904850	-0.0	0.6278449	10.124

1495710904873	-0.0	0.6278449	10.045519

1495710904875	-0.078480616	0.5493643	10.045519

1495710904880	-0.0	0.5493643	10.045519

1495710904914	-0.0	0.5493643	9.967038

1495710904915	-0.0	0.5493643	9.967038

1495710904919	-0.0	0.6278449	10.045519

1495710904940	-0.0	0.5493643	10.045519

1495710904960	-0.0	0.5493643	9.967038

1495710904970	-0.0	0.5493643	10.045519

1495710904998	-0.0	0.6278449	9.967038

1495710904999	-0.0	0.5493643	9.967038

1495710905010	-0.0	0.6278449	9.967038

1495710905019	-0.0	0.6278449	10.045519

1495710905040	0.078480616	0.6278449	10.045519

1495710905041	-0.0	0.5493643	10.045519

1495710905050	-0.0	0.6278449	9.967038

1495710905068	-0.0	0.5493643	9.967038

1495710905072	-0.0	0.6278449	9.967038

1495710905079	-0.0	0.5493643	10.045519

1495710905089	-0.0	0.5493643	10.045519

1495710905110	-0.0	0.5493643	10.124

1495710905130	-0.0	0.5493643	10.045519

1495710905158	-0.0	0.5493643	9.967038

1495710905159	-0.0	0.5493643	9.967038

1495710905169	-0.0	0.5493643	10.045519

1495710905195	-0.0	0.6278449	10.045519

1495710905200	-0.0	0.6278449	9.967038

1495710905210	-0.0	0.6278449	10.045519

1495710905239	-0.0	0.5493643	10.045519

1495710905258	-0.0	0.5493643	9.967038

1495710905259	-0.0	0.6278449	9.967038

1495710905270	-0.0	0.5493643	10.045519

1495710905280	-0.0	0.5493643	9.967038

1495710905298	-0.0	0.6278449	9.967038

1495710905301	-0.0	0.5493643	10.045519

1495710905339	-0.0	0.5493643	9.967038

1495710905340	-0.0	0.5493643	9.967038

1495710905350	-0.0	0.6278449	9.967038

1495710905360	-0.0	0.6278449	10.045519

1495710905383	-0.0	0.5493643	10.045519

1495710905383	-0.0	0.5493643	9.967038

1495710905390	-0.0	0.5493643	10.045519

1495710905409	-0.0	0.5493643	9.967038

1495710905424	-0.0	0.5493643	10.045519

1495710905440	-0.0	0.5493643	9.967038

1495710905459	-0.0	0.6278449	9.967038

1495710905470	-0.0	0.6278449	10.045519

1495710905500	-0.0	0.5493643	9.967038

1495710905533	-0.0	0.5493643	9.967038

1495710905540	-0.0	0.5493643	10.045519

1495710905569	-0.0	0.6278449	10.045519

1495710905589	-0.0	0.6278449	9.967038

1495710905590	-0.0	0.6278449	9.967038

1495710905599	-0.0	0.6278449	10.045519

1495710905620	-0.0	0.6278449	10.045519

1495710905629	-0.0	0.5493643	9.967038

1495710905654	-0.0	0.5493643	9.967038

1495710905659	-0.0	0.5493643	10.045519

1495710905669	-0.0	0.5493643	10.045519

1495710905693	-0.0	0.5493643	10.045519

1495710905694	-0.0	0.5493643	10.045519

1495710905700	-0.0	0.5493643	10.045519

1495710905719	-0.0	0.6278449	10.045519

1495710905734	-0.0	0.6278449	9.967038

1495710905739	-0.0	0.5493643	9.967038

1495710905749	-0.0	0.6278449	9.967038

1495710905772	-0.0	0.5493643	10.045519

1495710905775	-0.0	0.6278449	10.045519

1495710905780	-0.0	0.6278449	9.967038

1495710905790	-0.0	0.6278449	10.045519

1495710905799	-0.0	0.5493643	10.045519

1495710905816	-0.0	0.5493643	10.045519

1495710905819	-0.0	0.6278449	10.045519

1495710905850	-0.0	0.5493643	9.967038

1495710905851	-0.0	0.5493643	10.045519

1495710905859	-0.0	0.5493643	9.967038

1495710905870	-0.0	0.5493643	9.967038

1495710905879	-0.0	0.5493643	9.967038

1495710905893	-0.0	0.5493643	10.045519

1495710905900	-0.0	0.5493643	9.967038

1495710905919	-0.0	0.5493643	10.045519

1495710905921	-0.078480616	0.5493643	10.045519

1495710905929	-0.0	0.5493643	10.045519

1495710905953	-0.0	0.5493643	10.045519

1495710905960	-0.0	0.6278449	9.967038

1495710905970	-0.0	0.6278449	10.045519

1495710905979	-0.0	0.6278449	10.045519

1495710905997	-0.0	0.6278449	10.045519

1495710905999	-0.0	0.6278449	10.045519

1495710906010	-0.0	0.6278449	10.045519

1495710906019	-0.0	0.5493643	9.967038

1495710906040	-0.0	0.5493643	10.045519

1495710906067	-0.0	0.5493643	9.967038

1495710906070	-0.0	0.5493643	10.045519

1495710906080	-0.0	0.6278449	10.045519

1495710906090	-0.0	0.6278449	10.045519

1495710906115	-0.0	0.6278449	10.045519

1495710906119	-0.0	0.6278449	10.045519

1495710906136	-0.0	0.6278449	9.967038

1495710906139	-0.0	0.5493643	9.967038

1495710906149	-0.0	0.5493643	9.967038

1495710906171	-0.0	0.5493643	10.045519

1495710906180	-0.0	0.5493643	10.045519

1495710906190	-0.0	0.5493643	10.045519

1495710906211	-0.0	0.5493643	10.045519

1495710906212	-0.0	0.6278449	10.045519

1495710906219	-0.0	0.6278449	9.967038

1495710906230	-0.0	0.5493643	9.967038

1495710906239	-0.0	0.5493643	9.967038

1495710906254	-0.0	0.5493643	10.045519

1495710906260	-0.0	0.6278449	10.045519

1495710906270	-0.0	0.6278449	9.967038

1495710906290	-0.0	0.6278449	9.967038

1495710906299	-0.0	0.6278449	10.045519

1495710906310	-0.0	0.5493643	10.045519

1495710906333	-0.0	0.6278449	10.045519

1495710906340	-0.0	0.5493643	10.045519

1495710906350	-0.0	0.5493643	9.967038

1495710906373	-0.0	0.6278449	10.045519

1495710906374	-0.0	0.5493643	10.045519

1495710906380	-0.0	0.5493643	10.045519

1495710906399	-0.0	0.5493643	9.967038

1495710906414	-0.0	0.5493643	10.045519

1495710906419	-0.0	0.5493643	10.124

1495710906429	-0.0	0.6278449	10.045519

1495710906450	-0.0	0.6278449	9.967038

1495710906470	-0.0	0.5493643	10.045519

1495710906479	-0.0	0.5493643	10.124

1495710906493	-0.0	0.5493643	10.045519

1495710906500	-0.0	0.5493643	9.967038

1495710906510	-0.078480616	0.5493643	10.045519

1495710906521	-0.0	0.6278449	9.967038

1495710906529	-0.0	0.5493643	9.967038

1495710906540	-0.0	0.5493643	10.045519

1495710906569	-0.0	0.5493643	9.967038

1495710906579	-0.0	0.5493643	10.045519

1495710906599	-0.0	0.5493643	9.967038

1495710906639	-0.0	0.5493643	10.045519

1495710906659	-0.0	0.5493643	10.124

1495710906669	-0.0	0.5493643	10.045519

1495710906687	-0.0	0.5493643	10.045519

1495710906690	-0.0	0.6278449	9.967038

1495710906710	-0.0	0.5493643	9.967038

1495710906732	-0.0	0.5493643	9.967038

1495710906733	-0.0	0.5493643	9.967038

1495710906740	-0.0	0.6278449	10.045519

1495710906772	-0.0	0.5493643	10.045519

1495710906773	-0.0	0.5493643	9.967038

1495710906779	-0.0	0.6278449	9.967038

1495710906799	-0.0	0.5493643	9.967038

1495710906817	-0.0	0.5493643	10.045519

1495710906859	-0.0	0.5493643	10.045519

1495710906870	-0.0	0.6278449	10.045519

1495710906879	-0.0	0.6278449	10.045519

1495710906894	-0.0	0.6278449	9.967038

1495710906900	-0.0	0.6278449	9.967038

1495710906909	-0.0	0.5493643	10.045519

1495710906925	-0.0	0.5493643	9.967038

1495710906930	-0.0	0.6278449	9.967038

1495710906973	-0.0	0.6278449	10.045519

1495710906980	-0.0	0.5493643	10.124

1495710906990	-0.0	0.5493643	10.045519

1495710907030	-0.0	0.5493643	10.045519

1495710907039	-0.0	0.5493643	10.045519

1495710907057	-0.0	0.4708837	10.045519

1495710907059	-0.0	0.5493643	10.045519

1495710907092	-0.0	0.5493643	10.124

1495710907093	-0.0	0.5493643	10.045519

1495710907119	-0.0	0.6278449	9.967038

1495710907137	-0.0	0.6278449	10.045519

1495710907151	-0.0	0.5493643	10.045519

1495710907160	-0.0	0.5493643	9.967038

1495710907178	-0.0	0.5493643	9.888557

1495710907179	-0.0	0.5493643	9.967038

1495710907190	-0.0	0.5493643	9.967038

1495710907199	-0.0	0.5493643	10.045519

1495710907222	-0.0	0.5493643	9.967038

1495710907230	-0.0	0.5493643	10.045519

1495710907240	-0.0	0.5493643	10.045519

1495710907263	-0.0	0.6278449	10.045519

1495710907270	-0.0	0.5493643	10.045519

1495710907279	-0.0	0.5493643	9.967038

1495710907291	-0.0	0.5493643	10.045519

1495710907307	-0.0	0.6278449	10.045519

1495710907309	-0.0	0.5493643	10.045519

1495710907320	-0.078480616	0.5493643	9.967038

1495710907339	-0.0	0.5493643	10.045519

1495710907340	-0.0	0.5493643	9.967038

1495710907372	-0.0	0.5493643	10.045519

1495710907410	-0.0	0.6278449	10.045519

1495710907420	-0.0	0.5493643	10.045519

1495710907430	-0.0	0.5493643	10.045519

1495710907439	-0.0	0.5493643	9.967038

1495710907459	-0.0	0.5493643	10.045519

1495710907469	-0.0	0.5493643	9.967038

1495710907491	-0.0	0.5493643	9.967038

1495710907492	-0.0	0.5493643	9.967038

1495710907510	-0.0	0.6278449	9.888557

1495710907519	-0.0	0.5493643	9.967038

1495710907534	-0.0	0.5493643	10.045519

1495710907549	-0.0	0.5493643	9.967038

1495710907589	-0.0	0.5493643	10.045519

1495710907599	-0.0	0.6278449	10.045519

1495710907609	0.078480616	0.6278449	10.045519

1495710907633	-0.0	0.6278449	10.045519

1495710907634	-0.0	0.6278449	10.045519

1495710907640	-0.0	0.6278449	9.967038

1495710907676	-0.0	0.5493643	10.045519

1495710907678	-0.0	0.6278449	10.045519

1495710907680	-0.0	0.6278449	9.967038

1495710907712	-0.0	0.5493643	9.967038

1495710907720	-0.0	0.5493643	10.045519

1495710907750	-0.0	0.6278449	10.045519

1495710907759	-0.0	0.5493643	10.045519

1495710907770	-0.0	0.5493643	10.124

1495710907779	-0.0	0.5493643	10.045519

1495710907794	-0.0	0.5493643	9.967038

1495710907800	-0.0	0.5493643	10.045519

1495710907830	-0.0	0.5493643	10.045519

1495710907831	-0.0	0.6278449	10.045519

1495710907850	-0.0	0.6278449	9.967038

1495710907859	-0.0	0.5493643	9.967038

1495710907877	-0.0	0.5493643	10.045519

1495710907889	-0.0	0.5493643	9.967038

1495710907916	-0.0	0.5493643	9.967038

1495710907919	-0.0	0.5493643	9.967038

1495710907961	-0.0	0.5493643	9.888557

1495710907962	-0.0	0.5493643	9.967038

1495710907970	-0.0	0.5493643	10.045519

1495710907980	-0.0	0.5493643	10.045519

1495710907993	-0.0	0.5493643	9.967038

1495710908040	-0.0	0.5493643	10.045519

1495710908050	-0.0	0.5493643	10.045519

1495710908079	-0.0	0.5493643	10.045519

1495710908090	-0.0	0.5493643	10.124

1495710908112	-0.0	0.5493643	10.045519

1495710908113	-0.0	0.5493643	9.967038

1495710908120	-0.0	0.5493643	9.967038

1495710908155	-0.0	0.6278449	9.967038

1495710908156	-0.0	0.5493643	10.045519

1495710908170	-0.0	0.5493643	9.967038

1495710908199	-0.0	0.5493643	10.045519

1495710908230	-0.0	0.5493643	10.045519

1495710908240	-0.0	0.5493643	9.967038

1495710908259	-0.0	0.5493643	10.045519

1495710908279	-0.0	0.5493643	9.967038

1495710908289	-0.0	0.5493643	10.045519

1495710908306	-0.0	0.6278449	10.045519

1495710908320	-0.0	0.5493643	9.967038

1495710908354	-0.0	0.6278449	9.967038

1495710908380	-0.0	0.5493643	9.967038

1495710908389	-0.0	0.5493643	10.045519

1495710908400	-0.0	0.5493643	9.967038

1495710908414	-0.0	0.5493643	9.967038

1495710908419	-0.0	0.5493643	10.045519

