1495736496481	23.3125	-16.125	-25.1875

1495736496537	23.8125	-15.875	-24.8125

1495736496690	23.5	-15.6875	-25.375

1495736497014	23.5	-15.8125	-24.875

1495736497061	23.3125	-15.8125	-24.875

1495736497141	23.3125	-15.6875	-25.5

1495736497250	23.5	-15.5625	-24.75

1495736497320	23.625	-15.125	-25.375

1495736497420	23.6875	-14.4375	-25.0

1495736497619	24.125	-14.875	-24.8125

1495736497681	24.3125	-14.9375	-24.9375

1495736497885	24.5625	-15.125	-24.375

1495736498069	24.6875	-16.1875	-24.0625

1495736498130	24.1875	-15.8125	-24.3125

1495736498270	24.0	-16.1875	-24.375

1495736498350	23.25	-16.1875	-24.375

1495736498389	22.4375	-15.6875	-24.625

1495736498480	22.875	-16.125	-24.125

1495736498661	23.375	-15.625	-23.9375

1495736498689	24.0	-15.4375	-24.0625

1495736499000	24.5625	-15.3125	-24.6875

1495736499070	24.875	-14.875	-24.8125

1495736499127	24.9375	-15.125	-24.9375

1495736499210	24.875	-14.875	-24.8125

1495736499313	24.4375	-14.6875	-24.5625

1495736499410	23.625	-14.9375	-24.0

1495736499511	23.375	-14.875	-24.375

1495736499621	23.125	-15.4375	-24.25

1495736499710	23.75	-15.375	-24.0

1495736499816	23.8125	-15.3125	-24.375

1495736499921	23.5625	-15.625	-24.0625

1495736500011	22.9375	-15.3125	-24.0625

1495736500111	23.125	-15.75	-24.25

1495736500218	23.0625	-15.6875	-24.125

1495736500312	23.6875	-15.3125	-24.5625

1495736500411	24.8125	-15.25	-24.625

1495736500514	24.4375	-15.4375	-24.6875

1495736500613	24.8125	-15.5625	-24.9375

1495736500712	24.5625	-15.4375	-24.875

1495736500813	24.0625	-15.6875	-25.0625

1495736501120	23.875	-15.0625	-25.0625

1495736501180	24.0625	-14.625	-24.9375

1495736501259	23.8125	-14.0	-24.5625

