1495308784183	0.0075939246	-0.0065281107	0.017452704

1495308784194	0.004263256	-0.009725553	0.021715961

1495308784208	0.008659739	-0.003197442	0.017452704

1495308784226	0.004263256	-0.0075939246	0.02504663

1495308784239	0.0075939246	-0.0075939246	0.017452704

1495308784244	0.0065281107	-0.002131628	0.015187849

1495308784255	0.00532907	-0.00532907	0.0119904075

1495308784264	0.00532907	-0.010791367	0.019584332

1495308784283	0.002131628	-0.015187849	0.018518519

1495308784286	0.00532907	-0.0075939246	0.020650147

1495308784294	0.0065281107	-0.00532907	0.022781774

1495308784306	0.004263256	-0.002131628	0.020650147

1495308784322	0.003197442	0.001065814	0.020650147

1495308784325	0.00532907	-0.003197442	0.018518519

1495308784336	0.0075939246	-0.0065281107	0.020650147

1495308784344	0.0075939246	-0.003197442	0.020650147

1495308784354	0.0075939246	-0.004263256	0.021715961

1495308784364	0.009725553	-0.0075939246	0.019584332

1495308784374	0.0065281107	-0.0075939246	0.017452704

1495308784388	0.00532907	-0.0065281107	0.016253663

1495308784400	0.0075939246	-0.0075939246	0.013056221

1495308784405	0.0075939246	-0.00532907	0.015187849

1495308784414	0.0065281107	-0.0075939246	0.014122035

1495308784424	0.001065814	-0.010791367	0.013056221

1495308784436	0.004263256	-0.004263256	0.016253663

1495308784451	0.008659739	-0.002131628	0.020650147

1495308784454	0.008659739	-0.003197442	0.017452704

1495308784464	0.004263256	-0.004263256	0.020650147

1495308784474	0.0075939246	-0.00532907	0.013056221

1495308784486	0.008659739	-0.003197442	0.019584332

1495308784494	0.0075939246	-0.008659739	0.019584332

1495308784506	0.008659739	-0.0075939246	0.017452704

1495308784514	0.009725553	-0.003197442	0.015187849

1495308784526	0.008659739	-0.004263256	0.015187849

1495308784537	0.00532907	-0.00532907	0.013056221

1495308784544	0.0065281107	-0.0065281107	0.017452704

1495308784554	0.009725553	-0.0075939246	0.015187849

1495308784564	0.0119904075	-0.004263256	0.017452704

1495308784574	0.0075939246	-0.009725553	0.016253663

1495308784586	0.00532907	-0.0065281107	0.015187849

1495308784594	0.0065281107	-0.00532907	0.020650147

1495308784606	0.00532907	-0.008659739	0.015187849

1495308784624	0.001065814	-0.0119904075	0.016253663

1495308784636	0.010791367	-0.00532907	0.014122035

1495308784644	0.008659739	0.0	0.0119904075

1495308784654	0.0119904075	0.0	0.016253663

1495308784664	0.0075939246	0.0	0.018518519

1495308784675	0.008659739	-0.00532907	0.013056221

1495308784693	0.0075939246	-0.003197442	0.015187849

1495308784704	0.0065281107	-0.00532907	0.020650147

1495308784725	0.004263256	-0.0075939246	0.021715961

1495308784728	0.008659739	-0.0075939246	0.020650147

1495308784736	0.013056221	-0.003197442	0.014122035

1495308784744	0.008659739	-0.001065814	0.014122035

1495308784754	0.009725553	-0.003197442	0.019584332

1495308784770	0.0119904075	-0.004263256	0.019584332

1495308784774	0.009725553	-0.0065281107	0.017452704

1495308784786	0.0075939246	-0.00532907	0.016253663

1495308784795	0.004263256	-0.009725553	0.017452704

1495308784804	0.0065281107	-0.014122035	0.017452704

1495308784815	0.0065281107	-0.004263256	0.018518519

1495308784837	0.004263256	-0.0065281107	0.015187849

1495308784844	0.003197442	-0.002131628	0.013056221

1495308784854	0.009725553	0.001065814	0.014122035

1495308784864	0.0075939246	-0.00532907	0.015187849

1495308784874	0.008659739	0.001065814	0.021715961

1495308784886	0.0065281107	0.0	0.022781774

1495308784895	0.003197442	-0.0065281107	0.019584332

1495308784904	0.002131628	-0.00532907	0.016253663

1495308784915	0.004263256	-0.0075939246	0.018518519

1495308784924	0.010791367	-0.010791367	0.017452704

1495308784936	0.0075939246	-0.016253663	0.017452704

1495308784944	0.004263256	-0.008659739	0.017452704

1495308784954	0.004263256	-0.010791367	0.020650147

1495308784964	0.0065281107	-0.008659739	0.020650147

1495308784974	0.010791367	-0.002131628	0.019584332

1495308784988	0.009725553	-0.002131628	0.019584332

1495308784999	0.009725553	-0.003197442	0.018518519

1495308785004	0.010791367	0.002131628	0.022781774

1495308785016	0.004263256	-0.00532907	0.023980815

1495308785036	0.00532907	-0.002131628	0.018518519

1495308785044	0.003197442	-0.0119904075	0.022781774

1495308785073	0.004263256	-0.0119904075	0.017452704

1495308785075	0.004263256	-0.00532907	0.016253663

1495308785076	0.001065814	-0.008659739	0.016253663

1495308785086	0.0075939246	-0.0065281107	0.019584332

1495308785095	0.0065281107	-0.003197442	0.017452704

1495308785104	0.00532907	-0.00532907	0.014122035

1495308785116	0.00532907	-0.003197442	0.015187849

1495308785124	0.0075939246	-0.001065814	0.017452704

1495308785146	0.00532907	-0.018518519	0.018518519

1495308785148	0.00532907	-0.014122035	0.014122035

1495308785154	0.0065281107	-0.0119904075	0.016253663

1495308785164	0.010791367	-0.0075939246	0.015187849

1495308785174	0.008659739	-0.0065281107	0.015187849

1495308785187	0.003197442	-0.010791367	0.013056221

1495308785195	0.0075939246	0.001065814	0.017452704

1495308785204	0.008659739	0.004263256	0.013056221

1495308785215	0.010791367	-0.001065814	0.013056221

1495308785224	0.008659739	0.00532907	0.019584332

1495308785236	0.0075939246	-0.003197442	0.017452704

1495308785244	0.0075939246	-0.0075939246	0.015187849

1495308785254	0.0075939246	-0.0065281107	0.018518519

1495308785264	0.010791367	-0.008659739	0.018518519

1495308785275	0.009725553	-0.009725553	0.018518519

1495308785296	0.0065281107	-0.003197442	0.018518519

1495308785318	0.0065281107	-0.003197442	0.018518519

1495308785320	0.0075939246	-0.004263256	0.016253663

1495308785323	0.009725553	0.002131628	0.019584332

1495308785325	0.0075939246	-0.002131628	0.015187849

1495308785336	0.009725553	-0.002131628	0.018518519

1495308785344	0.0065281107	-0.00532907	0.020650147

1495308785354	0.0075939246	-0.0065281107	0.010791367

1495308785364	0.00532907	-0.004263256	0.0119904075

1495308785374	0.008659739	-0.004263256	0.019584332

1495308785386	0.009725553	-0.004263256	0.019584332

1495308785395	0.008659739	-0.002131628	0.020650147

1495308785404	0.0065281107	0.002131628	0.017452704

1495308785416	0.0075939246	-0.002131628	0.015187849

1495308785436	0.009725553	-0.009725553	0.022781774

1495308785444	0.0075939246	-0.010791367	0.023980815

1495308785454	0.0075939246	-0.010791367	0.015187849

1495308785464	0.010791367	-0.004263256	0.016253663

1495308785474	0.009725553	-0.003197442	0.013056221

1495308785487	0.0075939246	0.002131628	0.014122035

1495308785494	0.0075939246	-0.002131628	0.019584332

1495308785504	0.008659739	-0.001065814	0.021715961

1495308785514	0.0075939246	0.002131628	0.021715961

1495308785524	0.0065281107	-0.002131628	0.023980815

1495308785536	0.00532907	-0.00532907	0.015187849

1495308785544	0.004263256	-0.0119904075	0.013056221

1495308785554	0.002131628	-0.0075939246	0.017452704

1495308785564	0.0065281107	-0.00532907	0.013056221

1495308785574	0.00532907	-0.008659739	0.013056221

1495308785588	0.010791367	-0.008659739	0.020650147

1495308785595	0.0075939246	-0.0065281107	0.018518519

1495308785604	0.0119904075	0.001065814	0.0119904075

1495308785616	0.0119904075	0.003197442	0.020650147

1495308785643	0.0065281107	-0.009725553	0.014122035

1495308785645	0.004263256	-0.00532907	0.017452704

1495308785654	0.0065281107	-0.00532907	0.017452704

1495308785664	0.004263256	-0.002131628	0.018518519

1495308785674	0.0075939246	-0.00532907	0.023980815

1495308785686	0.008659739	-0.003197442	0.014122035

1495308785694	0.00532907	-0.004263256	0.018518519

1495308785704	0.0065281107	-0.001065814	0.019584332

1495308785716	0.010791367	0.002131628	0.016253663

1495308785724	0.009725553	0.002131628	0.015187849

1495308785736	0.008659739	-0.001065814	0.015187849

1495308785744	0.0119904075	-0.003197442	0.016253663

1495308785754	0.003197442	-0.0075939246	0.017452704

1495308785764	0.004263256	-0.0119904075	0.017452704

1495308785774	0.00532907	-0.0065281107	0.0119904075

1495308785786	0.0119904075	-0.004263256	0.014122035

1495308785802	0.008659739	-0.003197442	0.021715961

1495308785804	0.0075939246	-0.010791367	0.021715961

1495308785815	0.008659739	-0.00532907	0.019584332

1495308785824	0.009725553	-0.001065814	0.0119904075

1495308785839	0.004263256	-0.004263256	0.010791367

1495308785845	0.004263256	-0.004263256	0.014122035

1495308785854	0.008659739	-0.001065814	0.013056221

1495308785864	0.009725553	-0.002131628	0.017452704

1495308785874	0.008659739	0.002131628	0.019584332

1495308785886	0.008659739	-0.004263256	0.017452704

1495308785895	0.0075939246	-0.010791367	0.013056221

1495308785904	0.00532907	-0.014122035	0.013056221

1495308785916	0.00532907	-0.010791367	0.017452704

1495308785924	0.00532907	-0.0075939246	0.019584332

1495308785936	0.004263256	-0.00532907	0.020650147

1495308785944	0.003197442	-0.002131628	0.013056221

1495308785954	0.0075939246	0.00532907	0.017452704

1495308785964	0.0075939246	0.00532907	0.018518519

1495308785974	0.0065281107	0.0	0.015187849

1495308785987	0.0119904075	-0.001065814	0.015187849

1495308786004	0.004263256	-0.27804422	0.021715961

1495308786013	0.004263256	-0.002131628	0.021715961

1495308786016	0.0	-0.010791367	0.018518519

1495308786036	0.0065281107	-0.001065814	0.016253663

1495308786044	0.008659739	0.002131628	0.010791367

1495308786054	0.010791367	-0.002131628	0.013056221

1495308786064	0.010791367	-0.0075939246	0.017452704

1495308786074	0.00532907	-0.003197442	0.020650147

1495308786087	0.008659739	-0.004263256	0.016253663

1495308786095	0.0065281107	-0.0065281107	0.017452704

1495308786104	0.008659739	-0.004263256	0.018518519

1495308786115	0.009725553	-0.003197442	0.021715961

1495308786124	0.0065281107	-0.003197442	0.016253663

1495308786139	0.009725553	-0.00532907	0.016253663

1495308786144	0.00532907	-0.00532907	0.016253663

1495308786155	0.008659739	-0.004263256	0.017452704

1495308786170	0.00532907	-0.013056221	0.017452704

1495308786174	0.004263256	-0.0075939246	0.017452704

1495308786186	0.0065281107	-0.004263256	0.021715961

1495308786194	0.0075939246	-0.001065814	0.023980815

1495308786204	0.0065281107	-0.00532907	0.021715961

1495308786216	0.0065281107	-0.00532907	0.019584332

1495308786238	0.004263256	0.003197442	0.017452704

1495308786246	0.0065281107	-0.003197442	0.022781774

1495308786254	0.008659739	-0.003197442	0.016253663

1495308786264	0.008659739	-0.010791367	0.013056221

1495308786274	0.001065814	-0.013056221	0.015187849

1495308786286	0.002131628	-0.010791367	0.021715961

1495308786294	0.003197442	-0.014122035	0.021715961

1495308786304	0.00532907	-0.008659739	0.022781774

1495308786316	0.0065281107	-0.003197442	0.026112443

1495308786325	0.0119904075	-0.002131628	0.018518519

1495308786337	0.008659739	0.002131628	0.018518519

1495308786344	0.0119904075	0.0065281107	0.022781774

1495308786354	0.0119904075	0.004263256	0.016253663

1495308786364	0.009725553	0.001065814	0.021715961

1495308786374	0.009725553	0.003197442	0.014122035

1495308786386	0.010791367	-0.001065814	0.016253663

1495308786394	0.008659739	-0.004263256	0.015187849

1495308786404	0.003197442	-0.014122035	0.019584332

1495308786415	0.00532907	-0.016253663	0.021715961

1495308786443	0.00532907	-0.008659739	0.021715961

1495308786454	0.0075939246	0.002131628	0.019584332

1495308786464	0.008659739	0.0	0.015187849

1495308786474	0.009725553	-0.001065814	0.019584332

1495308786486	0.015187849	-0.001065814	0.017452704

1495308786494	0.008659739	-0.003197442	0.017452704

1495308786504	0.0065281107	0.001065814	0.021715961

1495308786517	0.0065281107	-0.0075939246	0.016253663

1495308786524	0.0065281107	-0.0119904075	0.014122035

1495308786536	0.001065814	-0.018518519	0.017452704

1495308786544	0.003197442	-0.013056221	0.018518519

1495308786554	0.00532907	-0.0065281107	0.022781774

1495308786564	0.009725553	-0.001065814	0.020650147

1495308786574	0.015187849	0.0075939246	0.022781774

1495308786586	0.018518519	0.0065281107	0.014122035

1495308786595	0.008659739	-0.001065814	0.0119904075

1495308786604	0.0065281107	-0.003197442	0.019584332

1495308786616	0.0075939246	-0.013056221	0.016253663

1495308786624	0.0075939246	-0.013056221	0.018518519

1495308786636	0.0075939246	-0.015187849	0.019584332

1495308786644	0.002131628	-0.009725553	0.021715961

1495308786654	0.008659739	0.001065814	0.016253663

1495308786664	0.009725553	0.004263256	0.020650147

1495308786674	0.008659739	0.001065814	0.022781774

1495308786686	0.0119904075	-0.002131628	0.017452704

1495308786701	0.008659739	0.0	0.017452704

1495308786704	0.00532907	-0.0075939246	0.016253663

1495308786715	0.001065814	-0.008659739	0.019584332

1495308786724	0.004263256	-0.014122035	0.017452704

1495308786739	0.004263256	-0.009725553	0.015187849

1495308786745	0.0075939246	-0.008659739	0.018518519

1495308786754	0.0075939246	-0.002131628	0.019584332

1495308786764	0.008659739	-0.0065281107	0.017452704

1495308786778	0.00532907	-0.001065814	0.009725553

1495308786786	0.0075939246	-0.004263256	0.016253663

1495308786794	0.009725553	-0.001065814	0.014122035

1495308786804	0.008659739	0.001065814	0.018518519

1495308786816	0.0075939246	-0.008659739	0.019584332

1495308786836	0.008659739	-0.010791367	0.017452704

1495308786844	0.00532907	-0.0075939246	0.018518519

1495308786854	0.009725553	-0.0065281107	0.014122035

1495308786864	0.010791367	-0.0075939246	0.017452704

1495308786874	0.008659739	-0.009725553	0.015187849

1495308786886	0.009725553	0.001065814	0.018518519

1495308786895	0.008659739	-0.003197442	0.019584332

1495308786904	0.0075939246	-0.004263256	0.014122035

1495308786916	0.003197442	-0.003197442	0.015187849

1495308786925	0.008659739	-0.004263256	0.019584332

1495308786941	0.010791367	-0.004263256	0.016253663

1495308786945	0.0075939246	-0.001065814	0.016253663

1495308786955	0.0065281107	-0.003197442	0.018518519

1495308786965	0.009725553	-0.001065814	0.019584332

1495308786975	0.0065281107	0.0	0.020650147

1495308787003	0.009725553	-0.003197442	0.017452704

1495308787008	0.0065281107	-0.003197442	0.014122035

1495308787015	0.008659739	-0.004263256	0.015187849

1495308787024	0.0065281107	-0.009725553	0.0119904075

1495308787037	0.004263256	-0.0119904075	0.014122035

1495308787044	0.00532907	-0.008659739	0.015187849

1495308787054	0.008659739	-0.00532907	0.018518519

1495308787064	0.009725553	0.001065814	0.020650147

1495308787074	0.009725553	-0.001065814	0.0119904075

1495308787092	0.0065281107	-0.0075939246	0.016253663

1495308787095	0.013056221	-0.004263256	0.017452704

1495308787104	0.0075939246	0.003197442	0.014122035

1495308787115	0.0065281107	-0.003197442	0.016253663

1495308787124	0.010791367	-0.002131628	0.022781774

1495308787134	0.008659739	-0.00532907	0.015187849

1495308787144	0.002131628	-0.0119904075	0.015187849

1495308787158	0.00532907	-0.009725553	0.0119904075

1495308787165	0.0075939246	-0.009725553	0.010791367

1495308787176	0.004263256	-0.013056221	0.018518519

1495308787191	0.004263256	-0.009725553	0.017452704

1495308787194	0.008659739	-0.00532907	0.016253663

1495308787208	0.009725553	0.002131628	0.016253663

1495308787216	0.0075939246	0.0	0.021715961

1495308787229	0.0119904075	0.002131628	0.020650147

1495308787251	0.004263256	-0.002131628	0.010791367

1495308787256	0.0065281107	-0.0065281107	0.020650147

1495308787257	0.00532907	-0.010791367	0.020650147

1495308787266	0.003197442	-0.016253663	0.014122035

1495308787276	0.003197442	-0.013056221	0.018518519

1495308787284	0.009725553	-0.015187849	0.017452704

1495308787294	0.0065281107	-0.010791367	0.016253663

1495308787304	0.010791367	-0.001065814	0.018518519

1495308787315	0.0119904075	0.0	0.014122035

1495308787324	0.008659739	0.0	0.010791367

1495308787338	0.008659739	-0.002131628	0.009725553

1495308787344	0.00532907	-0.003197442	0.017452704

1495308787354	0.003197442	-0.0119904075	0.019584332

1495308787366	0.008659739	-0.014122035	0.019584332

1495308787374	0.010791367	-0.004263256	0.017452704

1495308787387	0.00532907	0.001065814	0.018518519

1495308787394	0.00532907	-0.008659739	0.020650147

1495308787404	0.0065281107	-0.00532907	0.022781774

1495308787416	0.0119904075	-0.002131628	0.013056221

1495308787424	0.0119904075	-0.002131628	0.014122035

1495308787442	0.0075939246	-0.00532907	0.019584332

1495308787446	0.009725553	-0.010791367	0.017452704

1495308787455	0.0075939246	-0.00532907	0.018518519

1495308787472	0.004263256	-0.008659739	0.018518519

1495308787474	0.008659739	-0.0065281107	0.021715961

1495308787486	0.0075939246	-0.004263256	0.017452704

1495308787494	0.009725553	-0.004263256	0.020650147

1495308787504	0.00532907	-0.0075939246	0.017452704

1495308787516	0.009725553	-0.0065281107	0.014122035

1495308787524	0.009725553	0.001065814	0.021715961

1495308787536	0.008659739	0.001065814	0.018518519

1495308787544	0.004263256	-0.002131628	0.019584332

1495308787554	0.0065281107	-0.003197442	0.021715961

1495308787564	0.010791367	-0.00532907	0.017452704

1495308787574	0.0075939246	-0.004263256	0.023980815

1495308787588	0.003197442	-0.014122035	0.014122035

1495308787594	0.004263256	-0.009725553	0.017452704

1495308787604	0.0075939246	-0.009725553	0.021715961

1495308787615	0.010791367	-0.004263256	0.017452704

1495308787624	0.010791367	0.001065814	0.016253663

1495308787636	0.009725553	-0.001065814	0.015187849

1495308787644	0.00532907	0.0	0.014122035

1495308787654	0.009725553	0.003197442	0.018518519

1495308787664	0.008659739	-0.001065814	0.019584332

1495308787675	0.0065281107	-0.00532907	0.020650147

1495308787688	0.0075939246	-0.0075939246	0.015187849

1495308787694	0.0075939246	-0.008659739	0.020650147

1495308787712	0.00532907	-0.0119904075	0.019584332

1495308787716	0.0065281107	-0.00532907	0.016253663

1495308787724	0.0065281107	-0.003197442	0.020650147

1495308787737	0.0119904075	-0.00532907	0.020650147

1495308787744	0.0119904075	-0.001065814	0.015187849

1495308787754	0.009725553	-0.008659739	0.016253663

1495308787764	0.0065281107	-0.0119904075	0.023980815

1495308787774	0.008659739	-0.009725553	0.014122035

1495308787786	0.003197442	-0.008659739	0.017452704

1495308787800	0.008659739	-0.0075939246	0.015187849

1495308787804	0.0075939246	-0.002131628	0.018518519

1495308787816	0.003197442	-0.001065814	0.019584332

1495308787836	0.009725553	-0.003197442	0.016253663

1495308787844	0.0075939246	-0.00532907	0.013056221

1495308787854	0.0065281107	-0.004263256	0.021715961

1495308787864	0.0065281107	-0.008659739	0.018518519

1495308787874	0.004263256	-0.009725553	0.016253663

1495308787888	0.002131628	-0.008659739	0.020650147

1495308787894	0.002131628	-0.0119904075	0.018518519

1495308787904	0.00532907	-0.0119904075	0.015187849

1495308787915	0.008659739	-0.003197442	0.017452704

1495308787924	0.0119904075	-0.004263256	0.019584332

1495308787936	0.0065281107	-0.001065814	0.020650147

1495308787944	0.008659739	-0.0075939246	0.022781774

1495308787954	0.0075939246	-0.0065281107	0.018518519

1495308787964	0.004263256	-0.003197442	0.019584332

1495308787974	0.004263256	-0.004263256	0.019584332

1495308787988	0.00532907	-0.004263256	0.018518519

1495308788000	0.001065814	-0.004263256	0.019584332

1495308788016	0.0075939246	-0.009725553	0.020650147

1495308788024	0.00532907	-0.009725553	0.013056221

1495308788037	0.00532907	-0.008659739	0.013056221

1495308788044	0.0065281107	-0.00532907	0.010791367

1495308788054	0.004263256	-0.013056221	0.014122035

1495308788064	0.00532907	-0.013056221	0.017452704

1495308788080	0.0065281107	-0.010791367	0.018518519

1495308788086	0.0075939246	-0.004263256	0.020650147

1495308788094	0.008659739	-0.0075939246	0.020650147

1495308788104	0.008659739	-0.002131628	0.016253663

1495308788116	0.010791367	0.0	0.016253663

1495308788124	0.013056221	-0.004263256	0.015187849

1495308788136	0.0119904075	0.00532907	0.016253663

1495308788151	0.014122035	0.001065814	0.014122035

1495308788154	0.008659739	0.0	0.017452704

1495308788164	0.010791367	-0.004263256	0.016253663

1495308788174	0.0119904075	-0.004263256	0.015187849

1495308788188	0.0075939246	-0.014122035	0.015187849

1495308788195	0.0065281107	-0.003197442	0.013056221

1495308788204	0.00532907	-0.0075939246	0.015187849

1495308788218	0.008659739	0.27258193	0.019584332

1495308788224	0.0075939246	0.002131628	0.013056221

1495308788236	0.008659739	-0.004263256	0.019584332

1495308788244	0.00532907	-0.004263256	0.019584332

1495308788254	0.004263256	-0.010791367	0.016253663

1495308788264	0.001065814	-0.015187849	0.0119904075

1495308788275	0.0065281107	-0.009725553	0.019584332

1495308788288	0.009725553	-0.003197442	0.021715961

1495308788294	0.008659739	0.002131628	0.020650147

1495308788311	0.013056221	-0.003197442	0.016253663

1495308788316	0.009725553	-0.00532907	0.014122035

1495308788324	0.009725553	-0.003197442	0.014122035

1495308788336	0.009725553	-0.001065814	0.018518519

1495308788344	0.0075939246	-0.004263256	0.017452704

1495308788354	0.003197442	-0.009725553	0.020650147

1495308788364	0.003197442	-0.013056221	0.017452704

1495308788374	0.008659739	-0.0075939246	0.016253663

1495308788390	0.0065281107	-0.010791367	0.021715961

1495308788394	0.00532907	-0.002131628	0.026112443

1495308788404	0.010791367	-0.003197442	0.018518519

1495308788416	0.0075939246	-0.002131628	0.015187849

1495308788424	0.009725553	-0.002131628	0.019584332

1495308788436	0.008659739	-0.010791367	0.013056221

1495308788444	0.008659739	-0.0075939246	0.015187849

1495308788454	0.004263256	-0.010791367	0.016253663

1495308788464	0.00532907	-0.00532907	0.018518519

1495308788474	0.008659739	-0.003197442	0.020650147

1495308788488	0.009725553	0.001065814	0.021715961

1495308788494	0.010791367	0.003197442	0.017452704

1495308788504	0.009725553	-0.001065814	0.015187849

1495308788514	0.0119904075	-0.002131628	0.0119904075

1495308788524	0.0119904075	-0.00532907	0.010791367

1495308788536	0.0065281107	-0.009725553	0.010791367

1495308788545	0.001065814	-0.013056221	0.014122035

1495308788558	0.004263256	-0.013056221	0.013056221

1495308788564	0.003197442	-0.017452704	0.014122035

1495308788574	0.0075939246	-0.0075939246	0.014122035

1495308788586	0.008659739	-0.0075939246	0.013056221

1495308788594	0.013056221	-0.00532907	0.013056221

1495308788604	0.008659739	0.001065814	0.018518519

1495308788616	0.010791367	0.0075939246	0.017452704

1495308788624	0.0075939246	0.0075939246	0.018518519

1495308788636	0.003197442	-0.0075939246	0.017452704

1495308788647	0.002131628	-0.009725553	0.018518519

1495308788654	0.004263256	-0.014122035	0.016253663

1495308788664	0.002131628	-0.010791367	0.017452704

1495308788674	0.0075939246	-0.004263256	0.014122035

1495308788687	0.0075939246	-0.002131628	0.013056221

1495308788695	0.009725553	-0.0065281107	0.015187849

1495308788704	0.0075939246	0.003197442	0.021715961

1495308788716	0.002131628	0.003197442	0.021715961

1495308788724	0.0075939246	-0.002131628	0.016253663

1495308788736	0.010791367	-0.00532907	0.015187849

1495308788744	0.00532907	-0.008659739	0.022781774

1495308788754	0.0065281107	-0.0075939246	0.020650147

1495308788764	0.008659739	-0.009725553	0.013056221

1495308788774	0.0065281107	-0.0075939246	0.013056221

1495308788788	0.0119904075	-0.001065814	0.014122035

1495308788794	0.010791367	0.003197442	0.016253663

1495308788804	0.010791367	-0.002131628	0.017452704

1495308788815	0.0065281107	0.0	0.017452704

1495308788824	0.0075939246	0.0	0.019584332

1495308788836	0.008659739	-0.0065281107	0.021715961

1495308788844	0.0075939246	-0.009725553	0.014122035

1495308788854	0.0075939246	-0.010791367	0.018518519

1495308788864	0.009725553	-0.009725553	0.017452704

1495308788875	0.0065281107	-0.008659739	0.020650147

1495308788888	0.0065281107	-0.001065814	0.022781774

1495308788894	0.008659739	0.002131628	0.023980815

1495308788915	0.0119904075	0.0	0.023980815

1495308788916	0.008659739	-0.004263256	0.021715961

1495308788924	0.008659739	-0.002131628	0.015187849

1495308788936	0.004263256	-0.008659739	0.013056221

1495308788944	0.0075939246	-0.009725553	0.015187849

1495308788954	0.004263256	-0.015187849	0.021715961

1495308788964	0.00532907	-0.015187849	0.021715961

1495308788974	0.0065281107	-0.010791367	0.021715961

1495308788987	0.0065281107	0.0	0.017452704

1495308789000	0.008659739	-0.003197442	0.019584332

1495308789004	0.014122035	0.002131628	0.023980815

1495308789016	0.0065281107	0.002131628	0.020650147

1495308789024	0.004263256	0.002131628	0.019584332

1495308789039	0.004263256	-0.0065281107	0.017452704

1495308789044	0.004263256	-0.008659739	0.022781774

1495308789054	0.00532907	-0.0119904075	0.014122035

1495308789064	0.0065281107	-0.0119904075	0.017452704

1495308789075	0.0075939246	-0.009725553	0.016253663

1495308789086	0.0065281107	-0.008659739	0.020650147

1495308789094	0.008659739	-0.003197442	0.020650147

1495308789104	0.008659739	-0.0065281107	0.021715961

1495308789115	0.008659739	-0.003197442	0.016253663

1495308789124	0.008659739	0.0	0.016253663

1495308789136	0.009725553	-0.001065814	0.016253663

1495308789144	0.010791367	0.001065814	0.020650147

1495308789158	0.0065281107	-0.002131628	0.017452704

1495308789164	0.004263256	-0.0075939246	0.020650147

