1496156515186	0.12	4.14	-46.02

1496156515196	0.17999999	4.38	-46.02

1496156515206	-0.17999999	4.2	-46.26

1496156515216	-0.12	4.2	-46.5

1496156515226	-0.12	4.2599998	-46.5

1496156515238	-0.35999998	4.14	-46.5

1496156515247	-0.42	4.14	-46.5

1496156515256	-0.48	4.14	-46.44

1496156515267	-0.53999996	4.14	-46.62

1496156515276	-0.53999996	4.2599998	-46.559998

1496156515286	-0.24	4.2599998	-46.32

1496156515296	-0.12	4.08	-46.2

1496156515306	-0.35999998	4.14	-46.26

1496156515318	-0.12	4.38	-46.26

1496156515328	0.17999999	4.2599998	-46.26

1496156515336	0.12	4.14	-46.5

1496156515346	0.12	4.14	-46.32

1496156515356	-0.12	4.08	-46.32

1496156515366	0.06	4.2	-46.44

1496156515378	0.17999999	4.5	-46.559998

1496156515388	0.17999999	4.44	-46.62

1496156515396	0.35999998	4.2	-46.8

1496156515406	0.42	4.08	-46.739998

1496156515416	0.17999999	4.2	-46.5

1496156515426	0.24	4.2599998	-46.5

1496156515439	0.42	4.2599998	-46.5

1496156515448	0.42	4.44	-46.5

1496156515456	0.12	4.38	-46.44

1496156515466	0.42	4.2	-46.26

1496156515476	0.06	4.38	-46.26

1496156515486	-0.12	4.38	-46.32

1496156515496	0.17999999	4.38	-46.32

1496156515506	0.17999999	4.14	-46.5

1496156515516	-0.06	4.2	-46.5

1496156515526	-0.17999999	4.08	-46.62

1496156515536	0.12	4.08	-46.559998

1496156515546	-0.06	4.2599998	-46.559998

1496156515557	0.17999999	4.38	-46.44

1496156515567	0.17999999	4.56	-46.5

1496156515577	-0.06	4.68	-46.5

1496156515587	-0.12	4.98	-46.5

1496156515597	0.12	4.56	-46.739998

1496156515607	-0.06	4.44	-46.559998

1496156515617	-0.12	4.5	-46.739998

1496156515628	-0.24	4.14	-47.1

1496156515637	-0.48	4.2	-47.16

1496156515647	-0.42	3.9599998	-47.16

1496156515658	-0.12	3.78	-47.219997

1496156515667	0.06	3.6599998	-47.399998

1496156515677	-0.12	3.6	-47.039997

1496156515688	-0.17999999	3.8999999	-46.86

1496156515697	-0.42	3.54	-46.8

1496156515708	-0.24	3.54	-46.44

1496156515718	-0.12	3.48	-46.44

1496156515727	-0.06	3.6599998	-46.32

1496156515736	-0.06	3.84	-46.5

1496156515747	-0.17999999	3.6	-46.26

1496156515757	0.06	3.9599998	-46.44

1496156515767	0.35999998	3.6599998	-46.559998

1496156515777	0.53999996	3.8999999	-46.5

1496156515787	0.65999997	4.08	-46.559998

1496156515797	0.65999997	4.14	-46.86

1496156515808	0.53999996	4.2599998	-46.8

1496156515818	0.42	4.2599998	-46.5

1496156515828	0.42	4.44	-46.44

1496156515837	0.35999998	4.2599998	-46.32

1496156515846	0.24	4.44	-46.2

1496156515856	0.06	4.44	-46.5

1496156515866	-0.06	4.5	-46.5

1496156515879	0.06	4.38	-46.44

1496156515888	0.06	4.14	-46.739998

1496156515896	0.12	4.2	-46.86

1496156515906	0.35999998	4.2	-47.219997

1496156515916	0.42	4.08	-47.399998

1496156515926	0.42	3.8999999	-47.46

1496156515938	0.42	4.08	-47.34

1496156515948	0.53999996	4.14	-47.52

1496156515956	0.53999996	4.38	-47.219997

1496156515966	0.65999997	4.5	-47.039997

1496156515976	0.42	4.5	-46.86

1496156515986	0.06	4.68	-46.62

1496156515996	-0.24	4.8599997	-46.62

1496156516007	-0.17999999	5.16	-46.559998

1496156516018	0.12	5.1	-46.5

1496156516027	-0.17999999	5.04	-46.32

1496156516036	-0.17999999	4.56	-46.32

1496156516046	-0.35999998	4.56	-46.26

1496156516056	-0.12	4.5	-46.44

1496156516066	0.06	4.44	-46.26

1496156516078	0.24	4.5	-46.5

1496156516088	0.24	4.56	-46.5

1496156516096	0.17999999	4.5	-46.44

1496156516106	0.42	4.2599998	-46.32

1496156516116	0.35999998	4.74	-46.5

1496156516126	0.35999998	4.38	-46.62

1496156516138	0.42	4.38	-46.62

1496156516148	0.42	4.44	-46.8

1496156516156	0.42	4.44	-46.26

1496156516166	0.42	4.38	-46.26

1496156516176	0.35999998	4.56	-46.26

1496156516187	0.24	4.74	-46.32

1496156516196	0.24	4.5	-46.14

1496156516206	0.12	4.74	-46.14

1496156516218	0.06	4.7999997	-45.96

1496156516228	0.12	4.68	-45.96

1496156516236	0.17999999	4.56	-46.26

1496156516246	-0.06	4.5	-46.26

1496156516256	-0.17999999	4.2599998	-46.32

1496156516267	-0.35999998	4.44	-46.2

1496156516276	-0.48	4.56	-46.26

1496156516286	-0.35999998	4.56	-46.2

1496156516297	-0.53999996	4.38	-46.26

1496156516308	-0.65999997	4.2	-46.14

1496156516316	-0.96	4.2599998	-45.96

1496156516327	-0.78	4.2	-46.02

1496156516336	-0.78	4.38	-45.899998

1496156516346	-0.65999997	4.38	-46.02

1496156516357	-0.71999997	4.08	-46.2

1496156516366	-0.65999997	4.14	-46.14

1496156516402	-0.48	4.38	-45.96

1496156516404	-0.35999998	4.74	-46.14

1496156516404	0.12	4.7999997	-46.14

1496156516406	0.17999999	4.68	-46.02

1496156516416	0.12	4.56	-46.5

1496156516426	0.12	4.44	-46.44

1496156516436	0.42	4.74	-46.32

1496156516460	0.35999998	4.5	-46.44

1496156516461	0.35999998	4.56	-46.559998

1496156516466	0.35999998	4.2	-46.26

1496156516476	0.12	4.08	-46.44

1496156516486	0.06	4.2	-46.559998

1496156516497	0.48	4.2	-46.2

1496156516506	0.53999996	4.2599998	-46.14

1496156516516	0.53999996	4.2	-46.02

1496156516526	0.42	4.38	-46.26

1496156516538	0.24	4.38	-46.26

1496156516548	-0.06	4.68	-46.5

1496156516556	0.06	4.44	-46.32

1496156516566	-0.12	4.68	-46.5

1496156516576	-0.48	4.44	-46.32

1496156516586	-0.71999997	4.2	-46.44

1496156516598	-0.65999997	3.8999999	-46.5

1496156516608	-0.65999997	4.08	-46.32

1496156516616	-0.65999997	4.08	-46.32

1496156516626	-0.65999997	3.9599998	-46.26

1496156516636	-0.84	4.2	-46.26

1496156516646	-0.71999997	4.14	-45.96

1496156516656	-0.48	4.5	-46.2

1496156516666	-0.24	4.8599997	-46.02

1496156516678	-0.35999998	5.16	-46.02

1496156516688	-0.06	5.1	-45.96

1496156516696	-0.12	4.7999997	-45.899998

1496156516706	-0.12	4.8599997	-45.96

1496156516716	-0.12	4.7999997	-46.02

1496156516726	-0.24	4.74	-46.32

1496156516736	-0.24	4.56	-46.2

1496156516747	-0.24	4.14	-46.32

1496156516756	-0.48	3.8999999	-46.26

1496156516766	-0.65999997	3.84	-46.559998

1496156516777	-0.35999998	3.84	-46.86

1496156516788	-0.35999998	3.54	-46.86

1496156516796	-0.12	3.54	-46.86

1496156516806	0.06	3.48	-46.739998

1496156516816	-0.06	3.48	-46.86

1496156516826	-0.06	3.6599998	-46.86

1496156516838	0.24	3.84	-46.92

1496156516848	0.24	3.8999999	-46.62

1496156516856	0.06	4.2	-46.32

1496156516866	0.06	4.44	-46.44

1496156516876	0.06	4.56	-46.62

1496156516886	0.17999999	4.68	-46.559998

1496156516896	0.17999999	4.56	-46.5

1496156516906	0.17999999	4.7999997	-46.5

1496156516918	-0.12	4.8599997	-46.44

1496156516928	-0.12	4.7999997	-46.32

1496156516936	0.12	4.7999997	-46.739998

1496156516946	0.12	4.8599997	-46.62

1496156516956	0.24	4.7999997	-46.32

1496156516966	0.17999999	4.8599997	-46.2

1496156516977	0.17999999	4.98	-46.2

1496156516987	-0.06	4.7999997	-46.26

1496156516996	0.17999999	4.56	-46.2

1496156517006	0.24	4.68	-46.26

1496156517016	0.17999999	4.5	-45.96

1496156517026	0.35999998	4.56	-46.02

1496156517037	0.17999999	4.5	-46.32

1496156517048	-0.12	4.44	-46.44

1496156517056	-0.12	4.2	-46.44

1496156517066	0.06	4.2	-46.26

1496156517076	0.06	4.56	-46.5

1496156517086	0.12	4.5	-46.739998

1496156517098	0.17999999	4.5	-46.92

1496156517108	0.24	4.38	-46.92

1496156517116	0.24	4.56	-46.739998

1496156517126	0.53999996	4.5	-46.86

1496156517136	0.84	4.74	-46.92

1496156517146	0.71999997	4.74	-46.92

1496156517156	0.71999997	4.56	-46.86

1496156517166	0.84	4.68	-46.739998

1496156517176	0.78	4.74	-46.559998

1496156517187	0.53999996	4.5	-46.559998

1496156517197	0.53999996	4.5	-46.44

1496156517207	0.48	4.68	-46.26

1496156517217	0.17999999	4.56	-46.26

1496156517227	0.42	4.68	-46.26

1496156517238	0.48	4.74	-46.5

1496156517247	0.24	4.7999997	-46.62

1496156517257	0.35999998	4.8599997	-46.8

1496156517267	0.65999997	4.8599997	-46.62

1496156517276	0.78	4.74	-46.8

1496156517286	0.65999997	4.56	-46.62

1496156517296	0.48	4.56	-46.559998

1496156517306	0.42	4.2	-46.62

1496156517318	0.35999998	4.14	-46.44

1496156517328	0.35999998	3.9599998	-46.2

1496156517336	0.35999998	3.84	-45.899998

1496156517346	0.35999998	3.78	-46.02

1496156517356	0.12	3.6599998	-46.14

1496156517366	0.24	3.78	-46.32

1496156517376	0.24	3.84	-46.5

1496156517386	0.35999998	4.14	-46.5

1496156517398	0.24	4.08	-46.8

1496156517408	0.06	4.2599998	-46.86

1496156517416	-0.06	4.2599998	-47.039997

1496156517426	-0.17999999	4.5	-46.86

1496156517436	-0.17999999	4.56	-46.62

1496156517446	-0.48	4.38	-46.62

1496156517458	-0.35999998	4.2599998	-46.8

1496156517468	-0.65999997	4.38	-46.739998

1496156517476	-0.48	4.5	-46.32

1496156517486	-0.48	4.38	-46.26

1496156517496	-0.42	4.44	-46.2

1496156517506	-0.35999998	4.56	-46.26

1496156517518	-0.24	4.5	-46.5

1496156517529	-0.12	4.74	-46.5

1496156517536	-0.12	4.5	-46.32

1496156517546	0.24	4.38	-46.5

1496156517556	0.24	4.2599998	-46.62

1496156517567	0.42	4.44	-46.559998

1496156517576	0.48	4.38	-46.8

1496156517586	0.24	4.38	-46.739998

1496156517598	0.06	4.38	-46.559998

1496156517608	0.24	4.38	-46.559998

1496156517616	0.42	4.68	-46.44

1496156517626	0.42	4.74	-46.62

1496156517636	0.48	4.74	-46.62

1496156517646	0.53999996	4.68	-46.739998

1496156517658	0.65999997	4.7999997	-46.8

1496156517669	0.78	4.7999997	-46.86

1496156517676	0.96	4.7999997	-47.039997

1496156517686	0.96	4.7999997	-47.039997

1496156517696	0.78	4.74	-46.86

1496156517706	0.48	4.8599997	-46.62

1496156517718	0.35999998	4.7999997	-46.559998

1496156517729	0.12	4.8599997	-46.32

1496156517736	-0.35999998	4.8599997	-45.96

1496156517746	-0.65999997	4.56	-45.96

1496156517756	-0.48	4.74	-45.899998

1496156517766	-0.53999996	4.8599997	-46.14

1496156517778	-0.71999997	4.8599997	-46.559998

1496156517789	-0.71999997	4.8599997	-46.5

1496156517796	-0.96	5.04	-46.44

1496156517833	-1.0799999	4.7999997	-46.559998

1496156517834	-1.02	4.7999997	-46.5

1496156517835	-0.65999997	4.7999997	-46.44

1496156517836	-0.71999997	4.8599997	-46.44

1496156517846	-0.71999997	4.7999997	-46.14

1496156517856	-0.48	5.04	-45.96

1496156517866	-0.24	4.7999997	-45.96

1496156517876	-0.12	4.74	-46.26

1496156517887	0.35999998	4.74	-46.559998

1496156517898	0.35999998	4.68	-46.5

1496156517908	0.42	4.8599997	-46.5

1496156517916	0.35999998	4.7999997	-46.44

1496156517926	0.48	4.68	-46.5

1496156517936	0.48	4.5	-46.32

1496156517946	0.48	4.56	-46.26

1496156517958	0.48	4.68	-46.14

1496156517968	0.35999998	4.74	-45.899998

1496156517976	0.48	4.74	-46.14

1496156517986	0.17999999	4.68	-46.14

1496156517996	0.06	4.56	-46.44

1496156518006	0.06	4.56	-46.5

1496156518017	0.12	4.56	-46.44

1496156518027	0.17999999	4.56	-46.32

1496156518037	0.17999999	4.44	-46.2

1496156518047	0.35999998	4.5	-46.44

1496156518056	0.48	4.56	-46.26

1496156518066	0.78	4.68	-46.44

1496156518076	0.96	4.56	-46.26

1496156518086	0.96	4.68	-46.44

1496156518098	0.65999997	4.56	-46.62

1496156518108	0.53999996	4.5	-46.86

1496156518116	0.65999997	4.5	-47.039997

1496156518126	0.65999997	4.44	-47.1

1496156518136	0.53999996	4.5	-47.219997

1496156518146	0.42	4.5	-47.399998

1496156518157	0.48	4.56	-47.7

1496156518168	0.42	4.74	-47.52

1496156518176	0.42	4.74	-47.52

1496156518186	0.35999998	4.74	-47.399998

1496156518196	0.24	4.8599997	-47.219997

1496156518206	0.24	4.7999997	-46.8

1496156518218	0.17999999	4.68	-46.739998

1496156518228	-0.12	4.68	-46.32

1496156518236	-0.17999999	4.56	-45.96

1496156518246	-0.17999999	4.2	-46.14

1496156518256	-0.06	4.2599998	-46.02

1496156518266	-0.24	4.38	-45.96

1496156518276	-0.12	4.08	-46.14

1496156518286	-0.06	4.08	-46.26

1496156518296	0.06	4.14	-46.26

1496156518306	0.35999998	4.14	-46.44

1496156518318	0.17999999	4.38	-46.44

1496156518328	0.12	4.38	-46.44

1496156518336	0.17999999	4.14	-46.62

1496156518346	0.53999996	4.14	-46.8

1496156518356	0.48	4.2599998	-46.739998

1496156518366	0.35999998	4.38	-46.62

1496156518379	0.24	4.2	-46.62

1496156518389	0.35999998	4.14	-46.62

1496156518396	0.65999997	4.08	-46.739998

1496156518406	0.65999997	4.08	-46.32

1496156518416	0.53999996	4.2	-46.14

1496156518426	0.48	4.38	-46.14

1496156518438	0.42	4.38	-46.2

1496156518448	0.17999999	4.38	-46.2

1496156518456	0.06	4.56	-46.26

1496156518466	-0.06	4.68	-46.26

1496156518476	-0.17999999	4.2599998	-46.2

1496156518486	-0.06	4.44	-46.2

1496156518498	-0.06	4.5	-46.14

1496156518508	0.06	4.44	-46.02

1496156518517	0.06	4.5	-45.899998

1496156518526	-0.06	4.44	-45.96

1496156518536	0.12	4.2599998	-45.96

1496156518546	0.24	4.44	-45.96

1496156518556	0.35999998	4.74	-45.96

1496156518567	0.24	4.7999997	-46.14

1496156518578	0.24	4.56	-46.14

1496156518588	0.17999999	4.5	-46.2

1496156518596	0.17999999	4.5	-46.5

1496156518606	0.48	4.5	-46.44

1496156518616	0.24	4.44	-46.26

1496156518626	0.17999999	4.38	-46.14

1496156518638	0.12	4.5	-46.2

1496156518648	0.17999999	4.44	-46.14

1496156518656	0.35999998	4.56	-46.14

1496156518666	0.42	4.5	-46.02

1496156518676	0.53999996	4.44	-45.719997

1496156518686	0.53999996	4.44	-45.84

1496156518696	0.65999997	4.5	-46.02

1496156518706	0.53999996	4.5	-46.2

1496156518717	0.53999996	4.2599998	-45.96

1496156518727	0.24	4.38	-46.02

1496156518736	0.12	4.38	-46.14

1496156518746	0.12	4.5	-46.44

1496156518756	0.06	4.56	-46.559998

1496156518766	-0.17999999	4.56	-46.559998

1496156518776	-0.24	4.5	-46.559998

1496156518786	-0.12	4.5	-46.44

1496156518798	-0.24	4.74	-46.8

1496156518808	-0.06	4.44	-46.86

1496156518816	-0.06	4.2599998	-46.86

1496156518826	-0.35999998	4.2	-46.559998

1496156518836	-0.42	4.14	-46.559998

1496156518846	-0.17999999	4.14	-46.8

1496156518857	-0.17999999	3.9599998	-46.739998

1496156518868	-0.24	3.84	-46.86

1496156518876	-0.24	3.6599998	-46.559998

1496156518886	-0.24	3.9599998	-46.5

1496156518896	-0.24	4.38	-46.44

1496156518906	-0.12	4.44	-46.5

1496156518918	-0.06	4.68	-46.5

1496156518928	-0.12	4.7999997	-46.2

1496156518936	0.17999999	5.1	-46.5

1496156518946	0.12	5.16	-46.44

1496156518956	0.35999998	5.3399997	-46.559998

1496156518966	0.42	5.3399997	-46.8

1496156518978	0.24	5.3399997	-46.739998

1496156518988	0.12	5.2799997	-46.8

1496156518997	0.06	5.16	-46.62

1496156519006	0.06	5.1	-46.62

1496156519016	-0.06	5.04	-46.44

1496156519026	-0.06	4.98	-46.32

1496156519038	-0.35999998	4.74	-46.26

1496156519048	-0.35999998	4.68	-45.96

1496156519056	-0.06	4.44	-46.14

1496156519066	-0.06	4.44	-46.26

1496156519076	0.12	4.38	-46.26

1496156519086	-0.06	4.14	-46.32

1496156519098	0.06	4.2	-46.02

1496156519108	0.17999999	4.2	-46.26

1496156519116	0.42	4.08	-46.26

1496156519126	0.12	4.08	-46.26

1496156519136	0.06	4.14	-46.5

1496156519146	0.06	4.2	-46.2

1496156519158	-0.24	4.2	-46.32

1496156519168	0.06	4.2	-46.2

1496156519176	-0.17999999	4.2	-46.62

1496156519186	-0.17999999	4.2599998	-46.5

1496156519196	-0.17999999	4.44	-46.86

1496156519206	-0.06	4.5	-47.039997

1496156519218	-0.06	4.5	-46.8

1496156519228	-0.06	4.38	-46.92

1496156519236	0.35999998	4.44	-46.739998

1496156519246	0.17999999	4.56	-46.86

1496156519256	0.12	4.2	-46.62

1496156519266	-0.06	4.14	-46.8

1496156519276	0.06	4.14	-46.62

1496156519286	-0.17999999	4.08	-46.559998

1496156519298	-0.12	4.08	-46.8

1496156519308	0.06	3.78	-46.92

1496156519316	-0.17999999	3.48	-47.16

1496156519327	-0.17999999	3.6	-47.1

1496156519336	0.17999999	3.8999999	-47.1

1496156519346	0.17999999	3.9599998	-47.34

1496156519358	-0.06	3.9599998	-47.039997

1496156519368	0.42	4.08	-47.1

1496156519376	0.35999998	4.08	-46.92

1496156519386	0.42	4.44	-46.8

1496156519396	0.42	4.44	-46.62

1496156519406	0.24	4.44	-46.8

1496156519417	-0.12	4.5	-46.86

1496156519427	-0.24	4.56	-46.559998

1496156519437	-0.24	4.56	-46.62

1496156519447	-0.42	4.56	-46.5

1496156519457	-0.48	4.56	-46.62

1496156519468	-0.53999996	4.56	-46.5

1496156519477	-0.71999997	4.56	-46.5

1496156519488	-0.53999996	4.44	-46.5

1496156519497	-0.35999998	4.2599998	-46.44

1496156519506	-0.35999998	4.14	-46.32

1496156519516	-0.17999999	4.14	-46.26

1496156519526	-0.17999999	4.2599998	-46.44

1496156519538	-0.12	4.38	-46.2

1496156519549	-0.06	4.2599998	-46.32

1496156519556	-0.12	4.2599998	-46.44

1496156519566	-0.35999998	4.2599998	-46.2

1496156519576	-0.24	4.14	-46.26

1496156519586	-0.12	4.14	-46.26

1496156519598	-0.06	4.14	-46.44

1496156519608	-0.12	3.9599998	-46.44

1496156519616	-0.06	3.8999999	-46.5

1496156519626	0.06	4.14	-46.32

1496156519636	0.24	4.38	-46.26

1496156519646	0.53999996	4.44	-46.32

1496156519657	0.53999996	4.68	-46.26

1496156519669	0.53999996	4.68	-46.559998

1496156519676	0.48	4.5	-46.26

1496156519686	0.53999996	4.68	-46.02

1496156519696	0.53999996	4.56	-45.899998

1496156519706	0.42	4.38	-46.02

1496156519718	0.53999996	4.38	-46.2

1496156519727	0.24	4.38	-46.5

1496156519736	0.24	4.38	-46.559998

1496156519746	0.12	4.5	-46.44

1496156519756	0.12	4.7999997	-46.62

1496156519766	-0.17999999	4.68	-46.8

1496156519776	-0.35999998	4.68	-46.8

1496156519786	-0.24	4.8599997	-46.8

1496156519797	-0.17999999	4.8599997	-46.8

1496156519807	0.17999999	4.68	-46.559998

1496156519817	0.17999999	4.74	-46.32

1496156519827	0.35999998	4.7999997	-46.5

1496156519837	0.17999999	4.74	-46.5

1496156519847	0.17999999	4.68	-46.5

1496156519857	0.17999999	4.7999997	-46.559998

1496156519868	-0.12	4.68	-46.32

1496156519877	-0.35999998	4.68	-46.32

1496156519888	-0.48	4.8599997	-46.2

1496156519898	-0.53999996	4.74	-46.559998

1496156519908	-0.53999996	4.56	-46.2

1496156519917	-0.35999998	4.68	-46.14

1496156519927	-0.12	4.5	-46.32

1496156519937	-0.12	4.5	-46.32

1496156519948	-0.06	4.44	-46.5

1496156519957	-0.06	4.38	-46.44

1496156519968	0.06	4.2599998	-46.8

1496156519977	0.12	4.08	-46.559998

1496156519988	-0.12	3.9599998	-46.559998

1496156519996	-0.35999998	3.8999999	-46.739998

1496156520006	-0.35999998	4.2	-46.739998

1496156520016	-0.48	4.08	-46.92

1496156520026	-0.35999998	4.08	-47.16

1496156520038	-0.24	4.08	-47.16

1496156520048	-0.48	4.14	-47.16

1496156520056	-0.71999997	4.2	-47.039997

1496156520066	-0.48	4.2	-47.16

1496156520076	-0.35999998	4.14	-47.1

1496156520086	-0.35999998	3.9599998	-46.86

1496156520097	-0.53999996	3.84	-46.559998

1496156520107	-0.35999998	3.6599998	-46.26

1496156520117	-0.42	3.6599998	-46.5

1496156520127	-0.24	3.6599998	-46.5

1496156520137	-0.06	3.6599998	-46.62

1496156520148	-0.06	3.84	-46.86

1496156520157	0.06	3.9599998	-46.739998

1496156520168	0.12	4.2	-46.8

1496156520176	0.24	4.2	-46.86

