1494545805730	27.6	10.44	-46.32

1494545805829	27.24	10.5	-46.38

1494545805929	27.24	10.62	-46.56

1494545806030	27.24	10.68	-46.68

1494545806137	27.24	10.68	-46.62

1494545806235	27.0	10.56	-46.74

1494545806329	27.0	10.56	-46.86

1494545806429	26.94	10.68	-47.04

1494545806528	27.18	10.8	-47.28

1494545806629	27.42	10.56	-47.52

1494545806737	27.48	10.44	-47.34

1494545806848	27.42	10.5	-47.28

1494545806932	27.42	10.56	-47.46

1494545807029	27.54	10.62	-47.28

1494545807129	27.66	10.74	-47.28

1494545807230	27.72	10.74	-46.98

1494545807329	27.6	10.62	-46.62

1494545807440	27.72	10.8	-46.62

1494545807529	27.54	10.8	-46.56

1494545807641	27.66	10.62	-46.5

1494545807729	27.6	10.74	-46.62

1494545807830	27.48	10.62	-46.62

1494545807929	27.24	10.38	-46.56

1494545808036	27.24	10.44	-46.92

1494545808129	27.36	10.62	-46.92

1494545808232	27.24	10.5	-46.8

1494545808329	27.0	10.68	-47.16

1494545808429	26.82	11.28	-47.4

1494545808529	26.88	11.16	-47.1

1494545808630	26.94	11.4	-47.1

1494545808729	27.18	11.22	-47.04

1494545808829	27.24	11.1	-46.86

1494545808943	27.0	11.16	-46.74

1494545809029	26.88	11.22	-46.74

1494545809128	27.24	11.16	-46.62

1494545809229	27.36	10.74	-46.44

1494545809329	27.42	10.5	-46.5

1494545809451	27.54	10.26	-46.74

1494545809529	27.36	10.5	-46.74

1494545809630	27.42	10.56	-46.62

1494545809729	27.36	10.5	-46.56

1494545809829	27.48	10.5	-46.2

1494545809929	27.6	10.26	-45.96

1494545810040	27.72	10.2	-45.78

1494545810132	27.6	10.14	-45.6

1494545810244	27.6	10.38	-45.18

1494545810331	27.78	10.38	-45.06

1494545810429	27.66	10.5	-45.3

1494545810529	27.78	10.8	-45.42

1494545810629	27.9	10.98	-45.48

