1495726569543	22.375	-15.5625	-24.25

1495726569566	22.5	-15.0	-24.6875

1495726569647	22.0	-15.625	-25.0625

1495726569720	22.6875	-15.125	-25.125

1495726569768	22.25	-15.3125	-25.3125

1495726569989	22.5	-15.3125	-25.3125

1495726570132	22.875	-15.375	-24.3125

1495726570280	22.875	-15.6875	-24.4375

1495726570299	23.4375	-15.5	-24.75

1495726570630	23.25	-15.75	-24.6875

1495726570694	23.3125	-14.9375	-25.5

1495726570780	23.5625	-15.0	-25.0

1495726570850	23.3125	-15.25	-24.75

1495726570999	23.3125	-14.9375	-24.75

1495726571064	23.3125	-15.25	-24.625

1495726571409	23.25	-15.4375	-24.875

1495726571465	22.75	-15.0625	-24.75

1495726571739	22.4375	-15.8125	-24.625

1495726571859	22.0	-15.8125	-24.0

1495726571907	21.8125	-15.3125	-24.0625

1495726572039	21.5	-15.3125	-24.25

1495726572549	22.0	-14.375	-24.3125

1495726572729	22.3125	-14.375	-24.9375

1495726573121	22.4375	-14.625	-24.5

1495726573250	22.8125	-14.875	-24.0625

1495726573379	23.125	-15.75	-24.0625

1495726573549	23.0625	-15.6875	-23.875

1495726573730	23.25	-15.3125	-24.25

1495726574052	23.75	-15.25	-24.3125

1495726574253	22.6875	-14.875	-24.0625

