1495825585602	1.25	-14.0625	17.5

1495825585690	1.0625	-13.6875	17.125

1495825585791	0.875	-13.6875	17.875

1495825585891	0.3125	-13.6875	18.1875

1495825585991	-0.3125	-13.625	18.125

1495825586094	-0.1875	-13.625	17.9375

1495825586191	0.0	-13.5625	17.75

1495825586292	0.375	-13.625	17.8125

1495825586397	0.5	-13.5	18.6875

1495825586491	0.6875	-13.0625	19.0

1495825586591	1.375	-12.625	19.1875

1495825586694	1.75	-12.8125	19.125

1495825586791	1.6875	-12.75	18.25

1495825586894	1.5	-13.3125	18.1875

1495825586991	1.0625	-13.125	17.875

1495825587091	0.375	-12.375	17.3125

1495825587195	0.625	-12.4375	17.875

1495825587291	0.5625	-12.1875	18.125

1495825587392	0.25	-12.625	18.25

1495825587491	0.8125	-13.0625	18.5625

1495825587593	0.75	-13.3125	18.1875

1495825587711	0.8125	-13.625	17.8125

1495825587792	0.875	-13.125	17.25

1495825587892	0.3125	-12.6875	16.9375

1495825587995	0.3125	-12.875	16.5

1495825588093	0.125	-12.625	16.6875

1495825588193	0.375	-12.3125	17.1875

1495825588293	0.8125	-12.625	17.1875

1495825588394	1.0	-12.1875	17.8125

1495825588493	1.125	-12.0625	17.9375

1495825588593	0.9375	-12.4375	17.875

1495825588694	0.25	-12.375	18.125

1495825588811	0.8125	-13.0625	17.8125

1495825588893	1.25	-12.9375	17.625

1495825588994	1.125	-13.375	18.125

1495825589105	1.375	-13.6875	18.1875

1495825589194	1.125	-13.375	17.9375

1495825589294	0.8125	-13.375	17.9375

1495825589409	0.9375	-13.0	17.5625

1495825589494	1.0625	-12.5625	17.75

1495825589594	0.3125	-11.9375	17.75

1495825589694	0.0	-12.25	17.875

1495825589794	-0.125	-12.375	17.75

1495825589895	0.1875	-12.5625	17.4375

1495825590007	0.5	-13.25	17.25

1495825590096	0.3125	-13.125	16.625

1495825590203	0.3125	-13.0	16.5

1495825590296	0.5	-13.125	16.3125

1495825590396	0.75	-12.6875	16.5

