1495729029168	97.601006	-48.1635	-42.84125

1495729029237	97.52625	-48.0885	-42.916

1495729029307	97.676254	-48.163498	-42.9535

1495729029377	97.45125	-48.3135	-43.103256

1495729029447	97.488754	-48.388504	-43.103256

1495729029520	97.75101	-48.613503	-43.06575

1495729029587	97.826004	-48.576	-42.991

1495729029662	97.826004	-48.3885	-42.916252

1495729029728	97.901	-48.3135	-42.80375

1495729029799	97.976	-48.2385	-42.841248

1495729029867	98.050995	-48.276	-42.878498

1495729029937	98.201	-48.238503	-42.8035

1495729030007	97.78874	-48.126	-42.916

1495729030077	97.45149	-47.9385	-42.878498

1495729030147	97.226494	-48.0135	-42.878498

1495729030217	97.413994	-48.163498	-43.02825

1495729030287	97.75124	-48.126	-43.02825

1495729030357	98.08849	-48.163498	-43.065754

1495729030427	98.08849	-48.126	-43.103256

1495729030497	97.976	-48.051	-43.06575

1495729030567	97.90099	-48.126	-43.06575

1495729030637	97.71349	-48.2385	-42.990997

1495729030711	97.6385	-48.088497	-42.87875

1495729030779	97.7135	-48.088497	-42.841503

1495729030848	97.526	-48.200996	-42.916252

1495729030919	97.638504	-48.3135	-42.991005

1495729030988	98.013504	-48.4635	-43.103256

1495729031063	97.60125	-48.4635	-43.140503

1495729031127	97.78875	-48.350998	-43.02825

1495729031199	97.78875	-48.0885	-42.990753

1495729031267	97.78875	-47.9385	-42.990753

1495729031339	97.8635	-47.975998	-42.916

1495729031411	97.901	-47.901	-42.9535

1495729031479	97.7135	-48.0885	-42.878754

1495729031547	97.601	-48.0885	-42.84125

1495729031617	97.48875	-48.0885	-42.87875

1495729031691	97.26375	-48.201	-42.916

1495729031759	97.26375	-48.0885	-42.99075

1495729031828	96.964	-48.276	-42.9535

1495729031898	97.37625	-48.388496	-42.9535

1495729031967	97.60125	-48.2385	-42.916252

1495729032037	97.713745	-48.201	-42.8415

1495729032107	97.976	-48.126	-42.87875

1495729032186	97.7135	-48.013496	-42.916

1495729032249	97.675995	-48.163498	-42.916

1495729032317	97.6385	-48.163498	-42.9535

1495729032387	97.6385	-48.2385	-42.9535

1495729032457	97.675995	-48.163498	-42.87875

1495729032527	97.5635	-48.201	-42.80375

1495729032598	97.863495	-48.163498	-42.76625

1495729032670	97.93849	-48.126	-42.76625

1495729032738	98.0885	-48.201	-42.8785

1495729032812	98.276	-48.126	-42.953503

1495729032877	98.388245	-48.126	-42.953503

1495729032947	98.23825	-48.126	-42.916252

1495729033017	98.08824	-47.976	-42.804

1495729033087	97.78825	-47.976	-42.84125

1495729033160	97.675995	-48.27575	-42.916

1495729033237	97.7885	-48.313248	-42.95325

1495729033310	97.751	-48.650497	-42.95325

1495729033367	97.901	-48.650497	-42.95325

1495729033441	97.7135	-48.61325	-42.916

1495729033507	97.826004	-48.61325	-42.76625

1495729033583	98.051	-48.501	-42.72875

1495729033662	98.051	-48.501	-42.6915

1495729033718	97.8635	-48.2385	-42.6915

1495729033791	97.4885	-48.201	-42.766502

1495729033858	97.3385	-48.0885	-42.87875

1495729033927	97.413506	-47.976	-42.87875

1495729033999	97.451004	-48.0885	-42.80375

1495729034072	97.826004	-48.051003	-42.878498

