1496211040827	0.00532907	-0.008659739	0.003197442

1496211040837	0.017452704	-0.021715961	0.009725553

1496211040849	0.0	0.002131628	0.008659739

1496211040857	0.015187849	-0.019584332	0.009725553

1496211040869	0.00532907	0.001065814	0.015187849

1496211040877	0.015187849	-0.008659739	0.009725553

1496211040887	0.022781774	-0.002131628	0.020650147

1496211040899	0.0	-0.0065281107	0.015187849

1496211040907	0.003197442	0.008659739	0.014122035

1496211040917	0.020650147	-0.019584332	0.008659739

1496211040927	0.00532907	0.002131628	0.010791367

1496211040937	0.019584332	-0.0075939246	0.008659739

1496211040947	0.015187849	-0.27258193	0.0065281107

1496211040959	0.009725553	-0.002131628	0.0119904075

1496211040967	0.0075939246	-0.004263256	0.00532907

1496211040977	0.004263256	0.010791367	0.010791367

1496211040987	0.018518519	-0.004263256	0.014122035

1496211040997	0.00532907	0.008659739	0.0119904075

1496211041008	0.014122035	0.003197442	0.010791367

1496211041017	0.010791367	0.00532907	0.014122035

1496211041027	0.009725553	-0.003197442	0.013056221

1496211041037	0.004263256	0.00532907	0.015187849

1496211041048	0.004263256	0.00532907	0.013056221

1496211041058	0.0119904075	0.001065814	0.0119904075

1496211041067	0.009725553	-0.001065814	0.008659739

1496211041077	0.0119904075	0.00532907	0.015187849

1496211041087	0.0075939246	-0.003197442	0.014122035

1496211041097	0.008659739	-0.0075939246	0.017452704

1496211041110	0.013056221	-0.001065814	0.0065281107

1496211041127	0.014122035	0.00532907	0.009725553

1496211041138	0.019584332	-0.002131628	0.002131628

1496211041149	0.009725553	-0.003197442	0.013056221

1496211041158	0.0075939246	0.016253663	0.0119904075

1496211041167	0.013056221	-0.014122035	0.017452704

1496211041177	0.00532907	0.016253663	0.015187849

1496211041187	0.014122035	0.001065814	0.009725553

1496211041197	0.018518519	0.022781774	0.009725553

1496211041209	0.010791367	0.016253663	0.00532907

1496211041217	0.017452704	0.02504663	0.0075939246

1496211041227	0.02504663	-0.008659739	0.0119904075

1496211041237	0.0065281107	0.014122035	0.010791367

1496211041247	0.016253663	-0.0075939246	0.015187849

1496211041258	0.004263256	0.009725553	0.015187849

1496211041267	0.0065281107	-0.003197442	0.0075939246

1496211041277	0.0119904075	0.001065814	0.013056221

1496211041287	0.0119904075	-0.008659739	0.003197442

1496211041297	0.0075939246	0.00532907	0.016253663

1496211041308	0.014122035	-0.014122035	0.009725553

1496211041317	0.017452704	-0.00532907	0.010791367

1496211041327	0.00532907	-0.010791367	0.010791367

1496211041337	0.00532907	-0.002131628	0.017452704

1496211041348	0.0	0.0065281107	0.015187849

1496211041357	0.010791367	-0.022781774	0.009725553

1496211041367	-0.003197442	-0.010791367	0.019584332

1496211041377	-0.004263256	-0.016253663	0.013056221

1496211041387	0.001065814	-0.009725553	0.013056221

1496211041399	0.003197442	-0.021715961	0.008659739

1496211041419	0.008659739	-0.022781774	0.015187849

1496211041428	-0.014122035	0.002131628	0.0119904075

1496211041437	-0.003197442	-0.013056221	0.010791367

1496211041448	0.003197442	-0.009725553	0.013056221

1496211041458	-0.00532907	-0.016253663	0.0119904075

1496211041467	-0.009725553	-0.009725553	0.015187849

1496211041482	-0.0065281107	-0.014122035	0.0065281107

1496211041487	-0.010791367	-0.001065814	0.0119904075

1496211041497	-0.003197442	-0.004263256	0.009725553

1496211041508	-0.0075939246	-0.001065814	0.009725553

1496211041517	-0.009725553	0.0075939246	0.013056221

1496211041527	0.001065814	0.0075939246	0.010791367

1496211041537	-0.003197442	0.010791367	0.015187849

1496211041547	-0.013056221	0.016253663	0.013056221

1496211041557	-0.002131628	-0.002131628	0.014122035

1496211041567	-0.0065281107	0.020650147	0.008659739

1496211041577	0.004263256	0.00532907	0.009725553

1496211041587	0.003197442	0.016253663	0.0119904075

1496211041597	0.004263256	0.008659739	0.00532907

1496211041609	0.0065281107	0.013056221	0.008659739

1496211041617	0.0065281107	0.00532907	0.0075939246

1496211041627	0.0065281107	0.016253663	0.003197442

1496211041637	0.017452704	-0.00532907	0.015187849

1496211041648	0.0075939246	0.020650147	0.0119904075

1496211041658	0.014122035	0.014122035	0.0075939246

1496211041667	0.015187849	0.019584332	0.008659739

1496211041677	0.019584332	0.010791367	0.009725553

1496211041687	0.014122035	0.018518519	0.0119904075

1496211041697	0.021715961	0.002131628	0.009725553

1496211041710	0.03157474	0.00532907	0.008659739

1496211041727	0.020650147	0.022781774	0.0

1496211041738	0.02504663	0.019584332	0.016253663

1496211041749	0.029443111	0.004263256	0.0065281107

1496211041759	0.030508926	0.015187849	0.013056221

1496211041767	0.037037037	0.002131628	0.008659739

1496211041777	0.04023448	0.023980815	0.0075939246

1496211041787	0.046895817	0.00532907	0.009725553

1496211041797	0.045696776	0.015187849	0.00532907

1496211041808	0.053423926	0.003197442	0.010791367

1496211041818	0.035971224	0.02504663	0.014122035

1496211041828	0.051159073	0.004263256	0.001065814

1496211041837	0.05009326	0.008659739	0.009725553

1496211041847	0.042499334	0.008659739	0.002131628

1496211041858	0.05009326	0.013056221	0.003197442

1496211041867	0.042499334	0.003197442	0.004263256

1496211041877	0.04143352	0.017452704	0.003197442

1496211041887	0.051159073	0.00532907	0.008659739

1496211041897	0.045696776	0.017452704	0.013056221

1496211041909	0.04143352	0.0075939246	0.003197442

1496211041927	0.027178258	0.019584332	0.003197442

1496211041938	0.032640554	0.008659739	0.009725553

1496211041950	0.039168663	0.002131628	0.009725553

1496211041969	0.02504663	0.014122035	0.014122035

1496211041971	0.021715961	-0.004263256	0.0075939246

1496211041977	0.030508926	0.009725553	0.009725553

1496211041987	0.032640554	-0.009725553	0.004263256

1496211041997	0.026112443	0.0075939246	0.008659739

1496211042009	0.018518519	-0.00532907	0.0075939246

1496211042017	0.009725553	0.002131628	0.00532907

1496211042027	0.020650147	-0.030508926	0.00532907

1496211042037	0.008659739	0.0	0.008659739

1496211042048	0.014122035	-0.017452704	0.004263256

1496211042058	0.014122035	-0.00532907	0.009725553

1496211042067	0.027178258	-0.022781774	0.002131628

1496211042077	0.019584332	-0.010791367	0.003197442

1496211042087	0.019584332	-0.021715961	0.002131628

1496211042097	0.021715961	-0.0065281107	0.0065281107

1496211042108	0.015187849	-0.018518519	0.0075939246

1496211042117	0.0065281107	-0.008659739	0.004263256

1496211042127	0.016253663	-0.010791367	0.00532907

1496211042137	0.018518519	-0.008659739	0.0075939246

1496211042148	0.0119904075	0.0065281107	0.009725553

1496211042160	0.017452704	-0.00532907	-0.001065814

1496211042167	0.022781774	-0.013056221	0.009725553

1496211042177	0.0119904075	-0.0119904075	0.0075939246

1496211042187	0.0075939246	-0.003197442	0.008659739

1496211042201	0.016253663	-0.0075939246	0.0075939246

1496211042215	0.0	0.0	0.010791367

1496211042217	0.001065814	0.002131628	0.017452704

1496211042227	-0.0075939246	-0.0065281107	0.013056221

1496211042237	-0.010791367	-0.0075939246	0.0065281107

1496211042248	-0.015187849	-0.010791367	0.017452704

1496211042258	-0.008659739	-0.010791367	0.017452704

1496211042267	-0.003197442	-0.016253663	0.018518519

1496211042277	-0.001065814	-0.015187849	0.019584332

1496211042287	-0.00532907	-0.0065281107	0.0119904075

1496211042297	-0.00532907	-0.002131628	0.013056221

1496211042310	-0.03157474	-0.026112443	0.016253663

1496211042327	-0.037037037	-0.023980815	0.014122035

1496211042337	-0.030508926	-0.017452704	0.010791367

1496211042348	-0.017452704	-0.003197442	0.010791367

1496211042358	-0.00532907	-0.004263256	0.010791367

1496211042367	-0.008659739	-0.001065814	0.0065281107

1496211042377	-0.0119904075	-0.010791367	0.008659739

1496211042387	-0.039168663	0.009725553	0.015187849

1496211042397	-0.013056221	-0.027178258	0.016253663

1496211042407	-0.026112443	-0.002131628	0.009725553

1496211042417	0.0065281107	-0.02504663	0.010791367

1496211042427	0.00532907	0.00532907	0.009725553

1496211042437	0.020650147	-0.003197442	0.009725553

1496211042448	0.009725553	0.0119904075	0.016253663

1496211042462	-0.00532907	0.008659739	0.015187849

1496211042478	-0.0075939246	-0.00532907	0.013056221

1496211042488	0.0065281107	-0.004263256	0.013056221

1496211042512	0.0	-0.003197442	0.017452704

1496211042514	0.014122035	0.002131628	0.008659739

1496211042528	0.016253663	0.0065281107	0.010791367

1496211042537	0.0119904075	0.009725553	0.010791367

1496211042548	0.021715961	0.0065281107	0.0119904075

1496211042558	0.015187849	0.00532907	0.0065281107

1496211042567	0.016253663	0.0065281107	0.010791367

1496211042577	0.010791367	0.004263256	0.016253663

1496211042587	0.008659739	0.013056221	0.013056221

1496211042597	0.020650147	-0.002131628	0.0075939246

1496211042610	0.015187849	0.008659739	0.0119904075

1496211042617	0.02504663	-0.002131628	0.018518519

1496211042627	0.02504663	0.0065281107	0.0119904075

1496211042637	0.030508926	-0.004263256	0.0075939246

1496211042649	0.030508926	0.008659739	0.0065281107

1496211042658	0.02504663	-0.002131628	0.013056221

1496211042667	0.015187849	0.002131628	0.014122035

1496211042677	0.019584332	-0.010791367	0.015187849

1496211042687	0.00532907	0.002131628	0.008659739

1496211042697	0.029443111	-0.021715961	0.009725553

1496211042708	0.018518519	-0.009725553	0.0065281107

1496211042730	0.03157474	-0.021715961	0.00532907

1496211042740	0.03157474	-0.00532907	0.0075939246

1496211042746	0.034905408	-0.016253663	0.008659739

1496211042759	0.015187849	-0.023980815	0.009725553

1496211042760	0.0065281107	-0.014122035	0.0119904075

1496211042767	0.019584332	-0.034905408	0.0119904075

1496211042777	0.014122035	-0.009725553	0.0119904075

1496211042787	0.022781774	-0.020650147	0.015187849

1496211042797	0.015187849	-0.004263256	0.009725553

1496211042808	0.0119904075	-0.010791367	0.00532907

1496211042817	0.0119904075	-0.017452704	0.0075939246

1496211042827	0.004263256	-0.020650147	0.002131628

1496211042837	0.0075939246	-0.002131628	0.009725553

1496211042849	0.009725553	-0.009725553	0.014122035

1496211042860	0.004263256	-0.013056221	0.013056221

1496211042867	-0.003197442	-0.0065281107	0.019584332

1496211042877	-0.026112443	-0.0119904075	0.0065281107

1496211042888	-0.019584332	-0.008659739	0.0065281107

1496211042897	-0.0065281107	-0.0119904075	0.0119904075

1496211042908	-0.016253663	-0.003197442	0.010791367

1496211042917	-0.003197442	-0.015187849	0.003197442

1496211042927	0.0	-0.001065814	0.010791367

1496211042937	-0.010791367	0.002131628	0.013056221

1496211042948	-0.003197442	-0.004263256	0.004263256

1496211042958	-0.020650147	0.0075939246	0.0119904075

1496211042967	-0.009725553	-0.002131628	0.010791367

1496211042977	-0.015187849	0.001065814	0.0119904075

1496211042987	-0.0065281107	0.001065814	0.008659739

1496211042997	-0.004263256	0.014122035	0.0065281107

1496211043008	-0.008659739	0.001065814	0.0075939246

1496211043017	-0.009725553	0.019584332	0.0075939246

1496211043027	0.0	0.003197442	0.001065814

1496211043037	-0.0065281107	0.015187849	0.0065281107

1496211043047	-0.00532907	0.009725553	0.003197442

1496211043058	-0.003197442	0.0075939246	0.0065281107

1496211043067	0.009725553	0.013056221	0.004263256

1496211043087	0.00532907	0.0065281107	0.003197442

1496211043097	-0.004263256	0.0119904075	0.002131628

1496211043108	0.0075939246	0.004263256	0.003197442

1496211043117	0.00532907	0.013056221	0.010791367

1496211043127	0.013056221	0.0065281107	0.016253663

1496211043137	0.014122035	0.009725553	0.0075939246

1496211043148	0.010791367	0.0065281107	0.015187849

1496211043163	0.014122035	0.001065814	0.008659739

1496211043167	0.008659739	-0.001065814	0.0075939246

1496211043177	0.018518519	-0.009725553	0.0065281107

1496211043187	0.016253663	-0.002131628	0.010791367

1496211043199	0.017452704	-0.0075939246	0.013056221

1496211043207	0.017452704	-0.003197442	0.009725553

1496211043217	0.0119904075	-0.001065814	0.0075939246

1496211043227	0.019584332	-0.002131628	0.00532907

1496211043237	0.016253663	-0.001065814	0.0065281107

1496211043249	0.014122035	-0.003197442	0.0065281107

1496211043258	0.022781774	-0.001065814	0.013056221

1496211043267	0.023980815	-0.016253663	0.009725553

1496211043277	0.021715961	-0.004263256	0.010791367

1496211043287	0.033706367	-0.008659739	0.016253663

1496211043297	0.0065281107	0.009725553	0.0075939246

1496211043308	0.029443111	-0.015187849	0.003197442

1496211043317	0.008659739	0.002131628	0.00532907

1496211043327	0.015187849	-0.0119904075	0.0075939246

1496211043337	0.0075939246	0.013056221	0.0065281107

1496211043347	0.004263256	0.0075939246	0.013056221

1496211043358	0.001065814	-0.008659739	0.008659739

1496211043367	-0.00532907	0.009725553	0.013056221

1496211043377	0.0	-0.003197442	0.015187849

1496211043387	-0.004263256	0.010791367	0.0065281107

1496211043398	0.0065281107	0.001065814	0.009725553

1496211043409	0.003197442	0.017452704	0.009725553

1496211043417	0.015187849	-0.002131628	0.008659739

1496211043427	0.0	0.0119904075	0.013056221

1496211043442	-0.002131628	0.0075939246	0.013056221

1496211043449	0.004263256	0.00532907	0.010791367

1496211043460	-0.016253663	0.009725553	0.010791367

1496211043467	-0.004263256	0.001065814	0.0065281107

1496211043477	-0.0065281107	0.02504663	0.008659739

1496211043487	0.0075939246	0.010791367	0.014122035

1496211043497	0.008659739	0.010791367	0.0075939246

1496211043508	-0.003197442	0.008659739	-0.002131628

1496211043517	0.010791367	0.013056221	-0.002131628

1496211043532	0.003197442	0.0119904075	0.008659739

1496211043537	0.003197442	0.0119904075	0.004263256

1496211043549	0.014122035	0.0065281107	0.0119904075

1496211043558	0.026112443	-0.008659739	0.009725553

1496211043579	0.017452704	-0.018518519	0.009725553

1496211043587	0.00532907	-0.002131628	0.009725553

1496211043597	0.0119904075	-0.014122035	0.004263256

1496211043608	0.0075939246	-0.004263256	0.00532907

1496211043617	0.008659739	-0.015187849	0.0065281107

1496211043627	0.014122035	-0.013056221	0.015187849

1496211043637	0.016253663	-0.020650147	0.013056221

1496211043647	0.010791367	-0.013056221	0.009725553

1496211043658	0.0119904075	-0.021715961	0.002131628

1496211043667	0.0075939246	-0.0119904075	0.0119904075

1496211043677	0.002131628	-0.020650147	0.00532907

1496211043687	0.010791367	-0.014122035	0.013056221

1496211043697	0.004263256	-0.0119904075	0.008659739

1496211043708	0.008659739	-0.003197442	0.0119904075

1496211043718	0.0075939246	-0.010791367	0.008659739

1496211043727	-0.0075939246	0.0	0.00532907

1496211043737	-0.001065814	-0.017452704	0.0065281107

1496211043749	0.004263256	-0.00532907	0.008659739

1496211043761	0.003197442	-0.0075939246	0.008659739

1496211043767	0.008659739	0.00532907	0.009725553

1496211043777	0.022781774	-0.002131628	0.0119904075

1496211043788	0.013056221	0.0065281107	0.008659739

1496211043797	0.016253663	-0.002131628	0.00532907

1496211043808	0.018518519	0.00532907	0.009725553

1496211043817	0.0119904075	0.003197442	0.003197442

1496211043827	0.009725553	0.009725553	0.001065814

1496211043837	0.015187849	0.003197442	0.003197442

1496211043848	0.0119904075	0.013056221	0.0065281107

1496211043858	0.016253663	0.002131628	0.019584332

1496211043867	0.0075939246	0.018518519	0.013056221

1496211043877	0.023980815	0.003197442	0.009725553

1496211043887	0.0119904075	0.029443111	0.013056221

1496211043897	0.02824407	0.001065814	0.0075939246

1496211043908	0.023980815	0.016253663	0.013056221

1496211043917	0.021715961	-0.001065814	0.0075939246

1496211043927	0.026112443	0.014122035	0.014122035

1496211043937	0.019584332	0.0	0.013056221

1496211043948	0.015187849	-0.008659739	0.008659739

1496211043960	0.004263256	0.010791367	0.0119904075

1496211043967	0.019584332	-0.008659739	0.013056221

1496211043985	0.018518519	-0.0075939246	0.004263256

1496211043987	0.021715961	-0.0075939246	0.008659739

1496211043997	0.021715961	-0.0075939246	0.010791367

1496211044008	0.016253663	-0.0119904075	0.0075939246

1496211044017	0.023980815	-0.020650147	0.010791367

1496211044027	0.015187849	-0.014122035	0.016253663

1496211044037	0.017452704	-0.014122035	0.0065281107

1496211044048	0.017452704	-0.015187849	0.0075939246

1496211044059	0.015187849	-0.014122035	0.008659739

1496211044068	0.020650147	-0.016253663	0.0075939246

1496211044077	0.0065281107	-0.023980815	0.0065281107

1496211044087	0.009725553	-0.013056221	0.009725553

1496211044097	0.009725553	-0.017452704	0.009725553

1496211044108	0.004263256	-0.004263256	0.00532907

1496211044117	0.0119904075	-0.0119904075	0.008659739

1496211044127	0.022781774	-0.002131628	0.010791367

1496211044137	0.013056221	0.00532907	0.020650147

1496211044149	0.018518519	-0.017452704	0.010791367

1496211044158	0.0075939246	-0.001065814	0.0119904075

1496211044167	0.0075939246	-0.010791367	0.017452704

1496211044177	0.0	0.0075939246	0.015187849

1496211044187	0.019584332	-0.014122035	0.016253663

1496211044197	0.003197442	0.014122035	0.017452704

1496211044207	0.022781774	-0.004263256	0.010791367

1496211044217	0.019584332	0.00532907	0.018518519

1496211044227	0.026112443	-0.004263256	0.008659739

1496211044237	0.016253663	0.0065281107	0.016253663

1496211044247	0.0119904075	-0.00532907	0.020650147

1496211044258	0.010791367	0.003197442	0.020650147

1496211044267	0.020650147	-0.009725553	0.017452704

1496211044277	0.015187849	0.013056221	0.016253663

1496211044287	0.032640554	0.0	0.019584332

1496211044297	0.014122035	0.003197442	0.0119904075

1496211044311	0.009725553	0.001065814	0.019584332

1496211044327	0.019584332	0.0065281107	0.018518519

1496211044337	0.0119904075	0.003197442	0.014122035

1496211044349	0.019584332	-0.015187849	0.018518519

1496211044358	0.018518519	0.001065814	0.020650147

1496211044367	0.018518519	-0.010791367	0.018518519

1496211044377	0.013056221	0.004263256	0.014122035

1496211044387	0.016253663	-0.009725553	0.016253663

1496211044398	0.0	0.010791367	0.014122035

1496211044408	0.020650147	-0.015187849	0.020650147

1496211044417	0.013056221	0.010791367	0.019584332

1496211044427	0.004263256	0.003197442	0.020650147

1496211044437	0.008659739	0.018518519	0.018518519

1496211044448	0.016253663	0.002131628	0.018518519

1496211044458	-0.003197442	0.020650147	0.016253663

1496211044467	0.014122035	-0.002131628	0.009725553

1496211044477	0.00532907	0.004263256	0.021715961

1496211044487	0.00532907	0.004263256	0.019584332

1496211044497	0.0119904075	0.002131628	0.017452704

1496211044507	0.002131628	-0.001065814	0.015187849

1496211044517	0.004263256	-0.004263256	0.018518519

1496211044527	0.004263256	-0.002131628	0.013056221

1496211044537	-0.015187849	-0.004263256	0.021715961

1496211044549	-0.00532907	-0.0065281107	0.030508926

1496211044563	-0.009725553	0.00532907	0.018518519

1496211044568	0.001065814	-0.003197442	0.021715961

1496211044577	0.013056221	-0.0075939246	0.013056221

1496211044587	0.0075939246	-0.008659739	0.018518519

1496211044597	0.002131628	0.002131628	0.017452704

1496211044610	-0.008659739	0.004263256	0.017452704

1496211044617	0.002131628	0.003197442	0.016253663

1496211044627	-0.004263256	0.015187849	0.018518519

1496211044637	-0.0119904075	0.018518519	0.017452704

1496211044648	-0.00532907	0.018518519	0.016253663

1496211044658	-0.0065281107	0.023980815	0.014122035

1496211044667	0.003197442	0.013056221	0.019584332

1496211044677	0.0075939246	0.019584332	0.017452704

1496211044687	0.013056221	-0.001065814	0.017452704

1496211044698	0.004263256	0.009725553	0.017452704

1496211044708	0.015187849	0.008659739	0.021715961

1496211044717	0.008659739	0.019584332	0.021715961

1496211044727	0.015187849	-0.001065814	0.017452704

1496211044737	0.016253663	-0.008659739	0.020650147

1496211044749	-0.002131628	0.004263256	0.015187849

1496211044758	0.013056221	-0.023980815	0.019584332

1496211044767	0.0065281107	0.003197442	0.0119904075

1496211044777	0.014122035	-0.008659739	0.018518519

1496211044787	0.015187849	-0.002131628	0.020650147

1496211044797	0.015187849	-0.016253663	0.015187849

1496211044808	0.0075939246	-0.010791367	0.017452704

1496211044817	0.0075939246	-0.009725553	0.017452704

1496211044827	0.017452704	-0.009725553	0.013056221

1496211044837	0.013056221	-0.004263256	0.014122035

1496211044848	0.008659739	-0.002131628	0.014122035

1496211044861	0.018518519	-0.003197442	0.020650147

1496211044867	0.0075939246	-0.017452704	0.0119904075

1496211044886	0.008659739	-0.002131628	0.013056221

1496211044889	0.008659739	-0.014122035	0.019584332

1496211044898	0.003197442	0.003197442	0.0119904075

1496211044914	0.001065814	0.0	0.013056221

1496211044927	0.013056221	-0.018518519	0.019584332

1496211044937	0.015187849	-0.014122035	0.017452704

1496211044949	0.014122035	0.00532907	0.014122035

1496211044958	0.017452704	-0.0119904075	0.020650147

1496211044967	0.001065814	-0.002131628	0.016253663

1496211044977	0.023980815	-0.023980815	0.010791367

1496211044987	0.003197442	0.013056221	0.016253663

1496211044997	0.0119904075	-0.00532907	0.015187849

1496211045007	0.009725553	-0.001065814	0.017452704

1496211045017	0.0075939246	-0.00532907	0.0119904075

1496211045028	0.0119904075	0.00532907	0.009725553

1496211045037	0.014122035	-0.003197442	0.0119904075

1496211045050	0.008659739	-0.001065814	0.009725553

1496211045063	0.0065281107	-0.014122035	0.0075939246

1496211045087	0.010791367	-0.015187849	0.008659739

1496211045088	0.0065281107	-0.003197442	0.008659739

1496211045097	0.017452704	-0.003197442	0.00532907

1496211045108	0.019584332	0.001065814	0.0075939246

1496211045127	0.004263256	-0.009725553	0.0119904075

1496211045137	0.004263256	-0.009725553	0.009725553

1496211045147	0.014122035	-0.003197442	0.017452704

1496211045158	0.0075939246	-0.0075939246	0.010791367

1496211045167	0.009725553	0.010791367	0.014122035

1496211045177	0.015187849	-0.004263256	0.0119904075

1496211045187	0.004263256	0.022781774	0.014122035

1496211045197	0.03157474	-0.009725553	0.014122035

1496211045209	0.0065281107	0.002131628	0.016253663

1496211045217	0.0075939246	-0.013056221	0.010791367

1496211045227	0.00532907	0.003197442	0.014122035

1496211045237	0.003197442	-0.009725553	0.009725553

1496211045248	0.004263256	0.0	0.0119904075

1496211045258	0.008659739	-0.020650147	0.009725553

1496211045267	-0.002131628	-0.0065281107	0.010791367

1496211045277	0.004263256	-0.021715961	0.010791367

1496211045287	0.013056221	-0.027178258	0.013056221

1496211045298	-0.009725553	-0.022781774	0.013056221

1496211045308	-0.001065814	-0.019584332	0.008659739

1496211045327	0.00532907	-0.018518519	0.008659739

1496211045337	0.003197442	-0.016253663	0.009725553

1496211045348	-0.004263256	-0.00532907	0.013056221

1496211045358	0.003197442	-0.015187849	0.015187849

1496211045367	-0.015187849	0.003197442	0.008659739

1496211045377	-0.014122035	-0.00532907	0.010791367

1496211045387	-0.0119904075	-0.001065814	0.0119904075

1496211045397	-0.010791367	0.001065814	0.017452704

1496211045408	-0.014122035	0.015187849	0.016253663

1496211045417	-0.010791367	0.020650147	0.008659739

1496211045427	0.0	0.021715961	0.0119904075

1496211045437	0.00532907	0.014122035	0.010791367

1496211045448	-0.002131628	0.035971224	0.0075939246

1496211045461	-0.010791367	0.042499334	0.008659739

1496211045477	-0.003197442	0.026112443	0.013056221

1496211045487	-0.009725553	0.04143352	0.018518519

1496211045513	-0.0065281107	0.03810285	0.013056221

1496211045515	-0.014122035	0.021715961	0.014122035

1496211045527	-0.0075939246	0.009725553	0.003197442

1496211045537	-0.015187849	0.010791367	0.008659739

1496211045548	-0.0065281107	-0.001065814	0.009725553

1496211045558	-0.015187849	-0.004263256	0.010791367

1496211045567	-0.017452704	-0.018518519	0.0119904075

1496211045577	-0.018518519	-0.009725553	0.0075939246

1496211045587	-0.013056221	-0.018518519	0.0065281107

1496211045597	-0.008659739	-0.020650147	0.008659739

1496211045608	-0.010791367	-0.014122035	0.00532907

1496211045617	-0.008659739	-0.015187849	0.009725553

1496211045627	-0.004263256	-0.010791367	0.014122035

1496211045637	0.0	-0.019584332	0.009725553

1496211045648	0.002131628	-0.0119904075	0.013056221

1496211045658	-0.002131628	-0.022781774	0.010791367

1496211045667	-0.001065814	-0.002131628	0.003197442

1496211045677	0.008659739	-0.02824407	0.014122035

1496211045687	-0.009725553	0.00532907	0.00532907

1496211045697	0.0065281107	-0.013056221	0.009725553

1496211045708	0.0075939246	-0.010791367	0.0119904075

1496211045717	0.0075939246	-0.010791367	0.017452704

1496211045727	0.001065814	0.0065281107	0.015187849

1496211045737	0.009725553	0.017452704	0.015187849

1496211045748	0.009725553	0.009725553	0.0119904075

1496211045759	0.014122035	0.022781774	0.009725553

1496211045767	0.014122035	0.014122035	0.014122035

1496211045777	0.009725553	0.018518519	0.014122035

1496211045787	0.0065281107	0.009725553	0.010791367

1496211045797	0.010791367	0.009725553	0.0119904075

1496211045810	0.0075939246	0.009725553	0.009725553

