1496004678740	2.1	21.3	-39.899998

1496004678753	2.34	21.06	-39.54

1496004678757	2.22	21.3	-39.96

1496004678765	2.22	21.3	-39.96

1496004678778	2.34	21.06	-39.84

1496004678789	2.28	20.88	-39.84

1496004678799	2.1	21.06	-39.899998

1496004678808	2.04	20.82	-40.02

1496004678815	2.34	20.82	-39.899998

1496004678828	1.92	20.939999	-40.14

1496004678835	1.92	20.88	-40.02

1496004678846	2.04	21.06	-40.02

1496004678857	1.8	21.119999	-40.02

1496004678867	1.86	21.3	-40.14

1496004678879	2.04	21.119999	-39.84

1496004678885	2.04	21.42	-39.42

1496004678897	1.74	21.24	-39.48

1496004678905	1.86	21.0	-39.42

1496004678918	1.8	21.06	-39.48

1496004678925	1.56	20.88	-39.42

1496004678938	1.74	21.119999	-39.48

1496004678947	2.1	21.0	-39.66

1496004678965	1.86	20.939999	-40.02

1496004678975	1.74	21.06	-40.32

1496004678985	1.92	21.06	-40.26

1496004678997	2.1599998	21.119999	-40.26

1496004679005	2.22	21.06	-40.2

1496004679017	2.34	21.06	-40.379997

1496004679025	2.3999999	20.939999	-40.26

1496004679037	1.92	20.88	-40.2

1496004679048	1.92	21.119999	-40.079998

1496004679059	1.92	21.119999	-40.02

1496004679067	1.92	21.119999	-39.78

1496004679076	1.74	21.119999	-39.78

1496004679089	1.92	20.939999	-39.719997

1496004679095	1.8	20.939999	-39.6

1496004679106	1.62	20.76	-39.54

1496004679118	1.92	21.06	-39.42

1496004679127	1.92	20.939999	-39.36

1496004679136	2.1599998	20.88	-39.54

1496004679145	2.1599998	20.88	-39.899998

1496004679156	2.1599998	21.06	-39.84

1496004679169	2.1599998	20.939999	-39.899998

1496004679175	2.28	21.24	-39.899998

1496004679185	2.28	21.24	-39.96

1496004679195	2.1	21.18	-40.14

1496004679215	2.1599998	21.18	-40.26

1496004679225	2.22	20.939999	-40.2

1496004679237	2.1	20.82	-40.14

1496004679255	2.1	20.52	-40.14

1496004679270	2.22	20.64	-40.02

1496004679275	2.3999999	20.4	-40.14

1496004679289	2.58	20.64	-40.02

1496004679297	2.7	20.64	-40.079998

1496004679309	2.8799999	20.64	-40.079998

1496004679325	2.82	20.699999	-39.78

1496004679336	2.76	21.119999	-39.78

1496004679345	2.8799999	21.119999	-39.78

1496004679358	2.3999999	21.119999	-39.719997

1496004679367	2.1	21.3	-39.719997

1496004679378	1.86	21.18	-39.66

1496004679387	1.86	21.06	-39.66

1496004679395	1.8	20.88	-39.66

1496004679405	1.8	20.88	-39.899998

1496004679415	2.04	20.46	-39.899998

1496004679427	2.04	20.699999	-39.96

1496004679437	2.28	20.88	-40.079998

1496004679446	2.3999999	20.88	-40.14

1496004679455	2.46	20.64	-40.2

1496004679476	2.46	20.88	-40.2

1496004679496	2.46	21.119999	-40.2

1496004679512	2.28	21.06	-40.379997

1496004679520	2.34	21.18	-40.079998

1496004679526	2.46	21.06	-39.96

1496004679535	2.46	21.06	-40.14

1496004679538	2.34	21.24	-39.719997

1496004679541	2.58	21.3	-39.84

1496004679598	2.7	21.06	-39.48

1496004679602	2.76	21.0	-39.48

1496004679604	3.12	21.06	-39.059998

1496004679607	3.0	21.06	-39.48

1496004679610	2.8799999	21.06	-39.6

1496004679613	2.8799999	21.3	-39.42

1496004679616	2.82	20.88	-39.719997

1496004679620	2.58	21.119999	-39.6

1496004679632	2.3999999	21.119999	-39.899998

1496004679637	2.34	21.119999	-39.54

1496004679647	2.1599998	21.3	-39.54

1496004679657	2.04	21.3	-39.12

1496004679668	1.86	21.48	-38.879997

1496004679675	1.86	21.24	-39.059998

1496004679685	2.1	21.48	-39.0

1496004679695	2.1	21.06	-39.059998

1496004679705	2.1599998	21.24	-39.0

1496004679715	2.04	20.939999	-39.3

1496004679726	2.1	20.76	-39.6

1496004679736	2.28	21.119999	-39.899998

1496004679751	2.58	20.939999	-40.079998

1496004679759	2.58	21.06	-39.96

1496004679775	2.58	20.82	-39.96

1496004679785	2.76	20.88	-40.02

1496004679798	2.82	20.64	-40.32

1496004679805	2.76	20.88	-40.32

1496004679819	2.76	20.88	-40.379997

1496004679825	2.7	20.52	-40.379997

1496004679839	2.34	20.76	-40.26

1496004679848	2.34	20.52	-39.899998

1496004679868	2.46	20.88	-39.899998

1496004679878	2.58	20.939999	-39.84

1496004679889	2.3999999	20.88	-39.66

1496004679898	2.6399999	20.699999	-39.6

1496004679906	2.28	20.699999	-39.6

1496004679915	2.1599998	20.64	-39.66

1496004679927	2.3999999	20.279999	-39.6

1496004679935	2.3999999	20.279999	-39.6

1496004679949	2.28	20.22	-39.66

1496004679959	2.1	20.22	-39.719997

1496004679965	2.1	20.64	-39.66

1496004679978	1.92	20.76	-39.66

1496004679988	2.34	20.939999	-39.66

1496004679995	2.46	21.24	-39.66

1496004680007	2.3999999	21.3	-39.96

1496004680018	2.28	21.3	-40.44

1496004680025	2.1	20.88	-40.44

1496004680038	2.22	21.119999	-40.079998

1496004680048	2.22	20.88	-39.719997

1496004680058	2.3999999	21.0	-39.84

1496004680067	2.1599998	21.119999	-39.719997

1496004680078	1.92	21.359999	-39.6

1496004680085	1.8	21.539999	-39.3

1496004680095	1.74	21.539999	-39.18

1496004680107	2.04	22.14	-39.239998

1496004680117	1.68	21.9	-39.54

1496004680128	1.56	21.84	-39.96

1496004680137	1.5	21.84	-40.02

1496004680146	1.62	21.42	-40.02

1496004680155	1.8	21.18	-40.02

1496004680165	1.8	21.06	-40.2

1496004680175	2.1	21.06	-40.2

1496004680185	2.1	20.88	-40.26

1496004680199	2.3999999	20.88	-40.26

1496004680205	2.58	21.119999	-40.26

1496004680215	2.7	20.88	-40.2

1496004680227	2.58	20.88	-40.379997

1496004680235	2.6399999	20.64	-40.14

1496004680246	2.82	20.58	-39.78

1496004680255	2.82	20.46	-39.36

1496004680270	2.76	20.46	-39.36

1496004680277	2.82	20.4	-39.6

1496004680288	2.7	20.1	-39.54

1496004680302	2.3999999	19.98	-39.6

1496004680317	2.3999999	19.98	-39.48

1496004680336	2.3999999	20.22	-39.719997

1496004680367	2.34	20.279999	-40.2

1496004680386	2.28	20.4	-40.68

1496004680390	2.1	20.4	-40.5

1496004680393	2.1	20.64	-40.26

1496004680397	2.28	20.88	-40.2

1496004680400	2.46	21.119999	-40.14

1496004680404	2.7	21.42	-40.079998

1496004680406	2.7	21.42	-40.14

1496004680409	2.7	21.42	-40.02

1496004680480	2.7	21.42	-39.84

1496004680484	2.7	21.24	-39.899998

1496004680487	2.3999999	21.24	-39.899998

1496004680491	2.34	21.3	-39.899998

1496004680495	2.28	21.359999	-39.899998

1496004680498	2.1	21.48	-39.96

1496004680501	2.1	21.539999	-39.96

1496004680504	2.1	21.539999	-39.96

1496004680507	2.1	21.9	-39.96

1496004680510	2.34	21.9	-40.02

1496004680516	2.58	21.9	-39.719997

1496004680533	2.6399999	21.539999	-39.6

1496004680537	2.7	21.48	-39.54

1496004680549	2.82	21.119999	-39.36

1496004680558	2.82	21.06	-39.36

1496004680568	2.82	21.0	-39.3

1496004680577	2.8799999	20.88	-39.239998

1496004680588	2.8799999	20.82	-39.36

1496004680599	2.9399998	20.58	-39.78

1496004680606	2.9399998	20.64	-39.899998

1496004680615	2.76	20.64	-39.96

1496004680627	2.58	20.699999	-40.2

1496004680635	2.58	20.46	-40.26

1496004680648	2.3999999	20.52	-40.44

1496004680657	2.46	20.46	-40.559998

1496004680669	2.28	20.52	-40.5

1496004680677	2.22	20.82	-40.44

1496004680695	2.28	20.82	-40.379997

1496004680705	2.28	20.64	-40.379997

1496004680715	2.46	20.82	-40.26

1496004680725	2.3999999	21.06	-40.14

1496004680736	2.6399999	21.24	-40.02

1496004680749	2.46	20.88	-39.96

1496004680755	2.6399999	21.119999	-39.899998

1496004680768	2.46	21.24	-39.899998

1496004680778	2.46	21.48	-39.6

1496004680788	2.7	21.72	-39.3

1496004680795	2.76	21.539999	-39.239998

1496004680808	2.6399999	21.359999	-39.48

1496004680819	2.3999999	21.24	-39.6

1496004680825	2.1599998	21.539999	-39.54

1496004680838	2.22	21.48	-39.78

1496004680846	2.1599998	21.359999	-39.66

1496004680859	2.1	21.3	-40.14

1496004680868	1.8	21.06	-40.14

1496004680879	1.8	21.06	-40.2

1496004680885	2.04	21.06	-39.719997

1496004680895	2.04	21.18	-39.66

1496004680905	2.1599998	21.06	-39.66

1496004680915	2.1	20.88	-39.48

1496004680928	2.1599998	20.699999	-39.6

1496004680935	1.86	20.82	-39.36

1496004680945	1.86	20.699999	-39.719997

1496004680955	1.68	20.939999	-39.66

1496004680968	1.62	20.88	-39.96

1496004680978	1.56	20.88	-39.66

1496004680989	1.68	20.88	-39.719997

1496004680998	1.74	21.06	-39.66

1496004681006	1.86	21.18	-39.66

1496004681018	2.1	21.119999	-39.66

1496004681028	2.34	21.48	-39.54

1496004681038	2.46	21.359999	-39.54

1496004681046	2.58	21.48	-39.719997

1496004681055	2.76	21.24	-40.02

1496004681066	2.6399999	21.539999	-40.02

1496004681078	2.58	21.539999	-40.079998

1496004681085	2.58	21.539999	-40.079998

1496004681098	2.6399999	21.9	-40.2

1496004681108	2.3999999	21.48	-40.32

1496004681115	2.22	21.18	-40.2

1496004681125	2.22	21.539999	-40.14

1496004681135	2.28	21.779999	-40.14

1496004681145	2.28	21.359999	-40.14

1496004681233	2.34	21.48	-39.78

1496004681237	2.34	21.3	-39.78

1496004681241	2.34	21.06	-39.6

1496004681247	2.58	21.48	-39.54

1496004681250	2.58	21.72	-39.54

1496004681252	2.28	21.539999	-39.36

1496004681255	2.04	21.539999	-39.3

1496004681258	1.92	21.779999	-39.12

1496004681261	1.86	21.72	-39.42

1496004681265	1.62	21.539999	-39.42

1496004681268	1.26	21.119999	-39.48

1496004681271	1.0799999	20.58	-39.719997

1496004681276	1.14	20.58	-39.78

1496004681301	1.14	20.34	-39.54

1496004681305	1.38	20.16	-39.66

1496004681308	1.68	20.039999	-39.719997

1496004681320	1.8	19.859999	-39.96

1496004681325	2.22	20.039999	-40.2

1496004681338	2.46	20.039999	-40.44

1496004681345	2.6399999	20.1	-40.5

1496004681355	2.6399999	20.1	-40.2

1496004681366	2.82	20.4	-40.68

1496004681375	2.76	20.52	-40.68

1496004681385	2.58	20.699999	-40.739998

1496004681395	2.58	20.88	-40.44

1496004681408	2.28	20.88	-40.2

1496004681415	2.1599998	20.88	-40.02

1496004681428	2.1599998	21.06	-39.899998

1496004681438	2.1599998	20.82	-40.26

1496004681456	2.04	20.82	-40.2

1496004681465	2.1	20.88	-40.2

1496004681476	2.22	21.0	-40.02

1496004681488	2.1599998	21.06	-40.14

1496004681498	2.28	21.3	-40.2

1496004681509	2.22	21.48	-40.14

1496004681516	1.92	21.66	-40.02

1496004681525	2.1599998	21.72	-39.96

1496004681537	2.28	21.48	-39.96

1496004681548	2.1	21.48	-40.079998

1496004681555	1.92	21.18	-40.44

1496004681565	1.92	20.939999	-40.5

1496004681579	1.74	20.699999	-40.5

1496004681587	1.92	20.939999	-40.68

1496004681595	2.22	20.76	-40.68

1496004681607	1.92	20.76	-40.86

1496004681618	1.92	20.76	-40.8

1496004681625	1.92	20.699999	-40.62

1496004681635	2.1599998	21.06	-40.44

1496004681645	2.1	21.06	-40.02

1496004681655	2.28	21.18	-39.899998

1496004681665	2.04	20.939999	-39.84

1496004681676	2.04	20.939999	-39.96

1496004681685	2.04	21.18	-39.66

1496004681698	1.86	21.48	-39.6

1496004681705	2.1	21.48	-39.719997

1496004681718	1.86	21.119999	-39.6

1496004681725	1.74	21.119999	-39.96

1496004681735	1.74	20.939999	-40.079998

1496004681745	1.8	21.18	-40.14

1496004681755	1.8	21.539999	-39.96

1496004681769	1.86	21.48	-40.02

1496004681775	2.1599998	21.48	-40.2

1496004681785	2.1	21.24	-40.14

1496004681795	2.22	21.24	-40.2

1496004681808	2.22	21.24	-40.26

1496004681815	2.22	21.119999	-40.2

1496004681827	2.28	21.06	-40.26

1496004681835	2.34	20.88	-40.2

1496004681848	2.22	20.64	-40.32

1496004681858	2.1	20.46	-40.32

1496004681869	1.92	20.76	-40.32

1496004681875	1.92	20.76	-40.26

1496004681885	1.92	20.699999	-40.079998

1496004681897	1.8	20.939999	-40.26

1496004681908	2.04	20.939999	-40.14

1496004681919	1.8	20.76	-40.26

1496004681927	2.28	21.06	-40.14

1496004681937	2.3999999	21.24	-40.26

1496004681956	2.3999999	20.939999	-40.26

1496004681968	2.3999999	21.119999	-40.379997

1496004681975	2.58	21.539999	-40.44

1496004681988	2.7	21.539999	-40.02

1496004682002	2.6399999	21.539999	-40.02

1496004682025	2.76	21.539999	-40.02

1496004682034	2.3999999	21.539999	-39.96

1496004682042	2.28	21.359999	-39.899998

1496004682065	2.28	21.72	-39.54

1496004682075	2.46	21.72	-39.54

1496004682092	2.46	21.3	-39.6

1496004682096	2.34	21.119999	-39.84

1496004682100	2.3999999	21.0	-39.54

1496004682106	2.22	21.119999	-39.42

1496004682109	2.1599998	21.0	-39.36

1496004682112	1.92	21.24	-39.239998

1496004682115	2.1	20.88	-39.719997

1496004682183	1.86	20.699999	-39.899998

1496004682188	1.74	21.06	-39.66

1496004682191	1.74	21.3	-39.66

1496004682195	1.5	21.3	-40.02

1496004682198	1.68	21.119999	-40.02

1496004682201	1.86	21.119999	-40.2

1496004682205	2.1	20.88	-40.26

1496004682209	2.1599998	21.06	-40.2

1496004682213	2.22	21.18	-40.14

1496004682216	2.22	20.939999	-40.26

1496004682230	2.22	20.699999	-40.44

1496004682239	2.3999999	20.699999	-40.44

1496004682249	2.3999999	20.699999	-40.5

1496004682257	2.3999999	20.699999	-40.5

1496004682268	2.3999999	20.699999	-40.5

1496004682278	2.34	20.52	-40.5

1496004682289	2.28	20.4	-40.5

1496004682299	2.28	20.52	-40.44

1496004682305	2.28	20.699999	-40.379997

1496004682316	2.1599998	20.88	-39.96

1496004682327	2.04	21.06	-39.899998

1496004682335	2.04	21.18	-39.719997

1496004682345	2.04	21.359999	-39.66

1496004682355	2.04	21.6	-39.54

1496004682365	1.86	21.779999	-39.42

1496004682377	1.86	21.779999	-39.54

1496004682387	2.04	21.48	-39.54

1496004682395	2.1599998	21.3	-39.54

1496004682405	2.1	21.06	-39.66

1496004682415	1.92	20.82	-39.66

1496004682426	1.8	20.64	-39.66

1496004682436	1.8	20.64	-39.66

1496004682450	1.62	20.4	-39.54

1496004682455	1.62	20.22	-39.54

1496004682465	1.62	20.4	-39.239998

1496004682477	1.68	20.52	-39.6

1496004682485	1.86	20.64	-39.48

1496004682497	2.1599998	20.699999	-39.6

1496004682508	2.28	21.0	-39.6

1496004682517	2.28	20.58	-39.6

1496004682535	2.3999999	20.64	-39.66

1496004682545	2.58	20.88	-39.6

1496004682557	2.3999999	21.06	-39.96

1496004682568	2.34	20.82	-39.66

1496004682575	2.34	20.939999	-39.66

1496004682585	2.22	21.119999	-39.6

1496004682595	2.1	21.119999	-39.6

1496004682606	2.22	21.48	-39.36

1496004682617	2.22	21.48	-39.36

1496004682628	2.28	21.48	-39.42

1496004682635	2.46	21.66	-39.36

1496004682649	2.46	21.9	-39.78

1496004682658	2.34	21.96	-39.66

1496004682666	2.1599998	21.779999	-39.78

1496004682677	2.34	21.779999	-39.66

1496004682688	2.1	21.539999	-39.96

1496004682695	2.34	21.72	-39.899998

1496004682705	2.28	21.48	-39.96

1496004682715	2.22	21.48	-40.079998

1496004682725	2.22	21.48	-39.96

1496004682738	2.34	21.119999	-39.66

1496004682748	2.58	21.119999	-39.84

1496004682756	2.6399999	20.82	-39.899998

1496004682765	2.76	21.18	-40.02

1496004682776	2.76	21.3	-40.02

1496004682786	2.76	21.48	-39.84

1496004682795	2.82	21.06	-39.899998

1496004682805	2.7	20.88	-39.96

1496004682815	2.7	20.939999	-39.96

1496004682826	2.7	21.0	-39.54

1496004682837	2.6399999	21.24	-39.48

1496004682847	2.6399999	21.24	-39.48

1496004682858	2.34	21.24	-39.54

1496004682865	2.46	21.42	-39.48

1496004683019	2.46	21.72	-39.36

1496004683023	2.7	21.96	-39.239998

1496004683026	2.7	22.199999	-39.54

1496004683030	2.46	22.439999	-39.84

1496004683034	2.6399999	22.56	-40.079998

1496004683038	2.46	22.199999	-39.899998

1496004683041	2.46	21.96	-39.899998

1496004683045	2.34	21.96	-39.96

1496004683049	2.34	21.66	-39.899998

1496004683053	2.1	21.359999	-39.96

1496004683056	1.92	21.119999	-39.96

1496004683058	2.04	20.88	-39.66

1496004683062	1.68	20.88	-39.66

1496004683065	1.56	20.88	-39.66

1496004683067	1.74	20.88	-39.899998

1496004683070	1.8	20.76	-40.02

1496004683074	1.8	20.88	-39.96

1496004683078	2.1	20.88	-39.96

1496004683082	2.22	20.88	-39.899998

1496004683086	2.34	20.88	-40.14

1496004683089	2.46	20.64	-39.66

1496004683132	2.76	20.82	-39.66

1496004683137	2.76	20.939999	-39.36

1496004683140	2.7	20.88	-39.18

1496004683143	2.6399999	21.06	-38.94

1496004683147	2.58	21.24	-38.64

1496004683151	2.58	21.42	-38.399998

1496004683168	2.58	21.539999	-38.16

1496004683172	2.6399999	21.48	-38.52

1496004683179	2.7	21.48	-38.52

1496004683187	2.58	21.539999	-38.64

1496004683198	2.3999999	21.66	-38.7

1496004683207	2.28	21.72	-39.0

1496004683215	2.1599998	21.779999	-39.3

1496004683227	2.04	21.539999	-39.66

1496004683235	1.86	21.3	-40.02

1496004683245	1.8	21.359999	-39.899998

1496004683258	1.74	21.42	-39.96

1496004683267	1.86	21.42	-39.96

1496004683275	1.8	21.18	-39.96

1496004683285	1.8	20.939999	-40.02

1496004683295	1.92	20.939999	-40.02

1496004683305	2.1599998	21.06	-39.899998

1496004683315	2.28	21.3	-39.78

1496004683327	2.34	21.539999	-39.54

1496004683335	2.3999999	21.48	-39.78

1496004683348	2.28	21.48	-39.84

1496004683357	2.46	21.6	-39.84

1496004683365	2.76	21.9	-39.719997

1496004683376	2.82	21.779999	-39.719997

1496004683385	2.76	21.72	-39.78

1496004683398	2.8799999	21.779999	-40.02

1496004683405	2.7	21.539999	-40.32

1496004683415	2.6399999	21.539999	-40.14

1496004683425	2.58	21.48	-40.02

1496004683439	2.58	21.119999	-40.079998

1496004683447	2.58	21.06	-40.14

1496004683456	2.34	20.88	-40.14

1496004683465	2.34	21.119999	-40.079998

1496004683478	2.34	21.119999	-39.96

1496004683485	2.34	21.3	-40.079998

1496004683495	2.34	21.3	-39.96

1496004683509	2.6399999	21.3	-40.079998

1496004683518	2.3999999	21.48	-40.079998

1496004683528	2.28	21.48	-40.079998

1496004683537	2.46	21.72	-40.079998

1496004683547	2.28	21.539999	-40.2

1496004683555	2.04	21.24	-40.14

1496004683568	2.22	21.06	-40.079998

1496004683576	2.28	21.119999	-40.14

1496004683588	2.28	21.119999	-40.14

1496004683599	2.58	21.119999	-39.96

1496004683605	2.6399999	21.119999	-40.14

1496004683615	2.58	20.82	-40.14

1496004683627	2.76	20.939999	-40.2

1496004683638	2.76	21.24	-40.14

1496004683655	2.46	21.24	-40.2

1496004683666	2.46	20.82	-40.2

1496004683676	2.28	20.64	-40.26

1496004683685	2.34	20.82	-40.44

1496004683699	2.3999999	20.939999	-39.96

1496004683709	2.3999999	20.939999	-39.96

1496004683717	2.28	20.82	-39.84

1496004683729	2.3999999	20.88	-39.84

