1496061523435	18.3	66.299995	-5.3399997

1496061523440	18.3	66.24	-5.52

1496061523444	18.3	66.54	-5.64

1496061523447	18.3	66.72	-5.7599998

1496061523450	18.42	66.9	-5.7599998

1496061523453	18.42	66.9	-5.46

1496061523457	18.359999	66.84	-5.52

1496061523461	18.119999	66.659996	-5.8199997

1496061523464	18.06	66.54	-6.18

1496061523517	18.119999	66.479996	-6.06

1496061523521	18.06	66.54	-5.8799996

1496061523524	18.119999	66.42	-6.06

1496061523528	18.119999	66.299995	-6.3599997

1496061523531	18.119999	66.24	-6.66

1496061523535	18.359999	65.939995	-6.6

1496061523538	18.539999	65.82	-6.48

1496061523541	18.48	65.82	-6.42

1496061523563	18.42	65.88	-6.42

1496061523565	18.48	65.82	-6.72

1496061523573	18.48	65.939995	-6.48

1496061523581	18.42	66.119995	-6.2999997

1496061523592	18.359999	66.119995	-6.18

1496061523601	18.18	66.54	-6.3599997

1496061523612	18.359999	66.9	-6.3599997

1496061523629	18.48	66.9	-6.3599997

1496061523645	18.48	66.9	-6.54

1496061523650	18.6	66.96	-6.3599997

1496061523659	18.84	67.14	-6.3599997

1496061523673	18.9	66.96	-6.66

1496061523679	18.9	67.14	-6.3599997

1496061523691	18.96	67.26	-6.3599997

1496061523701	18.66	67.2	-6.24

1496061523713	18.6	67.32	-6.0

1496061523721	18.539999	67.08	-6.0

1496061523792	18.3	67.14	-6.0

1496061523796	18.0	67.02	-6.18

1496061523802	17.94	67.32	-6.06

1496061523807	17.82	67.14	-6.48

1496061523811	17.88	66.78	-6.18

1496061523814	18.119999	66.78	-6.3599997

1496061523832	18.18	66.9	-6.48

1496061523837	18.42	66.96	-6.48

1496061523843	18.66	66.9	-6.6

1496061523852	18.84	66.78	-6.72

1496061523855	18.9	66.54	-6.72

1496061523858	18.9	66.659996	-6.42

1496061523861	18.9	66.78	-6.42

1496061523863	18.66	66.78	-6.42

1496061523907	18.539999	66.659996	-6.42

1496061523910	18.539999	66.659996	-6.66

1496061523914	18.42	66.72	-6.42

1496061523919	18.359999	66.659996	-6.12

1496061523924	18.359999	66.78	-6.12

1496061523929	18.66	66.72	-6.12

1496061523932	18.9	66.72	-6.2999997

1496061523958	18.9	66.84	-6.2999997

1496061523961	19.02	66.9	-6.3599997

1496061523964	18.84	67.14	-5.94

1496061523976	19.02	66.96	-5.94

1496061523980	18.9	67.08	-6.06

1496061523989	18.84	66.9	-5.94

1496061524002	18.6	66.78	-6.06

1496061524012	18.42	66.9	-6.06

1496061524019	18.3	66.72	-6.06

1496061524039	18.119999	66.659996	-5.94

1496061524052	18.18	66.54	-6.18

1496061524062	18.0	66.6	-6.3599997

1496061524069	18.18	66.78	-6.3599997

1496061524083	18.18	67.02	-6.3599997

1496061524092	18.18	67.2	-6.42

1496061524102	18.119999	67.14	-6.18

1496061524112	18.119999	67.26	-6.24

1496061524119	18.3	67.38	-6.06

1496061524133	18.42	67.26	-6.06

1496061524143	18.359999	67.14	-5.8799996

1496061524149	18.3	66.9	-5.7599998

1496061524229	18.359999	66.72	-5.8799996

1496061524232	18.539999	66.6	-5.8799996

1496061524242	18.6	66.6	-6.12

1496061524246	18.72	66.479996	-6.0

1496061524279	18.72	66.479996	-6.0

1496061524291	18.72	66.479996	-5.8199997

1496061524308	18.96	66.72	-5.8199997

1496061524311	18.96	66.72	-6.0

1496061524315	18.9	66.659996	-6.06

1496061524318	18.9	66.72	-5.8199997

1496061524321	18.72	66.72	-5.94

1496061524323	18.72	66.9	-5.94

1496061524325	18.66	67.08	-6.06

1496061524329	18.66	67.14	-6.06

1496061524332	18.539999	67.14	-6.06

1496061524334	18.6	67.32	-5.94

1496061524336	18.84	67.38	-5.8199997

1496061524341	18.84	67.38	-6.0

1496061524344	18.9	67.5	-5.7599998

1496061524415	18.9	67.5	-5.7599998

1496061524419	18.9	67.32	-5.7599998

1496061524423	18.84	67.14	-5.7599998

1496061524428	18.66	66.96	-5.94

1496061524431	18.539999	66.78	-6.06

1496061524434	18.3	66.72	-6.06

1496061524437	18.0	66.6	-6.06

1496061524440	17.94	66.479996	-6.18

1496061524444	17.88	66.479996	-6.48

1496061524448	17.94	66.6	-6.6

1496061524451	17.94	66.72	-6.72

1496061524476	18.0	66.78	-6.72

1496061524479	18.119999	66.96	-6.6

1496061524482	18.3	66.96	-6.6

1496061524489	18.42	66.96	-6.6

1496061524499	18.48	67.14	-6.6

1496061524512	18.539999	66.96	-6.54

1496061524519	18.42	66.9	-6.42

1496061524531	18.48	66.96	-6.54

1496061524541	18.42	66.96	-6.66

1496061524552	18.359999	66.96	-6.8399997

1496061524562	18.359999	67.14	-6.8399997

1496061524572	18.18	67.2	-6.66

1496061524581	18.18	66.78	-6.66

1496061524592	18.119999	66.96	-6.42

1496061524603	18.3	66.9	-6.18

1496061524611	18.119999	66.9	-6.24

1496061524622	18.119999	66.72	-5.94

1496061524632	18.06	66.299995	-6.12

1496061524642	18.0	65.82	-6.24

1496061524652	18.3	65.82	-6.42

1496061524662	18.3	66.299995	-6.24

1496061524669	18.3	66.24	-6.54

1496061524679	18.119999	66.119995	-6.66

1496061524725	18.119999	65.88	-6.66

1496061524730	18.119999	65.88	-6.96

1496061524755	18.18	66.119995	-6.66

1496061524764	18.18	66.54	-6.6

1496061524771	17.94	66.479996	-6.6

1496061524773	18.0	66.299995	-6.72

1496061524790	18.3	66.0	-6.3599997

1496061524800	18.359999	66.06	-6.48

1496061524802	18.6	66.119995	-6.42

1496061524804	18.9	66.24	-6.42

1496061524805	18.9	66.24	-6.66

1496061524807	18.72	66.24	-6.72

1496061524809	18.9	66.119995	-6.8999996

1496061524853	18.72	66.119995	-6.8999996

1496061524858	18.6	66.36	-7.2

1496061524862	18.48	66.24	-7.02

1496061524865	18.3	66.119995	-6.96

1496061524870	18.0	66.06	-6.7799997

1496061524873	18.06	66.06	-6.72

1496061524888	18.18	65.88	-6.54

1496061524892	18.18	65.939995	-6.18

1496061524899	18.3	65.88	-6.3599997

1496061524912	18.18	65.82	-6.24

1496061524922	18.359999	65.88	-6.6

1496061524932	18.359999	66.06	-6.42

1496061524942	18.42	66.119995	-6.42

1496061524952	18.42	65.939995	-6.6

1496061524964	18.42	65.88	-6.66

1496061524970	18.359999	65.7	-6.96

1496061524982	18.359999	65.88	-6.8999996

1496061524992	18.539999	66.06	-6.72

1496061525003	18.48	66.0	-6.42

1496061525012	18.66	65.58	-6.42

1496061525022	18.66	65.64	-6.2999997

1496061525032	18.539999	65.7	-6.0

1496061525039	18.539999	65.7	-5.8799996

1496061525053	18.539999	65.7	-5.8199997

1496061525062	18.48	65.4	-5.7599998

1496061525073	18.3	65.22	-5.94

1496061525082	18.18	65.4	-5.94

1496061525092	17.94	65.82	-5.94

1496061525103	17.88	65.52	-6.2999997

1496061525112	18.0	65.52	-6.48

1496061525122	18.18	65.64	-6.3599997

1496061525129	18.18	65.82	-6.42

1496061525143	18.18	66.06	-6.48

1496061525153	18.18	66.06	-6.24

1496061525159	18.42	66.119995	-6.24

1496061525169	18.539999	66.0	-6.42

1496061525180	18.6	66.06	-6.18

1496061525193	18.48	65.7	-6.18

1496061525204	18.359999	65.64	-6.3599997

1496061525213	18.539999	65.58	-6.3599997

1496061525220	18.66	65.4	-6.06

1496061525232	18.6	65.64	-6.18

1496061525244	18.6	65.46	-6.3599997

1496061525251	18.6	65.52	-6.3599997

1496061525415	18.66	65.64	-6.3599997

1496061525417	18.84	66.06	-6.3599997

1496061525421	18.84	66.24	-6.3599997

1496061525424	18.48	66.24	-6.2999997

1496061525428	18.359999	66.299995	-6.3599997

1496061525431	18.359999	66.06	-6.3599997

1496061525434	18.119999	66.06	-6.42

1496061525439	18.0	66.06	-6.48

1496061525442	17.88	66.06	-6.54

1496061525445	17.88	66.119995	-6.54

1496061525449	17.88	65.939995	-6.42

1496061525453	18.06	65.88	-6.24

1496061525456	18.18	65.7	-6.24

1496061525460	18.119999	65.64	-6.3599997

1496061525463	18.48	65.64	-6.2999997

1496061525467	18.72	65.82	-6.24

1496061525471	19.02	66.0	-6.12

1496061525474	18.9	65.82	-6.24

1496061525478	18.84	65.88	-6.12

1496061525481	18.66	66.119995	-6.2999997

1496061525485	18.6	66.299995	-6.54

1496061525489	18.66	66.479996	-6.42

1496061525493	18.72	66.42	-6.6

1496061525496	18.48	66.299995	-6.66

1496061525499	18.119999	65.82	-6.66

1496061525548	18.3	65.7	-6.42

1496061525551	18.3	65.7	-6.66

1496061525555	18.359999	65.52	-6.48

1496061525559	18.3	65.52	-6.42

1496061525562	18.359999	65.46	-6.42

1496061525565	18.06	65.64	-6.24

1496061525582	18.119999	65.52	-6.18

1496061525586	18.359999	65.88	-6.06

1496061525590	18.3	66.24	-6.06

1496061525599	18.18	66.299995	-6.12

1496061525612	18.18	66.24	-6.12

1496061525619	18.119999	66.299995	-6.12

1496061525629	18.18	66.299995	-5.94

1496061525642	18.119999	66.119995	-5.8199997

1496061525652	18.06	66.119995	-5.8199997

1496061525662	18.06	65.939995	-6.06

1496061525672	18.06	65.7	-6.24

1496061525682	18.119999	65.4	-6.2999997

1496061525692	18.119999	65.4	-6.54

1496061525703	18.3	65.4	-6.66

1496061525712	18.119999	65.4	-7.02

1496061525722	18.18	65.4	-7.3799996

1496061525732	18.3	65.4	-7.5

1496061525742	18.3	65.58	-7.2599998

1496061525751	18.3	65.82	-6.96

1496061525762	18.359999	66.119995	-6.7799997

1496061525772	18.539999	66.24	-6.6

1496061525782	18.539999	66.119995	-6.48

1496061525791	18.84	66.24	-6.3599997

1496061525801	18.72	65.88	-6.12

1496061525812	18.66	65.82	-5.8799996

1496061525822	18.539999	65.82	-5.8799996

1496061525832	18.48	65.7	-6.18

1496061525843	18.359999	65.82	-6.24

1496061525852	18.06	65.88	-6.42

1496061525984	18.0	66.06	-6.42

1496061525986	17.76	66.119995	-6.3599997

1496061525989	17.82	66.54	-6.18

1496061525991	17.94	66.54	-6.12

1496061525993	18.06	66.36	-6.12

1496061525996	18.06	66.299995	-5.8799996

1496061525998	18.06	66.24	-5.58

1496061526001	18.06	66.36	-5.64

1496061526004	18.359999	66.24	-5.52

1496061526007	18.359999	66.24	-5.52

1496061526011	18.359999	65.88	-5.7599998

1496061526015	18.18	66.06	-6.06

1496061526018	18.06	66.06	-6.3599997

1496061526022	18.18	65.88	-6.54

1496061526025	18.48	65.88	-6.66

1496061526028	18.48	65.88	-6.6

1496061526031	18.48	65.82	-6.72

1496061526035	18.48	65.64	-6.7799997

1496061526065	18.539999	65.82	-6.6

1496061526068	18.48	65.88	-6.3599997

1496061526073	18.6	65.88	-6.24

1496061526076	18.359999	65.88	-5.8799996

1496061526080	18.18	65.939995	-6.12

1496061526095	18.119999	65.88	-5.8799996

1496061526099	18.119999	65.82	-6.06

1496061526109	18.18	65.939995	-5.94

1496061526119	18.359999	66.06	-6.12

1496061526129	18.48	65.88	-6.42

1496061526138	18.3	66.119995	-6.48

1496061526152	18.66	66.0	-6.42

1496061526162	18.84	65.88	-6.54

1496061526172	18.96	65.88	-6.6

1496061526182	18.84	66.06	-6.24

1496061526192	18.72	66.06	-6.24

1496061526202	18.539999	66.0	-6.3599997

1496061526212	18.539999	65.82	-6.06

1496061526219	18.66	65.58	-5.8199997

1496061526229	18.48	65.7	-5.94

1496061526239	18.3	65.58	-5.64

1496061526252	18.3	65.58	-5.8199997

1496061526262	18.18	65.64	-6.0

1496061526272	18.18	65.4	-5.8799996

1496061526279	18.119999	65.4	-5.58

1496061526292	18.119999	65.58	-5.3399997

1496061526303	18.119999	65.7	-5.1

1496061526312	18.0	65.939995	-5.3399997

1496061526319	17.88	66.24	-5.58

1496061526329	17.82	65.82	-5.58

1496061526339	17.88	65.58	-5.64

1496061526353	17.82	65.58	-5.64

1496061526359	17.88	65.7	-5.8799996

1496061526369	17.88	65.58	-6.3599997

1496061526383	17.88	65.46	-6.8399997

1496061526389	17.94	65.4	-6.66

1496061526400	18.06	65.4	-6.42

1496061526409	18.06	65.7	-6.24

1496061526421	18.06	66.119995	-6.18

1496061526429	18.18	66.36	-6.3599997

1496061526443	18.18	66.299995	-6.12

1496061526545	18.06	66.299995	-5.8799996

1496061526547	18.06	66.479996	-5.58

1496061526551	18.119999	66.6	-5.7599998

1496061526552	18.119999	66.36	-5.8799996

1496061526554	18.119999	66.36	-5.8799996

1496061526557	18.119999	66.24	-5.64

1496061526560	18.18	66.06	-5.8199997

1496061526562	18.3	66.0	-6.06

1496061526564	18.48	66.06	-6.3599997

1496061526566	18.48	65.88	-6.3599997

1496061526568	18.359999	65.64	-6.42

1496061526572	18.42	65.88	-6.48

1496061526576	18.72	65.76	-6.42

1496061526580	18.6	65.58	-6.48

1496061526604	18.539999	65.64	-6.3599997

1496061526607	18.42	65.7	-6.12

1496061526611	18.42	65.82	-6.12

1496061526623	18.6	65.7	-6.3599997

1496061526633	18.84	65.7	-6.42

1496061526642	18.72	65.64	-6.42

1496061526652	18.539999	65.88	-6.66

1496061526662	18.6	66.119995	-6.66

1496061526672	18.84	66.06	-6.66

1496061526680	18.84	66.24	-6.8999996

1496061526692	18.84	66.119995	-6.72

1496061526702	18.539999	66.299995	-6.66

1496061526712	18.42	66.299995	-6.2999997

1496061526722	18.42	66.299995	-6.18

1496061526732	18.42	66.299995	-6.18

1496061526742	18.42	66.06	-6.3599997

1496061526752	18.119999	66.299995	-6.18

1496061526762	18.42	66.06	-6.18

1496061526771	18.42	65.939995	-6.18

1496061526782	18.359999	65.939995	-6.06

1496061526792	18.42	66.06	-6.2999997

1496061526803	18.6	65.88	-6.12

1496061526811	18.539999	65.82	-6.0

1496061526819	18.72	65.88	-6.0

1496061526832	18.84	65.64	-6.12

1496061526842	18.84	65.64	-5.8799996

1496061526852	18.84	65.82	-5.8799996

1496061526859	18.9	66.24	-6.2999997

1496061526869	18.84	66.18	-6.2999997

1496061526884	18.9	66.42	-6.2999997

1496061526889	19.08	66.479996	-6.2999997

1496061526900	18.96	66.18	-6.12

1496061526909	18.96	66.18	-6.24

1496061526921	18.84	66.24	-6.3599997

1496061526929	18.72	66.299995	-6.42

1496061526942	18.84	65.82	-6.0

1496061526952	18.84	65.76	-6.0

1496061526959	18.6	65.58	-6.24

1496061526971	18.359999	65.46	-6.24

1496061526982	18.06	65.82	-6.42

1496061526992	18.06	65.88	-6.2999997

1496061527005	18.06	66.06	-6.2999997

1496061527032	18.06	65.82	-6.24

1496061527043	18.119999	65.88	-6.66

1496061527049	18.3	66.06	-6.72

1496061527056	18.06	66.06	-6.72

1496061527071	17.94	66.06	-6.66

1496061527080	18.359999	65.939995	-6.48

1496061527089	18.42	65.939995	-6.24

1496061527098	18.3	65.939995	-6.06

1496061527106	18.359999	66.06	-5.8799996

1496061527111	18.48	66.06	-5.58

1496061527116	18.359999	65.88	-5.52

1496061527178	18.539999	66.119995	-5.3399997

1496061527182	18.6	66.06	-5.58

1496061527185	18.3	66.06	-5.7599998

1496061527188	18.06	66.0	-5.94

1496061527192	18.0	65.82	-6.18

1496061527195	17.82	65.82	-6.2999997

1496061527199	17.46	65.7	-6.48

1496061527202	17.4	65.82	-6.48

1496061527205	17.22	65.58	-6.42

1496061527210	17.22	65.58	-6.42

1496061527235	17.4	65.7	-6.48

1496061527239	17.34	65.7	-6.2999997

1496061527242	17.4	65.82	-6.2999997

1496061527253	17.46	65.88	-6.2999997

1496061527263	17.58	65.939995	-6.18

1496061527269	17.82	65.939995	-6.06

1496061527282	17.88	65.88	-6.12

1496061527292	17.94	65.82	-6.18

1496061527302	17.82	65.58	-6.24

1496061527312	17.94	65.46	-6.48

1496061527322	17.94	65.28	-6.54

1496061527329	17.94	65.159996	-6.6

1496061527341	17.88	64.799995	-6.6

1496061527352	17.88	64.799995	-6.8399997

1496061527362	18.0	65.159996	-6.7799997

1496061527372	18.0	65.28	-6.72

1496061527382	18.3	65.4	-6.66

1496061527391	18.3	65.46	-6.66

1496061527402	18.119999	65.64	-6.54

1496061527412	18.119999	65.7	-6.6

1496061527422	18.06	65.88	-6.96

1496061527432	18.18	65.88	-6.8999996

1496061527441	18.18	65.4	-6.8999996

1496061527452	18.3	65.22	-6.96

1496061527462	17.94	65.1	-7.02

1496061527472	18.0	65.1	-6.72

1496061527483	18.18	65.04	-6.7799997

