1496749183496	-2.949	-8.849	1.886

1496749183497	-2.94	-8.868	1.857

1496749183506	-2.911	-8.868	1.81

1496749183513	-2.863	-8.878	1.838

1496749183515	-2.834	-8.887	1.867

1496749183535	-2.815	-8.849	1.886

1496749183536	-2.825	-8.83	1.867

1496749183540	-2.806	-8.839	1.838

1496749183541	-2.786	-8.839	1.819

1496749183542	-2.758	-8.849	1.762

1496749183547	-2.739	-8.839	1.829

1496749183560	-2.834	-8.791	1.79

1496749183567	-2.815	-8.82	1.877

1496749183577	-2.825	-8.839	1.896

1496749183589	-2.796	-8.81	1.896

1496749183600	-2.786	-8.868	1.915

1496749183607	-2.719	-8.868	1.886

1496749183617	-2.739	-8.83	1.972

1496749183627	-2.786	-8.782	2.03

1496749183638	-2.796	-8.763	1.972

1496749183647	-2.844	-8.753	1.944

1496749183658	-2.882	-8.791	1.905

1496749183668	-2.921	-8.83	1.925

1496749183678	-3.016	-8.83	1.867

1496749183688	-3.035	-8.878	1.896

1496749183699	-2.988	-8.839	1.838

1496749183707	-2.997	-8.887	1.819

1496749183718	-2.949	-8.897	1.829

1496749183728	-2.94	-8.878	1.838

1496749183740	-2.892	-8.935	1.848

1496749183747	-2.892	-8.935	1.829

1496749183758	-2.892	-8.906	1.857

1496749183767	-2.844	-8.954	1.867

1496749183778	-2.767	-8.906	1.915

1496749183789	-2.739	-8.945	1.877

1496749183799	-2.691	-8.973	1.752

1496749183812	-2.652	-9.002	1.8

1496749183817	-2.547	-9.174	2.154

1496749183834	-2.413	-9.557	2.154

1496749183847	-2.528	-9.634	1.532

1496749183867	-2.48	-9.577	1.465

1496749183868	-2.317	-9.51	1.522

1496749183878	-2.231	-9.366	1.426

1496749183891	-2.241	-9.376	1.982

1496749183898	-2.346	-9.596	2.739

1496749183913	-2.509	-9.711	3.782

1496749183918	-4.031	-9.988	5.487

1496749183937	-2.585	-10.151	4.108

1496749183949	-2.825	-9.921	3.447

1496749183961	-3.217	-9.921	3.064

1496749183967	-3.878	-10.161	2.739

1496749183978	-4.089	-9.979	2.595

1496749184007	-6.119	-9.644	2.796

1496749184011	-6.933	-9.49	3.304

1496749184017	-5.478	-8.763	2.997

1496749184027	-5.267	-8.418	3.16

1496749184038	-4.683	-8.418	3.39

1496749184047	-4.204	-8.198	3.361

1496749184058	-3.955	-7.767	3.514

1496749184080	-3.926	-7.144	3.591

1496749184092	-3.658	-6.962	4.357

1496749184107	-3.256	-6.723	4.893

1496749184118	-3.102	-6.043	3.648

1496749184134	-2.892	-5.822	4.118

1496749184138	-2.7	-5.717	3.926

1496749184160	-2.624	-5.88	3.926

1496749184161	-2.825	-6.435	3.84

1496749184172	-3.476	-6.905	4.127

1496749184177	-3.562	-6.895	4.137

1496749184195	-3.476	-6.809	4.118

1496749184206	-3.208	-6.732	4.472

1496749184211	-3.15	-6.751	4.099

1496749184217	-2.882	-6.905	3.543

1496749184231	-2.796	-6.962	3.945

1496749184237	-2.834	-7.048	4.07

1496749184254	-2.921	-7.211	4.051

1496749184257	-2.94	-7.316	4.778

1496749184271	-2.432	-6.56	4.597

1496749184277	-2.557	-6.953	2.882

1496749184289	-2.557	-6.933	4.3

1496749184301	-2.547	-6.512	4.309

1496749184314	-2.451	-6.282	4.462

1496749184317	-2.355	-6.043	4.702

1496749184327	-2.327	-5.937	4.865

1496749184339	-2.231	-5.775	4.846

1496749184352	-2.241	-5.842	5.238

1496749184357	-2.346	-5.976	5.411

1496749184367	-2.547	-6.148	5.66

1496749184377	-2.815	-6.33	5.593

1496749184391	-3.275	-6.617	5.593

1496749184399	-3.562	-6.972	5.545

1496749184407	-3.888	-7.249	5.765

1496749184417	-4.434	-7.546	5.813

1496749184427	-5.095	-7.929	6.033

1496749184446	-6.1	-8.485	6.1

1496749184447	-7.144	-9.787	5.87

1496749184457	-7.0	-8.629	5.439

1496749184467	-7.144	-9.261	4.012

1496749184477	-5.736	-10.486	7.211

1496749184492	-5.746	-13.053	6.014

1496749184498	-4.223	-13.829	4.75

1496749184507	-3.428	-13.925	5.047

1496749184517	-4.472	-12.871	4.989

1496749184534	-4.874	-11.923	2.518

1496749184541	-3.61	-10.927	2.25

1496749184547	-3.486	-10.103	1.752

1496749184558	-3.735	-9.711	1.723

1496749184571	-3.917	-9.864	1.915

1496749184585	-3.581	-10.113	2.068

1496749184591	-3.083	-10.123	1.58

1496749184599	-2.384	-9.826	1.168

1496749184607	-1.944	-9.452	0.833

1496749184618	-1.388	-8.839	0.411

1496749184628	-0.201	-6.435	0.478

1496749184637	-1.082	-8.418	0.258

1496749184647	-1.637	-7.881	0.229

1496749184657	-1.532	-7.058	0.948

1496749184670	-1.149	-6.474	0.699

1496749184680	-1.245	-6.809	0.44

1496749184687	-1.513	-7.316	-0.047

1496749184698	-2.059	-8.13	-0.507

1496749184710	-2.365	-9.107	-0.593

1496749184721	-2.997	-10.094	-0.679

1496749184727	-3.227	-11.032	-0.287

1496749184737	-3.486	-10.927	-0.009

1496749184747	-3.265	-10.486	-0.201

1496749184760	-3.189	-9.682	-0.536

1496749184771	-2.815	-8.954	-1.235

1496749184777	-2.672	-8.533	-1.369

1496749184787	-2.901	-8.121	-1.762

1496749184799	-2.978	-7.996	-1.091

1496749184808	-3.237	-7.977	-1.302

1496749184817	-3.15	-8.073	-0.124

1496749184827	-3.294	-8.044	-1.063

1496749184837	-2.758	-8.121	0.641

1496749184848	-3.62	-8.868	-0.574

1496749184858	-3.668	-9.031	-0.277

1496749184867	-3.897	-9.538	0.124

1496749184877	-4.424	-9.739	0.641

1496749184899	-4.271	-9.768	0.679

1496749184900	-4.28	-9.941	0.565

1496749184908	-4.223	-9.874	0.737

1496749184917	-4.28	-10.046	1.091

1496749184938	-3.888	-10.161	1.608

1496749184939	-4.654	-11.042	1.379

1496749184947	-4.587	-11.109	1.417

1496749184957	-4.932	-11.425	1.149

1496749184979	-5.296	-11.846	1.379

1496749184980	-5.162	-12.095	1.494

1496749184987	-4.846	-12.392	1.34

1496749184998	-3.763	-12.718	-0.277

1496749185020	-2.528	-12.804	-2.604

1496749185021	-1.829	-13.321	-3.179

1496749185027	-0.402	-13.791	-2.949

1496749185037	-1.216	-12.44	-2.346

1496749185047	-2.039	-11.712	-2.355

1496749185065	-2.02	-11.147	-2.02

1496749185067	-1.599	-10.419	-0.105

1496749185077	-1.264	-9.385	0.708

1496749185088	-0.478	-8.696	0.536

1496749185098	-0.239	-8.236	0.421

1496749185108	-0.459	-7.814	0.0

1496749185117	-0.43	-8.389	-0.335

1496749185127	-0.708	-8.753	-0.852

1496749185137	-1.216	-10.19	-0.354

1496749185154	-2.231	-11.674	0.775

1496749185158	-2.825	-12.517	1.139

1496749185173	-2.748	-12.335	0.593

1496749185178	-2.183	-11.224	-0.842

1496749185187	-2.202	-8.858	-1.867

1496749185198	-2.288	-7.0	-1.762

1496749185208	-2.164	-6.79	-0.517

1496749185217	-2.739	-7.278	2.145

1496749185227	-3.438	-9.021	3.016

1496749185237	-2.921	-9.299	2.317

1496749185247	-2.633	-9.462	2.126

1496749185258	-2.719	-9.241	2.126

