1495426263253	-24.96	6.06	-25.92

1495426263387	-24.54	5.88	-25.86

1495426263459	-24.36	5.76	-25.98

1495426263560	-24.36	5.94	-25.8

1495426263659	-24.3	6.12	-25.68

1495426263759	-24.36	6.42	-25.74

1495426263859	-24.36	6.66	-25.86

1495426263959	-24.24	6.84	-25.74

1495426264059	-24.18	6.66	-25.62

1495426264159	-24.3	6.84	-25.5

1495426264259	-24.36	6.84	-25.32

1495426264359	-24.36	6.66	-25.32

1495426264461	-24.42	6.3	-25.56

1495426264559	-24.48	6.0	-25.38

1495426264659	-24.3	6.12	-25.26

1495426264759	-24.54	6.18	-25.62

1495426264859	-24.72	6.42	-25.62

1495426264959	-24.84	6.72	-25.44

1495426265059	-24.9	6.84	-25.56

1495426265160	-24.96	6.78	-25.5

1495426265259	-24.84	7.02	-25.44

1495426265359	-24.78	7.26	-25.26

1495426265469	-24.9	7.2	-25.26

1495426265569	-24.72	7.2	-25.2

1495426265670	-24.66	7.26	-25.26

1495426265769	-24.54	7.08	-25.5

1495426265869	-24.6	6.84	-25.32

1495426265969	-24.66	7.02	-25.44

1495426266069	-24.66	7.14	-25.32

1495426266169	-24.6	6.96	-25.5

1495426266269	-24.72	6.9	-25.38

1495426266370	-24.66	6.9	-25.38

1495426266470	-24.72	6.66	-25.2

1495426266569	-24.9	6.78	-25.38

1495426266669	-24.96	7.14	-25.5

1495426266769	-24.84	7.32	-25.38

1495426266869	-24.9	7.14	-25.38

1495426266969	-24.9	7.08	-25.56

1495426267069	-24.9	7.08	-25.74

1495426267169	-25.08	7.02	-25.62

1495426267269	-24.66	6.96	-26.04

1495426267369	-24.9	6.9	-25.74

1495426267469	-24.84	6.6	-25.62

1495426267570	-24.96	6.48	-25.68

1495426267669	-25.02	6.54	-25.8

1495426267769	-24.96	6.78	-25.62

1495426267869	-24.9	6.9	-25.68

1495426267969	-24.72	6.9	-25.62

1495426268069	-24.96	6.9	-25.32

