1495958940707	1.436	4.673	2.212

1495958940712	1.8	4.836	2.48

1495958940716	1.781	4.127	2.595

1495958940726	0.881	3.629	2.375

1495958940742	-0.268	3.055	2.442

1495958940746	-1.455	1.752	2.604

1495958940755	-2.442	0.0	3.217

1495958940767	-4.884	-1.982	3.352

1495958940774	-8.37	-4.386	4.434

1495958940785	-10.889	-7.029	7.23

1495958940797	-9.701	-11.415	17.286

1495958940815	-7.671	-12.833	15.189

1495958940824	-3.725	-17.2	9.864

1495958940836	-0.21	-19.604	-7.326

1495958940845	9.557	-19.604	-7.326

1495958940856	18.627	-4.386	15.543

1495958940865	13.858	-0.43	7.68

1495958940875	4.491	-0.402	-10.563

1495958940886	-1.953	0.603	-9.739

1495958940894	-3.361	-2.317	-4.568

1495958940909	-3.735	-7.853	-4.405

1495958940915	-1.005	-12.986	-4.913

1495958940925	-0.679	-19.125	-2.03

1495958940939	-6.55	-19.604	-1.532

1495958940945	-9.72	-19.604	-1.053

1495958940955	-8.083	-19.604	1.656

1495958940971	-5.506	-17.842	1.177

1495958940976	-5.411	-13.57	0.804

1495958940987	-4.07	-11.569	1.312

1495958940994	-1.551	-11.09	1.666

1495958941005	0.823	-11.732	2.154

1495958941015	2.423	-13.13	2.394

1495958941024	3.964	-14.653	4.041

1495958941040	3.39	-14.978	4.817

1495958941044	1.436	-14.308	4.999

1495958941054	-0.881	-12.689	5.506

1495958941069	-2.288	-10.927	7.154

1495958941073	-3.581	-6.636	5.229

1495958941084	-2.882	-4.462	4.3

1495958941095	-2.547	-2.614	3.677

1495958941104	-2.604	-1.015	2.26

1495958941114	-2.528	0.201	1.254

1495958941124	-2.336	0.574	0.459

1495958941137	-2.183	0.325	-0.919

1495958941145	-2.087	-0.047	-1.647

1495958941155	-2.221	-0.124	-1.292

1495958941164	-2.403	0.201	-0.536

1495958941174	-3.361	0.316	1.043

1495958941187	-4.625	-0.43	4.28

1495958941196	-5.573	-2.174	7.814

1495958941208	-5.19	-4.616	6.11

1495958941220	-4.022	-8.782	1.072

1495958941224	-1.915	-11.195	-0.756

1495958941237	-0.498	-14.346	2.269

1495958941245	-1.857	-16.137	3.964

1495958941254	-3.677	-17.229	0.785

1495958941264	-2.853	-18.234	0.21

1495958941274	-1.532	-19.594	-0.718

1495958941284	1.091	-19.604	-1.857

1495958941296	3.61	-19.604	0.67

1495958941305	0.823	-19.604	3.352

1495958941314	1.321	-19.604	4.97

1495958941324	0.737	-19.604	1.522

1495958941337	-2.231	-19.604	0.555

1495958941348	-4.778	-18.886	2.949

1495958941355	-5.899	-18.273	4.28

1495958941365	-5.037	-17.899	4.166

1495958941382	-2.834	-17.229	2.126

1495958941395	-1.886	-16.261	-0.067

1495958941397	-0.775	-14.94	-0.162

1495958941405	0.181	-13.714	-0.852

1495958941415	0.067	-12.881	-2.116

1495958941424	-0.143	-11.463	-0.536

1495958941434	0.536	-8.82	-0.536

1495958941444	1.053	-6.79	-1.177

1495958941458	1.656	-3.897	-1.082

1495958941465	1.838	-1.312	-0.459

1495958941474	1.235	0.679	-0.517

1495958941486	1.158	2.451	-0.249

1495958941496	1.522	3.964	0.392

1495958941506	1.963	5.095	1.235

1495958941515	1.494	4.788	1.149

1495958941524	0.881	4.395	1.34

1495958941534	-0.21	4.233	1.455

1495958941545	-0.871	3.476	1.35

1495958941555	-1.254	2.403	1.589

1495958941565	-2.202	0.948	1.714

1495958941577	-3.572	-1.666	3.189

1495958941585	-4.529	-5.037	6.924

1495958941595	-5.688	-8.6	13.053

1495958941605	-6.531	-14.174	19.575

1495958941615	-3.888	-18.57	18.972

1495958941625	-0.478	-19.604	10.85

1495958941636	2.7	-19.604	-17.736

1495958941651	10.391	-17.937	-13.484

1495958941659	14.097	-4.884	4.06

1495958941665	17.277	-0.191	11.511

1495958941674	11.875	0.574	-4.558

1495958941686	4.587	1.676	-12.134

1495958941694	1.647	0.383	-6.589

1495958941704	-0.651	-3.629	-5.411

1495958941714	-0.718	-8.514	-7.087

1495958941724	-4.692	-15.055	-1.053

1495958941736	-15.131	-19.604	0.737

1495958941746	-15.658	-19.604	2.317

1495958941755	-9.969	-19.393	1.359

1495958941764	-8.332	-14.518	0.881

1495958941774	-7.498	-9.969	1.388

1495958941784	-4.644	-8.801	2.346

1495958941794	-1.934	-9.481	1.838

1495958941804	-0.019	-11.195	1.532

1495958941815	1.063	-13.187	2.739

1495958941826	2.106	-14.365	3.792

1495958941835	2.039	-14.566	4.96

1495958941846	0.028	-13.81	5.487

1495958941855	-2.126	-12.66	7.211

1495958941864	-3.792	-10.937	7.537

1495958941874	-4.194	-8.293	6.282

1495958941884	-3.639	-6.014	6.071

1495958941894	-3.217	-3.744	4.932

1495958941906	-2.691	-2.288	4.28

1495958941916	-2.528	-0.957	2.901

1495958941941	-2.499	0.277	-1.235

1495958941946	-2.499	0.277	-1.235

1495958941947	-1.8	0.306	-2.087

1495958941956	-2.039	0.354	-1.522

1495958941965	-3.15	-0.268	0.45

1495958941975	-5.286	-1.321	3.428

1495958941987	-6.167	-2.25	6.589

1495958942002	-5.391	-2.585	6.464

1495958942004	-5.449	-3.352	3.141

1495958942014	-5.66	-7.336	0.277

1495958942025	-3.821	-10.563	0.44

1495958942034	-1.589	-13.475	1.302

1495958942046	-4.127	-17.133	1.072

1495958942056	-4.75	-19.144	-2.375

1495958942065	-3.083	-19.604	-1.637

1495958942075	-0.124	-19.604	-2.02

1495958942085	4.146	-19.604	0.536

1495958942095	6.694	-19.604	3.361

1495958942105	3.658	-19.594	4.233

1495958942116	1.752	-18.167	4.395

1495958942126	2.078	-17.114	3.265

1495958942136	0.335	-16.807	0.306

1495958942147	-2.384	-16.578	-1.695

1495958942157	-4.654	-17.028	-1.695

1495958942166	-5.075	-17.219	2.71

1495958942176	-3.754	-16.75	2.825

1495958942186	-2.681	-16.616	1.599

1495958942196	-1.206	-16.06	1.436

1495958942221	-0.507	-15.735	-1.331

1495958942224	-0.775	-14.854	-0.996

1495958942228	1.283	-12.134	-0.488

1495958942238	2.269	-9.136	-0.976

1495958942246	2.94	-6.167	-0.833

1495958942255	3.102	-2.288	0.047

1495958942265	2.355	-0.047	0.488

1495958942274	2.154	1.647	1.015

1495958942284	2.241	2.403	1.321

1495958942295	2.231	2.7	1.369

1495958942304	2.068	2.585	1.398

1495958942314	1.685	2.269	1.292

1495958942327	1.139	2.011	1.312

1495958942336	0.421	1.628	1.426

1495958942347	-0.651	1.245	1.829

1495958942383	-2.001	0.603	1.8

1495958942389	-2.604	-0.258	2.26

1495958942392	-4.836	-0.948	3.83

1495958942395	-6.474	-3.773	6.052

1495958942398	-7.115	-7.46	11.435

1495958942405	-7.374	-11.473	18.33

1495958942415	-6.713	-15.256	18.934

1495958942424	0.057	-19.058	14.605

1495958942434	6.091	-19.604	-7.278

1495958942445	7.91	-19.297	-19.575

1495958942455	12.842	-6.368	-8.906

1495958942465	15.39	-1.091	14.739

1495958942475	10.046	-0.881	1.723

1495958942485	1.503	1.034	-13.168

1495958942494	-2.202	0.43	-6.464

1495958942504	-1.819	-3.61	-4.616

1495958942515	0.603	-8.159	-5.554

1495958942525	2.537	-14.471	-3.294

1495958942534	-2.154	-19.604	0.0

1495958942546	-8.743	-19.604	0.545

1495958942555	-12.21	-19.604	0.996

1495958942565	-8.198	-19.585	2.02

1495958942574	-5.181	-16.587	0.689

1495958942584	-5.085	-13.293	-0.124

1495958942596	-2.432	-11.368	0.354

1495958942605	-0.498	-11.655	1.465

1495958942615	0.66	-13.101	2.336

1495958942626	1.771	-15.103	2.719

1495958942636	0.632	-16.463	3.505

1495958942648	-1.513	-16.166	4.941

1495958942669	-3.591	-14.815	6.694

1495958942672	-5.219	-12.431	7.709

1495958942676	-6.138	-10.151	7.412

1495958942692	-6.167	-7.383	6.301

1495958942695	-5.162	-3.84	4.558

1495958942705	-4.137	-2.145	3.428

1495958942715	-2.777	-0.871	2.03

1495958942724	-1.417	0.344	1.034

1495958942737	-1.321	0.555	0.699

1495958942745	-1.589	0.593	0.124

1495958942755	-1.685	0.727	-0.498

1495958942764	-1.857	0.823	-0.651

1495958942774	-2.279	0.287	-0.507

1495958942784	-2.94	-0.392	0.0

1495958942794	-4.989	-1.81	1.465

1495958942807	-7.173	-3.265	6.129

1495958942814	-6.895	-8.341	4.395

1495958942824	-3.802	-11.023	2.47

1495958942834	-1.187	-12.9	1.206

1495958942846	0.478	-14.059	2.988

1495958942855	-0.316	-15.62	1.714

1495958942865	-0.775	-16.817	0.22

1495958942874	-0.392	-18.991	-1.11

1495958942885	0.584	-19.604	-3.332

1495958942896	4.597	-19.604	-1.158

1495958942910	4.922	-19.604	1.992

1495958942916	1.704	-19.604	2.988

1495958942925	1.235	-19.604	4.079

1495958942936	0.967	-19.173	1.848

1495958942945	-0.498	-18.723	-0.986

1495958942955	-3.284	-18.225	0.498

1495958942964	-5.028	-17.89	2.643

1495958942974	-4.635	-17.66	2.882

1495958942984	-5.123	-17.325	1.187

1495958942996	-4.472	-16.913	0.124

1495958943004	-1.829	-15.4	0.919

1495958943014	-0.43	-14.585	-1.168

1495958943024	0.555	-13.551	-0.507

1495958943034	1.752	-9.261	-0.574

1495958943046	2.442	-6.646	-0.612

1495958943055	2.719	-3.39	-0.603

1495958943064	2.672	-0.612	-0.153

1495958943080	2.279	1.685	-0.268

1495958943107	2.25	5.277	0.737

1495958943110	2.25	5.277	0.737

1495958943113	1.982	6.301	0.727

1495958943116	1.762	6.407	0.632

1495958943126	1.139	5.688	0.976

1495958943136	0.086	5.209	0.852

1495958943146	-0.392	4.271	1.13

1495958943155	-0.756	2.7	1.551

1495958943165	-1.81	1.235	2.403

1495958943175	-3.256	-1.225	4.415

1495958943185	-5.918	-4.52	7.498

1495958943195	-8.399	-7.987	11.808

1495958943205	-9.692	-11.272	16.999

1495958943214	-9.117	-10.755	14.882

1495958943226	-4.28	-9.96	6.656

1495958943236	4.549	-11.712	6.656

1495958943247	19.077	-19.604	-1.551

1495958943261	10.161	-18.934	3.955

1495958943266	3.993	-9.337	-1.283

1495958943285	2.614	-4.807	2.576

1495958943286	-0.727	-3.304	-7.269

1495958943295	-0.9	-3.237	-5.391

1495958943304	-0.957	-5.391	-2.633

1495958943314	0.679	-7.383	-4.597

1495958943324	4.386	-10.85	-4.501

1495958943334	6.828	-16.692	-2.844

1495958943347	2.154	-19.604	-3.696

1495958943357	-5.66	-19.604	-0.057

1495958943366	-10.898	-19.604	4.07

1495958943375	-12.115	-19.47	2.154

1495958943393	-9.979	-15.476	0.612

1495958943395	-7.728	-11.396	-0.727

1495958943407	-4.893	-9.347	1.561

1495958943414	-2.633	-8.734	2.758

1495958943426	-1.264	-10.228	2.327

1495958943436	-0.105	-12.0	2.336

1495958943446	0.44	-13.982	2.604

1495958943455	-0.181	-14.739	2.604

1495958943465	-4.386	-13.589	6.024

1495958943474	-5.707	-11.617	6.407

1495958943484	-6.55	-8.801	6.522

1495958943494	-6.282	-6.454	5.64

1495958943505	-5.267	-4.51	4.261

1495958943514	-3.936	-2.882	3.476

1495958943525	-2.873	-1.714	1.838

1495958943534	-2.643	-0.852	0.067

1495958943546	-2.547	-0.268	-0.89

1495958943556	-2.806	0.335	-0.881

1495958943564	-3.122	0.727	-0.086

1495958943574	-3.821	0.402	1.57

1495958943586	-4.702	-0.162	3.256

1495958943596	-5.123	-0.852	4.271

1495958943605	-4.759	-2.097	4.482

1495958943639	-3.715	-2.308	3.553

1495958943642	-3.936	-3.428	1.426

1495958943643	-4.932	-7.824	-1.618

1495958943646	-2.806	-9.414	0.392

1495958943655	-1.838	-12.344	1.628

1495958943664	-3.227	-16.53	2.423

1495958943674	-4.52	-19.422	-0.976

1495958943684	0.134	-19.604	-1.331

1495958943694	4.702	-19.604	1.379

1495958943705	7.297	-19.604	3.562

1495958943714	5.075	-19.183	3.878

1495958943724	3.601	-17.631	4.118

1495958943734	2.901	-16.712	2.672

1495958943746	1.34	-17.085	0.478

1495958943755	-1.359	-17.305	-0.651

1495958943765	-4.3	-17.554	0.239

1495958943774	-5.219	-17.87	2.135

1495958943785	-4.664	-17.727	2.595

1495958943797	-3.476	-17.114	3.419

1495958943813	-2.518	-16.223	1.733

1495958943815	-1.743	-15.859	0.89

1495958943825	-0.325	-15.064	-0.172

1495958943834	0.009	-13.982	-2.25

1495958943845	0.679	-12.182	-1.082

1495958943855	1.925	-9.807	-0.9

1495958943864	2.585	-7.307	-1.043

1495958943874	2.537	-4.664	-0.957

1495958943886	1.465	-0.344	0.143

1495958943897	1.072	-0.344	1.245

1495958943912	1.503	2.547	2.241

1495958943916	2.097	3.706	2.844

1495958943925	2.355	4.204	2.921

1495958943939	1.781	3.466	2.403

1495958943947	0.057	2.432	2.068

1495958943955	-1.829	1.225	2.212

1495958943965	-3.045	-0.105	2.528

1495958943975	-4.357	-1.015	3.198

1495958943984	-6.119	-1.915	4.28

1495958943994	-7.92	-2.988	6.569

1495958944004	-8.466	-4.644	9.155

1495958944014	-7.891	-6.11	10.975

1495958944024	-6.924	-6.675	12.21

1495958944036	-3.533	-7.728	10.496

1495958944046	2.614	-9.96	5.526

1495958944061	6.55	-16.654	-8.255

1495958944066	14.298	-19.604	-15.878

1495958944091	15.601	-19.537	2.911

1495958944093	6.349	-12.364	11.607

1495958944095	3.15	-6.876	-8.341

1495958944104	-1.139	-5.2	-8.341

1495958944114	-2.403	-4.252	-2.739

1495958944124	-0.689	-7.431	-2.949

1495958944134	1.34	-10.17	-4.491

1495958944148	2.844	-14.624	-6.627

1495958944160	2.442	-19.259	-5.487

1495958944164	-2.844	-19.604	-3.055

1495958944174	-7.977	-19.604	1.58

1495958944186	-8.303	-19.604	4.97

1495958944196	-8.638	-18.665	1.685

1495958944206	-7.652	-14.863	0.852

1495958944215	-5.286	-12.134	0.804

1495958944226	-2.384	-10.917	0.852

1495958944236	-0.747	-11.061	1.331

1495958944249	1.12	-11.933	3.917

1495958944257	2.078	-12.277	3.399

1495958944266	1.57	-12.804	2.882

1495958944279	-0.526	-13.522	3.323

1495958944303	-3.294	-13.312	4.96

1495958944304	-6.924	-9.931	5.209

1495958944314	-6.282	-7.106	5.219

1495958944324	-5.171	-4.242	3.217

1495958944336	-3.428	-1.944	2.547

1495958944345	-2.135	-0.957	1.216

1495958944355	-1.235	-0.632	-0.708

1495958944364	-1.177	-0.708	-1.848

1495958944374	-1.216	-0.565	-1.34

1495958944384	-1.704	-0.239	0.478

1495958944394	-2.423	0.105	2.212

1495958944404	-3.543	-0.373	3.323

1495958944414	-4.146	-1.656	4.874

1495958944426	-4.118	-2.47	5.87

1495958944436	-3.61	-3.16	5.707

1495958944449	-3.457	-5.707	1.934

1495958944457	-3.428	-9.902	-0.354

1495958944476	-3.39	-13.561	0.057

1495958944479	-3.237	-18.656	2.518

1495958944486	-3.648	-19.604	-0.727

1495958944494	-2.93	-19.604	-2.911

1495958944504	-1.101	-19.604	-2.71

1495958944514	1.733	-19.604	-1.407

1495958944524	4.539	-19.604	1.168

1495958944534	4.386	-19.604	2.901

1495958944555	0.881	-19.029	3.035

1495958944557	1.043	-18.608	0.823

1495958944565	-0.191	-18.876	-1.925

1495958944575	-2.94	-18.914	-1.723

1495958944589	-4.52	-18.33	0.038

1495958944595	-4.089	-17.21	2.231

1495958944608	-3.313	-16.367	2.183

1495958944616	-1.484	-15.4	1.79

1495958944627	-0.344	-14.854	0.565

1495958944635	0.948	-14.375	0.459

1495958944646	1.359	-13.12	-0.43

1495958944656	1.388	-12.306	-2.049

1495958944664	1.168	-11.004	-1.177

1495958944674	1.398	-8.839	-1.714

1495958944684	2.375	-6.656	-1.034

1495958944694	2.298	-3.964	-0.727

1495958944704	2.25	-1.34	-0.392

1495958944714	1.656	1.015	0.277

1495958944726	1.685	2.499	0.756

1495958944744	2.068	3.591	1.541

1495958944752	2.327	3.984	2.087

1495958944771	2.298	3.591	2.25

1495958944774	0.565	2.633	2.844

1495958944777	-1.12	1.398	3.179

1495958944786	-2.442	0.517	3.84

1495958944794	-3.035	-0.249	4.874

1495958944804	-3.964	-1.168	5.248

1495958944814	-5.535	-2.087	6.215

1495958944825	-6.215	-3.131	9.902

1495958944839	-6.253	-5.056	14.193

1495958944845	-5.564	-8.035	15.16

1495958944855	-2.135	-10.803	10.486

1495958944864	0.737	-17.65	1.541

1495958944874	8.121	-19.604	-18.139

1495958944884	12.297	-19.594	-6.79

1495958944898	8.782	-11.77	1.867

1495958944906	7.01	-5.42	5.573

1495958944915	4.252	-4.951	-2.911

1495958944927	-0.584	-3.754	-10.257

1495958944935	-3.304	-4.309	-2.308

1495958944945	-2.7	-7.077	-1.704

1495958944955	-0.89	-10.113	-4.778

1495958944965	1.206	-15.543	-4.625

1495958944974	-0.861	-19.604	-2.853

1495958944985	-5.66	-19.604	0.344

1495958944997	-7.565	-19.297	0.814

1495958945015	-5.688	-15.17	1.091

1495958945018	-4.903	-11.99	1.733

1495958945025	-3.39	-11.243	0.574

1495958945034	-0.622	-11.157	1.513

1495958945046	1.925	-11.483	3.505

1495958945055	2.365	-12.842	2.739

1495958945064	2.547	-14.135	2.384

1495958945074	1.379	-14.643	2.901

1495958945086	-1.34	-14.03	3.792

1495958945113	-6.579	-11.808	6.11

1495958945114	-6.579	-11.808	6.11

1495958945115	-7.728	-9.644	5.899

1495958945124	-7.345	-6.799	5.43

1495958945134	-6.876	-4.52	3.811

1495958945146	-5.775	-3.122	2.317

1495958945158	-4.146	-1.925	1.915

1495958945165	-2.873	-1.015	0.766

1495958945174	-2.806	-1.043	-0.028

1495958945184	-3.227	-1.177	-0.162

1495958945194	-3.304	-0.909	0.363

1495958945206	-4.099	-0.641	2.384

1495958945216	-5.478	-1.589	2.825

1495958945226	-5.372	-2.777	4.836

1495958945236	-4.3	-4.309	5.286

1495958945247	-3.725	-7.249	2.394

1495958945257	-2.882	-9.079	0.114

1495958945265	-1.925	-12.277	-0.363

1495958945277	-0.057	-15.256	2.806

1495958945285	-1.589	-17.669	0.555

1495958945295	-1.992	-19.029	-1.752

1495958945304	-1.12	-19.604	-2.068

1495958945314	0.411	-19.604	-1.838

1495958945324	3.591	-19.604	0.076

1495958945334	3.313	-19.604	1.743

1495958945346	1.838	-19.24	2.585

1495958945359	1.484	-17.487	2.135

1495958945365	1.302	-17.286	0.814

1495958945375	0.383	-17.593	-0.976

1495958945385	-1.005	-16.903	1.005

1495958945394	-2.231	-15.802	3.907

1495958945404	-3.304	-15.313	4.089

1495958945414	-3.926	-14.767	1.963

1495958945424	-4.644	-15.179	0.383

1495958945434	-3.083	-15.323	-2.461

1495958945445	-1.407	-14.25	-1.541

1495958945469	0.354	-11.54	-1.426

1495958945471	2.02	-8.312	-1.704

1495958945475	2.777	-5.506	-1.225

1495958945484	3.055	-2.547	-0.785

1495958945494	2.796	-0.344	-0.593

1495958945504	2.518	1.608	-0.153

1495958945514	2.518	3.313	0.354

1495958945524	2.662	4.558	1.302

1495958945536	2.528	5.028	1.848

1495958945547	2.375	4.558	2.039

1495958945566	1.886	3.83	2.116

1495958945567	0.66	3.035	2.49

1495958945574	-0.392	2.413	3.112

1495958945584	-1.149	1.513	3.639

1495958945594	-1.972	0.047	3.974

1495958945604	-3.064	-1.647	5.248

1495958945614	-5.995	-4.031	6.205

1495958945626	-8.14	-6.847	15.419

1495958945636	-8.399	-9.27	15.419

1495958945648	-2.26	-15.007	12.479

1495958945670	4.166	-19.556	3.409

1495958945674	9.634	-19.604	-18.541

1495958945677	11.415	-19.01	-7.383

