1495914458071	-6.0	24.18	-34.32

1495914458168	-7.14	26.22	-33.24

1495914458268	-8.04	28.08	-31.68

1495914458368	-9.06	30.06	-29.64

1495914458468	-9.66	31.68	-27.9

1495914458568	-10.5	32.46	-26.64

1495914458669	-10.5	32.52	-26.16

1495914458768	-10.2	31.92	-26.4

1495914458877	-9.78	31.02	-26.7

1495914458968	-9.36	29.52	-27.6

1495914459068	-8.82	27.9	-28.56

1495914459168	-8.52	26.4	-29.82

1495914459278	-8.7	25.5	-30.48

1495914459378	-8.82	25.14	-30.3

1495914459479	-9.42	25.44	-29.4

1495914459578	-10.26	26.16	-27.54

1495914459678	-11.46	27.18	-25.44

1495914459778	-12.3	28.56	-22.8

1495914459878	-13.14	30.18	-20.58

1495914459978	-14.16	31.56	-18.42

1495914460079	-15.18	32.16	-16.38

1495914460178	-15.54	32.22	-15.12

1495914460278	-15.78	32.1	-14.46

1495914460378	-15.9	31.74	-14.34

1495914460478	-15.72	31.44	-14.82

1495914460578	-15.54	31.02	-15.42

1495914460681	-15.6	30.36	-16.08

1495914460778	-15.6	29.88	-16.62

1495914460878	-14.94	29.82	-17.22

1495914460979	-14.94	30.12	-17.22

1495914461079	-15.36	30.54	-16.26

1495914461179	-16.02	31.14	-14.76

1495914461280	-16.74	31.62	-12.66

1495914461378	-17.64	32.34	-10.26

1495914461480	-18.54	32.94	-7.8

1495914461580	-19.08	33.36	-5.28

1495914461678	-20.1	33.24	-3.18

1495914461778	-20.64	33.36	-2.46

1495914461878	-20.22	33.48	-2.76

1495914461978	-19.38	33.54	-4.02

1495914462078	-18.3	33.54	-5.82

1495914462178	-17.1	33.6	-8.04

1495914462278	-15.72	33.9	-10.02

1495914462378	-14.82	34.08	-11.64

1495914462479	-13.86	34.98	-12.9

1495914462578	-13.38	35.16	-12.54

1495914462678	-13.74	35.1	-11.16

1495914462778	-14.46	35.16	-9.06

1495914462878	-15.6	35.16	-6.18

1495914462979	-16.86	34.92	-2.94

