1495822386380	-9.810077	1.020248	-0.23544185

1495822386381	-9.731596	1.020248	-0.23544185

1495822386381	-9.810077	1.020248	-0.23544185

1495822386382	-9.810077	1.020248	-0.23544185

1495822386399	-9.810077	1.020248	-0.23544185

1495822386400	-9.810077	0.9417674	-0.23544185

1495822386409	-9.810077	1.020248	-0.23544185

1495822386449	-9.810077	1.020248	-0.31392246

1495822386459	-9.810077	1.020248	-0.23544185

1495822386473	-9.731596	0.9417674	-0.23544185

1495822386479	-9.731596	1.020248	-0.23544185

1495822386489	-9.810077	1.020248	-0.23544185

1495822386511	-9.810077	1.020248	-0.23544185

1495822386514	-9.810077	1.020248	-0.23544185

1495822386519	-9.810077	1.020248	-0.31392246

1495822386529	-9.810077	1.020248	-0.23544185

1495822386539	-9.810077	1.020248	-0.23544185

1495822386557	-9.810077	1.020248	-0.31392246

1495822386559	-9.731596	1.020248	-0.23544185

1495822386570	-9.810077	1.020248	-0.15696123

1495822386594	-9.810077	1.020248	-0.23544185

1495822386609	-9.810077	1.020248	-0.15696123

1495822386619	-9.810077	1.020248	-0.23544185

1495822386634	-9.810077	1.020248	-0.23544185

1495822386639	-9.810077	1.020248	-0.23544185

1495822386669	-9.810077	1.020248	-0.15696123

1495822386670	-9.731596	1.020248	-0.15696123

1495822386671	-9.810077	1.020248	-0.23544185

1495822386679	-9.810077	1.0987287	-0.23544185

1495822386689	-9.810077	1.0987287	-0.23544185

1495822386706	-9.810077	1.020248	-0.23544185

1495822386709	-9.810077	1.020248	-0.23544185

1495822386719	-9.810077	0.9417674	-0.23544185

1495822386748	-9.731596	1.020248	-0.15696123

1495822386750	-9.810077	1.020248	-0.15696123

1495822386769	-9.731596	1.020248	-0.23544185

1495822386790	-9.731596	1.020248	-0.23544185

1495822386791	-9.810077	1.020248	-0.23544185

1495822386799	-9.810077	1.020248	-0.15696123

1495822386819	-9.810077	1.020248	-0.23544185

1495822386852	-9.731596	1.020248	-0.23544185

1495822386853	-9.810077	1.020248	-0.23544185

1495822386859	-9.810077	1.020248	-0.23544185

1495822386892	-9.810077	1.0987287	-0.23544185

1495822386893	-9.731596	1.020248	-0.23544185

1495822386894	-9.810077	1.020248	-0.23544185

1495822386909	-9.810077	1.020248	-0.31392246

1495822386928	-9.810077	1.020248	-0.23544185

1495822386960	-9.810077	1.020248	-0.23544185

1495822386961	-9.810077	1.020248	-0.31392246

1495822386969	-9.810077	1.020248	-0.23544185

1495822386979	-9.810077	1.020248	-0.23544185

1495822386989	-9.810077	1.020248	-0.31392246

1495822387004	-9.810077	1.0987287	-0.23544185

1495822387044	-9.731596	1.020248	-0.23544185

1495822387045	-9.810077	1.020248	-0.23544185

1495822387046	-9.810077	1.020248	-0.23544185

1495822387049	-9.810077	1.020248	-0.23544185

1495822387059	-9.810077	1.020248	-0.23544185

1495822387078	-9.731596	1.020248	-0.23544185

1495822387089	-9.810077	1.020248	-0.23544185

1495822387099	-9.810077	1.020248	-0.15696123

1495822387118	-9.810077	1.020248	-0.23544185

1495822387120	-9.731596	1.020248	-0.15696123

1495822387129	-9.731596	1.0987287	-0.23544185

1495822387139	-9.810077	1.020248	-0.15696123

1495822387149	-9.731596	0.9417674	-0.23544185

1495822387163	-9.731596	1.020248	-0.23544185

1495822387169	-9.810077	1.020248	-0.23544185

1495822387205	-9.810077	1.020248	-0.31392246

1495822387205	-9.810077	1.020248	-0.23544185

1495822387206	-9.810077	1.020248	-0.31392246

1495822387209	-9.810077	1.0987287	-0.31392246

1495822387219	-9.810077	1.0987287	-0.23544185

1495822387229	-9.810077	1.020248	-0.15696123

1495822387259	-9.731596	1.020248	-0.23544185

1495822387282	-9.810077	1.020248	-0.23544185

1495822387283	-9.731596	1.020248	-0.23544185

1495822387289	-9.810077	1.0987287	-0.15696123

1495822387299	-9.810077	1.020248	-0.23544185

1495822387319	-9.810077	1.020248	-0.15696123

1495822387320	-9.810077	1.020248	-0.23544185

1495822387349	-9.810077	1.020248	-0.23544185

1495822387369	-9.810077	1.020248	-0.23544185

1495822387382	-9.731596	1.020248	-0.23544185

1495822387389	-9.810077	1.020248	-0.23544185

1495822387422	-9.810077	1.020248	-0.23544185

1495822387423	-9.731596	1.020248	-0.23544185

1495822387430	-9.731596	1.020248	-0.15696123

1495822387439	-9.810077	1.020248	-0.15696123

1495822387449	-9.810077	1.020248	-0.23544185

1495822387469	-9.731596	1.020248	-0.23544185

1495822387479	-9.731596	1.020248	-0.15696123

1495822387509	-9.810077	1.020248	-0.23544185

1495822387510	-9.810077	1.020248	-0.15696123

1495822387511	-9.731596	1.020248	-0.23544185

1495822387519	-9.810077	1.020248	-0.23544185

1495822387529	-9.810077	1.0987287	-0.23544185

1495822387555	-9.810077	1.020248	-0.23544185

1495822387559	-9.810077	1.020248	-0.23544185

1495822387579	-9.810077	1.020248	-0.23544185

1495822387599	-9.731596	1.020248	-0.15696123

1495822387617	-9.810077	1.020248	-0.23544185

1495822387619	-9.810077	1.020248	-0.23544185

1495822387629	-9.810077	1.020248	-0.15696123

1495822387645	-9.810077	1.020248	-0.23544185

1495822387649	-9.810077	1.020248	-0.23544185

1495822387690	-9.731596	0.9417674	-0.23544185

1495822387699	-9.731596	1.020248	-0.23544185

1495822387720	-9.810077	0.9417674	-0.23544185

1495822387721	-9.731596	0.9417674	-0.23544185

1495822387739	-9.810077	1.020248	-0.23544185

1495822387763	-9.810077	1.020248	-0.23544185

1495822387779	-9.810077	1.0987287	-0.31392246

1495822387791	-9.810077	1.020248	-0.23544185

1495822387799	-9.810077	1.020248	-0.15696123

1495822387809	-9.731596	1.020248	-0.23544185

1495822387823	-9.810077	1.020248	-0.23544185

1495822387840	-9.810077	1.020248	-0.23544185

1495822387863	-9.810077	1.0987287	-0.23544185

1495822387864	-9.731596	1.020248	-0.23544185

1495822387869	-9.810077	1.020248	-0.23544185

1495822387879	-9.810077	1.020248	-0.31392246

1495822387889	-9.810077	1.020248	-0.23544185

1495822387905	-9.810077	1.020248	-0.23544185

1495822387929	-9.810077	1.020248	-0.23544185

1495822387939	-9.731596	1.020248	-0.15696123

1495822387959	-9.810077	1.020248	-0.23544185

1495822387989	-9.810077	1.020248	-0.23544185

1495822388009	-9.810077	1.020248	-0.23544185

1495822388019	-9.810077	1.020248	-0.23544185

1495822388053	-9.810077	1.020248	-0.23544185

1495822388091	-9.731596	1.020248	-0.23544185

1495822388092	-9.810077	1.020248	-0.23544185

1495822388099	-9.810077	1.020248	-0.23544185

1495822388132	-9.731596	1.020248	-0.23544185

1495822388133	-9.731596	1.020248	-0.23544185

1495822388139	-9.810077	1.020248	-0.23544185

1495822388159	-9.731596	1.020248	-0.23544185

1495822388169	-9.810077	1.020248	-0.23544185

1495822388192	-9.810077	1.020248	-0.23544185

1495822388199	-9.810077	1.020248	-0.15696123

1495822388229	-9.810077	1.0987287	-0.23544185

1495822388230	-9.810077	1.020248	-0.23544185

1495822388249	-9.731596	1.020248	-0.23544185

1495822388259	-9.731596	1.020248	-0.23544185

1495822388274	-9.810077	1.020248	-0.23544185

1495822388279	-9.731596	1.020248	-0.15696123

1495822388312	-9.731596	1.020248	-0.23544185

1495822388313	-9.731596	1.020248	-0.23544185

1495822388319	-9.810077	1.020248	-0.23544185

1495822388359	-9.810077	1.020248	-0.31392246

1495822388388	-9.810077	1.020248	-0.23544185

1495822388399	-9.810077	1.020248	-0.23544185

1495822388419	-9.731596	1.020248	-0.31392246

1495822388436	-9.810077	1.020248	-0.31392246

1495822388439	-9.810077	1.0987287	-0.31392246

1495822388449	-9.810077	1.020248	-0.23544185

1495822388459	-9.731596	1.0987287	-0.23544185

1495822388469	-9.731596	1.0987287	-0.15696123

1495822388479	-9.810077	1.020248	-0.15696123

1495822388493	-9.810077	0.9417674	-0.23544185

1495822388499	-9.810077	0.9417674	-0.23544185

1495822388535	-9.810077	1.020248	-0.23544185

1495822388535	-9.810077	1.020248	-0.23544185

1495822388536	-9.810077	1.020248	-0.23544185

1495822388539	-9.810077	1.0987287	-0.23544185

1495822388570	-9.810077	1.020248	-0.23544185

1495822388579	-9.810077	1.020248	-0.23544185

1495822388597	-9.810077	1.020248	-0.23544185

1495822388632	-9.810077	1.020248	-0.15696123

1495822388639	-9.731596	1.020248	-0.23544185

1495822388667	-9.810077	1.020248	-0.23544185

1495822388699	-9.810077	1.020248	-0.23544185

1495822388713	-9.810077	1.020248	-0.23544185

1495822388719	-9.810077	1.020248	-0.23544185

1495822388747	-9.810077	1.020248	-0.23544185

1495822388751	-9.810077	1.020248	-0.15696123

1495822388759	-9.810077	1.020248	-0.23544185

1495822388769	-9.810077	1.0987287	-0.23544185

1495822388791	-9.810077	1.020248	-0.23544185

1495822388792	-9.810077	1.020248	-0.23544185

1495822388799	-9.810077	1.020248	-0.31392246

1495822388818	-9.810077	1.020248	-0.23544185

1495822388819	-9.731596	1.020248	-0.15696123

1495822388829	-9.810077	1.020248	-0.15696123

1495822388839	-9.810077	1.020248	-0.23544185

1495822388859	-9.810077	1.020248	-0.23544185

1495822388869	-9.810077	0.9417674	-0.23544185

1495822388894	-9.810077	0.9417674	-0.31392246

1495822388895	-9.810077	1.020248	-0.23544185

1495822388909	-9.731596	1.020248	-0.15696123

1495822388929	-9.810077	1.020248	-0.15696123

1495822388950	-9.731596	1.020248	-0.15696123

1495822388951	-9.810077	1.020248	-0.15696123

1495822388959	-9.810077	1.020248	-0.23544185

1495822388979	-9.810077	1.020248	-0.23544185

1495822388989	-9.731596	1.020248	-0.31392246

1495822388999	-9.810077	1.020248	-0.39240307

1495822389015	-9.810077	1.020248	-0.31392246

1495822389019	-9.810077	1.020248	-0.23544185

1495822389029	-9.731596	1.020248	-0.31392246

1495822389051	-9.810077	1.0987287	-0.31392246

1495822389053	-9.810077	1.020248	-0.23544185

1495822389059	-9.731596	1.020248	-0.23544185

1495822389069	-9.810077	1.020248	-0.31392246

1495822389092	-9.810077	1.020248	-0.23544185

1495822389093	-9.810077	1.020248	-0.23544185

1495822389129	-9.810077	1.020248	-0.15696123

1495822389139	-9.810077	1.020248	-0.23544185

1495822389149	-9.731596	1.020248	-0.23544185

1495822389170	-9.731596	1.020248	-0.23544185

1495822389172	-9.810077	1.020248	-0.23544185

1495822389206	-9.810077	1.020248	-0.23544185

1495822389219	-9.731596	1.020248	-0.23544185

1495822389229	-9.810077	1.020248	-0.23544185

1495822389251	-9.810077	1.020248	-0.23544185

1495822389252	-9.731596	1.020248	-0.23544185

1495822389260	-9.731596	1.020248	-0.23544185

1495822389291	-9.810077	1.020248	-0.23544185

1495822389292	-9.810077	1.0987287	-0.15696123

1495822389293	-9.731596	1.020248	-0.23544185

1495822389299	-9.810077	1.020248	-0.23544185

1495822389360	-9.731596	1.020248	-0.23544185

1495822389361	-9.810077	1.020248	-0.15696123

1495822389379	-9.810077	1.020248	-0.23544185

1495822389389	-9.810077	1.020248	-0.23544185

1495822389404	-9.731596	1.020248	-0.15696123

1495822389409	-9.810077	1.020248	-0.15696123

1495822389443	-9.810077	1.020248	-0.15696123

1495822389444	-9.810077	1.020248	-0.23544185

1495822389449	-9.810077	1.020248	-0.15696123

1495822389459	-9.731596	1.020248	-0.15696123

1495822389475	-9.810077	1.020248	-0.23544185

1495822389479	-9.810077	1.0987287	-0.23544185

1495822389515	-9.731596	1.020248	-0.23544185

1495822389516	-9.731596	1.020248	-0.15696123

1495822389519	-9.810077	1.020248	-0.15696123

1495822389529	-9.810077	1.020248	-0.23544185

1495822389539	-9.731596	1.0987287	-0.23544185

1495822389554	-9.810077	1.020248	-0.23544185

1495822389559	-9.731596	1.020248	-0.23544185

1495822389590	-9.731596	1.020248	-0.23544185

1495822389591	-9.810077	1.020248	-0.23544185

1495822389592	-9.731596	1.020248	-0.15696123

1495822389599	-9.731596	1.020248	-0.15696123

1495822389609	-9.810077	1.020248	-0.23544185

1495822389627	-9.810077	1.020248	-0.15696123

1495822389629	-9.810077	1.020248	-0.23544185

1495822389639	-9.810077	0.9417674	-0.23544185

1495822389655	-9.810077	1.020248	-0.23544185

1495822389692	-9.731596	1.020248	-0.31392246

1495822389693	-9.810077	1.020248	-0.31392246

1495822389709	-9.810077	1.020248	-0.23544185

1495822389719	-9.810077	1.020248	-0.31392246

1495822389729	-9.731596	1.020248	-0.31392246

1495822389739	-9.731596	1.020248	-0.23544185

1495822389754	-9.810077	1.0987287	-0.23544185

1495822389759	-9.810077	1.020248	-0.23544185

1495822389769	-9.731596	1.020248	-0.31392246

1495822389790	-9.810077	1.020248	-0.31392246

1495822389791	-9.810077	1.020248	-0.23544185

1495822389799	-9.731596	1.020248	-0.23544185

1495822389832	-9.731596	1.020248	-0.15696123

1495822389832	-9.810077	1.020248	-0.23544185

1495822389840	-9.810077	1.020248	-0.23544185

1495822389870	-9.810077	1.020248	-0.23544185

1495822389872	-9.810077	1.020248	-0.23544185

1495822389879	-9.810077	1.020248	-0.23544185

1495822389889	-9.810077	1.020248	-0.23544185

1495822389909	-9.731596	1.020248	-0.23544185

1495822389919	-9.810077	1.020248	-0.23544185

1495822389929	-9.810077	1.020248	-0.23544185

1495822389951	-9.810077	1.020248	-0.23544185

1495822389953	-9.731596	1.020248	-0.23544185

1495822389959	-9.810077	1.020248	-0.23544185

1495822389969	-9.810077	1.0987287	-0.23544185

1495822389989	-9.731596	1.020248	-0.23544185

1495822389990	-9.810077	1.020248	-0.23544185

1495822389999	-9.810077	1.020248	-0.23544185

1495822390015	-9.810077	1.0987287	-0.23544185

1495822390019	-9.731596	1.020248	-0.23544185

1495822390029	-9.731596	1.020248	-0.23544185

1495822390039	-9.731596	1.020248	-0.23544185

1495822390053	-9.731596	1.020248	-0.31392246

1495822390059	-9.810077	1.020248	-0.31392246

1495822390080	-9.731596	1.020248	-0.23544185

1495822390080	-9.731596	1.0987287	-0.23544185

1495822390089	-9.731596	1.020248	-0.23544185

1495822390113	-9.810077	1.020248	-0.31392246

1495822390119	-9.810077	1.020248	-0.23544185

1495822390152	-9.810077	1.020248	-0.23544185

1495822390153	-9.810077	1.020248	-0.23544185

1495822390159	-9.810077	1.020248	-0.23544185

1495822390169	-9.810077	1.020248	-0.15696123

1495822390191	-9.810077	1.020248	-0.23544185

1495822390199	-9.810077	1.020248	-0.23544185

1495822390220	-9.810077	1.020248	-0.23544185

1495822390255	-9.810077	1.020248	-0.23544185

1495822390259	-9.810077	1.0987287	-0.31392246

1495822390269	-9.810077	1.020248	-0.31392246

1495822390282	-9.810077	1.020248	-0.23544185

1495822390299	-9.731596	1.020248	-0.23544185

1495822390329	-9.810077	1.020248	-0.31392246

1495822390344	-9.810077	1.0987287	-0.23544185

1495822390349	-9.731596	1.0987287	-0.23544185

1495822390359	-9.810077	1.020248	-0.23544185

1495822390390	-9.810077	1.0987287	-0.31392246

1495822390391	-9.731596	1.020248	-0.23544185

1495822390399	-9.810077	1.020248	-0.23544185

1495822390419	-9.810077	1.020248	-0.31392246

1495822390420	-9.731596	1.020248	-0.23544185

1495822390429	-9.810077	1.020248	-0.23544185

1495822390459	-9.810077	1.020248	-0.31392246

1495822390469	-9.810077	1.020248	-0.31392246

1495822390496	-9.810077	1.020248	-0.23544185

1495822390497	-9.731596	1.020248	-0.15696123

1495822390499	-9.810077	0.9417674	-0.23544185

1495822390509	-9.731596	1.020248	-0.23544185

1495822390540	-9.731596	0.9417674	-0.23544185

1495822390541	-9.731596	1.020248	-0.23544185

1495822390549	-9.810077	1.020248	-0.23544185

1495822390569	-9.810077	1.020248	-0.23544185

1495822390570	-9.731596	1.020248	-0.23544185

1495822390579	-9.810077	1.020248	-0.15696123

1495822390589	-9.731596	1.020248	-0.15696123

1495822390603	-9.810077	1.020248	-0.23544185

1495822390637	-9.731596	1.020248	-0.15696123

1495822390640	-9.810077	1.020248	-0.23544185

1495822390649	-9.810077	1.020248	-0.23544185

1495822390659	-9.810077	1.020248	-0.23544185

1495822390681	-9.810077	1.020248	-0.31392246

1495822390682	-9.810077	1.020248	-0.31392246

1495822390699	-9.731596	1.020248	-0.31392246

1495822390717	-9.810077	1.020248	-0.23544185

1495822390720	-9.810077	1.020248	-0.23544185

1495822390749	-9.810077	0.9417674	-0.31392246

1495822390762	-9.810077	1.020248	-0.23544185

1495822390802	-9.810077	1.020248	-0.23544185

1495822390809	-9.810077	1.020248	-0.23544185

1495822390820	-9.731596	1.020248	-0.23544185

1495822390842	-9.731596	1.0987287	-0.15696123

1495822390849	-9.731596	1.020248	-0.15696123

1495822390859	-9.731596	1.020248	-0.23544185

1495822390869	-9.810077	1.020248	-0.23544185

1495822390885	-9.810077	1.020248	-0.31392246

1495822390889	-9.731596	1.020248	-0.31392246

1495822390899	-9.731596	1.020248	-0.23544185

1495822390909	-9.810077	1.020248	-0.23544185

1495822390926	-9.888557	1.020248	-0.31392246

1495822390932	-9.810077	1.020248	-0.31392246

1495822390949	-9.810077	1.020248	-0.31392246

1495822390970	-9.810077	1.020248	-0.23544185

1495822390989	-9.810077	1.0987287	-0.31392246

1495822391012	-9.810077	1.020248	-0.23544185

1495822391013	-9.810077	1.020248	-0.31392246

1495822391019	-9.810077	1.020248	-0.23544185

1495822391038	-9.810077	1.020248	-0.23544185

1495822391039	-9.731596	1.0987287	-0.23544185

1495822391049	-9.810077	1.020248	-0.23544185

1495822391071	-9.810077	1.020248	-0.15696123

1495822391079	-9.731596	1.020248	-0.15696123

1495822391089	-9.810077	1.020248	-0.23544185

1495822391107	-9.731596	1.020248	-0.23544185

1495822391129	-9.810077	1.020248	-0.23544185

1495822391179	-9.731596	1.020248	-0.23544185

1495822391189	-9.731596	1.020248	-0.15696123

1495822391199	-9.810077	1.020248	-0.23544185

1495822391213	-9.810077	1.0987287	-0.23544185

1495822391219	-9.888557	1.020248	-0.23544185

1495822391229	-9.810077	1.020248	-0.23544185

1495822391252	-9.810077	1.020248	-0.23544185

1495822391269	-9.731596	1.020248	-0.23544185

