1496043106648	14.22	1.38	-10.68

1496043106748	14.04	1.44	-10.74

1496043106848	13.8	1.5	-10.8

1496043106947	13.8	1.68	-10.86

1496043107048	13.8	1.62	-10.62

1496043107148	13.8	1.74	-10.86

1496043107247	13.86	1.56	-10.86

1496043107347	13.86	1.44	-10.86

1496043107447	14.16	1.26	-10.68

1496043107548	13.98	1.02	-10.56

1496043107647	14.1	0.9	-10.44

1496043107747	13.98	0.84	-10.44

1496043107848	13.98	0.96	-10.5

1496043107947	13.98	0.9	-10.38

1496043108048	13.62	1.26	-10.68

1496043108147	13.5	1.56	-10.92

1496043108247	13.5	1.68	-11.1

1496043108347	13.62	1.92	-11.28

1496043108447	13.8	2.1	-11.1

1496043108557	13.8	2.04	-11.04

1496043108648	13.74	2.1	-11.1

1496043108748	13.86	1.86	-10.98

1496043108859	14.04	1.56	-10.98

1496043108948	14.28	1.56	-10.98

1496043109048	14.34	1.62	-10.8

1496043109160	14.58	1.62	-10.74

1496043109247	14.58	1.56	-10.86

1496043109347	14.7	1.56	-10.86

1496043109447	14.7	1.68	-10.98

1496043109548	14.52	1.74	-11.04

1496043109647	14.52	1.92	-11.04

1496043109747	14.58	1.92	-10.98

1496043109849	14.52	1.98	-11.04

1496043109947	14.28	1.92	-11.1

1496043110047	14.4	1.8	-11.04

1496043110147	14.34	1.74	-10.98

1496043110247	14.58	1.62	-10.8

1496043110347	14.64	1.8	-10.8

1496043110448	14.7	1.56	-10.68

1496043110547	14.64	1.5	-10.5

1496043110648	14.58	1.5	-10.56

1496043110747	14.58	1.38	-10.38

1496043110848	14.64	1.5	-10.74

1496043110948	14.7	1.68	-10.92

1496043111047	14.52	1.8	-10.98

1496043111150	14.58	1.68	-10.92

1496043111248	14.58	1.68	-11.16

1496043111347	14.46	1.56	-11.04

1496043111447	14.82	1.62	-10.86

1496043111547	15.06	1.62	-11.04

