1498313775165	63.25	-67.75	-72.25

1498313775192	63.75	-67.75	-72.25

1498313775257	63.75	-67.75	-72.25

1498313775295	63.75	-68.25	-72.0

1498313775345	63.75	-68.25	-72.0

1498313775408	63.75	-68.25	-72.5

1498313775446	63.75	-68.25	-72.5

1498313775498	63.75	-68.25	-72.5

1498313775548	63.75	-68.25	-72.5

1498313775598	63.75	-68.25	-72.5

1498313775648	63.75	-68.25	-72.5

1498313775699	63.75	-68.25	-72.5

1498313775749	63.75	-68.25	-72.5

1498313775801	63.75	-68.25	-72.5

1498313775850	63.75	-68.25	-72.5

1498313775901	63.75	-68.25	-72.5

1498313775952	63.75	-68.25	-72.5

1498313776002	63.75	-68.25	-72.5

1498313776053	63.75	-68.25	-72.5

1498313776103	64.0	-68.0	-73.25

1498313776153	64.0	-68.0	-73.25

1498313776203	63.75	-68.0	-73.0

1498313776253	63.75	-68.0	-73.0

1498313776303	64.25	-68.0	-73.25

1498313776354	64.25	-68.0	-73.25

1498313776407	64.5	-68.0	-72.75

1498313776454	64.5	-68.0	-72.75

1498313776504	64.0	-68.0	-73.0

1498313776554	64.0	-68.0	-73.0

1498313776605	63.75	-67.75	-73.25

1498313776660	63.75	-67.75	-73.25

1498313776706	64.0	-68.0	-73.25

1498313776756	64.0	-68.0	-73.25

1498313776808	64.5	-68.25	-73.75

1498313776858	64.5	-68.25	-73.75

1498313776954	64.5	-68.25	-73.75

1498313777000	64.5	-68.25	-73.75

1498313777050	64.5	-68.25	-73.75

1498313777110	64.5	-68.25	-73.75

1498313777156	64.5	-68.25	-73.75

1498313777201	64.5	-68.25	-73.75

1498313777251	64.5	-68.25	-73.75

1498313777305	64.5	-68.25	-73.75

1498313777353	64.5	-68.25	-73.75

1498313777404	64.5	-68.25	-73.75

1498313777454	64.5	-68.25	-73.75

1498313777509	64.5	-68.25	-73.75

1498313777555	64.5	-68.25	-73.75

1498313777605	64.5	-68.25	-73.75

1498313777655	64.5	-68.25	-73.75

1498313777705	64.25	-68.0	-72.75

1498313777758	64.25	-68.0	-72.75

1498313777806	64.25	-67.75	-72.5

1498313777856	64.25	-67.75	-72.5

1498313777907	64.25	-67.75	-72.75

1498313777958	64.25	-67.75	-72.75

1498313778007	64.25	-67.75	-72.75

1498313778058	64.25	-67.75	-72.75

1498313778110	64.25	-67.75	-72.5

1498313778172	64.25	-67.75	-72.5

1498313778236	63.75	-68.25	-72.5

1498313778263	63.75	-68.25	-72.5

1498313778313	63.5	-67.75	-72.75

1498313778363	63.5	-67.75	-72.75

1498313778413	63.75	-67.75	-73.0

1498313778463	63.75	-67.75	-73.0

1498313778515	63.75	-67.75	-73.0

1498313778565	63.75	-67.75	-73.0

1498313778615	63.75	-67.75	-73.0

1498313778666	63.75	-67.75	-73.0

1498313778717	63.75	-67.75	-73.0

1498313778768	63.75	-67.75	-73.0

1498313778819	63.75	-67.75	-73.0

1498313778868	63.75	-67.75	-73.0

1498313778918	63.75	-68.0	-73.75

1498313778968	63.75	-68.0	-73.75

1498313779020	64.25	-67.75	-73.25

1498313779070	64.25	-67.75	-73.25

1498313779120	64.25	-68.25	-73.0

1498313779170	64.25	-68.25	-73.0

1498313779221	64.25	-68.25	-73.25

1498313779276	64.25	-68.25	-73.25

1498313779322	64.25	-68.5	-73.0

1498313779373	64.25	-68.5	-73.0

1498313779423	64.25	-68.5	-73.0

1498313779477	64.25	-68.5	-73.0

1498313779524	64.5	-68.25	-72.5

1498313779575	64.5	-68.25	-72.5

1498313779625	64.5	-68.5	-71.75

1498313779675	64.5	-68.5	-71.75

1498313779726	64.5	-68.5	-71.75

1498313779777	64.5	-68.5	-71.75

1498313779827	64.25	-68.5	-72.5

1498313779877	64.25	-68.5	-72.5

1498313779929	64.25	-68.25	-72.5

1498313779979	64.25	-68.25	-72.5

1498313780028	64.5	-68.5	-72.75

1498313780078	64.5	-68.5	-72.75

