1495305903137	0.004263256	-0.004263256	0.010791367

1495305903151	0.004263256	0.0	0.008659739

1495305903155	0.0119904075	-0.004263256	0.008659739

1495305903165	0.009725553	-0.004263256	0.009725553

1495305903175	0.009725553	-0.002131628	0.0065281107

1495305903187	0.008659739	-0.002131628	0.010791367

1495305903194	0.0075939246	0.001065814	0.0075939246

1495305903205	0.002131628	-0.0065281107	0.0119904075

1495305903214	0.00532907	-0.001065814	0.0119904075

1495305903224	0.0075939246	0.001065814	0.013056221

1495305903238	0.003197442	-0.00532907	0.008659739

1495305903244	0.0075939246	-0.002131628	0.013056221

1495305903254	0.013056221	-0.003197442	0.010791367

1495305903264	0.010791367	-0.003197442	0.016253663

1495305903285	0.0075939246	-0.003197442	0.017452704

1495305903287	0.0075939246	-0.008659739	0.014122035

1495305903294	0.004263256	-0.003197442	0.0119904075

1495305903306	0.00532907	0.003197442	0.010791367

1495305903314	0.0075939246	-0.0065281107	0.010791367

1495305903324	0.0065281107	-0.00532907	0.009725553

1495305903342	0.008659739	-0.00532907	0.009725553

1495305903344	0.009725553	-0.0119904075	0.002131628

1495305903354	0.002131628	-0.008659739	0.0065281107

1495305903364	0.004263256	-0.004263256	0.00532907

1495305903380	0.004263256	-0.003197442	0.0075939246

1495305903387	0.008659739	-0.003197442	0.0065281107

1495305903404	0.00532907	-0.0065281107	0.015187849

1495305903414	0.004263256	-0.008659739	0.009725553

1495305903424	0.0075939246	-0.0075939246	0.004263256

1495305903436	0.010791367	-0.014122035	0.0119904075

1495305903444	0.00532907	-0.003197442	0.0119904075

1495305903454	0.008659739	-0.00532907	0.0065281107

1495305903464	0.004263256	-0.002131628	0.004263256

1495305903475	0.004263256	-0.008659739	0.004263256

1495305903511	0.010791367	-0.00532907	0.010791367

1495305903512	0.0119904075	-0.003197442	0.017452704

1495305903514	0.008659739	-0.0065281107	0.009725553

1495305903524	0.0075939246	-0.002131628	0.010791367

1495305903539	0.0075939246	-0.003197442	0.009725553

1495305903544	0.0075939246	-0.00532907	0.013056221

1495305903555	0.0075939246	-0.008659739	0.013056221

1495305903571	0.0075939246	-0.010791367	0.0065281107

1495305903574	0.00532907	-0.00532907	0.009725553

1495305903588	0.008659739	-0.003197442	0.008659739

1495305903604	0.014122035	0.0	0.0065281107

1495305903614	0.0119904075	-0.002131628	0.0119904075

1495305903624	0.010791367	-0.004263256	0.014122035

1495305903637	0.0065281107	-0.010791367	0.013056221

1495305903644	0.008659739	-0.015187849	0.009725553

1495305903654	0.0075939246	-0.0119904075	0.0075939246

1495305903664	0.004263256	-0.0075939246	0.0075939246

1495305903674	0.00532907	-0.00532907	0.014122035

1495305903687	0.0119904075	-0.002131628	0.009725553

1495305903694	0.009725553	-0.00532907	0.015187849

1495305903704	0.0075939246	-0.00532907	0.010791367

1495305903714	0.0065281107	0.0	0.0065281107

1495305903724	0.0065281107	-0.0065281107	0.014122035

1495305903736	0.00532907	-0.0075939246	0.0119904075

1495305903744	0.003197442	-0.0075939246	0.014122035

1495305903754	0.00532907	-0.003197442	0.015187849

1495305903764	0.009725553	-0.0075939246	0.008659739

1495305903774	0.008659739	-0.003197442	0.016253663

1495305903787	0.0075939246	-0.0075939246	0.0075939246

1495305903804	0.00532907	-0.00532907	0.008659739

1495305903816	0.009725553	0.0	0.009725553

1495305903825	0.001065814	-0.002131628	0.004263256

1495305903839	0.009725553	-0.002131628	0.008659739

1495305903844	0.008659739	-0.0065281107	0.009725553

1495305903854	0.008659739	-0.0075939246	0.013056221

1495305903864	0.00532907	-0.00532907	0.013056221

1495305903874	0.004263256	-0.008659739	0.0065281107

1495305903896	0.003197442	-0.008659739	0.008659739

1495305903898	0.004263256	-0.0075939246	0.0075939246

1495305903904	0.0075939246	-0.009725553	0.008659739

1495305903914	0.008659739	-0.0065281107	0.013056221

1495305903924	0.010791367	-0.001065814	0.016253663

1495305903936	0.0075939246	-0.004263256	0.014122035

1495305903944	0.0065281107	-0.008659739	0.0119904075

1495305903954	0.010791367	-0.002131628	0.014122035

1495305903964	0.008659739	-0.002131628	0.013056221

1495305903974	0.009725553	-0.001065814	0.0065281107

1495305903995	0.009725553	-0.001065814	0.010791367

1495305904024	0.008659739	-0.002131628	0.015187849

1495305904042	0.008659739	-0.002131628	0.008659739

1495305904043	0.0075939246	-0.002131628	0.008659739

1495305904044	0.008659739	-0.008659739	0.010791367

1495305904045	0.0075939246	0.001065814	0.014122035

1495305904054	0.0065281107	-0.004263256	0.013056221

1495305904064	0.00532907	-0.001065814	0.0119904075

1495305904074	0.0075939246	0.002131628	0.015187849

1495305904096	0.010791367	0.0	0.008659739

1495305904098	0.0065281107	-0.004263256	0.0075939246

1495305904105	0.001065814	-0.004263256	0.0119904075

1495305904114	0.00532907	-0.009725553	0.010791367

1495305904124	0.00532907	-0.004263256	0.008659739

1495305904138	0.009725553	-0.0065281107	0.003197442

1495305904144	0.008659739	-0.0065281107	0.0119904075

1495305904154	0.0119904075	0.001065814	0.016253663

1495305904170	0.009725553	-0.00532907	0.016253663

1495305904174	0.0065281107	-0.00532907	0.010791367

1495305904187	0.008659739	-0.010791367	0.008659739

1495305904204	0.008659739	0.0	0.013056221

1495305904214	0.0065281107	-0.004263256	0.0065281107

1495305904225	0.010791367	-0.001065814	0.010791367

1495305904237	0.008659739	-0.002131628	0.013056221

1495305904253	0.0075939246	-0.001065814	0.0119904075

1495305904256	0.004263256	-0.008659739	0.008659739

1495305904264	0.00532907	-0.003197442	0.009725553

1495305904274	0.0065281107	0.001065814	0.009725553

1495305904289	0.002131628	-0.004263256	0.0075939246

1495305904294	0.004263256	-0.00532907	0.0065281107

1495305904304	0.009725553	-0.004263256	0.00532907

1495305904315	0.009725553	-0.0065281107	0.013056221

1495305904325	0.009725553	-0.00532907	0.0075939246

1495305904336	0.008659739	-0.003197442	0.0075939246

1495305904344	0.010791367	-0.003197442	0.004263256

1495305904354	0.008659739	-0.004263256	0.0075939246

1495305904364	0.0075939246	-0.008659739	0.0119904075

1495305904374	0.00532907	-0.008659739	0.004263256

1495305904389	0.009725553	0.0	0.008659739

1495305904405	0.0075939246	-0.004263256	0.001065814

1495305904414	0.0075939246	-0.004263256	0.0075939246

1495305904424	0.00532907	-0.003197442	0.0065281107

1495305904436	0.004263256	-0.0119904075	0.004263256

1495305904444	0.0065281107	-0.00532907	0.0075939246

1495305904458	0.008659739	-0.003197442	0.008659739

1495305904464	0.0075939246	-0.00532907	0.010791367

1495305904474	0.008659739	-0.004263256	0.013056221

1495305904487	0.0065281107	-0.0075939246	0.010791367

1495305904494	0.008659739	-0.00532907	0.0065281107

1495305904504	0.008659739	-0.0119904075	0.008659739

1495305904514	0.009725553	-0.010791367	0.0065281107

1495305904525	0.009725553	-0.00532907	0.009725553

1495305904540	0.004263256	-0.0075939246	0.008659739

1495305904544	0.003197442	-0.010791367	0.008659739

1495305904554	0.00532907	-0.008659739	0.0119904075

1495305904573	0.010791367	0.002131628	0.014122035

1495305904577	0.003197442	-0.00532907	0.0119904075

1495305904587	0.0065281107	-0.0065281107	0.0065281107

1495305904605	0.008659739	-0.008659739	0.014122035

1495305904614	0.00532907	-0.002131628	0.014122035

1495305904624	0.008659739	-0.00532907	0.009725553

1495305904637	0.0075939246	0.0	0.0119904075

1495305904652	0.004263256	-0.001065814	0.0075939246

1495305904654	0.0075939246	-0.001065814	0.015187849

1495305904664	0.0075939246	-0.004263256	0.009725553

1495305904674	0.0065281107	-0.001065814	0.013056221

1495305904689	0.0075939246	-0.004263256	0.009725553

1495305904694	0.0075939246	-0.0075939246	0.010791367

1495305904704	0.008659739	-0.0075939246	0.00532907

1495305904718	0.0075939246	-0.002131628	0.003197442

1495305904724	0.009725553	-0.001065814	0.004263256

1495305904736	0.0065281107	-0.004263256	0.003197442

1495305904744	0.00532907	-0.002131628	0.0075939246

1495305904754	0.003197442	-0.00532907	0.013056221

1495305904764	0.004263256	-0.0065281107	0.015187849

1495305904774	0.003197442	-0.004263256	0.0075939246

1495305904787	0.00532907	-0.008659739	0.0119904075

1495305904805	0.0065281107	-0.0065281107	0.0075939246

1495305904814	0.00532907	-0.009725553	0.0075939246

1495305904824	0.013056221	-0.010791367	0.003197442

1495305904836	0.010791367	-0.0075939246	0.003197442

1495305904844	0.0065281107	-0.001065814	0.003197442

1495305904854	0.0119904075	0.001065814	0.0119904075

1495305904864	0.015187849	-0.003197442	0.009725553

1495305904874	0.0075939246	-0.004263256	0.010791367

1495305904890	0.0075939246	-0.003197442	0.008659739

1495305904894	0.010791367	0.002131628	0.009725553

1495305904904	0.0075939246	-0.001065814	0.0119904075

1495305904914	0.0075939246	-0.00532907	0.010791367

1495305904924	0.0065281107	-0.0075939246	0.010791367

1495305904937	0.00532907	-0.003197442	0.0065281107

1495305904945	0.0075939246	-0.0075939246	0.009725553

1495305904955	0.0065281107	-0.004263256	0.010791367

1495305904972	0.0065281107	0.0	0.004263256

1495305904975	0.0065281107	-0.004263256	0.0

1495305904989	0.004263256	0.0	0.015187849

1495305904998	0.004263256	0.0	0.009725553

1495305905005	0.008659739	0.0	0.009725553

1495305905014	0.010791367	-0.001065814	0.010791367

1495305905024	0.00532907	0.001065814	0.0119904075

1495305905037	0.0065281107	-0.003197442	0.0075939246

1495305905044	0.0065281107	-0.003197442	0.014122035

1495305905058	0.0119904075	-0.0075939246	0.010791367

1495305905064	0.00532907	-0.00532907	0.009725553

1495305905074	0.00532907	-0.008659739	0.010791367

1495305905087	0.00532907	-0.0065281107	0.016253663

1495305905094	0.008659739	-0.001065814	0.017452704

1495305905105	0.0075939246	-0.002131628	0.013056221

1495305905118	0.0075939246	-0.00532907	0.0075939246

1495305905124	0.013056221	-0.004263256	0.0119904075

1495305905139	0.0075939246	-0.002131628	0.010791367

1495305905153	0.0065281107	-0.0065281107	0.008659739

1495305905155	0.0075939246	-0.003197442	0.0119904075

1495305905164	0.00532907	-0.003197442	0.010791367

1495305905174	0.008659739	-0.004263256	0.009725553

1495305905187	0.008659739	-0.0065281107	0.0065281107

1495305905204	0.00532907	-0.009725553	0.013056221

1495305905214	0.008659739	-0.0065281107	0.0119904075

1495305905224	0.008659739	0.001065814	0.004263256

1495305905236	0.010791367	-0.002131628	0.010791367

1495305905244	0.008659739	-0.003197442	0.013056221

1495305905254	0.004263256	-0.008659739	0.0075939246

1495305905264	0.0075939246	-0.003197442	0.008659739

1495305905274	0.00532907	0.0	0.010791367

1495305905290	0.0075939246	-0.008659739	0.008659739

1495305905294	0.004263256	-0.009725553	0.009725553

1495305905304	0.008659739	-0.010791367	0.010791367

1495305905314	0.0119904075	-0.00532907	0.0075939246

1495305905324	0.013056221	-0.00532907	0.00532907

1495305905336	0.010791367	-0.00532907	0.0065281107

1495305905344	0.0119904075	-0.001065814	0.010791367

1495305905354	0.004263256	-0.004263256	0.0065281107

1495305905365	0.0065281107	-0.00532907	0.0065281107

1495305905387	0.008659739	-0.00532907	0.010791367

1495305905404	0.008659739	-0.002131628	0.010791367

1495305905414	0.008659739	-0.0065281107	0.010791367

1495305905425	0.010791367	-0.001065814	0.003197442

1495305905438	0.010791367	-0.003197442	0.0075939246

1495305905444	0.0075939246	-0.00532907	0.004263256

1495305905456	0.0065281107	-0.0065281107	0.008659739

1495305905478	0.003197442	-0.003197442	0.010791367

1495305905480	0.003197442	-0.001065814	0.013056221

1495305905487	0.002131628	-0.009725553	0.009725553

1495305905494	0.0075939246	-0.0075939246	0.013056221

1495305905504	0.0075939246	-0.001065814	0.010791367

1495305905514	0.008659739	-0.004263256	0.014122035

1495305905524	0.004263256	-0.002131628	0.010791367

1495305905537	0.0065281107	-0.004263256	0.016253663

1495305905544	0.00532907	-0.004263256	0.010791367

1495305905554	0.004263256	-0.0065281107	0.00532907

1495305905565	0.0065281107	-0.0075939246	0.0065281107

1495305905575	0.0065281107	-0.0075939246	0.004263256

1495305905591	0.010791367	0.0	0.0075939246

1495305905604	0.00532907	-0.010791367	0.009725553

1495305905614	0.009725553	-0.004263256	0.0065281107

1495305905625	0.010791367	-0.00532907	0.0075939246

1495305905636	0.008659739	-0.008659739	0.00532907

1495305905644	0.0075939246	-0.009725553	0.0075939246

1495305905654	0.004263256	-0.003197442	0.013056221

1495305905664	0.00532907	0.0	0.014122035

1495305905674	0.0065281107	-0.003197442	0.004263256

1495305905687	0.009725553	-0.010791367	0.00532907

1495305905694	0.008659739	-0.008659739	0.00532907

1495305905704	0.0075939246	-0.002131628	0.0065281107

1495305905714	0.0075939246	0.002131628	0.009725553

1495305905724	0.004263256	-0.003197442	0.009725553

1495305905744	0.0065281107	-0.003197442	0.00532907

1495305905764	0.0075939246	-0.003197442	0.00532907

1495305905774	0.010791367	-0.002131628	0.0119904075

1495305905787	0.008659739	-0.001065814	0.009725553

1495305905804	0.0065281107	-0.00532907	0.009725553

1495305905814	0.008659739	-0.0119904075	0.010791367

1495305905824	0.009725553	-0.004263256	0.010791367

1495305905838	0.0065281107	-0.0065281107	0.0075939246

1495305905844	0.009725553	-0.003197442	0.010791367

1495305905854	0.0065281107	-0.003197442	0.014122035

1495305905864	0.0075939246	-0.00532907	0.009725553

1495305905874	0.008659739	-0.008659739	0.009725553

1495305905889	0.008659739	-0.0075939246	0.00532907

1495305905904	0.0075939246	-0.0075939246	0.004263256

1495305905906	0.004263256	-0.002131628	0.0065281107

1495305905914	0.0075939246	-0.00532907	0.0065281107

1495305905924	0.00532907	-0.002131628	0.010791367

1495305905936	0.004263256	0.001065814	0.009725553

1495305905944	0.0075939246	-0.0065281107	0.0119904075

1495305905954	0.004263256	-0.008659739	0.013056221

1495305905964	0.00532907	-0.0075939246	0.010791367

1495305905983	0.008659739	-0.003197442	0.010791367

1495305905989	0.010791367	-0.003197442	0.0119904075

1495305906001	0.010791367	-0.0065281107	0.0119904075

1495305906014	0.009725553	-0.0075939246	0.0119904075

1495305906024	0.009725553	-0.003197442	0.009725553

1495305906036	0.0119904075	-0.004263256	0.0075939246

1495305906044	0.0075939246	-0.0065281107	0.008659739

1495305906054	0.0075939246	-0.001065814	0.0065281107

1495305906064	0.009725553	0.002131628	0.015187849

1495305906074	0.010791367	-0.00532907	0.010791367

1495305906092	0.003197442	-0.008659739	0.00532907

1495305906106	0.003197442	-0.003197442	0.008659739

1495305906114	0.00532907	-0.004263256	0.009725553

1495305906125	0.0065281107	-0.008659739	0.008659739

1495305906138	0.0075939246	-0.0065281107	0.0075939246

1495305906144	0.0075939246	-0.003197442	0.017452704

1495305906154	0.009725553	-0.001065814	0.0065281107

1495305906164	0.009725553	-0.003197442	0.009725553

1495305906176	0.008659739	-0.003197442	0.014122035

1495305906188	0.00532907	0.0	0.008659739

1495305906204	0.009725553	0.004263256	0.010791367

1495305906214	0.0065281107	-0.002131628	0.0075939246

1495305906224	0.0075939246	-0.002131628	0.009725553

1495305906236	0.0075939246	-0.0075939246	0.009725553

1495305906244	0.009725553	-0.001065814	0.009725553

1495305906254	0.014122035	-0.001065814	0.004263256

1495305906264	0.010791367	-0.00532907	0.0075939246

1495305906274	0.008659739	-0.002131628	0.0065281107

1495305906287	0.008659739	-0.002131628	0.0

1495305906294	0.010791367	-0.002131628	0.0065281107

1495305906304	0.0075939246	-0.002131628	0.008659739

1495305906314	0.001065814	-0.001065814	0.009725553

1495305906324	0.0075939246	-0.003197442	0.008659739

1495305906337	0.008659739	-0.003197442	0.010791367

1495305906358	0.010791367	-0.0065281107	0.009725553

1495305906360	0.0119904075	-0.00532907	0.014122035

1495305906364	0.008659739	-0.0065281107	0.0065281107

1495305906374	0.0075939246	-0.0075939246	0.0065281107

1495305906387	0.004263256	-0.004263256	0.0119904075

1495305906404	0.002131628	-0.010791367	0.00532907

1495305906414	0.0065281107	-0.002131628	0.008659739

1495305906424	0.008659739	-0.009725553	0.010791367

1495305906443	0.004263256	-0.0119904075	0.009725553

1495305906445	0.009725553	-0.003197442	0.010791367

1495305906454	0.009725553	-0.004263256	0.008659739

1495305906464	0.0065281107	-0.002131628	0.0075939246

1495305906474	0.010791367	0.001065814	0.008659739

1495305906487	0.0065281107	-0.00532907	0.008659739

1495305906494	0.002131628	-0.00532907	0.00532907

1495305906506	0.00532907	-0.0075939246	0.004263256

1495305906514	0.004263256	-0.008659739	0.0075939246

1495305906524	0.00532907	-0.00532907	0.010791367

1495305906537	0.004263256	-0.003197442	0.010791367

1495305906544	0.0065281107	-0.003197442	0.009725553

1495305906554	0.008659739	-0.00532907	0.009725553

1495305906564	0.0075939246	-0.003197442	0.013056221

1495305906574	0.0065281107	-0.002131628	0.010791367

1495305906588	0.008659739	-0.0065281107	0.003197442

1495305906604	0.0075939246	-0.0065281107	0.010791367

1495305906614	0.003197442	-0.010791367	0.0075939246

1495305906624	0.0065281107	-0.010791367	0.009725553

1495305906643	0.00532907	-0.0065281107	0.008659739

1495305906645	0.0065281107	-0.003197442	0.0119904075

1495305906654	0.0075939246	-0.004263256	0.0065281107

1495305906664	0.0065281107	-0.002131628	0.0075939246

1495305906674	0.0119904075	0.0	0.008659739

1495305906687	0.010791367	0.0	0.008659739

1495305906694	0.010791367	-0.002131628	0.008659739

1495305906705	0.008659739	-0.002131628	0.010791367

1495305906714	0.0065281107	-0.003197442	0.009725553

1495305906724	0.0065281107	-0.001065814	0.013056221

1495305906738	0.0065281107	-0.004263256	0.0119904075

1495305906744	0.010791367	-0.009725553	0.004263256

1495305906754	0.009725553	-0.0065281107	0.004263256

1495305906773	0.0075939246	-0.00532907	0.009725553

1495305906775	0.0119904075	-0.003197442	0.010791367

1495305906787	0.003197442	-0.0075939246	0.009725553

1495305906804	0.009725553	0.002131628	0.0119904075

1495305906814	0.0119904075	-0.002131628	0.010791367

1495305906824	0.008659739	-0.003197442	0.0119904075

1495305906837	0.00532907	-0.0075939246	0.0075939246

1495305906848	0.009725553	-0.004263256	0.008659739

1495305906854	0.0075939246	0.002131628	0.0065281107

1495305906864	0.0075939246	-0.004263256	0.0065281107

1495305906874	0.0075939246	-0.0065281107	0.004263256

1495305906887	0.00532907	-0.00532907	0.0075939246

1495305906895	0.008659739	-0.004263256	0.0075939246

1495305906904	0.009725553	-0.004263256	0.013056221

1495305906914	0.008659739	-0.002131628	0.016253663

1495305906925	0.0065281107	-0.002131628	0.013056221

1495305906936	0.008659739	-0.001065814	0.0119904075

1495305906944	0.0075939246	-0.002131628	0.0075939246

1495305906954	0.009725553	-0.0075939246	0.0075939246

1495305906964	0.0075939246	-0.008659739	0.008659739

1495305906974	0.0075939246	-0.00532907	0.0065281107

1495305906987	0.0065281107	-0.002131628	0.013056221

1495305907006	0.008659739	-0.009725553	0.008659739

1495305907014	0.0075939246	-0.004263256	0.0119904075

1495305907030	0.0065281107	-0.00532907	0.010791367

1495305907038	0.00532907	-0.003197442	0.014122035

1495305907044	0.008659739	-0.001065814	0.009725553

1495305907054	0.0119904075	-0.0075939246	0.0065281107

1495305907072	0.0075939246	-0.00532907	0.002131628

1495305907075	0.00532907	-0.00532907	0.0065281107

1495305907087	0.0075939246	-0.003197442	0.010791367

1495305907094	0.008659739	-0.00532907	0.00532907

1495305907105	0.008659739	-0.0075939246	0.003197442

1495305907114	0.0065281107	-0.003197442	0.0065281107

1495305907124	0.0065281107	-0.0065281107	0.009725553

1495305907141	0.008659739	-0.00532907	0.010791367

1495305907155	0.0075939246	-0.009725553	0.0075939246

1495305907165	0.009725553	-0.004263256	0.0119904075

1495305907174	0.008659739	-0.0075939246	0.0075939246

1495305907190	0.009725553	-0.002131628	0.00532907

1495305907209	0.0065281107	0.0	0.0075939246

1495305907214	0.0065281107	-0.00532907	0.008659739

1495305907229	0.004263256	-0.008659739	0.010791367

1495305907236	0.0075939246	-0.004263256	0.008659739

1495305907249	0.008659739	0.0	0.010791367

1495305907258	0.0075939246	-0.00532907	0.010791367

1495305907264	0.008659739	-0.004263256	0.009725553

1495305907274	0.009725553	-0.00532907	0.0065281107

1495305907287	0.0065281107	-0.00532907	0.0075939246

1495305907294	0.0065281107	-0.003197442	0.008659739

1495305907304	0.0065281107	0.0	0.009725553

1495305907314	0.008659739	0.00532907	0.009725553

1495305907324	0.008659739	0.0	0.0075939246

1495305907338	0.0119904075	-0.002131628	0.009725553

1495305907344	0.010791367	-0.002131628	0.008659739

1495305907358	0.013056221	0.002131628	0.008659739

1495305907364	0.0075939246	-0.001065814	0.010791367

1495305907374	0.003197442	-0.00532907	0.014122035

1495305907387	0.008659739	-0.001065814	0.013056221

1495305907407	0.004263256	-0.003197442	0.014122035

1495305907414	0.00532907	-0.0075939246	0.008659739

1495305907424	0.003197442	-0.009725553	0.0119904075

1495305907438	0.002131628	-0.0075939246	0.015187849

1495305907444	0.003197442	-0.013056221	0.010791367

1495305907454	0.008659739	-0.008659739	0.014122035

1495305907464	0.008659739	-0.003197442	0.0075939246

1495305907474	0.004263256	-0.0075939246	0.010791367

1495305907489	0.009725553	-0.004263256	0.0119904075

1495305907515	0.0065281107	-0.003197442	0.010791367

1495305907518	0.00532907	-0.009725553	0.009725553

1495305907520	0.008659739	-0.002131628	0.008659739

1495305907524	0.009725553	-0.001065814	0.008659739

1495305907536	0.010791367	-0.003197442	0.0075939246

1495305907544	0.008659739	0.0	0.004263256

1495305907554	0.004263256	-0.009725553	0.002131628

1495305907564	0.0065281107	-0.003197442	0.010791367

1495305907574	0.004263256	-0.0075939246	0.0065281107

1495305907599	0.009725553	-0.00532907	0.009725553

1495305907605	0.0065281107	-0.008659739	0.0119904075

1495305907614	0.008659739	-0.001065814	0.009725553

1495305907624	0.0075939246	-0.0075939246	0.0

1495305907636	0.0075939246	-0.0075939246	0.008659739

1495305907645	0.009725553	-0.003197442	0.013056221

1495305907654	0.0065281107	-0.002131628	0.0075939246

1495305907665	0.0065281107	-0.002131628	0.008659739

1495305907674	0.0075939246	-0.0075939246	0.010791367

1495305907701	0.009725553	-0.00532907	0.008659739

1495305907704	0.014122035	-0.002131628	0.00532907

1495305907709	0.013056221	-0.004263256	0.0075939246

1495305907714	0.0119904075	-0.0065281107	0.008659739

1495305907724	0.009725553	-0.003197442	0.004263256

1495305907738	0.010791367	0.001065814	0.008659739

1495305907744	0.0075939246	0.0	0.0075939246

1495305907754	0.008659739	-0.002131628	0.009725553

1495305907765	0.0075939246	-0.004263256	0.00532907

1495305907774	0.0075939246	-0.008659739	0.009725553

1495305907787	0.002131628	-0.008659739	0.004263256

1495305907804	0.004263256	-0.00532907	0.0075939246

1495305907814	0.003197442	-0.0065281107	0.004263256

1495305907824	0.002131628	-0.00532907	0.008659739

1495305907837	0.0065281107	-0.010791367	0.0075939246

1495305907844	0.008659739	-0.009725553	0.00532907

1495305907858	0.008659739	-0.009725553	0.0119904075

1495305907864	0.00532907	-0.0075939246	0.0065281107

1495305907874	0.003197442	-0.003197442	0.0119904075

1495305907889	0.001065814	-0.001065814	0.015187849

1495305907894	0.0075939246	-0.00532907	0.009725553

1495305907904	0.001065814	-0.010791367	0.015187849

1495305907922	0.001065814	-0.0075939246	0.009725553

1495305907924	0.002131628	-0.003197442	0.001065814

1495305907936	0.0065281107	-0.004263256	0.004263256

1495305907944	0.0065281107	-0.0075939246	0.010791367

1495305907954	0.0075939246	-0.004263256	0.009725553

1495305907964	0.004263256	-0.00532907	0.0075939246

1495305907990	0.00532907	-0.00532907	0.008659739

1495305908013	0.004263256	-0.0075939246	0.010791367

1495305908019	0.0075939246	-0.0065281107	0.014122035

1495305908042	0.0119904075	-0.003197442	0.0065281107

1495305908043	0.0075939246	-0.0075939246	0.0065281107

1495305908044	0.008659739	-0.008659739	0.002131628

1495305908045	0.008659739	-0.004263256	0.008659739

1495305908054	0.0075939246	-0.002131628	0.0075939246

1495305908064	0.003197442	-0.008659739	0.0119904075

1495305908074	0.002131628	-0.003197442	0.010791367

1495305908087	0.0065281107	-0.00532907	0.014122035

1495305908104	0.0065281107	-0.0065281107	0.010791367

1495305908106	0.00532907	-0.001065814	0.0065281107

1495305908114	0.003197442	-0.004263256	0.0065281107

1495305908124	0.004263256	-0.0065281107	0.0119904075

