1495981280729	19.5	5.58	-38.76

1495981280733	19.56	5.64	-38.76

1495981280737	19.56	5.7599998	-38.52

1495981280753	19.38	5.58	-38.28

1495981280758	19.199999	5.58	-38.28

1495981280771	19.14	5.4	-38.28

1495981280777	19.26	5.16	-38.219997

1495981280786	19.14	4.98	-38.16

1495981280798	19.14	4.56	-37.98

1495981280807	19.199999	4.5	-37.68

1495981280820	19.08	4.3199997	-37.559998

1495981280827	19.26	4.7999997	-37.5

1495981280836	19.5	4.98	-37.44

1495981280846	19.56	5.16	-37.44

1495981280859	19.56	5.2799997	-37.5

1495981280867	19.5	5.2799997	-37.86

1495981280877	19.439999	5.22	-38.04

1495981280889	19.199999	5.3399997	-38.1

1495981280897	19.14	5.4	-38.219997

1495981280907	19.199999	5.16	-38.28

1495981280919	18.96	4.98	-38.34

1495981280932	19.14	4.92	-38.34

1495981280940	18.9	4.92	-38.579998

1495981280947	19.199999	5.1	-38.52

1495981280957	19.26	5.4	-38.52

1495981280975	19.26	5.22	-38.76

1495981280984	19.439999	5.3399997	-38.76

1495981281028	19.5	5.3399997	-39.059998

1495981281032	19.619999	5.16	-39.059998

1495981281037	19.619999	5.1	-39.059998

1495981281068	19.74	5.2799997	-38.76

1495981281082	19.5	5.1	-38.52

1495981281086	19.56	5.1	-38.28

1495981281106	19.74	5.2799997	-38.04

1495981281140	19.5	5.16	-38.04

1495981281146	19.26	5.3399997	-37.68

1495981281149	19.32	5.3399997	-37.62

1495981281151	19.32	5.3399997	-37.5

1495981281154	19.439999	4.98	-37.62

1495981281157	19.38	4.98	-37.8

1495981281159	19.26	5.2799997	-38.04

1495981281162	19.32	5.16	-38.28

1495981281166	19.38	5.2799997	-38.28

1495981281170	19.32	5.1	-38.219997

1495981281173	19.32	5.3399997	-38.28

1495981281175	19.199999	5.3399997	-38.34

1495981281179	19.02	5.58	-38.34

1495981281315	19.32	5.64	-37.98

1495981281319	19.14	5.4	-37.98

1495981281322	19.14	5.46	-37.739998

1495981281325	19.32	5.4	-37.68

1495981281328	19.56	5.52	-37.86

1495981281332	19.56	5.58	-37.86

1495981281335	19.8	5.7599998	-37.8

1495981281338	19.92	5.58	-37.8

1495981281342	19.68	5.52	-37.86

1495981281346	19.859999	5.7	-37.86

1495981281350	19.859999	5.7	-37.86

1495981281353	19.8	5.8199997	-38.219997

1495981281357	19.74	5.64	-38.46

1495981281360	19.68	5.52	-38.46

1495981281363	19.439999	5.4	-38.52

1495981281367	19.32	5.4	-38.76

1495981281370	19.619999	5.52	-39.059998

1495981281374	19.8	5.3399997	-39.059998

1495981281378	19.74	4.92	-39.059998

1495981281381	19.8	4.7999997	-38.76

1495981281421	19.859999	4.92	-38.52

1495981281424	19.92	4.8599997	-38.52

1495981281428	20.1	4.74	-38.52

1495981281431	20.34	4.74	-38.28

1495981281435	20.16	4.8599997	-38.04

1495981281440	20.039999	4.92	-37.8

1495981281686	20.039999	5.1	-37.8

1495981281690	20.039999	4.92	-38.219997

1495981281693	20.039999	4.92	-38.219997

1495981281696	19.98	4.74	-38.219997

1495981281700	19.98	4.74	-38.46

1495981281703	19.92	4.68	-38.64

1495981281706	19.8	4.5	-38.879997

1495981281709	19.8	4.02	-39.12

1495981281712	19.8	3.72	-39.36

1495981281717	19.74	3.48	-39.18

1495981281720	19.439999	3.48	-39.18

1495981281723	19.26	3.6599998	-39.18

1495981281726	19.199999	3.6599998	-38.879997

1495981281729	19.08	3.54	-38.879997

1495981281733	19.199999	3.6599998	-38.94

1495981281737	19.08	3.9599998	-38.7

1495981281740	18.9	4.38	-38.46

1495981281743	18.96	4.62	-38.579998

1495981281748	19.199999	4.62	-38.82

1495981281751	19.199999	4.56	-38.82

1495981281754	19.199999	4.56	-38.879997

1495981281758	19.199999	4.62	-38.64

1495981281761	19.26	4.38	-38.579998

1495981281763	19.26	4.38	-38.579998

1495981281767	19.199999	4.14	-38.579998

1495981281770	19.14	4.14	-38.46

1495981281773	19.14	4.14	-38.219997

1495981281776	19.199999	4.2599998	-38.219997

1495981281779	19.199999	4.14	-38.219997

1495981281782	19.32	4.2599998	-38.16

1495981281785	19.32	4.3199997	-37.98

1495981281794	19.439999	4.44	-37.98

1495981281797	19.74	4.62	-37.98

1495981281799	19.56	4.68	-37.68

1495981281801	19.439999	4.74	-37.68

1495981281865	19.68	4.68	-37.92

1495981281868	19.74	4.74	-38.16

1495981281871	19.439999	4.74	-38.1

1495981281874	19.5	4.92	-38.16

1495981281878	19.619999	4.74	-38.04

1495981281882	19.5	4.68	-38.04

1495981281885	19.68	4.56	-38.46

1495981281888	19.56	4.44	-38.76

1495981281892	19.56	4.5	-38.52

1495981281912	19.56	4.44	-38.28

1495981281916	19.74	4.44	-38.34

1495981281919	19.56	4.3199997	-38.34

1495981281929	19.5	4.44	-38.399998

1495981281937	19.38	4.44	-38.399998

1495981281957	19.199999	4.44	-38.1

1495981281966	19.38	4.44	-37.739998

1495981282223	19.199999	4.3199997	-37.739998

1495981282228	19.14	4.3199997	-37.92

1495981282230	19.02	4.5	-38.16

1495981282233	18.84	4.38	-38.399998

1495981282238	18.9	4.38	-38.399998

1495981282241	19.02	4.38	-38.64

1495981282245	19.08	4.5	-38.64

1495981282249	19.199999	4.5	-38.7

1495981282252	19.199999	4.5	-38.94

1495981282257	19.32	4.74	-38.7

1495981282261	19.619999	4.5	-38.7

1495981282263	19.859999	4.2599998	-38.52

1495981282267	19.8	4.44	-38.52

1495981282271	19.92	4.08	-38.28

1495981282275	20.1	4.02	-38.28

1495981282278	20.16	4.08	-38.579998

1495981282281	20.34	4.2	-38.579998

1495981282285	20.039999	4.02	-38.579998

1495981282289	19.8	4.14	-38.34

1495981282292	19.859999	4.3199997	-38.579998

1495981282296	19.92	4.14	-38.82

1495981282299	19.92	4.56	-39.059998

1495981282302	19.859999	4.56	-39.059998

1495981282305	19.74	4.44	-38.76

1495981282309	19.74	4.5	-38.52

1495981282315	19.859999	4.44	-38.52

1495981282318	19.859999	4.3199997	-38.52

1495981282321	19.619999	4.5	-38.28

1495981282324	19.619999	4.62	-37.98

1495981282327	19.619999	4.2599998	-37.98

1495981282334	19.5	4.3199997	-37.98

1495981282337	19.5	4.14	-37.92

1495981282341	19.38	3.9599998	-37.92

1495981282343	19.439999	4.14	-38.16

1495981282347	19.56	4.14	-38.16

1495981282350	19.74	4.14	-38.399998

1495981282423	19.5	4.08	-38.46

1495981282427	19.5	4.3199997	-38.28

1495981282430	19.8	4.2599998	-38.28

1495981282434	19.92	4.5	-38.28

1495981282438	19.8	4.44	-38.52

1495981282441	19.439999	4.14	-38.46

1495981282444	19.199999	4.02	-38.7

1495981282448	19.02	4.08	-38.46

1495981282451	19.26	4.02	-38.46

1495981282455	18.96	4.44	-38.46

1495981282459	18.72	4.7999997	-38.46

1495981282672	18.539999	4.74	-38.7

1495981282676	18.9	4.92	-38.46

1495981282679	19.32	5.16	-38.28

1495981282682	19.74	5.4	-38.04

1495981282686	19.98	5.4	-38.1

1495981282689	19.98	5.4	-38.1

1495981282692	19.98	4.92	-38.04

1495981282696	20.1	4.62	-38.04

1495981282700	20.1	4.68	-37.739998

1495981282704	20.039999	4.68	-37.739998

1495981282708	19.92	4.5	-37.739998

1495981282711	19.8	4.3199997	-37.98

1495981282714	19.8	4.44	-37.98

1495981282718	19.5	4.56	-37.92

1495981282721	19.74	4.44	-37.92

1495981282725	19.56	4.44	-37.92

1495981282729	19.74	4.5	-37.98

1495981282732	19.8	4.5	-38.219997

1495981282736	19.859999	4.74	-38.219997

1495981282738	19.74	4.74	-37.92

1495981282741	19.68	4.68	-37.92

1495981282745	19.92	4.62	-38.28

1495981282748	19.98	4.8599997	-38.219997

1495981282751	19.92	4.8599997	-38.219997

1495981282756	19.8	4.8599997	-38.219997

1495981282760	19.74	4.92	-37.98

1495981282764	19.439999	4.68	-37.86

1495981282768	19.32	4.92	-37.98

1495981282771	19.14	4.68	-38.16

1495981282775	19.08	4.68	-37.86

1495981282778	18.72	4.68	-38.16

1495981282781	18.96	4.74	-38.16

1495981282834	18.96	4.74	-38.16

1495981282838	19.08	4.7999997	-38.16

1495981282841	19.14	4.98	-38.28

1495981282846	19.38	4.74	-38.579998

1495981282849	19.56	4.92	-38.579998

1495981282852	19.439999	4.92	-38.579998

1495981282856	19.619999	4.92	-38.34

1495981282860	19.619999	4.92	-38.579998

1495981282877	19.74	4.8599997	-38.579998

1495981282881	19.619999	4.56	-38.579998

1495981282892	19.56	4.5	-38.579998

1495981282908	19.56	4.5	-38.28

1495981282920	19.26	4.44	-38.28

1495981282927	19.38	4.62	-38.28

1495981282939	19.26	4.68	-38.28

1495981282947	19.199999	4.56	-38.04

1495981282958	19.14	4.68	-38.04

1495981283179	19.14	4.68	-38.04

1495981283182	19.199999	4.68	-38.04

1495981283185	19.199999	4.74	-38.34

1495981283188	19.5	4.92	-38.1

1495981283192	19.38	4.68	-38.1

1495981283196	19.5	4.56	-38.1

1495981283199	19.38	4.56	-38.34

1495981283202	19.38	4.68	-38.34

1495981283211	19.26	4.7999997	-38.28

1495981283214	19.439999	4.74	-38.52

1495981283218	19.5	4.56	-38.399998

1495981283222	19.5	4.5	-38.399998

1495981283226	19.68	4.62	-38.399998

1495981283229	19.68	4.74	-38.399998

1495981283233	19.92	4.74	-38.219997

1495981283238	19.92	4.62	-38.219997

1495981283241	20.1	4.5	-38.219997

1495981283245	20.16	4.62	-37.98

1495981283248	20.16	4.92	-37.8

1495981283252	19.98	4.92	-38.1

1495981283255	20.1	4.8599997	-38.28

1495981283259	20.1	4.74	-38.28

1495981283262	19.8	4.62	-38.52

1495981283265	19.68	4.5	-38.46

1495981283269	19.56	4.56	-38.52

1495981283272	19.5	4.68	-38.52

1495981283276	19.56	4.68	-38.399998

1495981283280	19.8	4.8599997	-38.16

1495981283283	19.5	4.98	-37.92

1495981283287	19.38	4.98	-37.92

1495981283290	19.38	4.7999997	-37.92

1495981283293	19.56	4.68	-37.98

1495981283297	19.56	4.5	-37.92

1495981283300	19.619999	4.3199997	-37.8

1495981283362	19.38	4.14	-38.1

1495981283365	19.32	4.02	-37.86

1495981283368	19.439999	4.08	-37.8

1495981283371	19.56	4.02	-37.8

1495981283378	19.859999	4.44	-37.86

1495981283381	19.859999	4.8599997	-38.04

1495981283384	19.92	5.04	-38.399998

1495981283387	19.859999	5.1	-38.399998

1495981283390	20.039999	5.1	-38.1

1495981283412	20.1	5.1	-38.219997

1495981283416	19.98	5.04	-38.52

1495981283420	19.98	4.92	-38.46

1495981283432	19.92	4.68	-38.16

1495981283437	19.859999	4.68	-37.92

1495981283447	19.92	4.5	-37.68

1495981283456	19.92	4.38	-37.739998

1495981283472	19.859999	4.2599998	-37.8

1495981283477	19.8	4.2	-37.92

1495981283664	19.8	4.08	-37.68

1495981283667	19.619999	4.2599998	-37.739998

1495981283670	19.74	4.44	-38.1

1495981283672	19.8	4.3199997	-38.399998

1495981283674	19.74	4.5	-38.64

1495981283678	19.5	4.68	-38.64

1495981283680	19.38	4.74	-38.64

1495981283683	19.26	4.74	-38.94

1495981283686	19.439999	4.68	-38.879997

1495981283690	19.74	4.56	-39.12

1495981283693	19.619999	4.5	-39.12

1495981283697	19.74	4.5	-38.82

1495981283700	19.8	4.3199997	-38.579998

1495981283703	19.74	4.2599998	-38.82

1495981283706	19.859999	4.14	-39.059998

1495981283709	19.98	4.3199997	-38.76

1495981283713	19.74	4.3199997	-38.7

1495981283717	19.439999	4.3199997	-38.46

1495981283720	19.439999	4.2599998	-38.399998

1495981283724	19.38	4.2599998	-38.76

1495981283728	19.38	4.14	-38.76

1495981283732	19.56	4.2599998	-38.82

1495981283735	19.74	4.2599998	-38.579998

1495981283738	19.859999	4.08	-38.399998

1495981283742	20.039999	4.2599998	-38.52

1495981283783	20.039999	4.3199997	-38.82

1495981283787	20.039999	4.3199997	-38.579998

1495981283790	20.039999	4.5	-38.46

1495981283793	20.039999	4.68	-38.46

1495981283796	20.039999	4.68	-38.219997

1495981283800	19.92	4.68	-38.219997

1495981283813	19.68	4.74	-38.28

1495981283817	19.8	4.68	-38.52

1495981283829	19.8	4.62	-38.219997

1495981283837	19.8	4.68	-38.219997

1495981283849	19.74	4.5	-37.92

1495981283867	19.68	4.3199997	-37.92

1495981283879	19.68	4.3199997	-37.92

1495981283889	19.74	4.5	-37.92

1495981283898	19.859999	4.44	-37.98

1495981283909	19.8	4.62	-37.739998

1495981283929	19.74	4.62	-37.98

1495981283939	19.74	4.8599997	-37.98

1495981283950	19.56	4.68	-38.04

1495981283957	19.5	4.74	-38.04

1495981283966	19.32	4.8599997	-38.28

1495981283983	19.32	4.56	-38.52

1495981283988	19.38	4.74	-38.34

1495981284246	19.08	4.56	-38.64

1495981284249	19.439999	4.5	-38.399998

1495981284253	19.439999	4.3199997	-38.34

1495981284256	19.439999	4.56	-38.64

1495981284260	19.32	4.74	-38.579998

1495981284263	19.38	4.56	-38.34

1495981284266	19.14	4.56	-38.1

1495981284269	18.84	4.56	-38.579998

1495981284274	19.199999	4.56	-38.28

1495981284278	19.14	4.7999997	-38.28

1495981284282	19.199999	4.92	-38.34

1495981284285	19.32	4.8599997	-38.04

1495981284289	19.439999	4.74	-38.1

1495981284292	19.38	4.8599997	-38.1

1495981284298	19.439999	4.92	-38.34

1495981284301	19.8	4.74	-37.98

1495981284305	19.5	4.8599997	-38.28

1495981284310	19.5	4.68	-38.28

1495981284313	19.439999	4.44	-38.28

1495981284317	19.439999	4.44	-38.52

1495981284321	19.439999	4.5	-38.52

1495981284324	19.619999	4.5	-38.399998

1495981284328	19.8	4.68	-38.219997

1495981284331	19.619999	4.74	-38.28

1495981284335	19.859999	4.74	-37.98

1495981284338	19.859999	4.68	-37.8

1495981284342	19.98	4.68	-37.8

1495981284345	19.8	4.68	-37.62

1495981284349	19.68	4.2599998	-37.8

1495981284352	19.68	4.3199997	-37.86

1495981284355	19.5	4.3199997	-37.8

1495981284358	19.38	4.5	-37.8

1495981284362	19.199999	4.3199997	-37.8

1495981284365	19.199999	4.44	-37.86

1495981284369	19.199999	4.2599998	-37.8

1495981284372	19.199999	4.2	-38.04

1495981284375	19.439999	4.2	-37.739998

1495981284379	19.439999	4.08	-37.98

1495981284384	19.439999	3.8999999	-38.04

1495981284462	19.38	3.72	-38.04

1495981284466	19.56	3.78	-38.04

1495981284470	19.56	3.78	-38.1

1495981284473	19.5	4.14	-38.399998

1495981284477	19.8	4.3199997	-38.219997

1495981284480	19.68	4.68	-38.28

1495981284486	19.68	4.68	-38.04

1495981284489	19.8	4.68	-38.04

1495981284492	19.859999	4.62	-38.04

1495981284496	19.8	4.74	-38.34

1495981284502	19.74	4.92	-38.64

1495981284722	19.619999	4.74	-38.64

1495981284725	19.38	4.56	-38.64

1495981284730	19.5	4.5	-38.64

1495981284733	19.5	4.56	-38.64

1495981284737	19.5	4.62	-39.059998

1495981284740	19.5	4.62	-39.059998

1495981284744	19.8	4.68	-38.76

1495981284748	19.859999	4.56	-38.399998

1495981284752	19.859999	4.74	-38.52

1495981284757	20.039999	4.98	-38.52

1495981284760	19.8	4.92	-38.46

1495981284763	19.68	4.7999997	-38.64

1495981284767	19.8	4.68	-38.28

1495981284770	19.98	4.56	-38.52

1495981284774	19.5	4.38	-38.52

1495981284777	19.26	4.2599998	-38.7

1495981284780	19.32	4.14	-38.34

1495981284783	19.32	3.9599998	-38.579998

1495981284786	19.56	4.08	-38.579998

1495981284789	19.8	4.08	-38.34

1495981284792	19.5	4.2599998	-38.34

1495981284796	19.5	4.2599998	-38.1

1495981284799	19.74	4.44	-38.1

1495981284803	19.92	4.68	-37.8

1495981284806	19.859999	4.74	-37.92

1495981284809	19.859999	4.74	-37.5

1495981284813	19.8	4.92	-38.04

1495981284816	19.859999	4.56	-38.34

1495981284819	19.98	4.62	-38.34

1495981284822	19.98	4.74	-38.579998

1495981284826	19.859999	4.56	-38.82

1495981284829	19.92	4.68	-38.82

1495981284833	19.98	4.56	-38.82

1495981284899	20.039999	4.5	-39.0

1495981284903	20.1	4.3199997	-38.52

1495981284908	19.859999	4.62	-38.219997

1495981284912	19.74	4.5	-38.46

1495981284915	19.619999	4.5	-38.219997

1495981284918	19.859999	4.62	-37.8

1495981284922	19.619999	4.3199997	-37.86

1495981284926	19.38	4.5	-37.86

1495981284929	19.32	4.56	-37.86

1495981284946	19.08	4.68	-37.8

1495981284949	19.08	4.68	-37.8

1495981284956	19.199999	4.74	-37.559998

1495981284966	19.199999	4.7999997	-37.559998

1495981284977	18.96	4.7999997	-37.92

1495981284987	19.199999	5.1	-37.98

1495981285000	19.439999	5.1	-37.92

1495981285033	19.439999	5.22	-37.92

1495981285061	19.619999	5.4	-37.98

1495981285073	19.859999	5.52	-37.98

1495981285085	19.98	5.52	-37.98

1495981285092	19.859999	5.2799997	-37.98

1495981285100	19.98	5.2799997	-37.8

1495981285105	19.98	4.98	-38.1

1495981285122	19.74	4.5	-38.16

1495981285159	19.56	4.2599998	-38.1

1495981285172	19.38	3.72	-38.1

1495981285183	19.199999	3.6	-38.1

1495981285188	18.84	3.54	-38.1

1495981285191	18.84	3.54	-38.1

1495981285195	18.72	3.6599998	-38.34

1495981285198	18.72	3.6599998	-37.98

1495981285200	18.96	3.8999999	-38.04

1495981285203	19.26	4.08	-38.04

1495981285204	19.439999	4.44	-38.04

1495981285208	19.32	4.56	-37.98

1495981285211	19.5	4.56	-37.98

1495981285326	19.68	4.92	-38.219997

1495981285329	19.8	4.8599997	-37.98

1495981285332	19.8	5.04	-37.98

1495981285335	19.8	5.1	-37.92

1495981285338	19.74	5.1	-37.92

1495981285342	19.68	5.1	-37.92

1495981285345	19.98	5.1	-37.92

1495981285349	19.8	5.1	-38.1

1495981285352	19.56	4.92	-37.86

1495981285356	19.68	4.92	-38.1

1495981285360	19.68	4.68	-38.1

1495981285363	19.68	4.5	-38.219997

1495981285367	19.38	4.3199997	-38.16

1495981285370	19.199999	4.2599998	-38.16

1495981285373	19.199999	4.3199997	-38.28

1495981285377	19.439999	4.44	-38.04

1495981285413	19.74	4.3199997	-38.04

1495981285417	19.74	4.2599998	-37.8

1495981285420	19.68	4.5	-38.04

1495981285423	19.619999	4.74	-38.28

1495981285427	19.68	4.8599997	-38.28

1495981285442	19.859999	4.74	-38.28

1495981285447	19.859999	4.62	-38.52

1495981285460	19.8	4.44	-38.46

1495981285469	19.74	4.44	-38.34

1495981285477	19.619999	4.44	-38.28

1495981285490	19.74	4.38	-37.98

1495981285497	19.8	4.2599998	-37.68

1495981285705	19.8	4.2599998	-37.98

