1495834631001	-9.731596	0.5493643	0.0

1495834631001	-9.731596	0.5493643	0.0

1495834631002	-9.731596	0.5493643	0.0

1495834631003	-9.731596	0.5493643	0.078480616

1495834631003	-9.731596	0.5493643	0.0

1495834631004	-9.731596	0.5493643	0.0

1495834631006	-9.731596	0.4708837	0.0

1495834631019	-9.731596	0.4708837	0.0

1495834631032	-9.653115	0.5493643	0.0

1495834631039	-9.653115	0.5493643	0.0

1495834631049	-9.731596	0.5493643	0.0

1495834631069	-9.731596	0.5493643	0.0

1495834631099	-9.731596	0.5493643	0.0

1495834631109	-9.731596	0.5493643	0.078480616

1495834631131	-9.731596	0.5493643	0.0

1495834631139	-9.731596	0.5493643	-0.078480616

1495834631149	-9.731596	0.5493643	0.0

1495834631159	-9.731596	0.5493643	0.0

1495834631175	-9.731596	0.5493643	0.0

1495834631179	-9.731596	0.4708837	0.0

1495834631189	-9.731596	0.4708837	0.0

1495834631209	-9.731596	0.5493643	0.0

1495834631229	-9.731596	0.5493643	0.078480616

1495834631239	-9.731596	0.5493643	0.0

1495834631252	-9.653115	0.4708837	0.0

1495834631271	-9.653115	0.4708837	0.078480616

1495834631279	-9.731596	0.5493643	0.0

1495834631289	-9.731596	0.5493643	0.078480616

1495834631299	-9.731596	0.5493643	0.078480616

1495834631313	-9.731596	0.5493643	0.0

1495834631319	-9.731596	0.5493643	0.0

1495834631329	-9.731596	0.5493643	0.078480616

1495834631339	-9.731596	0.5493643	0.0

1495834631359	-9.731596	0.5493643	0.078480616

1495834631389	-9.731596	0.5493643	0.0

1495834631399	-9.810077	0.5493643	0.0

1495834631422	-9.731596	0.5493643	0.078480616

1495834631423	-9.731596	0.5493643	0.0

1495834631429	-9.653115	0.5493643	0.078480616

1495834631439	-9.731596	0.5493643	0.0

1495834631449	-9.731596	0.5493643	0.0

1495834631469	-9.653115	0.5493643	0.078480616

1495834631479	-9.731596	0.5493643	0.0

1495834631501	-9.731596	0.5493643	0.0

1495834631519	-9.731596	0.5493643	0.078480616

1495834631529	-9.810077	0.5493643	0.078480616

1495834631539	-9.731596	0.5493643	0.0

1495834631560	-9.731596	0.4708837	0.078480616

1495834631569	-9.731596	0.5493643	0.078480616

1495834631600	-9.731596	0.5493643	0.0

1495834631601	-9.731596	0.5493643	0.078480616

1495834631602	-9.731596	0.5493643	0.078480616

1495834631609	-9.731596	0.5493643	0.0

1495834631641	-9.731596	0.4708837	0.078480616

1495834631649	-9.731596	0.5493643	0.078480616

1495834631659	-9.731596	0.5493643	0.0

1495834631682	-9.653115	0.5493643	0.078480616

1495834631684	-9.731596	0.5493643	0.0

1495834631739	-9.653115	0.4708837	0.078480616

1495834631757	-9.731596	0.4708837	0.078480616

1495834631759	-9.731596	0.5493643	0.0

1495834631769	-9.731596	0.5493643	0.0

1495834631779	-9.731596	0.4708837	-0.078480616

1495834631789	-9.731596	0.5493643	0.0

1495834631804	-9.731596	0.5493643	0.078480616

1495834631809	-9.731596	0.5493643	0.0

1495834631819	-9.731596	0.5493643	0.0

1495834631845	-9.731596	0.5493643	0.078480616

1495834631851	-9.731596	0.4708837	0.0

1495834631859	-9.731596	0.5493643	0.0

1495834631869	-9.731596	0.5493643	0.0

1495834631889	-9.731596	0.5493643	0.0

1495834631899	-9.731596	0.4708837	-0.078480616

1495834631912	-9.731596	0.5493643	-0.078480616

1495834631919	-9.731596	0.5493643	0.0

1495834631939	-9.731596	0.6278449	0.0

1495834631952	-9.731596	0.6278449	0.0

1495834631959	-9.731596	0.5493643	0.0

1495834631969	-9.731596	0.5493643	0.0

1495834631979	-9.731596	0.5493643	0.0

1495834631989	-9.653115	0.4708837	0.078480616

1495834631999	-9.653115	0.5493643	0.0

1495834632014	-9.731596	0.5493643	-0.078480616

1495834632019	-9.731596	0.5493643	0.0

1495834632029	-9.731596	0.5493643	0.0

1495834632049	-9.731596	0.5493643	0.0

1495834632052	-9.731596	0.5493643	0.0

1495834632059	-9.731596	0.5493643	0.0

1495834632069	-9.731596	0.5493643	-0.078480616

1495834632091	-9.731596	0.5493643	0.0

1495834632092	-9.731596	0.5493643	0.0

1495834632109	-9.653115	0.5493643	0.0

1495834632129	-9.731596	0.5493643	0.078480616

1495834632149	-9.731596	0.5493643	0.0

1495834632173	-9.731596	0.5493643	0.0

1495834632254	-9.731596	0.5493643	0.0

1495834632259	-9.653115	0.5493643	0.0

1495834632269	-9.653115	0.5493643	0.078480616

1495834632289	-9.653115	0.5493643	0.0

1495834632290	-9.731596	0.5493643	0.0

1495834632299	-9.731596	0.5493643	0.078480616

1495834632309	-9.731596	0.5493643	0.0

1495834632329	-9.731596	0.5493643	-0.078480616

1495834632339	-9.731596	0.5493643	0.0

1495834632379	-9.731596	0.5493643	0.0

1495834632389	-9.731596	0.5493643	0.0

1495834632407	-9.731596	0.4708837	0.0

1495834632410	-9.731596	0.5493643	0.0

1495834632419	-9.731596	0.5493643	0.0

1495834632429	-9.731596	0.5493643	0.0

1495834632449	-9.731596	0.5493643	0.0

1495834632450	-9.731596	0.5493643	0.0

1495834632459	-9.731596	0.5493643	0.0

1495834632490	-9.731596	0.5493643	0.0

1495834632490	-9.731596	0.5493643	0.0

1495834632499	-9.731596	0.5493643	0.0

1495834632533	-9.731596	0.5493643	-0.078480616

1495834632534	-9.731596	0.5493643	0.0

1495834632539	-9.731596	0.5493643	0.0

1495834632550	-9.653115	0.4708837	0.0

1495834632559	-9.731596	0.5493643	0.078480616

1495834632574	-9.731596	0.4708837	0.078480616

1495834632579	-9.731596	0.4708837	0.0

1495834632589	-9.731596	0.5493643	0.0

1495834632609	-9.731596	0.5493643	0.078480616

1495834632619	-9.731596	0.5493643	0.0

1495834632632	-9.731596	0.5493643	0.078480616

1495834632639	-9.731596	0.5493643	0.0

1495834632649	-9.731596	0.5493643	0.0

1495834632669	-9.731596	0.4708837	0.0

1495834632670	-9.731596	0.5493643	0.0

1495834632713	-9.653115	0.5493643	0.0

1495834632749	-9.731596	0.5493643	0.0

1495834632759	-9.731596	0.5493643	0.0

1495834632769	-9.731596	0.5493643	0.0

1495834632791	-9.731596	0.5493643	0.078480616

1495834632799	-9.731596	0.4708837	0.0

1495834632809	-9.653115	0.4708837	0.0

1495834632829	-9.731596	0.4708837	0.0

1495834632830	-9.731596	0.5493643	0.078480616

1495834632849	-9.731596	0.5493643	0.0

1495834632888	-9.731596	0.5493643	0.078480616

1495834632889	-9.731596	0.4708837	0.078480616

1495834632911	-9.731596	0.4708837	0.0

1495834632911	-9.731596	0.5493643	0.0

1495834632929	-9.731596	0.5493643	0.078480616

1495834632943	-9.731596	0.5493643	0.0

1495834632949	-9.731596	0.4708837	0.078480616

1495834632959	-9.731596	0.4708837	0.0

1495834632976	-9.731596	0.5493643	0.0

1495834632979	-9.731596	0.5493643	0.0

1495834632999	-9.731596	0.5493643	0.0

1495834633014	-9.731596	0.4708837	0.0

1495834633019	-9.731596	0.4708837	0.0

1495834633044	-9.731596	0.5493643	0.0

1495834633069	-9.731596	0.4708837	0.078480616

1495834633083	-9.731596	0.5493643	0.078480616

1495834633089	-9.731596	0.5493643	0.0

1495834633099	-9.653115	0.5493643	0.0

1495834633118	-9.731596	0.4708837	0.0

1495834633119	-9.731596	0.5493643	0.0

1495834633129	-9.731596	0.5493643	0.0

1495834633139	-9.731596	0.5493643	0.0

1495834633159	-9.731596	0.5493643	0.078480616

1495834633188	-9.731596	0.5493643	0.0

1495834633189	-9.731596	0.4708837	0.0

1495834633229	-9.731596	0.4708837	0.0

1495834633239	-9.731596	0.4708837	0.0

1495834633258	-9.653115	0.4708837	0.0

1495834633262	-9.731596	0.5493643	0.0

1495834633269	-9.653115	0.5493643	-0.078480616

1495834633299	-9.731596	0.5493643	-0.078480616

1495834633300	-9.731596	0.5493643	0.0

1495834633309	-9.731596	0.5493643	0.0

1495834633334	-9.731596	0.4708837	0.0

1495834633339	-9.731596	0.4708837	0.078480616

1495834633349	-9.731596	0.5493643	0.0

1495834633370	-9.653115	0.5493643	0.0

1495834633371	-9.653115	0.5493643	0.078480616

1495834633380	-9.731596	0.5493643	0.078480616

1495834633389	-9.731596	0.5493643	0.0

1495834633437	-9.731596	0.4708837	0.0

1495834633438	-9.731596	0.5493643	0.0

1495834633440	-9.653115	0.5493643	0.0

1495834633440	-9.731596	0.5493643	0.0

1495834633441	-9.653115	0.5493643	0.0

1495834633449	-9.731596	0.4708837	0.0

1495834633466	-9.731596	0.5493643	-0.078480616

1495834633469	-9.731596	0.5493643	0.0

1495834633479	-9.731596	0.4708837	0.0

1495834633505	-9.810077	0.4708837	0.0

1495834633509	-9.731596	0.4708837	0.0

1495834633529	-9.731596	0.4708837	0.078480616

1495834633539	-9.731596	0.5493643	0.078480616

1495834633549	-9.731596	0.5493643	0.0

1495834633562	-9.653115	0.5493643	0.078480616

1495834633580	-9.653115	0.5493643	0.0

1495834633581	-9.731596	0.5493643	-0.078480616

1495834633595	-9.731596	0.5493643	0.0

1495834633609	-9.731596	0.4708837	0.0

1495834633619	-9.810077	0.5493643	-0.078480616

1495834633632	-9.731596	0.5493643	-0.078480616

1495834633639	-9.731596	0.5493643	-0.078480616

1495834633649	-9.653115	0.5493643	0.0

1495834633679	-9.731596	0.5493643	0.0

1495834633689	-9.731596	0.5493643	0.0

1495834633699	-9.731596	0.4708837	0.0

1495834633713	-9.731596	0.5493643	0.0

1495834633719	-9.653115	0.5493643	0.0

1495834633729	-9.731596	0.5493643	0.0

1495834633742	-9.731596	0.4708837	0.0

1495834633749	-9.731596	0.4708837	0.0

1495834633759	-9.731596	0.4708837	0.0

1495834633779	-9.731596	0.4708837	0.0

1495834633789	-9.653115	0.5493643	0.0

1495834633805	-9.731596	0.5493643	0.0

1495834633809	-9.731596	0.5493643	0.0

1495834633839	-9.731596	0.4708837	0.0

1495834633852	-9.731596	0.5493643	0.0

1495834633886	-9.731596	0.5493643	-0.078480616

1495834633889	-9.731596	0.5493643	-0.078480616

1495834633899	-9.731596	0.5493643	0.0

1495834633909	-9.731596	0.5493643	0.0

1495834633919	-9.731596	0.4708837	0.0

1495834633932	-9.731596	0.5493643	0.0

1495834633939	-9.731596	0.5493643	0.0

1495834633949	-9.731596	0.5493643	0.078480616

1495834633959	-9.653115	0.4708837	0.0

1495834633969	-9.731596	0.5493643	0.0

1495834633979	-9.731596	0.5493643	-0.078480616

1495834633992	-9.731596	0.5493643	-0.078480616

1495834634000	-9.731596	0.5493643	0.0

1495834634009	-9.731596	0.5493643	0.0

1495834634019	-9.731596	0.4708837	0.078480616

1495834634036	-9.731596	0.4708837	0.0

1495834634049	-9.731596	0.4708837	0.0

1495834634074	-9.731596	0.4708837	0.078480616

1495834634089	-9.731596	0.4708837	0.0

1495834634099	-9.731596	0.5493643	0.0

1495834634119	-9.653115	0.5493643	0.0

1495834634139	-9.731596	0.5493643	0.0

1495834634149	-9.731596	0.5493643	0.0

1495834634169	-9.731596	0.4708837	0.0

1495834634197	-9.653115	0.4708837	0.0

1495834634199	-9.731596	0.4708837	0.0

1495834634209	-9.731596	0.4708837	0.0

1495834634219	-9.731596	0.5493643	0.0

1495834634244	-9.731596	0.5493643	0.078480616

1495834634249	-9.731596	0.5493643	0.0

1495834634259	-9.731596	0.5493643	0.0

1495834634282	-9.731596	0.5493643	0.0

1495834634289	-9.731596	0.5493643	0.078480616

1495834634299	-9.731596	0.4708837	0.0

1495834634309	-9.731596	0.5493643	0.0

1495834634325	-9.731596	0.5493643	0.0

1495834634349	-9.731596	0.4708837	0.0

1495834634364	-9.653115	0.4708837	0.078480616

1495834634369	-9.653115	0.4708837	0.0

1495834634379	-9.653115	0.5493643	0.0

1495834634389	-9.731596	0.5493643	0.078480616

1495834634405	-9.731596	0.5493643	0.078480616

1495834634409	-9.731596	0.5493643	0.0

1495834634419	-9.731596	0.5493643	-0.078480616

1495834634446	-9.731596	0.5493643	0.0

1495834634447	-9.653115	0.5493643	0.0

1495834634459	-9.731596	0.5493643	0.0

1495834634469	-9.810077	0.5493643	0.078480616

1495834634484	-9.731596	0.5493643	0.0

1495834634489	-9.731596	0.5493643	0.0

1495834634499	-9.731596	0.4708837	0.0

1495834634509	-9.731596	0.5493643	0.0

1495834634529	-9.731596	0.4708837	0.0

1495834634530	-9.653115	0.4708837	0.078480616

1495834634539	-9.653115	0.5493643	0.078480616

1495834634549	-9.653115	0.5493643	0.0

1495834634559	-9.731596	0.5493643	0.0

1495834634589	-9.731596	0.5493643	-0.078480616

1495834634607	-9.731596	0.4708837	0.0

1495834634611	-9.731596	0.5493643	0.0

1495834634619	-9.731596	0.5493643	0.078480616

1495834634639	-9.731596	0.5493643	0.0

1495834634649	-9.731596	0.5493643	0.078480616

1495834634659	-9.731596	0.5493643	0.078480616

1495834634674	-9.731596	0.5493643	0.0

1495834634679	-9.731596	0.5493643	0.078480616

1495834634689	-9.731596	0.5493643	0.0

1495834634699	-9.731596	0.5493643	0.0

1495834634718	-9.731596	0.5493643	0.078480616

1495834634720	-9.653115	0.5493643	0.078480616

1495834634729	-9.731596	0.4708837	0.0

1495834634759	-9.731596	0.4708837	0.078480616

1495834634760	-9.731596	0.5493643	0.078480616

1495834634761	-9.731596	0.5493643	0.078480616

1495834634769	-9.731596	0.5493643	0.078480616

1495834634779	-9.731596	0.4708837	0.078480616

1495834634797	-9.731596	0.5493643	0.078480616

1495834634799	-9.731596	0.5493643	0.078480616

1495834634809	-9.731596	0.5493643	0.0

1495834634819	-9.731596	0.5493643	-0.078480616

1495834634840	-9.653115	0.5493643	-0.078480616

1495834634841	-9.731596	0.5493643	0.0

1495834634849	-9.731596	0.5493643	0.078480616

1495834634869	-9.731596	0.5493643	0.0

1495834634883	-9.731596	0.5493643	-0.078480616

1495834634889	-9.731596	0.4708837	0.0

1495834634899	-9.731596	0.5493643	0.0

1495834634923	-9.653115	0.5493643	0.0

1495834634924	-9.653115	0.4708837	0.0

1495834634929	-9.731596	0.5493643	0.0

1495834634939	-9.731596	0.5493643	0.078480616

1495834634958	-9.731596	0.5493643	0.0

1495834634959	-9.731596	0.5493643	-0.078480616

1495834634969	-9.731596	0.5493643	0.0

1495834634979	-9.731596	0.4708837	0.0

1495834635001	-9.731596	0.5493643	0.0

1495834635002	-9.731596	0.5493643	0.0

1495834635009	-9.653115	0.5493643	0.0

1495834635019	-9.653115	0.5493643	0.0

1495834635039	-9.731596	0.5493643	0.078480616

1495834635072	-9.731596	0.5493643	0.078480616

1495834635073	-9.653115	0.5493643	0.078480616

1495834635079	-9.653115	0.5493643	0.0

1495834635089	-9.731596	0.5493643	0.0

1495834635099	-9.731596	0.5493643	0.0

1495834635129	-9.731596	0.4708837	0.0

1495834635146	-9.731596	0.4708837	0.078480616

1495834635149	-9.731596	0.4708837	0.0

1495834635159	-9.731596	0.5493643	0.0

1495834635169	-9.731596	0.5493643	0.0

1495834635182	-9.653115	0.5493643	0.0

1495834635199	-9.731596	0.5493643	0.0

1495834635219	-9.731596	0.5493643	-0.078480616

1495834635229	-9.731596	0.5493643	0.0

1495834635239	-9.731596	0.4708837	0.0

1495834635249	-9.731596	0.5493643	-0.078480616

1495834635262	-9.731596	0.5493643	0.078480616

1495834635269	-9.731596	0.5493643	0.0

1495834635297	-9.731596	0.5493643	0.0

1495834635309	-9.731596	0.4708837	0.0

1495834635319	-9.731596	0.5493643	0.0

1495834635329	-9.653115	0.5493643	0.078480616

1495834635343	-9.731596	0.5493643	0.0

1495834635379	-9.653115	0.5493643	0.0

1495834635380	-9.731596	0.5493643	0.0

1495834635389	-9.731596	0.5493643	0.0

1495834635399	-9.731596	0.5493643	0.078480616

1495834635409	-9.810077	0.5493643	0.0

1495834635429	-9.731596	0.5493643	0.0

1495834635462	-9.731596	0.5493643	0.0

1495834635463	-9.731596	0.5493643	0.0

1495834635469	-9.731596	0.4708837	0.0

1495834635479	-9.653115	0.5493643	0.078480616

1495834635498	-9.731596	0.5493643	0.078480616

1495834635500	-9.731596	0.5493643	0.0

1495834635519	-9.731596	0.4708837	0.0

1495834635547	-9.731596	0.5493643	0.0

1495834635549	-9.810077	0.5493643	0.0

1495834635559	-9.731596	0.4708837	0.0

1495834635569	-9.731596	0.5493643	0.0

1495834635586	-9.731596	0.5493643	0.0

1495834635589	-9.653115	0.4708837	0.0

1495834635599	-9.653115	0.5493643	0.0

1495834635609	-9.731596	0.5493643	0.0

1495834635629	-9.731596	0.5493643	-0.078480616

1495834635639	-9.731596	0.5493643	0.0

1495834635669	-9.653115	0.5493643	0.078480616

1495834635679	-9.731596	0.5493643	0.078480616

1495834635689	-9.731596	0.4708837	0.0

1495834635704	-9.731596	0.4708837	0.0

1495834635709	-9.731596	0.5493643	0.0

1495834635719	-9.731596	0.5493643	0.078480616

1495834635729	-9.731596	0.5493643	0.0

1495834635749	-9.731596	0.4708837	0.0

1495834635750	-9.731596	0.5493643	0.0

1495834635759	-9.731596	0.5493643	-0.078480616

1495834635789	-9.731596	0.5493643	0.0

1495834635790	-9.731596	0.5493643	0.078480616

1495834635799	-9.731596	0.5493643	0.0

1495834635809	-9.731596	0.5493643	0.0

1495834635829	-9.731596	0.4708837	0.0

1495834635839	-9.653115	0.5493643	0.0

1495834635849	-9.731596	0.4708837	0.0

1495834635864	-9.731596	0.4708837	0.0

