1498483733438	69.0	-59.25	-72.0

1498483733472	69.5	-59.25	-71.75

1498483733523	69.5	-59.25	-71.75

1498483733574	69.5	-59.5	-71.5

1498483733624	69.5	-59.5	-71.5

1498483733674	69.5	-59.75	-71.75

1498483733724	69.5	-59.75	-71.75

1498483733774	70.0	-60.0	-72.0

1498483733825	70.0	-60.0	-72.0

1498483733875	70.0	-60.0	-72.0

1498483733924	70.0	-60.0	-72.0

1498483733976	70.0	-60.0	-72.0

1498483734026	70.0	-60.0	-72.0

1498483734075	70.0	-60.0	-72.0

1498483734126	70.0	-60.0	-72.0

1498483734176	70.0	-60.0	-72.0

1498483734227	70.0	-60.0	-72.0

1498483734278	70.0	-60.0	-72.0

1498483734339	70.0	-60.0	-72.0

1498483734379	70.0	-60.0	-72.0

1498483734429	70.0	-60.0	-72.0

1498483734479	70.0	-60.0	-72.0

1498483734529	70.0	-60.0	-72.0

1498483734579	70.0	-60.0	-72.0

1498483734628	70.0	-60.0	-72.0

1498483734680	70.0	-60.0	-72.0

1498483734730	70.0	-60.0	-72.0

1498483734780	70.0	-60.0	-72.0

1498483734830	70.0	-60.0	-72.0

1498483734880	70.0	-60.0	-72.0

1498483734930	70.0	-60.0	-72.0

1498483734991	70.0	-60.0	-72.0

1498483735032	70.0	-60.0	-72.0

1498483735082	70.0	-60.0	-72.0

1498483735133	70.0	-60.0	-72.0

1498483735183	70.0	-60.0	-72.0

1498483735234	70.0	-60.0	-72.0

1498483735284	70.0	-60.0	-72.0

1498483735333	70.0	-60.0	-72.0

1498483735395	70.75	-60.0	-72.0

1498483735433	70.75	-60.0	-72.0

1498483735485	70.75	-59.75	-72.0

1498483735545	70.75	-59.75	-72.0

1498483735597	70.0	-60.0	-71.25

1498483735660	70.0	-60.0	-71.25

1498483735698	70.0	-60.0	-71.5

1498483735748	70.0	-60.0	-71.5

1498483735798	70.0	-60.0	-72.5

1498483735851	70.0	-60.0	-72.5

1498483735903	70.0	-60.0	-72.25

1498483735951	70.0	-60.0	-72.25

1498483736001	70.25	-59.75	-72.0

1498483736051	70.25	-59.75	-72.0

1498483736102	70.0	-59.5	-72.0

1498483736151	70.0	-59.5	-72.0

1498483736202	69.5	-59.0	-71.75

1498483736253	69.5	-59.0	-71.75

1498483736305	69.75	-59.25	-71.75

1498483736354	69.75	-59.25	-71.75

1498483736404	70.25	-59.25	-72.25

1498483736456	70.25	-59.25	-72.25

1498483736507	69.75	-59.5	-72.5

1498483736557	69.75	-59.5	-72.5

1498483736607	69.75	-59.5	-72.5

1498483736658	69.75	-59.5	-72.5

1498483736718	69.75	-59.5	-72.5

1498483736759	69.75	-59.5	-72.5

1498483736809	69.75	-59.5	-72.5

1498483736860	69.75	-59.5	-72.5

1498483736911	69.75	-59.5	-72.5

1498483736961	69.75	-59.5	-72.5

1498483737010	69.75	-59.5	-72.5

1498483737061	69.75	-59.5	-72.5

1498483737111	69.75	-59.5	-72.5

1498483737166	69.75	-59.5	-72.5

1498483737214	69.75	-59.5	-72.5

1498483737264	69.75	-59.5	-72.5

1498483737314	69.75	-59.5	-72.5

1498483737372	69.75	-59.5	-72.5

1498483737415	69.75	-59.5	-72.5

1498483737465	69.75	-59.5	-72.5

1498483737516	69.75	-59.5	-72.5

1498483737566	69.75	-59.5	-72.5

1498483737624	69.75	-59.5	-72.5

1498483737666	69.75	-59.5	-72.5

1498483737718	69.75	-59.5	-72.5

1498483737768	69.75	-59.5	-72.5

1498483737820	69.75	-59.5	-72.5

1498483737869	69.75	-59.5	-72.5

1498483737921	69.75	-59.5	-72.5

1498483737972	69.75	-59.5	-72.5

1498483738022	69.75	-59.5	-72.5

1498483738073	69.75	-59.5	-72.5

1498483738123	69.75	-59.5	-72.5

1498483738173	69.75	-59.5	-72.5

1498483738224	69.75	-59.5	-71.5

1498483738282	69.75	-59.5	-71.5

1498483738326	69.75	-60.0	-71.25

1498483738376	69.75	-60.0	-71.25

