1498486807502	-0.21582	0.17658	9.829619

1498486807505	-0.15696	0.15696	9.85905

1498486807506	-0.13734	0.16677	9.85905

1498486807507	-0.25506	0.11771999	9.96696

1498486807511	-0.16677	0.14715	9.78057

1498486807515	-0.18639	0.11771999	9.83943

1498486807524	-0.13734	0.21582	9.87867

1498486807534	-0.15696	0.16677	9.80019

1498486807551	-0.13734	0.14715	9.79038

1498486807556	-0.17658	0.14715	9.79038

1498486807567	-0.17658	0.16677	9.89829

1498486807600	-0.21582	0.11771999	9.94734

1498486807601	-0.13734	0.1962	9.80019

1498486807603	-0.20601	0.16677	9.85905

1498486807605	-0.17658	0.16677	9.83943

1498486807616	-0.20601	0.15696	9.79038

1498486807625	-0.18639	0.18639	9.80019

1498486807634	-0.13734	0.13734	9.89829

1498486807645	-0.1962	0.23543999	9.868859

1498486807656	-0.18639	0.14715	9.80019

1498486807667	-0.12753	0.16677	9.849239

1498486807674	-0.17658	0.14715	9.76095

1498486807685	-0.24524999	0.16677	9.868859

1498486807695	-0.1962	0.16677	9.80019

1498486807705	-0.16677	0.14715	9.87867

1498486807716	-0.15696	0.22563	9.702089

1498486807725	-0.18639	0.1962	9.868859

1498486807735	-0.21582	0.18639	9.85905

1498486807752	-0.14715	0.26487	9.79038

1498486807756	-0.17658	0.16677	9.80019

1498486807794	-0.18639	0.17658	9.89829

1498486807797	-0.17658	0.17658	9.809999

1498486807798	-0.17658	0.15696	9.81981

1498486807799	-0.17658	0.1962	9.80019

1498486807806	-0.26487	0.16677	9.78057

1498486807817	-0.10791	0.16677	9.80019

1498486807826	-0.20601	0.23543999	9.829619

1498486807836	-0.18639	0.14715	9.829619

1498486807846	-0.17658	0.23543999	9.809999

1498486807858	-0.16677	0.16677	9.78057

1498486807868	-0.23543999	0.24524999	9.91791

1498486807877	-0.12753	0.10791	9.81981

1498486807886	-0.13734	0.18639	9.76095

1498486807896	-0.17658	0.10791	9.9571495

1498486807907	-0.17658	0.21582	9.868859

1498486807918	-0.0981	0.11771999	9.868859

1498486807927	-0.20601	0.17658	9.77076

1498486807945	-0.18639	0.12753	9.81981

1498486807948	-0.13734	0.18639	9.809999

1498486807973	-0.15696	0.16677	9.81981

1498486807992	-0.11771999	0.15696	9.92772

1498486807993	-0.15696	0.20601	9.809999

1498486807994	-0.14715	0.17658	9.80019

1498486807998	-0.13734	0.15696	9.849239

1498486808008	-0.34335	0.18639	9.868859

1498486808020	-0.13734	0.15696	9.81981

1498486808029	-0.23543999	0.18639	9.79038

1498486808039	-0.16677	0.13734	9.87867

1498486808049	-0.11771999	0.18639	9.81981

1498486808061	-0.24524999	0.13734	9.78057

1498486808079	-0.22563	0.1962	9.829619

1498486808089	-0.13734	0.15696	9.79038

1498486808099	-0.20601	0.06867	9.91791

1498486808109	-0.16677	0.12753	9.80019

1498486808121	-0.18639	0.22563	9.89829

1498486808141	-0.1962	0.15696	9.85905

1498486808143	-0.18639	0.17658	9.79038

1498486808150	-0.18639	0.14715	9.73152

1498486808162	-0.18639	0.18639	9.849239

1498486808180	-0.23543999	0.10791	9.83943

1498486808190	-0.1962	0.16677	9.849239

1498486808200	-0.13734	0.11771999	9.80019

1498486808210	-0.27468	0.13734	9.91791

1498486808222	-0.14715	0.13734	9.80019

1498486808231	-0.1962	0.14715	9.809999

1498486808241	-0.17658	0.11771999	9.81981

1498486808251	-0.11771999	0.21582	9.77076

1498486808263	-0.2943	0.1962	9.81981

1498486808281	-0.16677	0.12753	9.83943

1498486808291	-0.16677	0.17658	9.81981

1498486808302	-0.21582	0.14715	9.849239

1498486808312	-0.23543999	0.18639	9.77076

1498486808333	-0.20601	0.20601	9.75114

1498486808335	-0.20601	0.20601	9.75114

1498486808342	-0.20601	0.10791	9.849239

1498486808352	-0.17658	0.16677	9.829619

1498486808375	-0.12753	0.14715	9.78057

1498486808377	-0.13734	0.16677	9.87867

1498486808383	-0.20601	0.15696	9.81981

1498486808392	-0.13734	0.13734	9.809999

1498486808402	-0.15696	0.21582	9.76095

1498486808413	-0.15696	0.11771999	9.849239

1498486808424	-0.20601	0.12753	9.77076

1498486808433	-0.13734	0.14715	9.829619

1498486808443	-0.14715	0.0981	9.73152

1498486808453	-0.16677	0.17658	9.809999

1498486808464	-0.17658	0.1962	9.80019

1498486808474	-0.14715	0.12753	9.868859

1498486808483	-0.20601	0.10791	9.9571495

1498486808493	-0.13734	0.21582	9.79038

1498486808502	-0.24524999	0.13734	9.74133

1498486808512	-0.20601	0.20601	9.849239

1498486808524	-0.27468	0.17658	9.81981

1498486808533	-0.15696	0.24524999	9.81981

1498486808546	-0.17658	0.20601	9.73152

1498486808553	-0.15696	0.1962	9.76095

1498486808565	-0.17658	0.14715	9.77076

1498486808589	-0.20601	0.20601	9.85905

1498486808593	-0.10791	0.17658	9.89829

1498486808603	-0.13734	0.16677	9.81981

1498486808612	-0.23543999	0.14715	9.829619

1498486808624	-0.17658	0.12753	9.79038

1498486808633	-0.17658	0.15696	9.809999

1498486808643	-0.13734	0.13734	9.809999

1498486808653	-0.17658	0.18639	9.9081

1498486808664	-0.07848	0.17658	9.80019

1498486808683	-0.15696	0.24524999	9.74133

1498486808693	-0.10791	0.11771999	9.85905

1498486808703	-0.15696	0.15696	9.75114

1498486808713	-0.12753	0.20601	9.76095

1498486808725	-0.27468	0.26487	9.87867

1498486808733	-0.10791	0.22563	9.829619

1498486808744	-0.16677	0.16677	9.79038

1498486808754	-0.14715	0.20601	9.80019

1498486808768	-0.21582	0.21582	9.868859

1498486808784	-0.14715	0.16677	9.88848

1498486808809	-0.25506	0.14715	9.78057

1498486808810	-0.24524999	0.11771999	9.868859

1498486808814	-0.11771999	0.15696	9.76095

1498486808826	-0.15696	0.11771999	9.79038

1498486808835	-0.10791	0.15696	9.78057

1498486808845	-0.17658	0.16677	9.72171

1498486808855	-0.16677	0.17658	9.809999

1498486808866	-0.13734	0.14715	9.88848

1498486808885	-0.14715	0.16677	9.868859

1498486808895	-0.16677	0.16677	9.79038

1498486808905	-0.13734	0.17658	9.829619

1498486808915	-0.12753	0.11771999	9.829619

1498486808926	-0.20601	0.22563	9.87867

1498486808934	-0.22563	0.0981	9.829619

1498486808944	-0.16677	0.16677	9.85905

1498486808955	-0.20601	0.14715	9.78057

1498486808966	-0.0981	0.17658	9.809999

1498486808977	-0.10791	0.22563	9.809999

1498486808990	-0.16677	0.21582	9.75114

1498486808996	-0.14715	0.0981	9.868859

1498486809006	-0.15696	0.20601	9.78057

1498486809016	-0.13734	0.1962	9.829619

1498486809028	-0.23543999	0.1962	9.85905

1498486809036	-0.23543999	0.18639	9.80019

1498486809047	-0.18639	0.18639	9.80019

1498486809057	-0.17658	0.18639	9.849239

1498486809068	-0.22563	0.0981	9.702089

1498486809087	-0.15696	0.15696	9.85905

1498486809097	-0.1962	0.12753	9.809999

1498486809107	-0.11771999	0.22563	9.81981

1498486809117	-0.20601	0.20601	9.85905

1498486809128	-0.12753	0.20601	9.809999

1498486809136	-0.13734	0.10791	9.809999

1498486809146	-0.0981	0.18639	9.849239

1498486809157	-0.1962	0.1962	9.829619

1498486809168	-0.13734	0.21582	9.829619

1498486809179	-0.1962	0.1962	9.98658

1498486809188	-0.11771999	0.17658	9.9081

1498486809202	-0.14715	0.14715	9.89829

1498486809208	-0.23543999	0.13734	9.829619

1498486809218	-0.18639	0.13734	9.72171

1498486809233	-0.18639	0.13734	9.77076

1498486809237	-0.15696	0.16677	9.72171

1498486809247	-0.14715	0.17658	9.78057

1498486809258	-0.17658	0.1962	9.79038

1498486809269	-0.12753	0.15696	9.87867

1498486809280	-0.22563	0.15696	9.83943

1498486809288	-0.12753	0.15696	9.87867

1498486809299	-0.17658	0.18639	9.88848

1498486809309	-0.1962	0.21582	9.78057

1498486809319	-0.17658	0.14715	9.80019

1498486809331	-0.17658	0.14715	9.80019

1498486809339	-0.18639	0.14715	9.80019

1498486809348	-0.12753	0.12753	9.89829

1498486809358	-0.0981	0.16677	9.88848

1498486809370	-0.15696	0.18639	9.77076

1498486809381	-0.15696	0.15696	9.93753

1498486809389	-0.14715	0.15696	9.88848

1498486809400	-0.16677	0.17658	9.85905

1498486809413	-0.22563	0.18639	9.829619

1498486809420	-0.1962	0.20601	9.77076

1498486809432	-0.20601	0.23543999	9.79038

1498486809452	-0.17658	0.10791	9.7119

1498486809456	-0.15696	0.07848	9.9081

1498486809459	-0.16677	0.13734	9.77076

1498486809471	-0.18639	0.17658	9.83943

1498486809482	-0.21582	0.18639	9.91791

1498486809491	-0.22563	0.12753	9.85905

1498486809501	-0.13734	0.18639	9.85905

1498486809511	-0.21582	0.15696	9.80019

1498486809521	-0.24524999	0.14715	9.809999

1498486809533	-0.15696	0.13734	9.79038

1498486809542	-0.13734	0.16677	9.809999

1498486809552	-0.28449	0.11771999	9.79038

1498486809562	-0.16677	0.15696	9.868859

1498486809573	-0.16677	0.15696	9.72171

1498486809592	-0.13734	0.13734	9.88848

1498486809602	-0.1962	0.20601	9.868859

1498486809612	-0.11771999	0.18639	9.77076

1498486809622	-0.18639	0.17658	9.87867

1498486809638	-0.0981	0.20601	9.829619

1498486809641	-0.1962	0.20601	9.809999

1498486809652	-0.20601	0.14715	9.78057

1498486809662	-0.14715	0.12753	9.868859

1498486809682	-0.17658	0.1962	9.80019

1498486809692	-0.12753	0.18639	9.94734

1498486809702	-0.17658	0.1962	9.88848

1498486809712	-0.1962	0.08829	9.81981

1498486809722	-0.1962	0.18639	9.868859

1498486809734	-0.18639	0.18639	9.75114

1498486809742	-0.17658	0.10791	9.88848

1498486809752	-0.21582	0.11771999	9.829619

1498486809763	-0.14715	0.16677	9.80019

1498486809774	-0.27468	0.1962	9.85905

1498486809784	-0.15696	0.16677	9.92772

1498486809792	-0.11771999	0.14715	9.93753

1498486809803	-0.18639	0.11771999	9.868859

1498486809813	-0.22563	0.14715	9.92772

1498486809823	-0.20601	0.12753	9.78057

1498486809834	-0.06867	0.17658	9.868859

1498486809851	-0.17658	0.16677	9.77076

1498486809854	-0.16677	0.18639	9.83943

1498486809864	-0.13734	0.17658	9.868859

1498486809875	-0.11771999	0.1962	9.74133

1498486809898	-0.20601	0.14715	9.88848

1498486809899	-0.14715	0.24524999	9.88848

1498486809904	-0.10791	0.10791	9.83943

1498486809914	-0.12753	0.13734	9.85905

1498486809924	-0.12753	0.14715	9.79038

1498486809935	-0.11771999	0.20601	9.809999

1498486809944	-0.12753	0.13734	9.72171

1498486809953	-0.26487	0.17658	9.73152

1498486809963	-0.16677	0.10791	9.829619

1498486809975	-0.1962	0.1962	9.829619

1498486809985	-0.11771999	0.10791	9.9571495

1498486809994	-0.10791	0.14715	9.91791

1498486810004	-0.12753	0.26487	9.89829

1498486810015	-0.17658	0.13734	9.9081

1498486810025	-0.11771999	0.14715	9.92772

1498486810036	-0.23543999	0.20601	9.77076

1498486810045	-0.18639	0.13734	9.79038

1498486810055	-0.15696	0.10791	9.67266

1498486810065	-0.14715	0.13734	9.829619

1498486810077	-0.17658	0.10791	9.85905

1498486810102	-0.14715	0.18639	9.85905

1498486810103	-0.17658	0.10791	9.85905

1498486810106	-0.15696	0.1962	9.76095

1498486810117	-0.18639	0.17658	9.76095

1498486810127	-0.22563	0.17658	9.829619

1498486810138	-0.14715	0.08829	9.79038

1498486810147	-0.07848	0.07848	9.91791

1498486810157	-0.24524999	0.1962	9.80019

1498486810166	-0.15696	0.16677	9.809999

1498486810178	-0.22563	0.1962	9.829619

1498486810189	-0.1962	0.18639	9.78057

1498486810197	-0.26487	0.15696	9.79038

1498486810206	-0.14715	0.15696	9.85905

1498486810217	-0.13734	0.16677	9.849239

1498486810227	-0.20601	0.08829	9.78057

1498486810238	-0.17658	0.15696	9.85905

1498486810247	-0.17658	0.17658	9.76095

1498486810257	-0.18639	0.14715	9.849239

1498486810267	-0.17658	0.17658	9.809999

1498486810279	-0.16677	0.0981	9.93753

1498486810289	-0.0981	0.11771999	9.89829

1498486810298	-0.21582	0.22563	9.809999

1498486810322	-0.10791	0.15696	9.81981

1498486810324	-0.16677	0.10791	9.78057

1498486810328	-0.16677	0.10791	9.78057

1498486810339	-0.20601	0.16677	9.682469

1498486810348	-0.16677	0.23543999	9.88848

1498486810358	-0.16677	0.18639	9.94734

1498486810368	-0.17658	0.15696	9.849239

1498486810384	-0.12753	0.14715	9.87867

1498486810391	-0.22563	0.16677	9.9081

1498486810399	-0.1962	0.12753	9.85905

1498486810408	-0.20601	0.14715	9.849239

1498486810418	-0.16677	0.12753	9.83943

1498486810429	-0.12753	0.11771999	9.79038

1498486810440	-0.16677	0.13734	9.829619

1498486810449	-0.18639	0.20601	9.79038

1498486810459	-0.26487	0.14715	9.809999

1498486810469	-0.18639	0.17658	9.81981

1498486810480	-0.11771999	0.11771999	9.80019

1498486810490	-0.14715	0.17658	9.88848

1498486810505	-0.11771999	0.18639	9.83943

1498486810509	-0.14715	0.17658	9.809999

1498486810518	-0.27468	0.20601	9.80019

1498486810529	-0.18639	0.1962	9.80019

1498486810550	-0.17658	0.17658	9.868859

1498486810552	-0.17658	0.10791	9.809999

1498486810559	-0.13734	0.16677	9.76095

1498486810569	-0.35316	0.15696	9.75114

1498486810581	-0.24524999	0.14715	9.81981

1498486810591	-0.22563	0.12753	9.91791

1498486810600	-0.21582	0.22563	9.85905

1498486810610	-0.15696	0.12753	9.92772

1498486810620	-0.13734	0.22563	9.72171

1498486810630	-0.24524999	0.14715	9.88848

1498486810642	-0.14715	0.17658	9.77076

1498486810651	-0.16677	0.13734	9.809999

1498486810661	-0.12753	0.12753	9.849239

1498486810671	-0.14715	0.10791	9.81981

1498486810682	-0.22563	0.14715	9.78057

1498486810692	-0.22563	0.07848	9.849239

1498486810701	-0.17658	0.15696	9.76095

1498486810715	-0.12753	0.12753	9.829619

1498486810721	-0.26487	0.23543999	9.849239

1498486810731	-0.17658	0.16677	9.89829

1498486810747	-0.11771999	0.12753	9.85905

1498486810751	-0.17658	0.18639	9.809999

1498486810760	-0.16677	0.14715	9.79038

1498486810771	-0.22563	0.10791	9.77076

1498486810782	-0.23543999	0.22563	9.80019

1498486810793	-0.13734	0.11771999	9.976769

1498486810802	-0.24524999	0.20601	9.849239

1498486810812	-0.15696	0.20601	9.829619

1498486810822	-0.11771999	0.20601	9.849239

1498486810832	-0.13734	0.1962	9.868859

1498486810844	-0.15696	0.1962	9.83943

1498486810852	-0.11771999	0.17658	9.829619

1498486810862	-0.13734	0.1962	9.80019

1498486810872	-0.16677	0.20601	9.76095

1498486810884	-0.14715	0.16677	9.702089

1498486810894	-0.12753	0.14715	9.91791

1498486810902	-0.12753	0.1962	9.849239

1498486810912	-0.14715	0.20601	9.829619

1498486810923	-0.22563	0.20601	9.83943

1498486810933	-0.18639	0.1962	9.79038

1498486810945	-0.16677	0.14715	9.79038

1498486810968	-0.14715	0.11771999	9.81981

1498486810969	-0.16677	0.15696	9.83943

1498486810973	-0.16677	0.14715	9.829619

1498486810985	-0.16677	0.13734	9.81981

1498486810996	-0.16677	0.13734	9.9081

1498486811003	-0.17658	0.14715	9.868859

1498486811014	-0.22563	0.14715	9.79038

1498486811024	-0.27468	0.10791	9.809999

1498486811034	-0.10791	0.13734	9.809999

1498486811045	-0.14715	0.18639	9.80019

1498486811054	-0.20601	0.17658	9.74133

1498486811064	-0.11771999	0.16677	9.79038

1498486811074	-0.21582	0.16677	9.75114

1498486811086	-0.15696	0.1962	9.81981

1498486811097	-0.1962	0.20601	9.89829

1498486811105	-0.0981	0.14715	9.89829

1498486811115	-0.10791	0.26487	9.91791

1498486811125	-0.0981	0.14715	9.829619

1498486811136	-0.14715	0.14715	9.77076

1498486811158	-0.17658	0.1962	9.88848

1498486811167	-0.17658	0.15696	9.73152

1498486811170	-0.21582	0.16677	9.868859

1498486811175	-0.16677	0.14715	9.85905

1498486811201	-0.14715	0.17658	9.829619

1498486811205	-0.18639	0.14715	9.9081

1498486811207	-0.14715	0.25506	9.83943

1498486811216	-0.20601	0.12753	9.80019

1498486811226	-0.17658	0.15696	9.81981

1498486811236	-0.13734	0.10791	9.80019

1498486811247	-0.17658	0.15696	9.78057

1498486811256	-0.24524999	0.08829	9.79038

1498486811265	-0.11771999	0.18639	9.80019

1498486811275	-0.13734	0.24524999	9.809999

1498486811287	-0.18639	0.20601	9.79038

1498486811298	-0.1962	0.18639	9.9571495

1498486811306	-0.15696	0.16677	9.87867

1498486811316	-0.1962	0.13734	9.81981

1498486811327	-0.1962	0.13734	9.81981

1498486811337	-0.17658	0.18639	9.92772

1498486811348	-0.11771999	0.24524999	9.87867

1498486811362	-0.12753	0.17658	9.81981

1498486811367	-0.0981	0.12753	9.868859

1498486811377	-0.25506	0.16677	9.80019

1498486811391	-0.16677	0.10791	9.809999

1498486811399	-0.15696	0.17658	9.9081

1498486811408	-0.13734	0.15696	9.85905

1498486811417	-0.28449	0.13734	9.9081

1498486811428	-0.18639	0.12753	9.81981

1498486811438	-0.26487	0.20601	9.702089

1498486811449	-0.14715	0.23543999	9.809999

1498486811458	-0.21582	0.10791	9.83943

1498486811468	-0.14715	0.14715	9.76095

1498486811477	-0.0981	0.14715	9.829619

1498486811489	-0.20601	0.12753	9.73152

1498486811499	-0.18639	0.15696	9.94734

1498486811508	-0.1962	0.21582	9.91791

1498486811517	-0.13734	0.15696	9.829619

1498486811527	-0.16677	0.14715	9.849239

1498486811537	-0.20601	0.1962	9.85905

1498486811549	-0.24524999	0.16677	9.849239

1498486811558	-0.21582	0.20601	9.78057

1498486811575	-0.17658	0.1962	9.79038

1498486811578	-0.15696	0.15696	9.809999

1498486811589	-0.0981	0.1962	9.829619

1498486811600	-0.16677	0.10791	9.92772

1498486811611	-0.10791	0.16677	9.88848

1498486811617	-0.07848	0.12753	9.79038

1498486811627	-0.0981	0.16677	9.76095

1498486811638	-0.16677	0.15696	9.809999

1498486811649	-0.15696	0.24524999	9.72171

1498486811658	-0.21582	0.1962	9.80019

1498486811668	-0.24524999	0.13734	9.79038

1498486811678	-0.0981	0.20601	9.80019

1498486811689	-0.12753	0.18639	9.85905

1498486811699	-0.16677	0.18639	9.9081

1498486811708	-0.15696	0.22563	9.9081

1498486811718	-0.17658	0.14715	9.829619

1498486811728	-0.16677	0.11771999	9.849239

1498486811739	-0.13734	0.16677	9.81981

1498486811750	-0.11771999	0.16677	9.83943

1498486811759	-0.10791	0.17658	9.78057

1498486811769	-0.14715	0.14715	9.87867

1498486811779	-0.14715	0.1962	9.87867

1498486811794	-0.20601	0.17658	9.89829

1498486811809	-0.11771999	0.12753	9.88848

1498486811819	-0.18639	0.16677	9.81981

1498486811830	-0.17658	0.22563	9.80019

1498486811840	-0.16677	0.16677	9.849239

1498486811852	-0.12753	0.20601	9.73152

1498486811860	-0.17658	0.14715	9.85905

1498486811870	-0.14715	0.10791	9.74133

1498486811880	-0.18639	0.13734	9.79038

1498486811892	-0.15696	0.10791	9.87867

1498486811902	-0.15696	0.1962	9.89829

1498486811911	-0.15696	0.21582	9.976769

1498486811920	-0.18639	0.14715	9.89829

1498486811931	-0.20601	0.12753	9.809999

1498486811941	-0.0981	0.24524999	9.77076

1498486811953	-0.0981	0.15696	9.79038

1498486811961	-0.26487	0.10791	9.83943

1498486811970	-0.15696	0.16677	9.83943

1498486811981	-0.16677	0.16677	9.78057

1498486811992	-0.10791	0.24524999	9.78057

1498486812015	-0.17658	0.12753	9.89829

1498486812016	-0.15696	0.14715	9.868859

1498486812021	-0.11771999	0.16677	9.78057

1498486812031	-0.14715	0.14715	9.87867

1498486812041	-0.18639	0.18639	9.77076

1498486812052	-0.25506	0.18639	9.83943

1498486812061	-0.14715	0.10791	9.83943

1498486812071	-0.15696	0.12753	9.829619

1498486812081	-0.12753	0.07848	9.79038

1498486812092	-0.21582	0.22563	9.868859

1498486812112	-0.12753	0.16677	9.81981

1498486812121	-0.11771999	0.22563	9.76095

1498486812131	-0.17658	0.21582	9.81981

1498486812141	-0.18639	0.13734	9.76095

1498486812152	-0.15696	0.18639	9.77076

1498486812160	-0.21582	0.18639	9.849239

1498486812171	-0.14715	0.1962	9.77076

1498486812181	-0.17658	0.17658	9.829619

1498486812192	-0.13734	0.1962	9.72171

1498486812211	-0.0981	0.17658	9.89829

1498486812221	-0.10791	0.23543999	9.80019

1498486812231	-0.15696	0.15696	9.9081

1498486812248	-0.15696	0.15696	9.81981

1498486812258	-0.17658	0.17658	9.78057

1498486812265	-0.16677	0.14715	9.75114

1498486812283	-0.20601	0.13734	9.849239

1498486812284	-0.11771999	0.14715	9.80019

1498486812293	-0.0981	0.15696	9.78057

1498486812303	-0.16677	0.17658	9.88848

1498486812312	-0.03924	0.20601	9.85905

1498486812322	-0.16677	0.12753	9.89829

1498486812332	-0.16677	0.11771999	9.87867

1498486812342	-0.15696	0.22563	9.9081

1498486812354	-0.20601	0.11771999	9.868859

1498486812363	-0.1962	0.18639	9.849239

1498486812373	-0.22563	0.10791	9.73152

1498486812383	-0.13734	0.17658	9.809999

1498486812394	-0.24524999	0.13734	9.809999

1498486812413	-0.16677	0.18639	9.9081

1498486812423	-0.15696	0.12753	9.80019

1498486812433	-0.1962	0.16677	9.88848

