1495985571659	-2.748	8.925	-0.689

1495985571660	-1.57	8.954	-0.976

1495985571661	0.66	9.174	-1.934

1495985571669	1.063	10.305	-2.375

1495985571680	1.819	10.209	-2.662

1495985571688	1.532	10.247	-2.145

1495985571711	1.34	10.592	-1.551

1495985571719	1.235	12.057	-0.316

1495985571720	1.11	12.9	-0.268

1495985571722	0.948	14.432	0.134

1495985571724	1.082	15.85	-1.197

1495985571730	1.704	16.194	-2.614

1495985571732	2.193	14.863	-2.403

1495985571758	2.145	12.909	-1.953

1495985571759	1.637	11.722	-1.972

1495985571761	1.091	10.056	-1.58

1495985571770	0.335	9.356	-0.153

1495985571774	-0.306	10.113	1.379

1495985571793	-1.388	11.511	2.365

1495985571794	-1.972	13.034	3.016

1495985571830	-2.231	14.365	2.652

1495985571837	-2.049	14.978	1.676

1495985571838	-1.225	14.317	0.517

1495985571921	-0.239	13.446	-0.316

1495985571928	0.967	11.971	-1.781

1495985571929	2.786	11.712	-1.292

1495985571936	0.976	12.718	-0.105

1495985571937	0.976	12.718	-0.105

1495985571938	-1.944	11.052	1.379

1495985571939	-1.944	11.052	1.379

1495985571941	-3.428	9.021	1.426

1495985571968	-3.428	9.021	1.426

1495985571969	-2.336	8.743	0.411

1495985571972	-1.177	8.389	-0.287

1495985571977	-1.608	7.613	-0.488

1495985571978	-2.988	7.01	-0.258

1495985571980	-2.739	6.493	0.047

1495985571982	-2.442	6.541	0.363

1495985571988	-1.426	7.489	-0.047

1495985571995	0.861	8.504	0.095

1495985572014	3.246	9.423	-0.134

1495985572074	3.936	7.632	1.503

1495985572089	2.384	6.282	2.001

1495985572091	1.628	5.353	1.915

1495985572092	0.938	4.51	1.704

1495985572093	1.11	4.137	1.57

1495985572095	2.183	4.386	2.221

1495985572096	2.183	4.386	2.221

1495985572109	2.47	5.784	2.288

1495985572110	2.47	5.784	2.288

1495985572114	3.016	6.885	1.925

1495985572127	3.447	6.857	1.886

1495985572136	3.304	6.301	2.212

1495985572146	3.265	5.545	3.15

1495985572151	3.419	4.434	3.888

1495985572167	3.61	3.543	4.041

1495985572173	3.917	3.102	3.917

1495985572192	4.108	3.476	2.595

1495985572205	5.267	4.673	3.993

1495985572213	7.422	7.345	6.914

1495985572236	8.504	9.184	6.579

1495985572237	6.062	11.588	-1.915

1495985572253	-1.13	9.653	4.185

1495985572268	0.191	19.326	-4.252

1495985572292	0.584	14.825	0.823

1495985572303	1.819	11.588	2.116

1495985572312	1.819	9.414	2.116

1495985572323	1.608	7.843	0.114

1495985572332	1.781	8.389	-0.363

1495985572346	1.637	8.782	-0.162

1495985572351	1.283	9.012	-0.086

1495985572370	1.005	9.5	-0.239

1495985572373	0.296	10.324	-1.053

1495985572383	0.421	11.751	-1.618

1495985572394	0.287	12.23	-1.819

1495985572405	-0.363	12.019	-1.647

1495985572412	-1.024	11.559	-1.283

1495985572425	-1.81	10.63	-0.852

1495985572432	-1.848	9.577	-0.565

1495985572445	-0.555	9.548	-0.45

1495985572454	1.436	9.797	-0.258

1495985572469	2.672	9.404	-0.986

1495985572474	4.012	9.098	-1.857

1495985572486	4.664	8.916	-1.494

1495985572492	4.664	8.648	-0.737

1495985572506	4.127	8.408	-0.459

1495985572512	3.859	8.083	-0.363

1495985572523	3.39	7.594	0.057

1495985572532	2.346	7.719	0.143

1495985572546	1.963	8.514	0.019

1495985572554	1.513	9.04	-0.699

1495985572567	-0.277	9.069	-0.478

1495985572573	-2.078	8.801	-0.344

1495985572582	-2.643	9.184	-0.565

1495985572592	-3.035	9.653	-1.781

1495985572606	-2.221	10.075	-2.308

1495985572613	-2.394	9.194	-2.413

1495985572627	-2.94	7.901	-2.001

1495985572633	-1.494	8.887	-1.312

1495985572642	-0.909	9.433	-1.618

1495985572668	-0.814	10.19	-1.752

1495985572669	0.181	12.048	-1.838

1495985572673	0.498	12.364	-2.346

1495985572682	1.168	12.852	-1.857

1495985572692	1.015	13.34	-1.187

1495985572702	0.804	14.193	-0.747

1495985572712	0.651	15.84	-0.632

1495985572722	1.177	17.229	-2.174

1495985572734	2.126	16.625	-3.562

1495985572751	2.384	14.308	-2.978

1495985572754	1.139	12.45	-1.723

1495985572773	-0.249	10.285	-0.689

1495985572782	-2.145	9.998	1.225

1495985572792	-2.614	11.569	1.666

1495985572802	-2.135	14.404	1.254

1495985572817	-0.526	14.107	0.383

1495985572822	0.928	13.226	-0.057

1495985572833	1.905	12.316	-0.565

1495985572846	2.777	11.827	-0.708

1495985572854	3.869	11.866	-1.216

1495985572864	4.491	12.44	-1.599

1495985572878	4.223	13.273	-1.551

1495985572883	2.71	13.704	-0.354

1495985572893	0.651	13.321	1.072

1495985572902	-1.589	12.23	2.269

1495985572917	-3.514	10.86	2.93

1495985572922	-3.62	9.663	2.25

1495985572932	-2.413	9.241	0.402

1495985572942	-2.403	8.619	-0.881

1495985572952	-3.773	7.738	-0.948

1495985572962	-3.907	6.953	-0.134

1495985572972	-3.591	5.88	0.727

1495985572982	-2.614	5.64	0.871

1495985572994	-1.024	7.048	-0.22

1495985573011	3.237	10.735	-0.852

1495985573041	3.763	10.065	0.153

1495985573045	0.45	7.814	1.723

1495985573048	-0.277	4.874	1.599

1495985573053	-0.507	4.568	1.321

1495985573065	0.143	4.568	1.168

1495985573079	0.823	4.367	1.484

1495985573082	1.446	4.348	1.915

1495985573102	1.963	4.376	1.915

1495985573103	2.269	4.415	1.905

1495985573112	2.719	5.65	1.656

1495985573122	2.758	4.846	1.676

1495985573132	3.122	5.315	2.336

1495985573142	3.792	6.579	2.288

1495985573163	3.61	6.713	2.604

1495985573164	3.15	6.253	3.428

1495985573172	2.997	5.315	3.964

1495985573182	3.352	4.395	4.194

1495985573192	3.553	3.629	4.166

1495985573202	3.754	2.959	4.28

1495985573212	3.792	2.691	4.137

1495985573222	4.616	2.853	3.888

1495985573233	6.071	4.079	6.311

1495985573242	8.734	8.312	7.747

1495985573278	10.065	11.626	2.26

1495985573281	1.331	9.404	-0.047

1495985573285	-0.517	7.096	4.692

1495985573288	0.44	15.189	1.915

1495985573292	0.172	19.614	-4.185

1495985573302	0.287	18.656	-3.074

1495985573312	2.164	13.838	0.402

1495985573324	3.102	10.458	2.039

1495985573332	2.921	8.705	2.135

1495985573342	2.25	7.987	1.369

1495985573352	2.011	8.284	0.411

1495985573362	1.848	8.705	0.057

1495985573372	1.043	8.973	0.105

1495985573383	0.383	9.308	-0.287

1495985573392	-0.057	9.787	-1.292

1495985573406	-0.545	10.525	-1.992

1495985573419	-0.794	10.975	-2.25

1495985573422	-0.785	11.214	-2.298

1495985573432	-0.833	11.186	-2.039

1495985573442	-1.13	10.688	-1.417

1495985573452	-1.34	9.96	-0.478

1495985573462	-1.446	9.835	0.526

1495985573474	-1.043	10.056	0.679

1495985573482	0.612	10.879	0.421

1495985573501	2.777	10.678	-0.402

1495985573505	6.895	10.017	-0.823

1495985573519	6.608	9.308	-0.861

1495985573523	5.391	8.59	-0.555

1495985573533	4.051	8.178	0.0

1495985573543	3.035	7.671	1.235

1495985573561	2.403	7.738	1.762

1495985573565	2.106	8.245	0.9

1495985573583	2.126	8.629	-0.775

1495985573590	1.771	8.83	-1.867

1495985573592	0.44	8.686	-1.685

1495985573602	-1.369	8.399	-1.57

1495985573617	-2.135	8.293	-1.877

1495985573622	-2.423	7.949	-2.231

1495985573632	-2.614	7.565	-2.183

1495985573642	-3.17	7.182	-1.685

1495985573652	-3.016	6.953	-1.043

1495985573669	-2.288	7.144	-1.139

1495985573672	-1.637	7.374	-0.9

1495985573682	-0.928	7.565	-0.766

1495985573692	-1.072	7.565	-0.67

1495985573702	-1.245	7.939	-0.421

1495985573713	1.838	11.138	0.44

1495985573729	0.775	10.352	-2.49

1495985573743	-0.814	7.604	-2.509

1495985573753	0.641	8.389	-1.053

1495985573764	0.421	8.073	-2.106

1495985573787	-0.938	7.853	-1.618

1495985573789	-0.019	9.548	-1.503

1495985573793	1.091	11.741	-2.432

1495985573803	1.379	12.814	-2.633

1495985573813	2.087	13.657	-1.752

1495985573823	3.629	16.089	-0.871

1495985573833	3.179	16.491	-1.168

1495985573846	1.896	17.056	-0.785

1495985573853	-0.344	17.727	-1.12

1495985573866	-2.068	18.627	-1.685

1495985573887	-0.938	19.393	-4.223

1495985573889	1.848	18.206	-5.104

1495985573892	2.873	14.844	-2.126

1495985573903	2.547	11.779	-0.354

1495985573912	1.79	9.423	0.162

1495985573922	0.948	8.351	0.603

1495985573933	1.321	8.255	0.574

1495985573942	2.03	8.399	0.402

1495985573952	2.604	8.552	0.181

1495985573963	2.011	8.878	-0.316

1495985573972	2.068	9.538	-0.996

1495985573982	2.863	10.343	-2.537

1495985573992	5.593	11.463	-2.566

1495985574002	6.129	12.804	-2.691

1495985574014	5.506	14.423	-2.719

1495985574024	3.553	15.514	-2.269

1495985574033	1.359	15.505	-1.656

1495985574044	-0.708	14.595	-2.25

1495985574058	-2.116	13.867	-2.758

1495985574065	-2.231	13.187	-2.834

1495985574080	-2.183	12.258	-3.61

1495985574082	-2.442	10.994	-3.61

1495985574092	-2.557	9.299	-2.116

1495985574102	-2.643	8.389	-0.928

1495985574112	-2.221	8.456	-0.507

1495985574122	-1.292	9.194	-0.565

1495985574132	0.383	10.649	-1.982

1495985574147	2.614	12.354	-4.166

1495985574157	5.142	13.609	-4.07

1495985574164	5.889	12.948	-1.082

1495985574172	4.386	11.597	0.028

1495985574182	2.193	9.854	0.249

1495985574192	0.737	7.69	0.134

1495985574202	0.545	6.799	-0.383

1495985574223	2.442	9.194	-1.063

1495985574224	1.484	9.098	0.593

1495985574232	1.388	6.771	-0.277

1495985574242	3.15	8.389	-0.976

1495985574252	3.419	8.667	-0.612

1495985574263	2.461	8.169	-0.919

1495985574273	2.087	7.393	-0.785

1495985574283	2.413	7.345	-0.095

1495985574292	2.911	7.077	0.019

1495985574303	3.639	6.253	0.478

1495985574316	4.079	5.449	0.814

1495985574324	4.424	5.066	0.775

1495985574335	3.907	4.606	1.082

1495985574343	5.229	4.846	1.455

1495985574355	4.539	3.974	1.599

1495985574364	3.782	2.825	2.193

1495985574373	3.897	3.17	2.394

1495985574382	4.673	3.763	2.93

1495985574392	4.731	3.093	3.332

1495985574402	7.096	7.585	2.423

1495985574412	6.301	5.64	1.599

1495985574422	7.269	4.491	1.436

1495985574433	7.211	3.007	1.407

1495985574442	7.249	1.867	1.35

1495985574452	7.508	1.484	2.212

1495985574464	9.299	4.913	3.964

1495985574472	8.973	7.307	1.407

1495985574482	1.829	6.454	0.306

1495985574494	-3.055	5.554	0.871

1495985574513	-4.434	12.0	-1.043

1495985574524	-3.869	17.612	-2.451

1495985574538	-5.238	18.799	-1.589

1495985574544	-3.495	19.432	-3.035

1495985574553	-1.551	17.679	-2.509

1495985574564	0.296	14.461	-0.555

1495985574572	2.154	12.507	0.612

1495985574582	3.476	11.415	1.302

1495985574592	4.52	11.329	1.245

1495985574602	5.238	11.779	0.814

1495985574613	5.478	11.502	0.354

1495985574622	5.123	11.607	-0.201

1495985574632	4.405	11.875	-0.44

1495985574643	3.715	12.45	0.363

1495985574653	2.739	13.053	0.756

1495985574664	2.279	13.408	0.143

1495985574674	1.561	12.996	-0.67

1495985574685	0.727	12.201	-1.695

1495985574693	0.028	11.846	-2.959

1495985574704	0.373	10.506	-2.633

1495985574712	0.172	8.494	-1.551

1495985574722	-0.316	7.652	-1.723

1495985574732	-0.593	7.489	-1.666

1495985574742	0.134	7.814	-0.498

1495985574752	1.369	8.37	0.794

1495985574763	2.537	8.083	0.383

1495985574775	3.572	7.422	-0.622

1495985574783	3.926	6.656	-0.938

1495985574792	3.917	6.004	-1.197

1495985574802	4.041	5.583	-1.704

1495985574812	3.955	5.545	-2.423

1495985574822	3.897	5.794	-2.652

1495985574835	3.591	6.081	-2.585

1495985574842	3.38	6.857	-1.934

1495985574856	2.547	7.518	-1.197

1495985574874	1.015	8.667	-0.114

1495985574876	-1.177	10.735	0.124

1495985574884	-3.878	11.856	-0.316

1495985574893	-5.162	11.53	-1.11

1495985574903	-5.516	10.237	-1.829

1495985574913	-3.782	9.318	-0.976

1495985574926	-1.599	8.992	-1.857

1495985574937	0.239	9.404	-1.273

1495985574942	1.34	13.13	-0.565

1495985574953	1.474	15.792	-0.89

1495985574962	1.829	17.258	-1.781

1495985574972	2.03	16.941	-2.212

1495985574982	1.819	16.511	-2.614

1495985574992	1.302	15.457	-3.352

1495985575002	1.11	14.691	-2.882

1495985575012	0.785	13.35	-1.541

1495985575022	-0.651	11.195	-0.928

1495985575033	-2.298	10.477	-0.153

1495985575042	-4.213	11.233	0.038

1495985575064	-2.959	13.044	0.114

1495985575064	-2.959	13.044	0.114

1495985575073	-1.532	13.302	0.009

1495985575082	-0.22	12.737	-0.316

1495985575092	0.526	12.124	-0.363

1495985575102	0.574	11.377	-0.919

1495985575112	0.986	11.013	-0.852

1495985575123	2.097	11.933	-0.086

1495985575135	2.174	12.517	0.124

1495985575143	2.193	13.063	-0.488

1495985575153	2.231	12.766	-0.555

1495985575162	2.078	12.115	0.584

1495985575172	1.79	11.664	1.426

1495985575182	0.201	9.864	-0.143

1495985575192	-1.963	8.619	-0.316

1495985575202	-3.131	8.102	-0.191

1495985575213	-2.978	7.738	-0.201

1495985575222	-2.547	7.336	-0.679

1495985575235	-2.116	6.464	-0.565

1495985575245	-1.206	5.746	-0.699

1495985575259	-0.229	6.483	-1.158

1495985575263	0.9	7.565	-1.465

1495985575274	2.068	8.782	-1.379

1495985575282	2.537	9.107	-0.421

1495985575292	3.371	9.059	0.814

1495985575302	2.241	6.55	1.503

1495985575312	2.279	7.087	1.407

1495985575324	1.666	5.822	1.35

1495985575336	1.455	4.932	1.225

1495985575342	1.963	5.095	1.283

1495985575352	2.269	5.765	1.8

1495985575362	2.193	5.803	1.857

1495985575372	2.26	5.65	1.618

1495985575382	2.442	5.688	1.264

1495985575392	2.691	5.727	1.197

1495985575405	2.901	4.989	1.714

1495985575412	3.332	4.874	1.953

1495985575422	3.859	4.29	2.164

1495985575432	4.051	4.089	2.164

1495985575442	4.051	4.51	1.465

1495985575453	3.792	5.171	0.641

1495985575462	4.386	5.181	0.076

1495985575472	3.888	3.553	1.522

1495985575484	5.516	5.229	5.526

1495985575493	6.598	7.096	4.031

1495985575505	6.713	10.582	-0.871

1495985575513	2.652	11.396	-2.097

1495985575522	0.105	12.66	-0.593

1495985575533	-0.881	17.21	0.948

1495985575542	-0.574	19.614	-2.241

1495985575552	0.478	19.451	-1.589

1495985575562	2.834	16.348	0.804

1495985575572	4.606	12.344	2.298

1495985575583	4.031	9.241	2.614

1495985575592	2.633	7.68	1.647

1495985575602	2.145	7.489	0.517

1495985575612	2.011	7.843	0.306

1495985575622	1.398	8.178	0.526

1495985575634	0.938	8.37	-0.919

1495985575643	0.938	8.36	-2.384

1495985575664	-1.589	9.04	-3.562

1495985575667	-1.589	9.04	-3.562

1495985575673	-1.589	9.251	-3.84

1495985575685	-1.206	9.49	-4.166

1495985575699	-1.292	8.973	-3.093

1495985575702	-1.312	8.992	-1.714

1495985575712	-1.599	9.127	-0.852

1495985575722	-1.522	9.797	-0.028

1495985575732	-0.555	10.688	0.249

1495985575742	1.398	11.138	-0.603

1495985575754	3.505	10.965	-1.704

1495985575765	4.683	9.845	-1.417

1495985575772	4.185	9.127	-0.383

1495985575783	3.62	8.849	0.038

1495985575792	3.102	8.715	-0.335

1495985575802	2.691	8.638	-0.718

1495985575812	2.221	8.619	-1.005

1495985575822	1.877	8.667	-0.881

1495985575832	1.34	8.878	-0.814

1495985575842	0.986	9.079	-1.13

1495985575854	0.239	9.366	-1.474

1495985575864	-0.622	9.854	-2.288

1495985575872	-1.35	10.352	-2.834

1495985575882	-2.269	10.812	-2.403

1495985575892	-3.189	9.337	-2.221

1495985575902	-2.729	8.82	-1.867

1495985575912	-3.572	8.073	-1.541

1495985575922	-2.193	9.012	-1.12

1495985575933	-1.474	9.72	-2.174

1495985575942	-1.762	10.18	-2.662

1495985575955	-2.193	10.41	-2.652

1495985575970	-0.651	12.297	-2.03

1495985575974	-0.612	12.507	-2.432

1495985575983	-0.689	12.45	-2.403

1495985575992	-0.277	12.852	-1.963

1495985576002	0.45	13.848	-1.886

1495985576012	0.823	14.863	-2.03

1495985576023	0.603	15.285	-1.992

1495985576032	0.181	14.777	-2.03

1495985576042	-0.22	14.126	-2.174

1495985576053	-0.919	13.024	-2.039

1495985576063	-1.848	11.54	-0.948

1495985576073	-2.882	10.525	-0.229

1495985576083	-3.256	10.812	0.153

1495985576092	-3.15	11.808	0.354

1495985576102	-2.279	12.66	0.172

1495985576112	-1.321	13.446	-0.086

1495985576122	-0.708	13.542	0.067

1495985576132	0.948	12.22	-0.019

1495985576147	1.647	11.674	-0.66

1495985576153	2.279	11.368	-1.216

1495985576163	2.547	11.32	-1.264

1495985576173	2.834	11.473	-0.708

1495985576182	2.825	11.569	-0.009

1495985576192	2.518	11.617	0.028

1495985576202	2.26	11.483	-1.063

1495985576216	1.024	10.64	-0.086

1495985576222	-0.373	9.385	1.637

1495985576232	-2.183	8.111	2.049

1495985576242	-3.323	7.47	1.81

1495985576252	-4.089	7.297	1.273

1495985576263	-4.462	6.866	0.996

1495985576274	-4.597	6.244	0.852

1495985576282	-4.28	5.688	0.9

1495985576294	-3.581	5.717	0.727

1495985576322	-0.114	6.579	-0.507

1495985576324	1.446	9.414	-0.727

1495985576332	2.423	10.19	-0.718

1495985576342	2.71	9.261	-0.747

1495985576352	2.355	7.891	-0.296

1495985576362	1.561	5.889	1.723

1495985576372	1.273	6.043	2.336

1495985576384	1.206	6.071	2.384

1495985576401	1.34	5.985	2.451

1495985576415	1.599	6.225	2.126

1495985576418	1.695	5.956	1.953

1495985576427	2.269	6.55	1.781

1495985576433	2.844	6.78	1.743

1495985576442	3.696	7.106	1.561

1495985576452	4.118	7.154	1.599

1495985576462	4.166	6.876	1.829

1495985576474	3.859	6.196	2.403

1495985576484	3.821	5.593	3.371

1495985576494	4.453	5.133	3.457

1495985576503	4.865	4.817	2.921

1495985576512	4.558	4.587	2.844

1495985576522	4.338	4.482	2.662

1495985576532	3.773	3.658	3.486

1495985576542	4.826	4.721	6.713

1495985576553	8.839	9.778	5.315

1495985576564	8.14	12.718	-1.666

1495985576573	3.936	11.023	-3.677

1495985576583	2.269	9.433	-0.44

