1495734046073	97.039246	-48.388496	-42.916

1495734046137	97.26399	-48.3135	-43.06575

1495734046209	97.45125	-48.3885	-42.9535

1495734046277	97.7135	-48.3885	-42.990753

1495734046354	97.676	-48.238503	-42.916

1495734046422	97.48875	-48.276	-42.841248

1495734046495	97.48875	-48.276	-42.9535

1495734046562	97.56375	-48.276	-42.990997

1495734046631	97.41375	-48.3885	-42.9535

1495734046698	97.71349	-48.276	-42.9535

1495734046767	97.90099	-48.0885	-42.991005

1495734046837	97.71349	-48.051003	-42.953503

1495734046908	97.71349	-48.126003	-42.953503

1495734046977	97.863495	-48.2385	-42.990753

1495734047051	97.6385	-48.276	-42.916

1495734047117	97.6385	-48.276	-42.87875

1495734047187	97.45125	-48.201	-42.990997

1495734047266	97.07625	-48.051003	-42.95375

1495734047328	96.889	-48.051003	-42.916252

1495734047404	96.70175	-48.0885	-42.916252

1495734047467	96.814	-48.051003	-42.7665

1495734047537	96.58925	-48.163498	-42.7665

1495734047610	96.7765	-48.126	-42.87875

1495734047677	96.85125	-48.051003	-42.84125

1495734047747	96.7015	-47.976	-42.991005

1495734047818	96.8515	-47.938503	-42.991005

1495734047888	96.9265	-47.938503	-42.878754

1495734047958	96.88925	-48.0135	-42.991005

1495734048027	96.85175	-48.126	-42.916252

1495734048098	97.039	-48.201	-42.990997

1495734048167	97.0015	-48.3135	-42.990997

1495734048237	97.076256	-48.201	-42.9535

1495734048307	97.263504	-48.201	-42.878498

1495734048379	97.226	-48.0885	-42.766247

1495734048447	96.81375	-47.9385	-42.766247

1495734048517	96.589005	-48.0135	-42.654

1495734048595	96.439255	-48.35075	-42.80375

1495734048657	96.58925	-48.53825	-42.916

1495734048727	96.851746	-48.53825	-42.9535

1495734048797	97.0765	-48.42575	-43.06575

1495734048868	97.41375	-48.0885	-42.991

1495734048937	97.26375	-48.051	-42.991

1495734049007	97.601	-48.35075	-43.02825

1495734049080	97.7885	-48.35075	-43.06575

1495734049155	97.41375	-48.38825	-43.02825

1495734049219	97.33875	-48.16325	-42.916

1495734049287	97.113754	-47.8635	-42.878754

1495734049357	97.15125	-47.975998	-42.804

1495734049429	97.601	-47.8635	-42.804

1495734049500	97.826	-48.126	-42.916252

1495734049569	98.0135	-48.1635	-42.953503

1495734049637	97.751	-48.201	-42.990753

1495734049709	97.7885	-48.3885	-43.065502

1495734049778	97.901	-48.201	-43.065502

1495734049855	97.901	-48.276	-43.103

1495734049922	97.82625	-48.3885	-43.103

1495734049996	97.75125	-48.351	-43.103

1495734050063	97.3015	-48.5385	-43.103

1495734050127	97.1515	-48.426003	-43.065502

1495734050198	97.26375	-48.126003	-43.02825

1495734050267	96.889	-48.051003	-42.953503

1495734050337	97.03875	-47.863503	-42.84125

1495734050407	97.301254	-48.0135	-42.766502

1495734050477	97.52625	-48.201	-42.766502

1495734050547	97.7135	-48.3135	-42.729

1495734050618	98.050995	-48.426	-42.80375

1495734050888	97.63875	-48.2385	-42.841248

1495734050890	97.37625	-48.3135	-42.80375

1495734050892	97.41375	-48.163498	-42.84125

1495734050897	97.11375	-48.126	-42.654003

1495734050967	97.226	-48.3135	-42.654003

1495734051037	97.488495	-48.201004	-42.6915

