1496166554824	0.76019186	-0.78963494	0.2464695

1496166554868	1.1321609	-0.9826805	0.111244336

1496166554869	1.2740474	-1.0154543	0.17226219

1496166554871	1.3699707	-1.0896616	0.2246203

1496166554907	1.4168665	-1.1638689	0.27378097

1496166554920	1.428857	-1.2009059	0.31734613

1496166554939	1.4746869	-1.2172928	0.3784972

1496166554941	1.5815347	-1.2314149	0.46456167

1496166554942	1.7200906	-1.2194245	0.5856648

1496166554943	1.8445244	-1.1693312	0.71009856

1496166554944	1.9197975	-1.1180389	0.81148416

1496166554949	1.9393818	-1.069944	0.89661604

1496166554951	1.9240607	-1.0405009	0.9477751

1496166554952	1.8836931	-1.0297096	0.97508657

1496166554966	1.8193445	-1.0362377	1.009992

1496166554967	1.7278178	-1.0165201	1.0417

1496166554971	1.6426859	-0.90421	1.048228

1496166554982	1.59579	-0.7689848	1.0492939

1496166555006	1.609912	-0.6205702	1.0383693

1496166555016	1.6656009	-0.515854	1.0242473

1496166555017	1.7255529	-0.5343725	1.0165201

1496166555022	1.7789768	-0.7580602	0.95989877

1496166555031	1.7637889	-0.92499334	0.90860647

1496166555048	1.7505995	-1.0896616	0.83546495

1496166555066	1.7560618	-1.2379429	0.7395417

1496166555068	1.7669864	-1.3264055	0.7330136

1496166555071	1.7801758	-1.352518	0.7961631

1496166555090	1.7266186	-1.2728484	0.96096456

1496166555095	1.6077805	-1.306688	1.1136425

1496166555102	1.4637623	-1.5379696	1.1714628

1496166555114	1.4027444	-1.6273648	1.1365575

1496166555124	1.3994138	-1.6273648	1.0951239

1496166555131	1.3775647	-1.6819878	1.115774

1496166555147	1.3209432	-1.7331468	1.1779909

1496166555151	1.2368772	-1.8662404	1.2434052

1496166555164	1.193312	-1.6153743	1.193312

1496166555206	1.1223022	-1.4954703	1.1125766

1496166555207	1.032907	-1.4364508	1.0623502

1496166555209	0.9347189	-1.2990941	0.98814285

1496166555220	0.70023984	-0.9118039	0.81801224

1496166555233	0.3904876	-0.64894754	0.6434852

1496166555234	0.23114842	-0.48747668	0.5551559

1496166555243	0.06434852	-0.3511857	0.46789235

1496166555260	-0.115507595	-0.22568612	0.38822275

1496166555264	-0.3141487	-0.10684785	0.31521448

1496166555276	-0.53330666	0.05662137	0.2464695

1496166555286	-0.7853717	0.19730882	0.19850786

1496166555292	-1.0133227	0.3347988	0.14721556

1496166555304	-1.1823875	0.51478815	0.070876636

1496166555321	-1.2903011	0.63908875	-0.02824407

1496166555326	-1.1626699	0.7907008	-0.108979486

1496166555342	-0.7406075	0.7580602	-0.19957368

1496166555343	-0.48534507	0.77551293	-0.24433786

1496166555359	-0.9521716	0.7406075	-0.05009326

1496166555366	-1.6284306	1.0417	0.20063949

1496166555372	-1.9633627	1.2652545	0.31188384

1496166555382	-1.9437783	1.3361311	0.3347988

1496166555395	-1.8445244	1.2860378	0.2410072

1496166555404	-1.3798295	0.9467093	-0.25406343

1496166555412	-1.3798295	0.9467093	-0.40460965

1496166555422	-1.3764988	1.1921129	-0.44391152

1496166555432	-1.3306688	1.1594725	-0.46029842

1496166555441	-1.2423395	1.0471623	-0.4864109

1496166555460	-1.2139622	0.99587	-0.515854

1496166555473	-1.2631228	1.0688782	-0.50173193

1496166555474	-1.3165468	1.1561418	-0.46789235

1496166555482	-1.3110845	1.1518785	-0.4416467

1496166555492	-1.2587264	1.0820677	-0.470024

1496166555504	-1.1813216	0.9008793	-0.48534507

1496166555514	-1.1223022	0.78856915	-0.45909938

1496166555532	-1.092859	0.8016254	-0.46576074

1496166555534	-1.0885957	0.9128697	-0.51811886

1496166555542	-1.1048495	1.0209166	-0.54756194

1496166555560	-1.0808686	1.0536904	-0.5507594

1496166555561	-1.0165201	1.1136425	-0.5682121

1496166555571	-0.97069013	1.1354916	-0.5867306

1496166555591	-0.97948307	1.064615	-0.5726086

1496166555592	-1.0242473	0.9674927	-0.5071942

1496166555610	-1.0808686	0.93698376	-0.4351186

1496166555612	-1.124567	0.9445777	-0.36424193

1496166555622	-1.1867839	0.9674927	-0.3272049

1496166555646	-1.2107648	0.7231548	-0.287903

1496166555653	-1.2030376	0.6108447	-0.2868372

1496166555669	-1.1464162	0.5486278	-0.3042899

1496166555670	-1.0253131	0.5343725	-0.3141487

1496166555675	-0.91513455	0.50932586	-0.31188384

1496166555688	-0.8485212	0.52025044	-0.2868372

1496166555692	-0.81694645	0.6468159	-0.29669598

1496166555702	-0.77871037	0.7296829	-0.36863843

1496166555715	-0.67292833	0.6282974	-0.34572342

1496166555721	-0.5726086	0.6184386	-0.26179057

1496166555732	-0.4886757	0.69144684	-0.14175327

1496166555747	-0.42312816	0.7406075	-0.10471623

1496166555754	-0.36970425	0.699174	-0.17226219

1496166555762	-0.31734613	0.6129763	-0.23994137

1496166555780	-0.2704503	0.57913667	-0.26711965

1496166555782	-0.23341326	0.63908875	-0.29003465

1496166555791	-0.23341326	0.71982414	-0.36970425

1496166555809	-0.1787903	0.5812683	-0.40900612

1496166555821	-0.14828138	0.45909938	-0.3206768

1496166555823	-0.1951772	0.30535573	-0.28896883

1496166555855	-0.23114842	0.3511857	-0.32933652

1496166555865	-0.25952572	0.3610445	-0.379563

1496166555878	-0.30202505	0.32933652	-0.4416467

1496166555889	-0.3490541	0.379563	-0.561684

1496166555890	-0.35877964	0.47548628	-0.62603253

1496166555891	-0.35438317	0.41660005	-0.5584865

1496166555897	-0.3860911	0.43631762	-0.54103386

1496166555911	-0.41007194	0.43298694	-0.5486278

1496166555913	-0.40900612	0.37623236	-0.5486278

1496166555922	-0.35771382	0.28030908	-0.5584865

1496166555940	-0.26711965	0.16027178	-0.5452971

1496166555942	-0.16027178	0.05662137	-0.5071942

1496166555952	-0.018518519	0.009725553	-0.44391152

1496166555962	0.14068745	0.053423926	-0.37077004

1496166555973	0.2769784	0.083932854	-0.33160138

1496166555985	0.34026113	0.17013057	-0.3217426

1496166555991	0.46682653	0.28896883	-0.26831868

1496166556003	0.9118039	0.07633893	0.030508926

1496166556022	1.4038103	-0.2748468	0.18531841

1496166556034	1.5837996	-0.023980815	0.26605383

1496166556041	1.6851852	-0.05009326	0.3347988

1496166556051	1.7398082	-0.13522515	0.39808154

1496166556065	1.7997602	-0.24207301	0.45909938

1496166556072	1.8794298	-0.29669598	0.5442313

1496166556087	1.9709566	-0.2748468	0.6468159

1496166556092	2.0342393	-0.21156408	0.759126

1496166556103	2.0201173	-0.17772448	0.8802292

1496166556118	1.9360511	-0.2246203	0.97948307

1496166556121	1.7932321	-0.3784972	1.0209166

1496166556132	1.6437516	-0.5540901	1.0133227

1496166556143	1.4822809	-0.78856915	0.9761524

1496166556151	1.3274714	-1.0165201	0.8900879

1496166556176	1.2183586	-1.1965095	0.8485212

1496166556177	1.1409539	-1.360112	0.78417265

1496166556182	1.1638689	-1.3350652	0.73181456

1496166556191	1.314282	-1.283773	0.73181456

1496166556203	1.7375433	-1.1441513	0.6981082

1496166556222	1.8641087	-0.6969091	0.7023714

1496166556231	1.8041567	-0.69144684	0.76125765

1496166556242	1.7146283	-0.6697309	0.81148416

1496166556252	1.6208366	-0.67292833	0.86384225

1496166556263	1.5520917	-0.6926459	0.90967226

1496166556275	1.5249134	-0.7492673	0.8943512

1496166556291	1.5335732	-0.74820143	0.85078603

1496166556293	1.511724	-0.7744471	0.88782305

1496166556303	1.4376498	-0.9674927	0.91953105

1496166556320	1.337197	-1.1878498	0.9630962

1496166556328	1.2740474	-1.216227	1.032907

1496166556341	1.2314149	-1.2227551	1.0373034

1496166556343	1.1735945	-1.2772449	1.0297096

1496166556352	1.1027179	-1.3840927	1.0318412

1496166556364	1.0165201	-1.6971756	1.0612843

1496166556371	0.98814285	-1.7266186	0.9826805

1496166556382	0.9315215	-1.6077805	0.82680523

1496166556400	0.8387956	-1.5161204	0.7078337

1496166556402	0.7330136	-1.4114043	0.5900613

1496166556421	0.6314948	-1.1430855	0.31081802

1496166556423	0.40460965	-0.89221954	0.41220358

1496166556436	0.3217426	-0.76458836	0.30868638

1496166556444	0.23447908	-0.7166267	0.17226219

1496166556459	0.12643218	-0.62283504	0.04023448

1496166556471	-0.032640554	-0.5584865	-0.06314948

1496166556472	-0.22688515	-0.47881696	-0.115507595

1496166556482	-0.44058087	-0.38822275	-0.12643218

1496166556495	-0.63908875	-0.2464695	-0.10245137

1496166556502	-0.7875033	-0.08286704	-0.08499867

1496166556546	-0.83439916	0.07633893	-0.074074075

1496166556548	-0.8093525	0.23554489	-0.05662137

1496166556550	-0.6838529	0.39475086	-0.034905408

1496166556568	-0.46576074	0.52464694	-0.033706367

1496166556569	-0.28244072	0.36211032	-0.030508926

1496166556570	-0.47335464	0.1787903	0.017452704

1496166556572	-1.0852652	0.21596056	0.051159073

1496166556594	-1.5760725	0.46682653	-0.053423926

1496166556596	-1.6426859	0.61617374	-0.2584599

1496166556605	-1.4910738	0.79949373	-0.29003465

1496166556611	-1.428857	1.0297096	-0.49626964

1496166556622	-1.1048495	0.7460698	-0.40674126

1496166556632	-0.9990674	0.6249667	-0.39914736

1496166556644	-1.032907	0.5812683	-0.29229948

1496166556660	-1.1212363	0.538769	-0.21596056

1496166556675	-1.1550759	0.5584865	-0.16466826

1496166556676	-1.1420197	0.7275513	-0.14721556

1496166556683	-1.1300293	1.0013323	-0.16906475

1496166556700	-1.0852652	1.2183586	-0.21702638

1496166556702	-1.0263789	1.3056222	-0.25952572

1496166556712	-0.94897413	1.2511324	-0.2693845

1496166556727	-0.8802292	1.1638689	-0.27258193

1496166556746	-0.8617106	1.1823875	-0.2475353

1496166556750	-0.88236076	1.2107648	-0.17013057

1496166556753	-0.90421	1.2379429	-0.07633893

1496166556770	-0.9031442	1.2467359	-0.013056221

1496166556772	-0.8791633	1.207434	0.02504663

1496166556782	-0.8387956	1.1769252	0.02824407

1496166556796	-0.7765787	1.1518785	-0.019584332

1496166556802	-0.7395417	1.0013323	-0.051159073

1496166556821	-0.72422063	0.7875033	-0.11670663

1496166556823	-0.6434852	0.64455104	-0.29003465

1496166556832	-0.5965894	0.5343725	-0.3511857

1496166556846	-0.57593924	0.36530775	-0.3784972

1496166556851	-0.58899546	0.29882762	-0.36424193

1496166556869	-0.59992003	0.28457233	-0.30642152

1496166556874	-0.6031175	0.2246203	-0.30642152

1496166556881	-0.60751396	0.21476153	-0.27804422

1496166556891	-0.6031175	0.2300826	-0.27258193

1496166556910	-0.5965894	0.22355449	-0.264988

1496166556915	-0.6020517	0.19197975	-0.26179057

1496166556922	-0.6085798	0.20823342	-0.27804422

1496166556966	-0.6140421	0.2475353	-0.34026113

1496166556967	-0.5638156	0.16360246	-0.36424193

1496166557007	-0.50492936	0.039168663	-0.35664803

1496166557008	-0.46029842	-0.03157474	-0.34026113

1496166557009	-0.42752466	-0.034905408	-0.35438317

1496166557010	-0.41660005	-0.019584332	-0.36424193

1496166557015	-0.41220358	-0.0065281107	-0.3511857

1496166557029	-0.41340262	0.03810285	-0.34132695

1496166557033	-0.3730349	0.053423926	-0.3347988

1496166557034	-0.34785506	0.053423926	-0.36317614

1496166557043	-0.3391953	0.12096989	-0.41220358

1496166557057	-0.31947774	0.17226219	-0.46895817

1496166557066	-0.07300826	0.23661071	-0.39808154

1496166557082	0.111244336	0.3162803	-0.35984546

1496166557084	0.02504663	0.06861178	-0.31188384

1496166557092	-0.030508926	-0.074074075	-0.2748468

1496166557103	-0.07953637	-0.17559285	-0.28457233

1496166557122	-0.10245137	-0.29229948	-0.24313882

1496166557139	-0.19078071	-0.29003465	-0.18864909

1496166557141	-0.2868372	-0.26605383	-0.12536637

1496166557142	-0.32387424	-0.19730882	-0.08832934

1496166557152	-0.29229948	-0.083932854	-0.09152678

1496166557164	-0.22248867	0.08180123	-0.11231015

1496166557171	-0.16573408	0.22142287	-0.15920597

