1496917405223	0.047884032	8.599973	6.1770406

1496917405229	0.21068975	8.695741	5.9567738

1496917405233	0.36391866	8.66701	5.755661

1496917405238	0.35434186	8.63828	5.439626

1496917405243	0.24899697	8.532935	5.401319

1496917405337	0.12449849	8.389283	5.3342814

1496917405342	-0.08619126	8.350976	5.6982

1496917405349	-0.34476504	8.293514	5.889736

1496917405353	-0.4213795	8.236053	6.033388

1496917405358	-0.5363012	8.264784	5.9663506

1496917405365	-0.41180268	8.255207	5.947197

1496917405373	-0.23942018	8.169016	5.861006

1496917405377	-0.20111294	8.159439	5.985504

1496917405385	-0.038307227	8.178593	5.746084

1496917405390	0.0	8.178593	5.3247046

1496917405397	-0.11492168	8.178593	5.133168

1496917405406	-0.38307226	8.293514	5.401319

1496917405419	-0.545878	8.389283	5.4204726

1496917405431	-0.5650316	8.465898	5.506664

1496917405434	-0.48841715	8.513782	5.4300494

1496917405436	-0.38307226	8.418014	5.3438582

1496917405439	-0.34476504	8.283937	5.171476

1496917405442	-0.37349546	8.197746	5.1140146

1496917405445	-0.36391866	8.101978	5.1235914

1496917405447	-0.31603462	8.054094	5.0757074

1496917405451	-0.22984336	8.0445175	5.0757074

1496917405666	-0.076614454	8.130709	5.00867

1496917405669	0.11492168	8.149862	4.8937483

1496917405673	0.1436521	8.236053	4.9320555

1496917405676	0.15322891	8.283937	5.00867

1496917405679	0.1340753	8.331821	5.0278234

1496917405683	0.1340753	8.236053	4.9416323

1496917405686	0.12449849	8.101978	4.8745947

1496917405689	0.02873042	7.9870567	5.0374002

1496917405693	-0.009576807	7.929596	5.257667

1496917405696	-0.047884032	7.881712	5.45878

1496917405700	-0.047884032	7.9104424	5.497087

1496917405703	-0.038307227	7.872135	5.363012

1496917405706	0.009576807	7.9583263	5.085284

1496917405709	0.0	8.130709	4.8362875

1496917405712	0.009576807	8.513782	4.951209

1496917405715	-0.11492168	8.896853	5.21936

1496917405718	-0.20111294	9.423578	5.3438582

1496917405721	-0.019153614	9.816227	4.807557

1496917405724	-0.2777274	9.959879	4.606444

1496917405727	-0.7278373	9.9790325	4.7884035

1496917405730	-1.1300632	9.77792	4.7500963

1496917405733	-1.541866	9.423578	4.6255975

1496917405736	-1.7238252	9.11712	4.405331

1496917405739	-1.6376339	9.002198	4.3861775

1496917405743	-1.685518	8.954314	4.280833

1496917405746	-1.8291701	9.002198	4.3382936

1496917405749	-1.8100165	9.069236	4.3287168

1496917405753	-1.532289	9.14585	4.2999864

1496917405756	-1.1300632	9.097966	4.280833

1496917405759	-1.0534488	9.030929	4.0318356

1496917405763	-1.043872	8.925584	4.0414124

1496917405772	-0.8714894	8.781932	4.2999864

1496917406030	-0.80445176	8.66701	4.223372

1496917406032	-0.93852705	8.695741	3.9935284

1496917406034	-0.92895025	8.66701	3.7924154

1496917406036	-1.2545617	8.801085	3.8115692

1496917406038	-1.4173675	8.973468	3.8498764

1496917406041	-1.5801731	9.222465	3.8594532

1496917406044	-1.4939818	9.385271	3.8115692

1496917406047	-1.5897499	9.452309	3.667917

1496917406050	-1.4077905	9.433155	3.5913026

1496917406053	-1.4173675	9.289502	3.5625722

1496917406056	-1.1587936	9.078813	3.5529952

1496917406059	-0.79487497	8.896853	3.4093432

1496917406062	-0.842759	8.896853	3.0454245

1496917406066	-1.2354081	9.251195	3.0358477

1496917406069	-1.982399	9.5385	3.2369606

1496917406072	-2.5378537	9.308656	3.2848446

1496917406075	-2.4708161	9.088389	3.217807

1496917406078	-2.2601264	8.781932	3.2082303

1496917406081	-1.9153614	8.6095495	3.5529952

1496917406083	-1.1492168	8.1402855	3.8498764

1496917406086	-0.08619126	7.680599	3.4380736

1496917406090	0.8523358	7.4124484	2.6910827

1496917406093	1.7621324	7.1826053	2.719813

1496917406096	2.336741	7.0006456	2.5187001

1496917406099	2.882619	7.1347213	2.2409728

1496917406102	1.8579005	7.3645644	2.681506

1496917406106	0.545878	7.690176	3.620033

1496917406109	-0.8810662	7.9008656	5.2002063

1496917406113	-2.5378537	8.571242	5.267244

1496917406116	-3.7445314	9.030929	4.5394063

1496917406119	-4.146757	9.097966	3.7062242

1496917406123	-3.4572272	8.7532015	3.6583402

1496917406126	-2.4516625	8.197746	3.7445314

1496917406130	-1.5610195	7.97748	3.8498764

1496917406133	-0.7565677	8.303091	3.5529952

1496917406136	-0.31603462	8.839393	3.3423057

1496917406140	-0.22984336	9.299079	3.5817258

1496917406396	-0.17238252	9.672575	4.0414124

1496917406399	-0.05746084	10.036493	4.146757

1496917406403	0.12449849	10.333375	4.0222588

1496917406406	0.18195933	10.457873	4.012682

1496917406409	0.06703765	10.352529	4.1659107

1496917406413	-0.009576807	9.940725	4.1946416

1496917406416	-0.25857377	9.385271	4.4723687

1496917406418	-0.46926352	8.992621	4.2904096

1496917406421	-0.545878	8.6095495	4.0892963

1496917406425	-0.79487497	8.6095495	4.0222588

1496917406428	-0.9959879	8.686164	4.357447

1496917406432	-1.0247183	8.858546	4.654328

1496917406435	-0.81402856	9.040505	4.759673

1496917406438	-0.36391866	9.203311	4.7500963

1496917406442	0.49799395	9.203311	3.7349546

1496917406445	1.3311762	9.088389	2.9400797

1496917406448	1.7046716	8.676587	2.2601264

1496917406452	1.2737153	8.054094	1.4556746

1496917406460	0.5650316	7.651869	1.7046716

1496917406463	-0.2777274	7.5848308	3.5338416

1496917406466	-0.6607997	7.843405	4.0222588

1496917406469	-0.7278373	8.475474	4.1946416

1496917406472	-0.6895301	9.136273	4.2904096

1496917406475	-0.06703765	9.433155	4.0797195

1496917406477	0.45010993	8.887277	3.064578

1496917406480	0.7661445	7.97748	2.9400797

1496917406483	0.46926352	7.7189064	4.0222588

1496917406487	0.48841715	8.054094	4.2425256

1496917406490	0.6991069	9.442732	2.384625

1496917406493	0.59376204	10.955867	0.92895025

1496917406496	-0.90979666	11.36767	2.4420857

1496917406499	-1.7046716	11.654974	3.7541082

1496917406502	-1.4556746	11.568783	3.6966474

1496917406506	-0.4309563	11.291056	2.2218192

1496917406509	-0.2873042	11.137826	0.16280572

1496917406513	-1.1013328	10.630256	-1.0055647

1496917406516	-2.3654714	9.672575	1.0151415

1496917406519	-3.2369606	9.270349	1.982399

1496917406807	-3.3997664	10.007763	1.4556746

1496917406810	-3.1603463	11.051635	1.1300632

1496917406816	-2.4037786	11.444284	1.292869

1496917406821	-1.8291701	11.415554	1.1492168

1496917406842	-0.8714894	11.109096	1.1300632

1496917406845	-0.1436521	10.879252	0.90021986

1496917406852	0.24899697	10.534488	0.48841715

1496917406868	0.21068975	10.132261	0.019153614

1496917406880	-0.18195933	9.940725	-0.10534488

1496917406888	-0.545878	9.902418	0.23942018

1496917406897	-0.81402856	10.160992	0.6607997

1496917406903	-1.1971009	10.409989	1.0151415

1496917406907	-1.5897499	10.67814	1.0055647

1496917406910	-1.8866309	11.329363	0.9768343

1496917406914	-1.934515	11.789049	0.78529817

1496917406918	-1.7238252	11.741165	0.5363012

1496917406921	-1.3599066	11.281479	0.6895301

1496917406924	-1.0821792	10.477027	0.8523358

1496917406926	-1.0055647	9.825804	0.8331822

1496917406929	-0.8714894	9.749189	0.60333884

1496917406932	-0.7661445	10.036493	0.63206923

1496917406934	-0.80445176	9.825804	0.29688102

1496917406936	-0.9672575	9.32781	0.32561144

1496917406939	-1.0055647	8.839393	0.38307226

1496917406942	-1.2449849	8.599973	0.34476504

1496917406945	-1.3790601	8.647857	0.50757074

1496917406948	-1.733402	9.078813	0.45010993

1496917406951	-1.9249382	9.653421	0.5363012

1496917406954	-1.9728222	9.959879	0.78529817

1496917406957	-1.7908629	9.528923	0.6703765

1496917406960	-1.5035586	9.519346	0.93852705

1496917406963	-1.1300632	9.471462	1.0342951

1496917406966	-0.7661445	9.375694	0.50757074

1496917406969	-0.6703765	9.356541	0.5554548

1496917406973	-0.7757214	9.385271	0.80445176

1496917406976	-1.0055647	9.270349	1.0247183

1496917406979	-0.9959879	9.414001	0.6703765

1496917406983	-1.0534488	9.528923	0.30645782

1496917406986	-1.1300632	9.528923	0.5267244

1496917406989	-1.1013328	9.586384	1.1875241

1496917406993	-1.1875241	9.576807	1.283292

1496917406996	-1.2258313	9.509769	0.63206923

1496917406999	-0.82360536	9.385271	0.45968673

1496917407002	-0.5650316	9.308656	0.58418524

1496917407006	-0.4309563	9.557653	0.49799395

1496917407009	0.095768064	10.01734	0.51714754

1496917407012	-0.8810662	9.950302	0.16280572

1496917407016	-0.6895301	9.816227	0.5267244

1496917407019	-1.2641385	9.394848	0.37349546

1496917407023	-1.2449849	9.356541	0.33518824

1496917407411	-1.0534488	9.059659	0.39264908

1496917407414	-1.1779473	9.222465	0.21068975

1496917407418	-0.94810385	9.509769	0.6607997

1496917407424	-0.90021986	9.433155	1.0247183

1496917407437	-0.6512229	9.672575	1.1492168

1496917407443	-0.21068975	10.093954	0.7469909

1496917407453	0.08619126	9.921572	-0.22026655

1496917407472	-0.40222588	9.490616	0.047884032

1496917407478	-0.5746084	9.557653	0.16280572

1496917407485	-0.61291564	9.662998	0.40222588

1496917407488	-0.62249243	9.720459	0.7086837

1496917407491	-0.60333884	9.576807	0.81402856

1496917407493	-0.50757074	9.356541	0.6799533

1496917407496	-0.46926352	9.165004	0.61291564

1496917407499	-0.5363012	9.193734	0.7374141

1496917407502	-0.5554548	9.471462	0.61291564

1496917407504	-0.47884035	9.595961	0.48841715

1496917407507	-0.51714754	9.346964	0.33518824

1496917407510	-0.5554548	9.174581	0.076614454

1496917407513	-0.63206923	9.165004	-0.06703765

1496917407516	-0.8523358	9.260772	-0.22984336

1496917407519	-1.1779473	9.375694	-0.16280572

1496917407523	-1.2258313	9.337387	-0.1340753

1496917407526	-1.4460979	9.32781	-0.23942018

1496917407530	-1.9536686	9.212888	-0.4405331

1496917407534	-2.0494366	9.203311	-0.63206923

1496917407537	-2.1739352	9.490616	-0.79487497

1496917407540	-2.327164	9.576807	-0.7278373

1496917407543	-2.4708161	9.586384	-0.5554548

1496917407546	-2.4995465	9.356541	-0.46926352

1496917407549	-2.3750482	9.270349	-0.46926352

1496917407553	-2.1643584	9.251195	-0.36391866

1496917407556	-1.9249382	9.165004	-0.32561144

1496917407559	-1.5897499	9.126697	-0.076614454

1496917407562	-0.6991069	9.289502	0.17238252

1496917407565	-0.41180268	9.375694	0.22984336

1496917407568	-0.32561144	9.32781	0.22984336

1496917407571	-0.38307226	9.241618	0.2777274

1496917407574	-0.34476504	9.107543	0.1436521

1496917407577	-0.50757074	9.078813	0.24899697

1496917407580	-0.7086837	9.136273	0.31603462

1496917407584	-0.90979666	9.165004	0.22026655

1496917407587	-1.2162545	9.222465	0.16280572

1496917407590	-1.4748282	9.289502	0.19153613

1496917407593	-1.5514427	9.270349	0.12449849

1496917407596	-1.5227122	9.232041	0.019153614

1496917407599	-1.484405	9.174581	0.10534488

1496917407603	-1.3215994	9.184157	0.23942018

1496917407606	-1.2258313	9.174581	0.22984336

1496917407609	-1.1013328	9.184157	0.2873042

1496917407612	-1.0342951	9.212888	0.30645782

1496917407615	-0.94810385	9.279925	0.32561144

1496917407618	-0.93852705	9.394848	0.23942018

1496917407622	-1.0726024	9.404425	0.20111294

1496917407625	-1.1587936	9.308656	0.2681506

1496917407628	-1.2354081	9.279925	0.2681506

1496917407632	-1.1779473	9.3661175	0.49799395

1496917407635	-1.1587936	9.356541	0.5267244

1496917407638	-1.1109096	9.3182335	0.51714754

1496917407642	-1.0342951	9.241618	0.51714754

1496917407645	-1.0821792	9.174581	0.5746084

1496917407648	-1.0151415	9.289502	0.81402856

1496917407652	-0.46926352	9.423578	0.38307226

1496917408118	-0.37349546	9.691729	0.4405331

1496917408122	-0.32561144	9.739613	0.33518824

1496917408125	-0.5746084	9.691729	0.45010993

1496917408128	-0.7374141	9.548077	0.63206923

1496917408132	-0.7757214	9.433155	0.6991069

1496917408135	-0.7565677	9.404425	0.7565677

1496917408138	-0.7469909	9.356541	0.7374141

1496917408141	-0.78529817	9.394848	0.7278373

1496917408148	-0.7278373	9.471462	0.7182605

1496917408152	-0.92895025	9.3661175	0.79487497

1496917408155	-1.0247183	9.193734	0.81402856

1496917408158	-1.1971009	9.174581	0.7374141

1496917408162	-1.2066777	9.3182335	0.8523358

1496917408165	-1.1971009	9.519346	0.89064306

1496917408168	-1.1300632	9.452309	0.89064306

1496917408171	-1.0055647	9.385271	0.7661445

1496917408174	-0.89064306	9.289502	0.6895301

1496917408177	-0.7086837	9.222465	0.7374141

1496917408181	-0.60333884	9.232041	0.7469909

1496917408183	-0.39264908	9.346964	0.7278373

1496917408186	-0.08619126	9.471462	0.6799533

1496917408189	0.17238252	9.557653	0.5363012

1496917408193	0.2873042	9.672575	0.40222588

1496917408196	0.35434186	9.864111	0.24899697

1496917408199	0.11492168	9.873688	0.22984336

1496917408202	-0.24899697	9.730036	0.34476504

1496917408205	-0.7374141	9.500193	0.49799395

1496917408208	-1.3215994	9.414001	0.46926352

1496917408211	-1.388637	9.471462	0.40222588

1496917408214	-1.3694834	9.500193	0.35434186

1496917408217	-1.3694834	9.3661175	0.37349546

1496917408221	-1.2354081	9.232041	0.4309563

1496917408224	-1.2162545	9.11712	0.4309563

1496917408226	-1.2449849	9.088389	0.45010993

1496917408229	-1.292869	9.184157	0.45968673

1496917408233	-1.1779473	9.289502	0.5746084

1496917408236	-0.92895025	9.3661175	0.6799533

1496917408239	-0.7757214	9.461885	0.6895301

1496917408242	-0.59376204	9.595961	0.7086837

1496917408245	-0.46926352	9.710882	0.7086837

1496917408248	-0.36391866	9.701305	0.7086837

1496917408252	-0.30645782	9.605537	0.7661445

1496917408255	-0.22984336	9.595961	0.8810662

1496917408257	-0.10534488	9.710882	0.842759

1496917408261	-0.047884032	9.758766	0.82360536

1496917408264	-0.08619126	9.730036	0.79487497

1496917408267	0.02873042	9.844957	0.6799533

1496917408274	0.08619126	10.055647	0.5554548

1496917408281	-0.19153613	9.998186	0.6895301

1496917408287	-0.58418524	9.739613	0.79487497

1496917408294	-0.94810385	9.615114	0.7757214

1496917408312	-1.3694834	9.519346	0.7374141

1496917408335	-1.6567876	9.346964	0.78529817

1496917408343	-1.7525556	9.088389	0.7469909

1496917408346	-1.4748282	8.973468	0.58418524

1496917408350	-1.2449849	8.944737	0.48841715

1496917408353	-1.043872	9.040505	0.45010993

1496917408357	-0.9864111	9.260772	0.4405331

1496917408361	-0.8810662	9.299079	0.51714754

1496917408364	-0.7278373	9.299079	0.62249243

1496917408366	-0.6991069	9.308656	0.7278373

1496917408369	-0.545878	9.289502	0.79487497

1496917408372	-0.46926352	9.279925	0.7661445

1496917408375	-0.45968673	9.232041	0.8810662

1496917408377	-0.49799395	9.212888	0.7661445

1496917408381	-0.47884035	9.241618	0.7374141

1496917408385	-0.5746084	9.251195	0.6895301

1496917408388	-0.61291564	9.260772	0.81402856

1496917408390	-0.60333884	9.337387	0.8810662

1496917408393	-0.49799395	9.3661175	0.79487497

1496917408396	-0.45968673	9.471462	0.90979666

1496917408399	-0.45010993	9.442732	0.82360536

1496917408403	-0.45968673	9.356541	0.7757214

1496917408407	-0.41180268	9.193734	0.6895301

1496917408410	-0.5554548	9.136273	0.6991069

1496917408414	-0.641646	9.193734	0.6703765

1496917409029	-0.5554548	9.241618	0.7278373

1496917409033	-0.45968673	9.433155	0.641646

1496917409036	-0.48841715	9.509769	0.63206923

1496917409040	-0.49799395	9.414001	0.6512229

1496917409044	-0.48841715	9.442732	0.5267244

1496917409047	-0.6703765	9.279925	0.58418524

1496917409052	-0.6799533	9.011775	0.91937345

1496917409055	-0.32561144	8.590396	0.842759

1496917409058	-0.17238252	8.532935	0.90979666

1496917409063	-0.05746084	8.63828	0.94810385

1496917409066	0.2777274	8.714894	0.7565677

1496917409069	0.5746084	8.868123	0.37349546

1496917409073	0.7661445	8.916007	0.2681506

1496917409076	0.80445176	8.944737	0.50757074

1496917409079	0.641646	8.801085	1.0247183

1496917409083	0.49799395	8.619126	1.3790601

1496917409087	0.58418524	8.389283	1.6950948

1496917409091	0.6607997	8.418014	1.5514427

1496917409098	0.60333884	8.647857	1.292869

1496917409101	0.4213795	9.011775	1.3694834

1496917409105	0.59376204	9.356541	0.89064306

1496917409108	0.60333884	9.528923	1.4173675

1496917409111	0.7086837	9.586384	1.8291701

1496917409114	0.5554548	9.471462	2.0398598

1496917409117	-0.038307227	8.973468	2.3750482

1496917409121	-0.91937345	8.389283	2.8921957

1496917409124	-1.2545617	8.034941	3.8498764

1496917409128	-0.89064306	8.341399	3.5242648

1496917409131	-0.62249243	9.222465	2.5570073

1496917409135	0.05746084	10.084377	2.135628

1496917409138	0.6799533	10.43872	2.0973208

1496917409142	1.0151415	10.189722	2.2697031

1496917409145	0.80445176	9.739613	2.5570073

1496917409148	0.36391866	8.992621	2.6240451

1496917409152	0.18195933	8.255207	3.217807

1496917409155	-0.06703765	7.8050976	3.3997664

1496917409158	0.009576807	8.274361	2.9879637

1496917409162	-0.17238252	8.647857	2.5761611

1496917409165	-0.6607997	8.916007	2.72939

1496917409169	-0.7278373	9.184157	3.4476504

1496917409173	-0.45968673	9.3661175	3.466804

1496917409176	-0.35434186	9.088389	3.6296098

1496917409179	-0.076614454	8.619126	4.1371803

1496917409182	-0.047884032	8.523358	3.9743748

1496917409186	-0.009576807	8.743625	2.9783869

1496917409189	0.15322891	8.896853	2.5378537

1496917409193	0.21068975	9.088389	2.8634653

1496917409196	-0.25857377	9.433155	3.6870706

1496917409199	-0.009576807	9.758766	4.405331

1496917409203	0.49799395	9.902418	4.663905

1496917409206	0.5554548	9.739613	4.223372

1496917409209	0.095768064	9.3182335	4.213795

1496917409213	0.21068975	9.078813	4.2425256

1496917409216	0.9768343	8.858546	4.606444

1496917409219	1.2258313	8.66701	4.462792

1496917409222	1.1492168	8.66701	3.8594532

1496917409226	0.7757214	8.848969	3.3997664

1496917409229	0.32561144	9.212888	3.3423057

1496917409233	0.05746084	9.691729	3.8881836

1496917409236	0.12449849	10.065224	4.0414124

1496917409239	-0.08619126	9.988609	4.5777135

1496917409242	-0.641646	9.519346	4.912902

1496917409246	-0.6799533	8.839393	4.960786

1496917409249	0.10534488	8.178593	3.8498764

1496917409253	0.06703765	8.00621	3.8498764

1496917409259	-0.10534488	8.322245	4.367024

1496917409263	0.019153614	8.63828	4.4244847

1496917409266	0.20111294	8.695741	4.357447

1496917409269	0.49799395	8.42759	3.9360676

1496917409273	0.36391866	8.063671	4.0797195

1496917409276	-0.02873042	8.0445175	4.4723687

1496917409279	-0.23942018	7.9104424	5.1810527

1496917409281	-0.2681506	7.824251	5.4204726

1496917409285	0.32561144	7.8529816	5.305551

1496917409288	0.17238252	7.881712	5.1523223

1496917409292	0.11492168	8.169016	4.807557

1496917409295	-0.21068975	8.647857	4.711789

1496917409298	-1.1300632	9.346964	5.094861

1496917409300	-1.3024458	10.275913	5.7269306

1496917409304	-1.5035586	10.965444	6.291962

1496917409307	-1.484405	11.137826	6.1195793

1496917409310	-1.484405	10.955867	5.48751

1496917409313	-1.6567876	10.802638	5.6215854

1496917409316	-1.1109096	10.5440645	5.6215854

1496917409320	-0.7469909	10.314221	5.4683566

1496917409323	-0.5746084	10.189722	5.2480903

1496917409326	-0.29688102	10.189722	5.3821654

1496917409329	-0.2681506	10.371682	5.8226986

1496917409332	-0.80445176	10.821792	6.6271505

1496917409336	-1.7238252	11.377247	6.981492

1496917409339	-1.9728222	11.57836	7.153875

1496917409342	-1.5705963	11.271901	7.1347213

1496917409346	-0.9672575	10.6398325	6.531382

1496917409349	-0.8523358	9.165004	6.1100025

1496917410136	-0.36391866	8.532935	5.592855

1496917410139	0.06703765	8.130709	4.9703627

1496917410142	0.31603462	8.034941	4.6160207

1496917410145	0.36391866	8.054094	4.6351743

1496917410147	0.17238252	8.101978	4.8841715

1496917410150	-0.21068975	8.236053	5.257667

1496917410152	-0.7278373	8.111555	5.7843914

1496917410155	-1.1683705	8.034941	5.841852

1496917410158	-1.4748282	7.833828	5.985504

1496917410162	-1.6472107	7.7667904	5.995081

1496917410164	-1.9153614	7.603985	5.90889

1496917410166	-1.982399	7.6710224	5.4300494

1496917410169	-2.030283	7.73806	5.209783

1496917410171	-2.1739352	7.9870567	5.209783

1496917410174	-2.2601264	8.418014	5.707777

1496917410177	-2.1260512	8.714894	6.3302693

1496917410180	-1.388637	8.839393	6.8761473

1496917410182	-0.7374141	8.90643	6.9527617

1496917410184	-0.30645782	8.772355	6.9623384

1496917410187	-0.22026655	8.7532015	7.2592196

