1496153667110	16.56	-12.36	-13.0199995

1496153667118	16.5	-12.48	-12.84

1496153667126	16.26	-12.719999	-12.84

1496153667136	16.08	-12.78	-13.08

1496153667146	15.78	-13.2	-13.08

1496153667156	15.78	-13.2	-13.0199995

1496153667166	15.9	-13.2	-13.0199995

1496153667176	15.9	-13.08	-13.0199995

1496153667186	16.02	-13.2	-12.84

1496153667196	16.199999	-13.0199995	-12.78

1496153667207	16.32	-12.66	-12.42

1496153667217	16.619999	-12.42	-12.179999

1496153667227	16.8	-12.36	-12.059999

1496153667253	16.859999	-12.42	-12.24

1496153667256	16.8	-12.179999	-12.36

1496153667256	16.98	-12.059999	-12.54

1496153667266	17.1	-12.059999	-12.42

1496153667276	16.68	-12.059999	-12.48

1496153667286	16.56	-12.36	-12.84

1496153667296	16.26	-12.3	-13.08

1496153667306	16.32	-12.3	-13.08

1496153667316	16.199999	-12.48	-12.84

1496153667326	16.199999	-12.48	-12.84

1496153667336	15.9	-12.48	-12.66

1496153667346	15.96	-12.48	-12.719999

1496153667356	16.26	-12.42	-12.54

1496153667367	16.5	-12.3	-12.54

1496153667377	16.619999	-12.3	-12.42

1496153667387	16.8	-12.3	-12.36

1496153667397	16.8	-12.059999	-12.42

1496153667407	16.8	-12.059999	-12.42

1496153667417	16.619999	-12.059999	-12.42

1496153667427	16.8	-12.059999	-12.36

1496153667437	16.56	-12.3	-12.48

1496153667447	16.68	-12.42	-12.48

1496153667457	16.859999	-12.66	-12.36

1496153667468	16.859999	-12.42	-12.42

1496153667478	16.859999	-12.66	-12.36

1496153667486	16.98	-12.719999	-12.24

1496153667497	17.16	-12.9	-12.059999

1496153667506	16.68	-13.0199995	-12.179999

1496153667516	16.98	-13.08	-12.059999

1496153667528	16.92	-12.9	-11.639999

1496153667537	16.859999	-12.66	-11.759999

1496153667547	16.8	-12.719999	-11.759999

1496153667556	16.859999	-12.42	-11.58

1496153667567	16.8	-12.42	-11.58

1496153667577	16.8	-12.179999	-11.82

1496153667587	16.98	-12.0	-11.759999

1496153667597	16.92	-11.7	-11.82

1496153667608	16.8	-11.88	-11.94

1496153667617	16.68	-11.88	-12.059999

1496153667628	16.619999	-11.88	-11.94

1496153667637	16.619999	-12.059999	-12.12

1496153667648	16.56	-12.36	-11.94

1496153667658	16.56	-12.42	-11.88

1496153667668	16.68	-12.42	-11.88

1496153667677	16.8	-12.48	-12.179999

1496153667688	16.8	-12.48	-12.179999

1496153667697	16.98	-12.48	-12.179999

1496153667707	16.98	-12.48	-12.179999

1496153667717	17.1	-12.42	-12.179999

1496153667727	16.92	-12.0	-12.36

1496153667737	17.1	-11.88	-12.36

1496153667746	16.92	-12.12	-12.36

1496153667756	16.8	-12.0	-12.24

1496153667766	16.859999	-11.82	-12.48

1496153667776	16.5	-11.82	-12.48

1496153667788	16.38	-11.7	-12.54

1496153667798	16.26	-11.7	-12.48

1496153667809	16.5	-11.7	-12.48

1496153667817	16.5	-11.88	-12.36

1496153667827	16.56	-11.88	-12.179999

1496153667837	16.68	-12.179999	-11.82

1496153667848	16.68	-12.12	-11.639999

1496153667857	16.92	-12.12	-11.639999

1496153667867	17.1	-12.12	-11.58

1496153667877	17.1	-12.36	-11.58

1496153667887	17.16	-12.48	-11.82

1496153667897	16.98	-12.36	-12.059999

1496153667907	16.859999	-12.059999	-12.179999

1496153667917	16.92	-11.82	-12.42

1496153667928	16.68	-11.88	-12.179999

1496153667937	16.619999	-12.0	-12.36

1496153667947	16.68	-12.0	-12.54

1496153667957	16.619999	-12.0	-12.48

1496153667968	16.5	-11.88	-12.36

1496153667977	16.619999	-11.88	-12.24

1496153667986	16.68	-12.059999	-12.48

1496153667996	16.619999	-12.12	-12.66

1496153668006	16.8	-12.059999	-12.84

1496153668016	16.92	-12.179999	-12.719999

1496153668028	16.8	-12.3	-12.48

1496153668037	16.8	-12.12	-12.66

1496153668047	16.92	-12.12	-12.54

1496153668057	16.859999	-12.12	-12.54

1496153668067	16.98	-12.0	-12.42

1496153668077	16.92	-12.12	-12.179999

1496153668087	16.98	-12.12	-12.42

1496153668097	16.859999	-11.82	-12.36

1496153668107	16.8	-12.059999	-12.54

1496153668117	16.8	-12.059999	-12.48

1496153668128	16.8	-12.12	-12.719999

1496153668137	16.56	-12.0	-12.719999

1496153668147	16.56	-12.0	-12.719999

1496153668157	16.619999	-11.759999	-12.78

1496153668167	16.619999	-11.759999	-12.48

1496153668177	16.5	-11.82	-12.78

1496153668188	16.5	-11.58	-12.48

1496153668197	16.56	-11.5199995	-12.78

1496153668208	16.56	-11.5199995	-12.78

1496153668216	16.68	-11.7	-13.0199995

1496153668226	16.619999	-12.0	-12.96

1496153668236	16.56	-12.179999	-13.08

1496153668246	16.619999	-12.179999	-13.08

1496153668256	16.859999	-12.12	-13.08

1496153668266	16.859999	-12.12	-13.139999

1496153668276	16.859999	-12.12	-12.96

1496153668287	16.859999	-12.059999	-12.96

1496153668296	16.859999	-12.0	-12.719999

1496153668307	16.8	-11.82	-12.96

1496153668317	16.56	-11.88	-12.66

1496153668327	16.38	-12.179999	-12.48

1496153668337	16.5	-12.48	-12.12

1496153668348	16.32	-12.599999	-12.36

1496153668359	16.26	-12.66	-12.179999

1496153668366	16.08	-12.66	-11.94

1496153668376	16.199999	-12.599999	-12.059999

1496153668386	16.32	-12.719999	-12.059999

1496153668396	16.32	-12.42	-12.42

1496153668406	16.38	-12.36	-12.66

1496153668416	16.38	-12.179999	-12.96

1496153668426	16.38	-12.12	-12.719999

1496153668436	16.56	-12.3	-12.84

1496153668446	16.619999	-12.36	-12.78

1496153668456	16.38	-12.42	-12.54

1496153668466	16.38	-12.3	-12.42

1496153668476	16.56	-12.3	-12.179999

1496153668486	16.619999	-12.12	-12.12

1496153668496	16.56	-12.3	-11.759999

1496153668508	16.8	-12.36	-12.059999

1496153668517	16.68	-12.179999	-12.36

1496153668527	16.68	-12.179999	-12.719999

1496153668537	16.92	-12.3	-13.139999

1496153668546	16.92	-12.599999	-13.08

1496153668556	17.1	-12.48	-13.08

1496153668566	17.1	-12.36	-13.32

1496153668576	17.16	-12.12	-13.44

1496153668587	17.22	-12.12	-13.139999

1496153668596	17.279999	-12.059999	-12.84

1496153668606	17.4	-12.059999	-12.78

1496153668617	17.279999	-12.179999	-12.48

1496153668627	17.1	-12.059999	-12.48

1496153668637	16.98	-12.36	-12.66

1496153668647	16.98	-12.48	-12.719999

1496153668657	16.92	-12.78	-12.719999

1496153668667	16.8	-13.0199995	-12.66

1496153668677	16.859999	-13.32	-12.66

1496153668688	16.8	-13.5	-12.36

1496153668697	16.92	-13.32	-12.24

1496153668706	16.92	-13.08	-12.24

1496153668716	16.92	-12.96	-12.059999

1496153668726	16.8	-12.96	-11.82

1496153668736	16.859999	-12.719999	-11.759999

1496153668747	16.92	-12.48	-11.88

1496153668758	16.859999	-12.3	-11.94

1496153668767	16.92	-12.0	-12.12

1496153668776	16.92	-11.82	-12.24

1496153668786	16.92	-12.059999	-12.36

1496153668797	17.1	-12.179999	-12.54

1496153668807	17.22	-12.42	-12.48

1496153668817	17.279999	-12.3	-12.54

1496153668827	17.1	-12.179999	-12.719999

1496153668837	16.98	-12.179999	-12.54

1496153668847	16.859999	-12.48	-12.54

1496153668856	16.68	-12.66	-12.54

1496153668867	16.859999	-12.48	-12.36

1496153668877	16.859999	-12.36	-12.059999

1496153668887	16.68	-12.36	-12.059999

1496153668897	16.32	-12.48	-12.059999

1496153668907	16.56	-12.42	-11.82

1496153668917	16.56	-12.36	-11.759999

1496153668928	16.56	-12.36	-11.759999

1496153668937	16.619999	-12.3	-11.58

1496153668946	16.56	-12.3	-11.759999

1496153668956	16.32	-12.42	-11.82

1496153668966	16.32	-12.12	-11.82

1496153668976	16.5	-12.059999	-11.88

1496153668987	16.56	-12.36	-11.94

1496153668997	16.56	-12.42	-12.179999

1496153669006	16.68	-12.179999	-12.12

1496153669017	16.68	-12.3	-12.179999

1496153669028	16.859999	-12.3	-12.179999

1496153669037	16.98	-12.3	-12.059999

1496153669047	17.22	-12.48	-12.24

1496153669057	17.279999	-12.48	-12.24

1496153669067	17.279999	-12.3	-11.94

1496153669077	17.46	-12.42	-11.82

1496153669087	17.279999	-12.48	-12.059999

1496153669097	17.1	-12.42	-12.059999

1496153669107	16.68	-12.36	-12.059999

1496153669117	16.68	-12.12	-12.059999

1496153669128	16.619999	-12.12	-11.82

1496153669138	16.8	-12.36	-11.759999

1496153669146	16.68	-12.42	-12.179999

1496153669156	16.56	-12.3	-12.24

1496153669166	16.619999	-12.42	-12.12

1496153669176	16.859999	-12.42	-12.059999

1496153669186	17.16	-12.36	-12.059999

1496153669196	17.1	-12.42	-12.179999

1496153669208	17.16	-12.42	-12.12

1496153669217	16.92	-12.12	-12.12

1496153669227	16.98	-12.12	-11.88

1496153669237	17.1	-12.12	-11.88

1496153669246	17.16	-11.88	-12.059999

1496153669257	17.1	-11.88	-12.36

1496153669266	16.98	-11.88	-12.42

1496153669277	16.92	-11.82	-12.42

1496153669286	16.98	-11.82	-12.719999

1496153669296	17.1	-11.88	-12.719999

1496153669306	16.98	-11.88	-12.66

1496153669316	16.98	-11.88	-12.719999

1496153669327	16.68	-11.88	-12.42

1496153669336	16.68	-12.0	-12.179999

1496153669346	16.8	-12.0	-12.12

1496153669356	16.619999	-12.059999	-12.36

1496153669367	16.38	-11.82	-12.059999

1496153669377	16.38	-11.88	-12.12

1496153669387	16.5	-12.059999	-12.12

1496153669397	16.38	-12.0	-11.88

1496153669407	16.619999	-12.059999	-12.059999

1496153669416	16.68	-12.0	-12.059999

1496153669428	16.68	-12.12	-12.12

1496153669436	16.859999	-12.36	-11.88

1496153669447	16.8	-12.3	-11.94

1496153669456	16.5	-12.48	-11.94

1496153669467	16.32	-12.599999	-12.12

1496153669477	16.32	-12.48	-12.179999

1496153669487	16.32	-12.66	-12.059999

1496153669497	16.26	-12.599999	-12.059999

1496153669507	16.08	-12.719999	-12.059999

1496153669517	16.199999	-12.48	-11.94

1496153669527	16.199999	-12.599999	-12.179999

1496153669537	16.56	-12.48	-12.36

1496153669547	16.8	-12.42	-12.24

1496153669557	16.859999	-12.719999	-12.179999

1496153669567	16.859999	-12.48	-12.48

1496153669577	16.98	-12.78	-12.48

1496153669587	16.98	-12.599999	-12.48

1496153669597	16.98	-12.48	-12.48

1496153669607	16.98	-12.48	-12.179999

1496153669617	16.98	-12.48	-11.94

1496153669627	16.92	-12.36	-11.82

1496153669637	16.859999	-12.059999	-12.179999

1496153669647	16.859999	-12.059999	-11.88

1496153669657	16.8	-11.82	-11.88

1496153669666	16.859999	-11.82	-12.059999

1496153669676	16.859999	-11.759999	-12.179999

1496153669686	16.859999	-11.7	-12.36

1496153669696	16.859999	-11.5199995	-12.36

1496153669708	16.8	-11.46	-12.54

1496153669717	16.68	-11.46	-12.24

1496153669727	16.68	-11.46	-12.42

1496153669736	16.859999	-11.7	-12.42

1496153669746	16.92	-11.7	-12.179999

1496153669757	16.98	-11.82	-12.059999

1496153669767	17.1	-11.82	-12.179999

1496153669777	16.92	-12.0	-12.179999

1496153669787	16.98	-12.0	-12.12

1496153669797	16.98	-12.059999	-12.24

1496153669808	17.1	-12.12	-12.059999

1496153669818	16.68	-12.179999	-12.36

1496153669826	16.32	-12.3	-12.54

1496153669836	16.26	-12.179999	-12.719999

1496153669846	15.96	-12.36	-12.48

1496153669856	16.08	-12.12	-12.42

1496153669867	15.96	-12.179999	-12.66

1496153669878	16.08	-12.599999	-12.66

1496153669887	16.08	-12.78	-12.84

1496153669896	16.38	-12.78	-12.66

1496153669906	16.8	-13.0199995	-12.48

1496153669916	16.859999	-13.32	-12.48

1496153669926	17.16	-13.32	-12.54

1496153669936	17.16	-13.559999	-12.66

1496153669947	17.279999	-13.679999	-12.42

1496153669957	17.16	-13.38	-12.36

1496153669967	16.859999	-13.32	-12.36

1496153669976	16.8	-13.0199995	-12.36

1496153669986	16.68	-12.96	-12.54

1496153669996	16.619999	-12.9	-12.48

1496153670007	16.619999	-12.78	-12.48

1496153670017	16.619999	-12.78	-12.42

1496153670027	16.68	-12.48	-12.42

1496153670037	16.68	-12.66	-12.719999

1496153670047	16.859999	-12.66	-12.719999

1496153670057	16.5	-12.719999	-12.719999

1496153670067	16.38	-12.719999	-12.719999

1496153670077	16.38	-12.719999	-12.78

1496153670087	16.5	-12.78	-12.66

1496153670097	16.32	-12.66	-12.78

1496153670107	16.08	-12.66	-13.08

1496153670117	16.08	-12.42	-12.84

1496153670127	16.199999	-12.3	-13.0199995

1496153670136	16.619999	-12.3	-13.139999

1496153670146	16.619999	-12.059999	-12.96

1496153670156	16.619999	-11.88	-13.08

1496153670166	16.5	-11.88	-13.139999

1496153670176	16.26	-11.82	-13.08

1496153670187	16.38	-11.88	-12.84

1496153670197	16.56	-11.82	-12.78

1496153670207	16.32	-11.759999	-12.42

1496153670216	16.26	-11.759999	-12.179999

1496153670226	16.38	-11.759999	-12.12

1496153670238	16.32	-11.759999	-11.88

1496153670248	16.38	-11.7	-11.88

1496153670256	16.98	-11.759999	-12.179999

1496153670266	16.92	-11.759999	-12.179999

1496153670276	16.859999	-11.759999	-11.94

1496153670286	17.16	-11.7	-12.12

1496153670296	17.1	-11.88	-12.179999

1496153670306	16.98	-12.0	-12.24

1496153670316	17.1	-11.88	-12.24

1496153670327	17.1	-11.88	-12.36

1496153670337	16.8	-11.88	-12.059999

1496153670347	16.8	-11.82	-12.179999

1496153670357	16.8	-12.0	-12.42

1496153670367	16.619999	-12.059999	-12.42

1496153670377	16.619999	-12.0	-12.179999

1496153670386	16.619999	-12.12	-12.179999

1496153670396	16.38	-12.36	-12.24

1496153670406	16.32	-12.42	-12.059999

1496153670416	16.5	-12.599999	-12.059999

1496153670427	16.5	-12.96	-11.82

1496153670437	16.56	-12.78	-11.639999

1496153670447	16.68	-12.78	-11.639999

1496153670456	16.859999	-12.48	-11.82

1496153670466	16.92	-12.3	-11.46

1496153670477	17.1	-12.12	-11.219999

1496153670486	17.22	-12.059999	-11.34

1496153670496	16.98	-11.88	-11.46

1496153670506	16.98	-11.7	-11.34

1496153670517	16.98	-11.82	-11.34

1496153670527	16.68	-11.88	-11.46

1496153670537	16.68	-12.0	-11.5199995

1496153670547	16.68	-12.059999	-11.759999

1496153670557	16.8	-12.179999	-12.179999

1496153670567	16.619999	-12.42	-12.179999

1496153670577	16.68	-12.42	-12.179999

1496153670587	16.68	-12.3	-12.36

1496153670598	16.38	-12.42	-12.719999

1496153670607	16.38	-12.599999	-12.84

1496153670616	16.32	-12.48	-12.84

1496153670626	16.26	-12.66	-12.96

1496153670636	16.32	-12.42	-12.66

1496153670648	16.08	-12.179999	-12.719999

1496153670657	16.199999	-12.12	-12.66

1496153670667	16.26	-12.179999	-12.54

1496153670677	16.56	-12.0	-12.42

1496153670686	16.92	-11.7	-12.179999

1496153670697	16.92	-11.82	-12.12

1496153670707	17.1	-11.58	-12.179999

1496153670717	16.98	-11.82	-12.12

1496153670727	17.4	-11.759999	-12.12

1496153670737	16.92	-11.82	-11.94

1496153670747	16.8	-11.88	-11.94

1496153670757	16.8	-12.12	-11.82

1496153670767	16.619999	-12.3	-11.82

1496153670777	16.619999	-12.179999	-11.82

1496153670787	16.56	-12.179999	-11.639999

1496153670797	16.68	-12.0	-11.94

1496153670807	16.56	-12.3	-11.82

1496153670817	16.92	-12.12	-12.059999

1496153670827	17.22	-12.12	-12.12

1496153670837	17.16	-11.88	-12.42

1496153670847	17.1	-12.059999	-12.48

1496153670856	17.16	-12.0	-12.719999

1496153670866	17.16	-12.0	-12.84

1496153670876	16.98	-12.0	-12.66

1496153670886	17.22	-11.759999	-12.719999

1496153670896	17.16	-11.88	-12.719999

1496153670907	16.98	-12.059999	-12.42

1496153670917	16.8	-12.36	-12.179999

1496153670926	16.92	-12.179999	-12.36

1496153670936	16.859999	-12.3	-12.42

1496153670947	16.859999	-12.179999	-12.54

1496153670957	16.92	-12.42	-12.48

1496153670967	16.68	-12.42	-12.719999

1496153670977	16.68	-12.42	-12.66

1496153670987	16.619999	-12.179999	-13.139999

1496153670997	16.92	-11.88	-13.38

1496153671006	16.859999	-11.82	-13.44

1496153671016	16.92	-11.82	-13.139999

1496153671026	16.8	-12.0	-12.96

1496153671037	16.8	-12.059999	-13.0199995

1496153671048	16.92	-12.3	-12.719999

1496153671058	16.98	-12.3	-12.96

1496153671067	16.98	-12.36	-12.66

1496153671077	17.1	-12.42	-12.48

1496153671086	17.1	-12.36	-12.48

1496153671096	16.98	-12.42	-12.54

1496153671106	17.1	-12.599999	-12.54

1496153671116	16.92	-12.36	-12.54

1496153671127	16.859999	-12.42	-12.84

1496153671136	16.92	-12.36	-12.719999

1496153671146	16.92	-12.48	-12.54

1496153671156	16.8	-12.66	-12.48

1496153671166	16.859999	-12.96	-12.24

1496153671176	16.859999	-12.96	-12.12

1496153671187	16.859999	-12.66	-12.12

1496153671197	16.859999	-12.599999	-12.36

1496153671206	16.98	-12.3	-12.12

1496153671217	17.1	-12.36	-12.24

1496153671226	17.22	-12.179999	-12.42

1496153671239	17.22	-12.0	-12.36

1496153671248	17.279999	-11.7	-12.54

1496153671256	17.279999	-11.58	-12.84

1496153671266	17.279999	-11.7	-13.08

1496153671276	17.4	-11.7	-13.08

1496153671286	17.22	-11.7	-13.32

1496153671296	17.1	-11.58	-13.32

1496153671306	16.92	-11.5199995	-13.62

1496153671316	16.92	-11.5199995	-13.679999

1496153671328	16.859999	-11.7	-13.32

1496153671337	16.859999	-11.58	-13.08

1496153671346	17.1	-11.58	-12.84

1496153671356	17.16	-11.82	-12.84

1496153671366	17.16	-11.88	-12.84

1496153671376	17.22	-12.12	-12.719999

1496153671386	17.16	-12.36	-12.48

1496153671397	17.16	-12.42	-12.719999

1496153671406	16.8	-12.3	-12.719999

1496153671417	16.859999	-12.3	-12.66

1496153671427	16.38	-12.3	-12.84

1496153671437	16.32	-12.059999	-12.719999

1496153671447	16.38	-12.179999	-12.48

1496153671457	16.32	-12.059999	-12.42

1496153671467	16.38	-11.82	-12.42

1496153671477	16.32	-11.82	-12.24

1496153671487	16.68	-11.82	-12.54

1496153671497	16.56	-12.12	-12.66

1496153671507	16.8	-12.059999	-12.48

1496153671518	16.56	-12.0	-12.42

1496153671527	16.5	-12.0	-12.48

1496153671537	16.619999	-11.88	-12.719999

1496153671547	16.68	-12.12	-12.54

1496153671557	16.8	-12.0	-12.719999

1496153671567	16.68	-12.0	-12.42

1496153671577	16.8	-11.82	-12.24

1496153671586	16.68	-12.0	-12.179999

1496153671596	16.859999	-12.059999	-12.24

1496153671606	16.92	-12.059999	-12.24

1496153671616	16.68	-12.12	-12.059999

1496153671628	16.68	-12.12	-12.179999

1496153671638	16.5	-12.179999	-11.94

1496153671648	16.38	-12.3	-11.94

1496153671657	16.38	-12.42	-12.179999

1496153671667	16.619999	-12.66	-12.54

1496153671677	16.619999	-12.9	-12.719999

1496153671687	16.619999	-12.66	-12.719999

1496153671697	16.859999	-12.66	-12.66

1496153671707	16.68	-12.66	-12.66

1496153671717	16.92	-12.9	-12.84

1496153671728	16.92	-12.96	-12.96

1496153671737	16.68	-12.96	-13.08

1496153671747	16.619999	-12.719999	-12.66

1496153671757	16.68	-12.42	-12.66

1496153671767	16.68	-12.42	-12.54

1496153671777	16.56	-12.42	-12.54

1496153671787	16.619999	-12.3	-12.54

1496153671797	16.619999	-12.059999	-12.24

1496153671808	16.8	-12.0	-12.54

1496153671817	17.1	-11.82	-12.36

1496153671827	16.98	-12.0	-12.42

1496153671837	17.16	-12.059999	-12.42

1496153671846	17.16	-12.36	-12.48

1496153671856	17.22	-12.48	-12.54

1496153671866	16.98	-12.66	-12.48

1496153671876	16.92	-12.9	-12.54

1496153671887	16.619999	-12.9	-12.48

1496153671896	16.68	-12.719999	-12.42

1496153671906	16.68	-12.599999	-12.36

1496153671917	16.619999	-12.48	-12.179999

1496153671927	16.619999	-12.3	-12.059999

1496153671937	16.56	-12.36	-12.12

1496153671947	16.859999	-12.36	-12.36

1496153671957	16.859999	-12.179999	-12.42

1496153671967	16.98	-12.42	-12.24

1496153671977	16.859999	-12.78	-12.36

1496153671987	16.859999	-13.0199995	-12.42

1496153671997	16.8	-13.38	-12.36

1496153672007	16.68	-13.62	-12.42

1496153672017	16.8	-13.38	-12.24

1496153672027	16.68	-13.38	-11.94

1496153672037	16.68	-13.38	-11.94

1496153672047	16.8	-13.08	-11.88

1496153672058	16.8	-12.78	-11.82

1496153672067	16.98	-12.599999	-11.88

1496153672077	16.8	-12.48	-11.88

1496153672086	16.8	-12.48	-11.82

1496153672096	16.619999	-12.42	-12.12

