1496005508172	28.74	12.84	-27.84

1496005508268	28.56	12.84	-28.14

1496005508369	28.62	12.9	-28.44

1496005508483	28.56	12.96	-28.56

1496005508569	28.68	13.08	-28.68

1496005508668	28.74	13.14	-28.74

1496005508769	28.68	13.14	-28.8

1496005508869	28.74	13.2	-28.56

1496005508969	28.62	13.44	-28.44

1496005509069	28.68	13.62	-28.44

1496005509169	28.68	13.38	-28.32

1496005509269	28.8	13.5	-28.5

1496005509369	28.74	13.68	-28.74

1496005509469	28.8	13.86	-29.04

1496005509569	28.62	14.04	-29.04

1496005509669	28.62	14.16	-29.04

1496005509769	28.68	14.34	-29.28

1496005509869	28.68	14.34	-29.34

1496005509969	28.8	14.46	-29.16

1496005510069	28.56	14.28	-28.98

1496005510169	28.56	14.34	-28.98

1496005510269	28.5	14.16	-28.92

1496005510369	28.62	14.1	-29.1

1496005510469	28.44	13.98	-29.04

1496005510569	28.44	13.5	-28.98

1496005510669	28.26	13.68	-28.92

1496005510770	28.32	13.68	-29.16

1496005510869	28.56	13.92	-29.22

1496005510979	28.8	14.1	-29.16

1496005511079	28.74	14.1	-28.98

1496005511179	28.8	14.1	-28.8

1496005511279	29.1	13.92	-28.98

1496005511385	29.16	14.04	-28.86

1496005511479	29.34	13.8	-28.86

1496005511599	29.16	13.68	-28.86

1496005511679	29.22	13.44	-28.62

1496005511779	29.04	13.32	-28.38

1496005511979	29.1	13.44	-28.56

1496005512079	29.1	13.56	-28.62

1496005512181	29.1	13.92	-28.86

1496005512279	28.86	13.8	-28.74

1496005512379	28.74	13.74	-28.74

1496005512479	28.5	13.68	-28.86

1496005512579	28.56	13.56	-28.98

1496005512679	28.56	13.5	-29.1

1496005512779	28.5	13.44	-29.04

1496005512879	28.14	13.32	-28.74

1496005512979	28.26	13.14	-28.56

1496005513079	28.2	13.2	-28.68

