1495419306212	0.162	-0.114	9.711

1495419306219	0.172	-0.124	9.73

1495419306230	0.162	-0.134	9.749

1495419306245	0.172	-0.143	9.711

1495419306261	0.191	-0.143	9.739

1495419306279	0.162	-0.105	9.72

1495419306291	0.181	-0.134	9.739

1495419306299	0.162	-0.124	9.72

1495419306309	0.143	-0.114	9.692

1495419306320	0.172	-0.134	9.682

1495419306332	0.153	-0.086	9.73

1495419306340	0.153	-0.124	9.701

1495419306351	0.162	-0.153	9.711

1495419306359	0.162	-0.134	9.711

1495419306369	0.172	-0.143	9.73

1495419306380	0.172	-0.143	9.759

1495419306389	0.201	-0.143	9.739

1495419306399	0.201	-0.162	9.739

1495419306409	0.162	-0.143	9.739

1495419306419	0.143	-0.114	9.739

1495419306429	0.191	-0.143	9.72

1495419306445	0.153	-0.134	9.701

1495419306457	0.191	-0.143	9.739

1495419306459	0.153	-0.124	9.711

1495419306469	0.172	-0.124	9.711

1495419306480	0.162	-0.143	9.682

1495419306489	0.162	-0.143	9.692

1495419306499	0.143	-0.114	9.711

1495419306509	0.172	-0.134	9.711

1495419306519	0.172	-0.143	9.759

1495419306530	0.181	-0.143	9.73

1495419306541	0.162	-0.134	9.73

1495419306551	0.172	-0.114	9.739

1495419306559	0.134	-0.134	9.73

1495419306570	0.143	-0.114	9.739

1495419306579	0.181	-0.114	9.682

1495419306593	0.153	-0.134	9.663

1495419306599	0.143	-0.124	9.672

1495419306617	0.172	-0.124	9.73

1495419306619	0.143	-0.134	9.682

1495419306638	0.191	-0.134	9.73

1495419306651	0.162	-0.124	9.692

1495419306659	0.153	-0.153	9.72

1495419306669	0.162	-0.124	9.72

1495419306680	0.124	-0.124	9.692

1495419306689	0.181	-0.134	9.72

1495419306699	0.134	-0.114	9.672

1495419306710	0.201	-0.124	9.72

1495419306719	0.181	-0.134	9.749

1495419306729	0.181	-0.143	9.73

1495419306750	0.162	-0.143	9.711

1495419306757	0.153	-0.114	9.682

1495419306767	0.162	-0.134	9.682

1495419306769	0.181	-0.134	9.701

1495419306779	0.134	-0.124	9.692

1495419306790	0.181	-0.124	9.739

1495419306799	0.143	-0.153	9.682

1495419306809	0.162	-0.124	9.72

1495419306821	0.153	-0.143	9.682

1495419306831	0.143	-0.124	9.692

1495419306842	0.153	-0.153	9.672

1495419306850	0.143	-0.114	9.692

1495419306859	0.124	-0.114	9.692

1495419306869	0.143	-0.134	9.711

1495419306881	0.181	-0.143	9.72

1495419306899	0.172	-0.143	9.73

1495419306910	0.162	-0.124	9.692

1495419306919	0.153	-0.124	9.701

1495419306929	0.191	-0.143	9.711

1495419306940	0.172	-0.153	9.711

1495419306950	0.201	-0.134	9.72

1495419306959	0.153	-0.134	9.711

1495419306971	0.162	-0.134	9.711

1495419306985	0.143	-0.134	9.701

1495419306990	0.153	-0.124	9.692

1495419306999	0.162	-0.124	9.711

1495419307009	0.124	-0.124	9.644

1495419307020	0.162	-0.143	9.73

1495419307030	0.143	-0.143	9.692

1495419307041	0.162	-0.153	9.711

1495419307049	0.153	-0.124	9.692

1495419307059	0.162	-0.114	9.663

1495419307069	0.143	-0.143	9.72

1495419307079	0.172	-0.124	9.73

1495419307090	0.153	-0.134	9.73

1495419307100	0.181	-0.153	9.73

1495419307109	0.191	-0.143	9.749

1495419307119	0.172	-0.114	9.73

1495419307131	0.172	-0.124	9.72

1495419307141	0.172	-0.162	9.73

1495419307150	0.172	-0.143	9.72

1495419307159	0.143	-0.124	9.711

1495419307169	0.162	-0.153	9.72

1495419307184	0.162	-0.114	9.711

1495419307190	0.172	-0.114	9.768

1495419307200	0.162	-0.134	9.72

1495419307210	0.172	-0.134	9.692

1495419307219	0.201	-0.143	9.739

1495419307229	0.181	-0.143	9.73

1495419307240	0.162	-0.143	9.692

1495419307249	0.143	-0.134	9.682

1495419307259	0.172	-0.143	9.701

1495419307272	0.172	-0.134	9.711

1495419307280	0.143	-0.143	9.692

1495419307289	0.143	-0.143	9.72

1495419307299	0.153	-0.134	9.692

1495419307309	0.191	-0.162	9.72

1495419307319	0.181	-0.114	9.72

1495419307329	0.201	-0.143	9.711

1495419307341	0.172	-0.124	9.73

1495419307349	0.162	-0.124	9.711

1495419307366	0.172	-0.134	9.73

1495419307369	0.143	-0.134	9.72

1495419307381	0.153	-0.134	9.73

1495419307389	0.134	-0.114	9.672

1495419307399	0.134	-0.143	9.72

1495419307409	0.143	-0.114	9.701

1495419307419	0.153	-0.124	9.701

1495419307429	0.172	-0.143	9.692

1495419307441	0.162	-0.143	9.701

1495419307449	0.172	-0.134	9.739

1495419307459	0.153	-0.114	9.701

1495419307469	0.162	-0.143	9.711

1495419307482	0.153	-0.134	9.749

1495419307499	0.153	-0.134	9.739

1495419307509	0.134	-0.124	9.682

1495419307520	0.162	-0.143	9.739

1495419307533	0.181	-0.172	9.711

1495419307540	0.143	-0.143	9.663

1495419307558	0.191	-0.134	9.739

1495419307559	0.153	-0.143	9.711

1495419307569	0.153	-0.124	9.72

1495419307579	0.172	-0.153	9.759

1495419307589	0.172	-0.124	9.682

1495419307599	0.162	-0.124	9.73

1495419307609	0.162	-0.124	9.739

1495419307619	0.181	-0.143	9.711

1495419307633	0.153	-0.153	9.72

1495419307641	0.172	-0.114	9.739

1495419307650	0.172	-0.114	9.72

1495419307659	0.181	-0.143	9.739

1495419307681	0.162	-0.134	9.711

1495419307692	0.162	-0.134	9.739

1495419307700	0.162	-0.134	9.768

1495419307709	0.134	-0.134	9.701

1495419307719	0.134	-0.124	9.72

1495419307729	0.153	-0.134	9.701

1495419307744	0.191	-0.143	9.701

1495419307755	0.181	-0.143	9.73

1495419307759	0.153	-0.114	9.701

1495419307769	0.201	-0.153	9.739

1495419307782	0.201	-0.153	9.73

1495419307789	0.162	-0.124	9.692

1495419307799	0.162	-0.124	9.72

1495419307810	0.143	-0.124	9.711

1495419307820	0.134	-0.124	9.73

1495419307830	0.134	-0.105	9.72

1495419307840	0.172	-0.143	9.711

1495419307850	0.162	-0.124	9.711

1495419307859	0.153	-0.134	9.672

1495419307869	0.172	-0.124	9.739

1495419307879	0.143	-0.143	9.701

1495419307889	0.153	-0.134	9.73

1495419307899	0.153	-0.143	9.653

1495419307917	0.162	-0.124	9.73

1495419307919	0.191	-0.134	9.682

1495419307930	0.162	-0.143	9.692

1495419307941	0.153	-0.143	9.682

1495419307949	0.153	-0.134	9.701

1495419307959	0.162	-0.143	9.73

1495419307969	0.153	-0.114	9.672

1495419307979	0.153	-0.114	9.701

1495419307989	0.153	-0.134	9.73

1495419308004	0.162	-0.105	9.739

1495419308009	0.181	-0.134	9.768

1495419308019	0.191	-0.153	9.711

1495419308029	0.172	-0.134	9.72

1495419308040	0.153	-0.124	9.711

1495419308049	0.181	-0.134	9.692

1495419308059	0.162	-0.143	9.672

1495419308069	0.172	-0.143	9.72

1495419308083	0.143	-0.143	9.701

1495419308100	0.201	-0.134	9.768

1495419308109	0.134	-0.134	9.692

1495419308120	0.181	-0.134	9.692

1495419308131	0.153	-0.143	9.701

1495419308140	0.153	-0.134	9.749

1495419308149	0.191	-0.143	9.749

1495419308159	0.162	-0.124	9.72

1495419308169	0.134	-0.134	9.72

1495419308179	0.181	-0.153	9.72

1495419308190	0.143	-0.124	9.682

1495419308202	0.172	-0.124	9.739

1495419308209	0.172	-0.124	9.73

1495419308219	0.172	-0.124	9.72

1495419308229	0.181	-0.143	9.739

1495419308240	0.172	-0.124	9.768

1495419308249	0.162	-0.134	9.768

1495419308259	0.162	-0.134	9.701

1495419308269	0.134	-0.105	9.701

1495419308280	0.162	-0.124	9.739

1495419308290	0.181	-0.143	9.711

1495419308299	0.172	-0.124	9.73

1495419308309	0.162	-0.124	9.778

1495419308319	0.162	-0.153	9.72

1495419308331	0.191	-0.153	9.711

1495419308340	0.172	-0.153	9.72

1495419308350	0.172	-0.162	9.711

1495419308359	0.172	-0.134	9.72

1495419308378	0.181	-0.143	9.73

1495419308385	0.191	-0.153	9.739

1495419308389	0.172	-0.124	9.701

1495419308399	0.181	-0.134	9.701

1495419308409	0.143	-0.124	9.711

1495419308419	0.162	-0.153	9.682

1495419308429	0.172	-0.124	9.72

1495419308440	0.191	-0.143	9.73

1495419308449	0.134	-0.143	9.692

1495419308459	0.153	-0.134	9.711

1495419308469	0.21	-0.153	9.759

1495419308479	0.162	-0.105	9.701

1495419308489	0.143	-0.114	9.739

1495419308499	0.181	-0.134	9.701

1495419308509	0.181	-0.143	9.739

1495419308519	0.134	-0.134	9.701

1495419308530	0.153	-0.114	9.701

1495419308541	0.162	-0.143	9.711

1495419308550	0.162	-0.162	9.682

1495419308560	0.153	-0.143	9.711

1495419308569	0.153	-0.134	9.711

1495419308582	0.153	-0.124	9.711

1495419308591	0.172	-0.143	9.72

1495419308608	0.153	-0.124	9.692

1495419308610	0.162	-0.124	9.749

1495419308619	0.162	-0.153	9.739

1495419308634	0.191	-0.124	9.768

1495419308641	0.172	-0.134	9.73

1495419308651	0.172	-0.143	9.682

1495419308660	0.153	-0.134	9.73

1495419308669	0.181	-0.143	9.72

1495419308682	0.181	-0.143	9.73

1495419308690	0.153	-0.124	9.72

1495419308699	0.181	-0.134	9.739

1495419308711	0.172	-0.134	9.711

1495419308719	0.162	-0.134	9.663

1495419308730	0.172	-0.124	9.701

1495419308747	0.153	-0.134	9.682

1495419308750	0.181	-0.114	9.749

1495419308759	0.153	-0.153	9.711

1495419308769	0.172	-0.134	9.72

1495419308779	0.172	-0.153	9.739

1495419308789	0.153	-0.134	9.701

1495419308799	0.162	-0.134	9.701

1495419308809	0.172	-0.143	9.711

1495419308819	0.191	-0.124	9.749

1495419308830	0.134	-0.124	9.692

1495419308841	0.162	-0.134	9.73

1495419308855	0.191	-0.143	9.701

1495419308859	0.181	-0.143	9.72

1495419308869	0.181	-0.124	9.72

1495419308879	0.162	-0.124	9.73

1495419308890	0.172	-0.134	9.701

1495419308899	0.172	-0.114	9.701

1495419308909	0.162	-0.134	9.701

1495419308921	0.143	-0.124	9.711

1495419308942	0.181	-0.134	9.739

1495419308957	0.181	-0.124	9.72

1495419308959	0.181	-0.124	9.692

1495419308969	0.172	-0.124	9.711

1495419308979	0.191	-0.143	9.739

1495419308989	0.191	-0.153	9.749

1495419308999	0.172	-0.143	9.73

1495419309017	0.162	-0.162	9.72

1495419309019	0.162	-0.134	9.711

1495419309030	0.172	-0.143	9.739

1495419309040	0.153	-0.143	9.73

1495419309049	0.181	-0.162	9.749

1495419309059	0.172	-0.143	9.672

1495419309069	0.181	-0.134	9.72

1495419309079	0.181	-0.134	9.73

1495419309089	0.181	-0.143	9.739

1495419309101	0.172	-0.124	9.73

1495419309110	0.181	-0.143	9.72

1495419309120	0.181	-0.143	9.768

1495419309139	0.143	-0.124	9.73

1495419309147	0.153	-0.124	9.701

1495419309169	0.162	-0.162	9.72

1495419309170	0.201	-0.143	9.72

1495419309171	0.201	-0.162	9.701

1495419309179	0.181	-0.124	9.701

1495419309189	0.21	-0.134	9.749

1495419309199	0.181	-0.153	9.711

1495419309209	0.181	-0.153	9.73

1495419309219	0.172	-0.114	9.72

1495419309232	0.162	-0.134	9.701

1495419309241	0.162	-0.143	9.73

1495419309250	0.172	-0.143	9.692

1495419309259	0.191	-0.143	9.749

1495419309269	0.162	-0.153	9.701

1495419309280	0.172	-0.162	9.711

1495419309297	0.162	-0.134	9.711

1495419309299	0.172	-0.143	9.72

1495419309309	0.134	-0.124	9.72

1495419309319	0.162	-0.114	9.701

1495419309329	0.181	-0.153	9.711

1495419309340	0.153	-0.124	9.692

1495419309349	0.153	-0.105	9.73

1495419309359	0.21	-0.172	9.768

1495419309371	0.191	-0.134	9.73

1495419309387	0.153	-0.124	9.711

1495419309389	0.134	-0.124	9.692

1495419309403	0.153	-0.124	9.739

1495419309409	0.201	-0.143	9.759

1495419309419	0.181	-0.143	9.759

1495419309429	0.172	-0.143	9.759

1495419309441	0.181	-0.124	9.73

1495419309449	0.201	-0.134	9.739

1495419309459	0.181	-0.143	9.749

1495419309469	0.181	-0.124	9.73

1495419309479	0.172	-0.143	9.759

1495419309491	0.162	-0.134	9.778

1495419309505	0.181	-0.134	9.711

1495419309509	0.172	-0.143	9.739

1495419309519	0.172	-0.143	9.711

1495419309532	0.181	-0.143	9.73

1495419309541	0.172	-0.134	9.701

1495419309550	0.153	-0.134	9.634

1495419309559	0.181	-0.134	9.711

1495419309578	0.201	-0.143	9.73

1495419309580	0.153	-0.143	9.72

1495419309590	0.181	-0.153	9.711

1495419309599	0.143	-0.124	9.701

1495419309610	0.172	-0.143	9.701

1495419309619	0.181	-0.134	9.739

1495419309637	0.153	-0.134	9.682

1495419309639	0.162	-0.143	9.701

1495419309650	0.172	-0.134	9.692

1495419309659	0.181	-0.114	9.711

1495419309669	0.162	-0.124	9.72

1495419309681	0.172	-0.153	9.73

1495419309697	0.162	-0.124	9.692

1495419309704	0.162	-0.134	9.692

1495419309709	0.172	-0.153	9.739

1495419309719	0.153	-0.134	9.682

1495419309729	0.162	-0.153	9.73

1495419309741	0.162	-0.134	9.749

1495419309749	0.143	-0.114	9.711

1495419309759	0.162	-0.143	9.73

1495419309769	0.153	-0.124	9.711

1495419309779	0.172	-0.143	9.739

1495419309790	0.162	-0.134	9.701

1495419309800	0.181	-0.143	9.692

1495419309809	0.172	-0.153	9.711

1495419309819	0.153	-0.124	9.72

1495419309831	0.172	-0.134	9.739

1495419309841	0.172	-0.134	9.701

1495419309850	0.162	-0.124	9.711

1495419309859	0.181	-0.134	9.739

1495419309870	0.162	-0.143	9.72

1495419309879	0.143	-0.114	9.692

1495419309889	0.162	-0.124	9.682

1495419309899	0.143	-0.114	9.72

1495419309909	0.181	-0.153	9.711

1495419309919	0.143	-0.114	9.711

1495419309929	0.162	-0.114	9.701

1495419309940	0.172	-0.143	9.73

1495419309950	0.162	-0.153	9.73

1495419309960	0.162	-0.134	9.73

1495419309969	0.21	-0.143	9.739

1495419309980	0.162	-0.114	9.768

1495419309989	0.162	-0.153	9.711

1495419309999	0.162	-0.134	9.701

1495419310009	0.153	-0.124	9.701

1495419310019	0.143	-0.124	9.692

1495419310031	0.134	-0.124	9.672

1495419310041	0.21	-0.162	9.739

1495419310050	0.153	-0.124	9.711

1495419310060	0.181	-0.124	9.73

1495419310069	0.143	-0.134	9.701

1495419310081	0.191	-0.143	9.739

1495419310089	0.172	-0.153	9.739

1495419310099	0.172	-0.143	9.73

1495419310109	0.134	-0.134	9.692

1495419310119	0.143	-0.114	9.672

1495419310129	0.191	-0.143	9.701

1495419310141	0.114	-0.105	9.701

1495419310150	0.162	-0.124	9.701

1495419310159	0.181	-0.124	9.701

1495419310169	0.153	-0.124	9.692

1495419310179	0.191	-0.124	9.672

1495419310189	0.162	-0.124	9.701

1495419310199	0.153	-0.124	9.663

1495419310209	0.172	-0.134	9.739

1495419310219	0.162	-0.124	9.72

1495419310229	0.143	-0.124	9.72

1495419310242	0.162	-0.134	9.72

1495419310250	0.153	-0.134	9.72

1495419310259	0.143	-0.114	9.701

1495419310269	0.153	-0.114	9.72

1495419310280	0.162	-0.124	9.692

1495419310289	0.181	-0.134	9.73

1495419310299	0.172	-0.153	9.72

1495419310309	0.162	-0.134	9.711

1495419310319	0.191	-0.143	9.692

1495419310330	0.162	-0.105	9.73

1495419310341	0.162	-0.134	9.682

1495419310351	0.153	-0.134	9.701

1495419310359	0.162	-0.105	9.682

1495419310369	0.172	-0.143	9.701

1495419310381	0.143	-0.143	9.692

1495419310389	0.114	-0.124	9.701

1495419310399	0.134	-0.134	9.672

1495419310409	0.181	-0.134	9.749

1495419310420	0.153	-0.153	9.72

1495419310430	0.172	-0.153	9.701

1495419310441	0.153	-0.124	9.739

1495419310449	0.181	-0.153	9.711

1495419310459	0.162	-0.134	9.73

1495419310469	0.153	-0.153	9.692

1495419310479	0.172	-0.134	9.711

1495419310489	0.172	-0.124	9.739

1495419310499	0.172	-0.143	9.72

1495419310509	0.153	-0.143	9.72

1495419310519	0.191	-0.134	9.759

1495419310530	0.172	-0.153	9.73

1495419310540	0.153	-0.143	9.672

1495419310549	0.162	-0.143	9.72

1495419310559	0.143	-0.114	9.701

1495419310570	0.153	-0.124	9.72

1495419310582	0.153	-0.124	9.711

1495419310590	0.153	-0.124	9.73

1495419310600	0.134	-0.105	9.749

1495419310610	0.162	-0.114	9.682

1495419310620	0.143	-0.124	9.739

1495419310645	0.172	-0.143	9.692

1495419310646	0.143	-0.134	9.739

1495419310653	0.162	-0.143	9.711

1495419310659	0.143	-0.143	9.701

1495419310669	0.162	-0.114	9.701

1495419310682	0.172	-0.134	9.701

1495419310689	0.191	-0.153	9.739

1495419310700	0.191	-0.153	9.749

1495419310710	0.153	-0.134	9.72

1495419310723	0.172	-0.134	9.73

1495419310729	0.181	-0.134	9.72

1495419310741	0.162	-0.134	9.73

1495419310749	0.181	-0.114	9.73

1495419310759	0.172	-0.143	9.749

1495419310769	0.181	-0.143	9.73

1495419310779	0.143	-0.134	9.73

1495419310790	0.22	-0.153	9.739

1495419310799	0.162	-0.124	9.701

1495419310809	0.172	-0.143	9.72

1495419310819	0.134	-0.143	9.682

1495419310829	0.191	-0.153	9.711

1495419310840	0.153	-0.143	9.739

1495419310849	0.153	-0.153	9.72

1495419310859	0.153	-0.134	9.682

1495419310869	0.172	-0.105	9.692

1495419310879	0.172	-0.143	9.711

1495419310889	0.172	-0.134	9.692

1495419310899	0.181	-0.134	9.73

1495419310909	0.153	-0.143	9.692

1495419310919	0.153	-0.153	9.739

1495419310930	0.162	-0.134	9.711

1495419310941	0.162	-0.124	9.711

1495419310950	0.181	-0.114	9.759

1495419310959	0.172	-0.153	9.711

1495419310969	0.172	-0.134	9.72

1495419310981	0.172	-0.134	9.73

1495419310989	0.172	-0.143	9.739

1495419311000	0.181	-0.134	9.749

1495419311009	0.153	-0.134	9.692

1495419311019	0.172	-0.143	9.73

1495419311029	0.181	-0.143	9.739

1495419311041	0.172	-0.134	9.701

1495419311050	0.162	-0.124	9.692

1495419311059	0.191	-0.143	9.72

1495419311069	0.162	-0.134	9.759

1495419311080	0.143	-0.153	9.73

1495419311089	0.181	-0.143	9.72

1495419311099	0.153	-0.134	9.73

1495419311109	0.172	-0.134	9.73

1495419311119	0.153	-0.124	9.711

1495419311131	0.124	-0.134	9.73

1495419311140	0.124	-0.124	9.73

1495419311150	0.162	-0.124	9.692

1495419311159	0.172	-0.143	9.73

1495419311169	0.162	-0.134	9.701

1495419311179	0.153	-0.114	9.701

1495419311189	0.181	-0.134	9.711

