1495427268210	-24.96	6.48	-25.62

1495427268309	-24.96	6.72	-25.5

1495427268417	-24.96	6.84	-25.56

1495427268510	-24.96	6.78	-25.56

1495427268609	-25.02	7.08	-25.56

1495427268710	-24.9	7.56	-25.68

1495427268809	-24.84	7.5	-25.5

1495427268909	-24.72	7.62	-25.74

1495427269034	-24.96	7.32	-25.38

1495427269112	-24.96	7.2	-25.32

1495427269209	-24.84	7.08	-25.26

1495427269309	-24.84	6.96	-25.2

1495427269409	-24.78	6.72	-25.44

1495427269511	-24.78	6.3	-25.5

1495427269609	-24.96	6.48	-25.68

1495427269710	-24.96	6.6	-25.62

1495427269809	-25.2	6.6	-25.74

1495427269909	-25.26	6.84	-25.98

1495427270009	-25.32	6.84	-25.98

1495427270110	-25.44	6.72	-25.8

1495427270209	-25.5	6.66	-25.68

1495427270309	-25.62	6.9	-25.92

1495427270419	-25.5	6.9	-25.92

1495427270519	-25.68	6.84	-26.1

1495427270609	-25.5	6.66	-26.1

1495427270709	-25.56	6.6	-25.86

1495427270809	-25.38	6.6	-25.8

1495427270909	-25.44	6.72	-26.1

1495427271022	-25.56	6.6	-25.98

1495427271102	-25.38	6.36	-25.8

1495427271209	-25.32	6.42	-25.74

1495427271312	-25.32	6.24	-25.68

1495427271409	-25.32	6.54	-25.44

1495427271509	-24.9	6.36	-25.5

1495427271609	-24.9	6.6	-25.62

1495427271709	-24.9	6.54	-25.44

1495427271809	-24.72	6.78	-25.44

1495427271909	-24.6	7.14	-25.44

1495427272009	-24.54	6.84	-25.38

1495427272110	-24.54	6.84	-25.26

1495427272209	-24.6	6.36	-25.38

1495427272309	-24.72	6.48	-25.5

1495427272410	-24.84	6.48	-25.44

1495427272514	-24.6	6.42	-25.44

1495427272609	-24.6	6.72	-25.26

1495427272709	-24.84	6.84	-25.14

1495427272809	-25.2	6.9	-25.08

1495427272909	-25.14	6.96	-25.14

1495427273009	-24.96	7.38	-25.14

1495427273110	-25.2	7.08	-25.2

