1496869721573	-8.64	32.88	34.14

1496869721671	-9.36	33.42	33.6

1496869721771	-9.54	33.6	33.84

1496869721871	-10.02	33.6	34.14

1496869721971	-9.78	33.24	34.5

1496869722072	-10.26	33.42	34.08

1496869722171	-10.56	33.48	33.96

1496869722281	-10.32	33.24	34.2

1496869722382	-9.9	33.18	34.26

1496869722491	-9.42	33.3	34.02

1496869722582	-8.94	33.3	33.9

1496869722681	-8.88	33.12	33.48

1496869722781	-8.28	33.3	33.12

1496869722881	-8.1	33.6	32.88

1496869722981	-9.0	33.06	32.4

1496869723081	-8.16	33.0	32.16

1496869723181	-8.88	34.14	30.6

1496869723281	-8.52	34.44	29.7

1496869723381	-8.82	34.5	29.16

1496869723485	-8.7	34.2	29.16

1496869723582	-9.48	34.26	28.38

1496869723681	-10.56	33.48	28.32

1496869723780	-10.32	33.12	28.68

1496869723881	-10.5	33.96	27.78

1496869723981	-9.66	34.44	27.36

1496869724073	-9.54	34.38	27.6

1496869724181	-10.02	34.14	27.6

1496869724282	-10.08	34.44	27.66

1496869724381	-10.44	34.5	28.44

1496869724481	-10.92	34.5	28.86

