1495834630343	-30.12	-10.74	-16.92

1495834630442	-30.3	-11.28	-16.38

1495834630542	-30.42	-11.46	-16.14

1495834630642	-30.12	-12.36	-16.26

1495834630742	-29.58	-13.32	-15.84

1495834630842	-30.96	-12.42	-17.58

1495834630948	-30.78	-11.04	-19.56

1495834631047	-31.02	-8.82	-19.68

1495834631142	-31.38	-8.04	-19.08

1495834631242	-31.44	-7.86	-17.88

1495834631342	-31.02	-7.02	-17.28

1495834631445	-29.94	-7.38	-16.92

1495834631553	-29.94	-6.36	-16.44

1495834631642	-29.82	-4.56	-16.44

1495834631742	-30.36	-2.4	-15.78

1495834631846	-31.02	-1.98	-14.34

1495834631946	-31.32	-2.58	-12.36

1495834632050	-31.62	-2.28	-10.5

1495834632154	-31.14	-2.58	-9.36

1495834632242	-31.14	-1.74	-8.1

1495834632342	-32.16	0.18	-8.1

1495834632443	-32.1	1.86	-7.98

1495834632546	-32.28	3.0	-5.76

1495834632642	-31.86	2.34	-3.42

1495834632744	-30.9	2.34	-0.78

1495834632841	-29.1	2.7	1.62

1495834632942	-27.72	3.42	4.62

1495834633041	-26.94	4.86	7.98

1495834633142	-26.46	4.86	10.86

1495834633241	-27.42	3.78	14.58

1495834633349	-28.2	1.38	17.64

1495834633453	-28.08	-0.9	21.06

1495834633542	-27.42	-2.16	24.3

1495834633641	-27.0	-3.9	26.88

1495834633742	-26.04	-4.44	29.64

1495834633842	-25.44	-5.7	31.38

1495834633957	-25.56	-7.26	32.34

1495834634052	-25.38	-9.0	32.7

1495834634152	-25.02	-10.8	33.3

1495834634252	-23.88	-12.36	34.5

1495834634352	-22.5	-14.28	34.8

1495834634452	-20.7	-14.82	35.52

1495834634552	-19.86	-16.74	35.52

1495834634652	-19.92	-19.02	33.9

1495834634755	-20.64	-19.8	32.04

1495834634852	-20.46	-20.82	31.14

1495834634963	-19.62	-22.02	30.36

1495834635053	-19.68	-22.8	28.38

1495834635152	-19.56	-23.58	27.06

1495834635253	-19.62	-24.42	25.92

