1496918547981	-0.38415295	0.0	0.0

1496918547986	-0.6942128	0.0	0.0

1496918547989	-0.8047087	0.0	0.0

1496918547993	-0.6153892	0.0	0.0

1496918547997	-0.40933552	0.0	0.0

1496918548059	0.0	0.0	-0.43957546

1496918548063	0.0	0.0	-0.46381453

1496918548067	0.0	0.0	-0.4704815

1496918548069	-0.51603585	0.0	0.0

1496918548072	-0.60116947	0.0	0.0

1496918548074	-0.6158914	0.0	0.0

1496918548077	-0.57429206	0.0	0.0

1496918548079	-0.49139425	0.0	0.0

1496918548114	0.0	0.0	-0.40088412

1496918548117	0.0	0.0	-0.42370507

1496918548119	0.0	0.0	-0.43461502

1496918548122	0.0	0.0	-0.4276479

1496918548125	0.0	0.0	-0.40165654

1496918548143	0.0	0.0	-0.38957876

1496918548146	0.39040825	0.0	0.0

1496918548469	0.46331173	0.0	0.0

1496918548472	0.5464892	0.0	0.0

1496918548475	0.5667065	0.0	0.0

1496918548479	0.5178882	0.0	0.0

1496918548483	0.0	0.0	-0.42799714

1496918548486	0.0	0.0	-0.45837548

1496918548489	0.0	0.0	-0.53449255

1496918548491	0.0	0.0	-0.6507492

1496918548495	0.0	0.0	-0.79322815

1496918548498	0.0	0.0	-0.94195414

1496918548502	0.0	0.0	-0.65796024

1496918548506	0.0	0.0	-0.45773402

1496918548509	0.34371138	0.0	0.0

1496918548512	0.2825706	0.0	0.0

1496918548515	0.23814055	0.0	0.0

1496918548519	0.20265536	0.0	0.0

1496918548523	0.22968036	0.0	0.0

1496918548526	0.32412958	0.0	0.0

1496918548529	0.44866076	0.0	0.0

1496918548532	0.47621852	0.0	0.0

1496918548536	0.3953978	0.0	0.0

1496918548540	0.0	0.0	-0.41318738

1496918548543	0.0	0.0	-0.47036323

1496918548548	0.0	0.0	-0.5395094

1496918548552	0.0	0.0	-0.6320723

1496918548556	0.0	0.0	-0.74146473

1496918548559	0.0	0.0	-0.85927963

1496918548563	0.0	0.0	-0.99723315

1496918548567	0.0	0.0	-1.1367875

1496918548571	0.0	0.0	-1.2673116

1496918548575	0.0	0.0	-1.383193

1496918548579	0.0	0.0	-1.4908695

1496918548582	0.0	0.0	-1.593046

1496918548585	0.0	0.0	-1.6781106

1496918548589	0.0	0.0	-1.7444952

1496918548591	0.0	0.0	-1.7932968

1496918548595	0.0	0.0	-1.8132366

1496918548602	0.0	0.0	-1.8628271

1496918548607	0.0	0.0	-1.9293756

1496918548611	0.0	0.0	-1.9545628

1496918548615	0.0	0.0	-1.9490839

1496918548618	2.0506322	0.0	0.0

1496918548621	2.4639163	0.0	0.0

1496918548625	2.8849015	0.0	0.0

1496918548629	2.9589388	0.0	0.0

1496918548631	2.7552426	0.0	0.0

1496918548635	2.550159	0.0	0.0

1496918548638	2.3643084	0.0	0.0

1496918548641	2.109553	0.0	0.0

1496918549065	1.9246887	0.0	0.0

1496918549069	1.9201744	0.0	0.0

1496918549072	2.0788784	0.0	0.0

1496918549075	2.245968	0.0	0.0

1496918549078	2.2618208	0.0	0.0

1496918549081	2.176208	0.0	0.0

1496918549084	0.0	0.0	-2.167005

1496918549087	0.0	0.0	-2.2539558

1496918549091	0.0	0.0	-2.3148215

1496918549094	0.0	0.0	-2.3695946

1496918549098	0.0	0.0	-2.4434412

1496918549101	0.0	0.0	-2.5249958

1496918549105	0.0	0.0	-2.5958068

1496918549108	0.0	0.0	-2.6522403

1496918549111	0.0	0.0	-2.7057743

1496918549114	0.0	0.0	-2.7567198

1496918549117	0.0	0.0	-2.8269522

1496918549120	0.0	0.0	-2.920744

1496918549123	0.0	0.0	-3.0068858

1496918549126	0.0	0.0	-3.089994

1496918549130	0.0	0.0	-3.1727366

1496918549134	0.0	0.0	-3.2509754

1496918549137	0.0	0.0	-3.304533

1496918549140	0.0	0.0	-3.3395658

1496918549143	0.0	0.0	-3.3640888

1496918549147	0.0	0.0	-3.3695247

1496918549150	0.0	0.0	-3.3764126

1496918549154	0.0	0.0	-3.410142

1496918549157	0.0	0.0	-3.4642

1496918549160	-3.6785245	0.0	0.0

1496918549164	-4.0279784	0.0	0.0

1496918549167	-4.141159	0.0	0.0

1496918549171	0.0	0.0	-4.1185036

1496918549174	0.0	0.0	-4.279098

1496918549177	0.0	0.0	-4.4099016

1496918549179	0.0	0.0	-4.480348

1496918549182	0.0	0.0	-3.076251

1496918549186	0.0	0.0	-2.0088687

1496918549189	-1.4836533	0.0	0.0

1496918549192	-1.5303607	0.0	0.0

1496918549196	-1.7413648	0.0	0.0

1496918549199	-2.0252612	0.0	0.0

1496918549202	-2.325727	0.0	0.0

1496918549205	-2.6761813	0.0	0.0

1496918549209	-2.941575	0.0	0.0

1496918549212	-3.099958	0.0	0.0

1496918549215	-3.210637	0.0	0.0

1496918549218	-3.1983352	0.0	0.0

1496918549221	-3.1908584	0.0	0.0

1496918549225	-3.1035893	0.0	0.0

1496918549229	-2.963707	0.0	0.0

1496918549232	-2.8017337	0.0	0.0

1496918549235	-2.631755	0.0	0.0

1496918549238	-2.481229	0.0	0.0

1496918549241	-2.5292969	0.0	0.0

1496918549244	-2.8205147	0.0	0.0

1496918549248	-3.1320975	0.0	0.0

1496918549251	-3.4162235	0.0	0.0

1496918549254	-3.850538	0.0	0.0

1496918549257	-4.1541853	0.0	0.0

1496918549260	-4.315775	0.0	0.0

1496918549263	-2.91732	0.0	0.0

1496918549267	-1.8128747	0.0	0.0

1496918549671	-1.1235433	0.0	0.0

1496918549675	-0.8965309	0.0	0.0

1496918549678	0.0	-0.95887446	0.0

1496918549682	0.0	-1.7036555	0.0

1496918549685	0.0	-2.4320831	0.0

1496918549688	0.0	-2.8735933	0.0

1496918549691	0.0	-2.0115154	0.0

1496918549694	0.0	-1.4080608	0.0

1496918549698	0.0	0.0	-1.0644379

1496918549701	1.3585596	0.0	0.0

1496918549705	1.4762919	0.0	0.0

1496918549708	2.546709	0.0	0.0

1496918549711	2.8074157	0.0	0.0

1496918549714	2.635989	0.0	0.0

1496918549718	2.301792	0.0	0.0

1496918549721	2.490562	0.0	0.0

1496918549725	3.4932454	0.0	0.0

1496918549728	4.956847	0.0	0.0

1496918549731	6.49178	0.0	0.0

1496918549737	7.4210196	0.0	0.0

1496918549742	7.5483627	0.0	0.0

1496918549752	6.0244007	0.0	0.0

1496918549759	2.169161	0.0	0.0

1496918549772	0.0	1.4110628	0.0

1496918549779	1.1222159	0.0	0.0

1496918549787	3.683476	0.0	0.0

1496918549796	6.731604	0.0	0.0

1496918549803	9.198602	0.0	0.0

1496918549817	11.091586	0.0	0.0

1496918549824	12.58372	0.0	0.0

1496918549836	13.344758	0.0	0.0

1496918549841	13.412352	0.0	0.0

1496918549846	13.007961	0.0	0.0

1496918549850	12.155415	0.0	0.0

1496918549854	11.002472	0.0	0.0

1496918549858	10.736749	0.0	0.0

1496918549862	11.071417	0.0	0.0

1496918549865	11.906271	0.0	0.0

1496918549868	13.20793	0.0	0.0

1496918549870	13.880705	0.0	0.0

1496918549873	14.0653	0.0	0.0

1496918549876	13.643481	0.0	0.0

1496918549878	13.30847	0.0	0.0

1496918549880	12.771964	0.0	0.0

1496918549883	12.520625	0.0	0.0

1496918549886	12.433282	0.0	0.0

1496918549889	12.568111	0.0	0.0

1496918549892	12.971875	0.0	0.0

1496918549895	9.2725115	0.0	0.0

1496918549899	6.6682987	0.0	0.0

1496918549902	4.745698	0.0	0.0

1496918549906	3.2508314	0.0	0.0

1496918549909	2.015705	0.0	0.0

1496918549912	0.98828137	0.0	0.0

1496918549915	0.2573817	0.0	0.0

1496918549919	-0.22747102	0.0	0.0

1496918549922	-0.37440118	0.0	0.0

1496918549925	-0.39590588	0.0	0.0

1496918549928	-0.56178945	0.0	0.0

1496918549930	-0.5758631	0.0	0.0

1496918549934	-0.6191157	0.0	0.0

1496918549937	-0.80136216	0.0	0.0

1496918549941	-0.9861201	0.0	0.0

1496918549944	-1.1033822	0.0	0.0

1496918549947	-1.155318	0.0	0.0

1496918549950	0.0	0.0	-1.2924042

1496918549953	0.0	0.0	-1.4802969

1496918549956	0.0	0.0	-1.6274378

1496918549960	0.0	0.0	-1.7411978

