1496917641414	0.0	0.0	1.4506717

1496917641423	0.0	0.0	1.5076791

1496917641442	0.0	0.0	1.5442255

1496917641445	0.0	0.0	1.5809466

1496917641474	0.0	0.0	1.6162108

1496917641478	0.0	0.0	1.6719915

1496917641481	0.0	0.0	1.7407941

1496917641484	0.0	0.0	1.8040692

1496917641514	0.0	0.0	1.8516548

1496917641518	0.0	0.0	1.8885696

1496917641521	0.0	0.0	1.918449

1496917641525	0.0	0.0	1.9235775

1496917641561	0.0	0.0	1.9062862

1496917641564	-2.2198772	0.0	0.0

1496917641568	-2.6167135	0.0	0.0

1496917641571	-2.9321072	0.0	0.0

1496917641574	-3.0278735	0.0	0.0

1496917641608	-2.7945285	0.0	0.0

1496917641611	-1.9325086	0.0	0.0

1496917641614	0.0	0.0	1.2014558

1496917641618	0.0	0.0	1.2297857

1496917641621	0.0	0.0	1.3532048

1496917641654	0.0	0.0	1.4886835

1496917641658	-2.3955936	0.0	0.0

1496917641662	-3.356167	0.0	0.0

1496917641665	-3.4838295	0.0	0.0

1496917641669	-3.0880866	0.0	0.0

1496917641718	-2.579967	0.0	0.0

1496917641722	-2.101872	0.0	0.0

1496917641726	-1.7193602	0.0	0.0

1496917641729	-1.3944163	0.0	0.0

1496917641732	0.0	0.0	1.4445347

1496917641736	0.0	0.0	1.5480788

1496917641794	0.0	0.0	1.6434307

1496917641797	0.0	0.0	1.7122957

1496917641801	0.0	0.0	1.757103

1496917641804	0.0	0.0	1.7709342

1496917641809	0.0	0.0	1.7366651

1496917641813	0.0	1.7605939	0.0

1496917641816	0.0	1.8529361	0.0

1496917641819	0.0	1.9184718	0.0

1496917641822	0.0	1.9200244	0.0

1496917641887	0.0	1.7974763	0.0

1496917641891	0.0	1.5738872	0.0

1496917641894	0.0	0.0	1.5590987

1496917641897	0.0	0.0	1.5773431

1496917641900	-1.6999389	0.0	0.0

1496917641906	-1.8287654	0.0	0.0

1496917641910	-1.9340613	0.0	0.0

1496917641917	-1.9889412	0.0	0.0

1496917641923	-2.00149	0.0	0.0

1496917641931	-1.9656894	0.0	0.0

1496917641936	-1.9439993	0.0	0.0

1496917641946	-1.9515097	0.0	0.0

1496917641956	-1.9705806	0.0	0.0

1496917641976	-1.9935467	0.0	0.0

1496917641980	-1.9849639	0.0	0.0

1496917641983	-1.9558022	0.0	0.0

1496917642070	-1.9044135	0.0	0.0

1496917642073	-1.8483934	0.0	0.0

1496917642077	-1.80109	0.0	0.0

1496917642081	-1.7489682	0.0	0.0

1496917642084	-1.7183892	0.0	0.0

1496917642087	-1.6910777	0.0	0.0

1496917642090	-1.186619	0.0	0.0

1496917642093	-0.80861187	0.0	0.0

1496917642096	-0.5277589	0.0	0.0

1496917642100	0.0	0.0	0.435258

1496917642103	0.0	0.0	0.44641352

1496917642107	0.0	0.0	0.47487897

1496917642110	0.0	0.0	0.5185277

1496917642234	0.0	0.0	0.57043576

1496917642237	0.0	0.0	0.61489886

1496917642240	0.0	0.0	0.6516514

1496917642243	0.0	0.0	0.6849498

1496917642247	0.0	0.0	0.7110847

1496917642251	0.0	0.0	0.73262

1496917642256	0.0	0.0	0.7562184

1496917642259	0.0	0.0	0.77627057

1496917642263	0.0	0.0	0.79443055

1496917642266	0.0	0.0	0.8485716

1496917642269	0.0	0.0	0.91564703

1496917642272	0.0	0.0	0.98905927

1496917642276	0.0	0.0	1.0667508

1496917642279	0.0	0.0	1.1221611

1496917642283	0.0	0.0	1.1609484

1496917642286	0.0	0.0	1.1834509

1496917642289	0.0	0.0	1.1977744

1496917642293	0.0	0.0	1.2051322

1496917642432	0.0	0.0	0.8321349

1496917642436	0.0	0.0	0.5729036

1496917642439	0.0	0.0	0.39251095

1496917642443	0.0	0.0	0.26577047

1496917642446	0.0	0.0	0.17290366

1496917642450	0.0	0.17973426	0.0

1496917642453	0.0	0.25007915	0.0

1496917642456	0.0	0.31065443	0.0

1496917642460	0.0	0.3578512	0.0

1496917642464	0.0	0.3818164	0.0

1496917642467	0.0	0.41654205	0.0

1496917642472	0.0	0.4343369	0.0

1496917642477	0.0	0.48338395	0.0

1496917642481	0.0	0.5041857	0.0

1496917642484	0.0	0.50834644	0.0

1496917642487	0.0	0.5081725	0.0

1496917642492	0.0	0.5072917	0.0

1496917642496	0.0	0.5030682	0.0

1496917642500	0.0	0.4985754	0.0

1496917642509	0.0	0.5145343	0.0

1496917642518	0.0	0.51364857	0.0

1496917642529	0.0	0.51684475	0.0

1496917642532	0.0	0.5031781	0.0

1496917642540	0.0	0.5145675	0.0

1496917642545	0.0	0.5000348	0.0

1496917642727	0.0	0.3479101	0.0

1496917642730	0.0	0.2359423	0.0

1496917642733	0.0	0.16880272	0.0

1496917642736	0.0	0.16191146	0.0

1496917642739	0.0	0.0	0.14966059

1496917642743	0.0	0.0	0.18061098

1496917642745	0.0	0.0	0.20447996

1496917642749	0.0	0.0	0.22170967

1496917642752	0.0	0.0	0.24574457

1496917642755	0.0	0.0	0.262569

1496917642758	0.0	0.0	0.27398992

1496917642761	0.0	0.0	0.27431485

1496917642765	0.0	0.0	0.26644203

1496917642768	0.0	0.0	0.2472096

1496917642772	0.0	0.0	0.21560729

1496917642776	0.0	0.0	0.19368595

1496917642780	0.0	0.0	0.17965065

1496917642783	0.0	-0.24732047	0.0

1496917642786	0.0	-0.45604348	0.0

1496917642790	0.45446044	0.0	0.0

1496917642793	0.7523103	0.0	0.0

1496917642797	0.8968868	0.0	0.0

1496917642800	1.1193453	0.0	0.0

1496917642803	1.3775272	0.0	0.0

1496917642807	1.590749	0.0	0.0

1496917642810	1.7869563	0.0	0.0

1496917642813	1.9797263	0.0	0.0

1496917643011	2.1698775	0.0	0.0

1496917643015	2.396571	0.0	0.0

1496917643018	2.5669696	0.0	0.0

1496917643021	2.5436196	0.0	0.0

1496917643023	2.4679048	0.0	0.0

1496917643027	2.4462757	0.0	0.0

1496917643030	2.5811584	0.0	0.0

1496917643033	2.7155504	0.0	0.0

1496917643036	2.8178926	0.0	0.0

1496917643040	2.8087618	0.0	0.0

1496917643043	2.7670312	0.0	0.0

1496917643046	2.6406617	0.0	0.0

1496917643050	2.554904	0.0	0.0

1496917643053	2.5657234	0.0	0.0

1496917643057	2.687794	0.0	0.0

1496917643061	2.85884	0.0	0.0

1496917643064	2.9301877	0.0	0.0

1496917643068	2.9352024	0.0	0.0

1496917643072	2.9302607	0.0	0.0

1496917643075	2.9781396	0.0	0.0

1496917643079	3.0929768	0.0	0.0

1496917643082	3.3182297	0.0	0.0

1496917643085	3.6112046	0.0	0.0

1496917643088	2.5628924	0.0	0.0

1496917643092	1.7885984	0.0	0.0

1496917643095	1.4186513	0.0	0.0

1496917643099	1.2308234	0.0	0.0

1496917643102	1.034123	0.0	0.0

1496917643105	0.75974184	0.0	0.0

1496917643305	0.0	0.0	-0.57854605

1496917643309	0.0	0.0	-0.7141994

1496917643312	0.0	0.0	-0.865569

1496917643315	0.0	0.0	-1.0632292

1496917643318	0.0	0.0	-1.2658185

1496917643322	0.0	0.0	-1.4638593

1496917643324	0.0	0.0	-1.6564525

1496917643328	0.0	0.0	-1.809793

1496917643331	0.0	0.0	-1.9438411

1496917643335	0.0	0.0	-2.0557108

1496917643340	0.0	0.0	-2.14926

1496917643347	0.0	0.0	-2.223096

1496917643351	0.0	0.0	-2.2727375

1496917643357	0.0	0.0	-2.311057

1496917643362	0.0	0.0	-2.3453352

1496917643370	0.0	0.0	-2.3884516

1496917643378	0.0	0.0	-2.446398

1496917643382	0.0	0.0	-2.5197027

1496917643389	0.0	0.0	-2.5896719

1496917643402	0.0	0.0	-2.6399386

1496917643406	0.0	0.0	-2.6791823

1496917643410	0.0	0.0	-2.702209

1496917643413	0.0	0.0	-2.7223365

1496917643416	0.0	0.0	-2.7439075

1496917643419	0.0	0.0	-2.7720027

1496917643422	0.0	0.0	-2.811841

1496917643425	0.0	0.0	-2.8656313

1496917643429	0.0	0.0	-2.9276433

1496917643431	0.0	0.0	-2.9749134

1496917643433	0.0	0.0	-3.0103743

1496917643435	3.0649576	0.0	0.0

1496917643437	3.1769066	0.0	0.0

1496917643440	3.2733464	0.0	0.0

1496917643443	3.2716975	0.0	0.0

1496917643664	3.2618504	0.0	0.0

1496917643668	3.3131726	0.0	0.0

1496917643672	3.250291	0.0	0.0

1496917643675	3.3059282	0.0	0.0

1496917643679	3.4641852	0.0	0.0

1496917643682	3.638991	0.0	0.0

1496917643685	3.8343625	0.0	0.0

1496917643689	3.9623504	0.0	0.0

1496917643692	3.8166018	0.0	0.0

1496917643695	3.592145	0.0	0.0

1496917643698	2.339826	0.0	0.0

1496917643701	0.0	0.0	-1.6027431

1496917643704	0.0	0.0	-1.1452504

1496917643707	0.0	0.0	-0.8433647

1496917643711	0.0	0.0	-0.6513809

1496917643714	0.0	0.0	-0.5188526

1496917643718	0.0	0.0	-0.42965552

1496917643721	0.0	0.0	-0.37654594

1496917643724	0.0	0.0	-0.3362507

1496917643727	0.0	0.0	-0.30622512

1496917643731	0.0	0.0	-0.2840478

1496917643734	0.0	0.0	-0.27848434

1496917643738	0.0	0.0	-0.28715336

1496917643742	-0.30588332	0.0	0.0

1496917643745	-0.46020493	0.0	0.0

1496917643748	0.0	0.0	-0.3462687

1496917643752	0.0	0.0	-0.37845692

1496917643755	0.0	0.0	-0.39830646

1496917643758	0.0	0.0	-0.40929863

1496917643761	0.0	0.0	-0.39949298

1496917643764	0.0	0.0	-0.38210547

1496917643767	0.0	0.0	-0.3646692

1496917643771	0.0	0.0	-0.34814152

1496917644046	0.0	0.0	-0.33012915

1496917644050	0.0	0.0	-0.31103024

1496917644053	0.0	0.0	-0.21826762

1496917644057	0.0	0.0	-0.15913308

1496917644060	0.0	0.0	-0.1254229

1496917644063	0.0	0.0	-0.10821658

1496917644066	0.0	0.0	-0.102481425

1496917644070	0.0	0.0	-0.10294289

1496917644073	-0.12025781	0.0	0.0

1496917644076	-0.14929092	0.0	0.0

1496917644080	-0.17307341	0.0	0.0

1496917644083	-0.19124573	0.0	0.0

1496917644086	-0.18262957	0.0	0.0

1496917644090	-0.15936273	0.0	0.0

1496917644094	-0.11422933	0.0	0.0

1496917644097	-0.09906072	0.0	0.0

1496917644101	-0.10603619	0.0	0.0

1496917644104	-0.13530675	0.0	0.0

1496917644108	-0.20153496	0.0	0.0

1496917644111	-0.22841005	0.0	0.0

1496917644114	-0.23151489	0.0	0.0

1496917644118	-0.21085481	0.0	0.0

1496917644121	0.0	0.0	0.19146809

1496917644124	0.0	0.0	0.20397109

1496917644127	-0.21445923	0.0	0.0

1496917644131	-0.24708831	0.0	0.0

1496917644134	-0.26283693	0.0	0.0

1496917644137	-0.22082652	0.0	0.0

1496917644141	-0.2014625	0.0	0.0

1496917644144	-0.19132519	0.0	0.0

1496917644147	0.0	0.0	0.18672264

1496917644151	0.0	0.0	0.18957926

1496917644154	0.26306748	0.0	0.0

1496917644157	0.31760573	0.0	0.0

1496917644161	0.0	0.0	0.33669794

1496917644164	0.0	0.0	0.41377723

1496917644168	0.0	0.0	0.46746022

1496917644171	0.0	0.0	0.5041163

1496917644175	0.0	0.0	0.52555346

1496917644179	0.0	0.0	0.530558

1496917644182	0.0	0.0	0.52314496

1496917644460	0.0	0.0	0.50518924

1496917644464	0.0	0.0	0.4909408

1496917644467	0.0	0.0	0.4781617

1496917644471	0.0	0.0	0.4731724

1496917644474	0.0	0.0	0.47521383

1496917644477	0.0	0.0	0.48322603

1496917644481	0.0	0.0	0.4966337

1496917644485	0.0	0.0	0.5061221

1496917644489	0.0	0.0	0.51490045

1496917644493	0.0	0.0	0.51616865

1496917644496	0.0	0.0	0.5181257

1496917644500	0.60424495	0.0	0.0

1496917644503	0.8146266	0.0	0.0

1496917644507	0.93471575	0.0	0.0

1496917644510	0.96087605	0.0	0.0

1496917644513	0.9663523	0.0	0.0

1496917644517	0.9560397	0.0	0.0

1496917644521	0.9540133	0.0	0.0

1496917644524	0.9700338	0.0	0.0

1496917644527	0.9218208	0.0	0.0

1496917644530	0.0	0.0	0.89143693

1496917644533	0.0	0.0	0.6154707

1496917644538	0.0	0.0	0.42229435

1496917644541	0.0	0.0	0.2870709

1496917644544	0.0	0.0	0.1995699

1496917644548	0.0	0.0	0.13348979

1496917644551	0.0	0.0	0.08083504

1496917644555	-0.09448328	0.0	0.0

1496917644558	-0.17122832	0.0	0.0

1496917644561	-0.18874359	0.0	0.0

1496917644564	-0.21426691	0.0	0.0

1496917644568	-0.2685165	0.0	0.0

1496917644571	-0.30114505	0.0	0.0

1496917644574	-0.3385977	0.0	0.0

1496917644578	-0.3823591	0.0	0.0

1496917644581	-0.40372017	0.0	0.0

1496917644585	-0.44696203	0.0	0.0

1496917644588	-0.43598074	0.0	0.0

1496917644591	-0.4469359	0.0	0.0

1496917644594	-0.44827378	0.0	0.0

1496917644598	-0.44191217	0.0	0.0

1496917644602	-0.44376045	0.0	0.0

1496917644948	-0.4596376	0.0	0.0

1496917644951	-0.47583386	0.0	0.0

1496917644955	-0.46716553	0.0	0.0

1496917644958	-0.48038173	0.0	0.0

1496917644962	-0.502463	0.0	0.0

1496917644965	-0.49394375	0.0	0.0

1496917644968	-0.47408357	0.0	0.0

1496917644971	-0.45615527	0.0	0.0

1496917644973	-0.41017586	0.0	0.0

1496917644976	-0.38162518	0.0	0.0

1496917644979	-0.37593803	0.0	0.0

1496917644983	-0.3006024	0.0	0.0

1496917644988	-0.24102497	0.0	0.0

1496917644992	-0.23495838	0.0	0.0

1496917644995	-0.23321517	0.0	0.0

1496917644998	-0.15687768	0.0	0.0

1496917645002	-0.10192332	0.0	0.0

1496917645005	0.0	0.0	0.07015497

1496917645008	0.0	0.0	0.13989517

1496917645011	0.0	0.0	0.18794727

1496917645014	0.0	0.0	0.22067465

1496917645017	0.0	0.0	0.22969712

1496917645021	0.0	0.0	0.23813574

1496917645024	0.0	0.0	0.24316086

1496917645028	0.26820734	0.0	0.0

1496917645031	0.29721862	0.0	0.0

1496917645034	0.31770176	0.0	0.0

1496917645037	0.34692943	0.0	0.0

1496917645041	0.403521	0.0	0.0

1496917645044	0.27612966	0.0	0.0

1496917645047	0.21117644	0.0	0.0

1496917645050	0.19915956	0.0	0.0

1496917645056	0.23573911	0.0	0.0

1496917645060	0.3012936	0.0	0.0

1496917645063	0.42866266	0.0	0.0

1496917645066	0.58198905	0.0	0.0

1496917645069	0.572522	0.0	0.0

1496917645072	0.8131826	0.0	0.0

1496917645076	0.9469662	0.0	0.0

1496917645079	0.91274196	0.0	0.0

1496917645083	1.228715	0.0	0.0

1496917645086	1.387337	0.0	0.0

1496917645089	1.5439155	0.0	0.0

1496917645092	1.771842	0.0	0.0

1496917645096	1.9703938	0.0	0.0

1496917645099	2.0703769	0.0	0.0

1496917645103	2.1515322	0.0	0.0

1496917645105	2.2611263	0.0	0.0

1496917645109	2.3929186	0.0	0.0

1496917645113	2.4439137	0.0	0.0

1496917645116	2.4352865	0.0	0.0

1496917645119	2.4901102	0.0	0.0

1496917645556	2.467624	0.0	0.0

1496917645560	2.4044526	0.0	0.0

1496917645563	1.6014603	0.0	0.0

1496917645568	0.96543336	0.0	0.0

1496917645571	0.0	0.0	0.1077382

1496917645575	-1.1781533	0.0	0.0

1496917645578	-2.1678243	0.0	0.0

1496917645583	-2.9868402	0.0	0.0

1496917645586	-3.4311304	0.0	0.0

1496917645590	-3.7476816	0.0	0.0

1496917645594	-3.9858818	0.0	0.0

1496917645598	-4.15504	0.0	0.0

1496917645601	-4.2851563	0.0	0.0

1496917645605	-4.3833127	0.0	0.0

1496917645608	-4.4183655	0.0	0.0

1496917645612	-4.550811	0.0	0.0

1496917645615	-4.6553354	0.0	0.0

1496917645619	-4.7926908	0.0	0.0

1496917645623	-4.862906	0.0	0.0

1496917645626	-4.8344584	0.0	0.0

1496917645630	-4.815713	0.0	0.0

1496917645634	-4.843954	0.0	0.0

1496917645637	-4.9231906	0.0	0.0

1496917645640	-5.0300694	0.0	0.0

1496917645643	-5.131429	0.0	0.0

1496917645647	-5.244825	0.0	0.0

1496917645650	-5.3099027	0.0	0.0

1496917645653	-5.3451424	0.0	0.0

1496917645658	-5.3058834	0.0	0.0

1496917645662	-5.237406	0.0	0.0

1496917645665	-5.168131	0.0	0.0

1496917645668	-5.148329	0.0	0.0

1496917645672	-3.6079302	0.0	0.0

1496917645675	-2.5444694	0.0	0.0

1496917645678	-1.797544	0.0	0.0

1496917645681	-1.213471	0.0	0.0

1496917645686	-0.7314662	0.0	0.0

1496917645688	-0.27278113	0.0	0.0

1496917645692	0.14227048	0.0	0.0

1496917645695	0.4381914	0.0	0.0

1496917645698	0.6143365	0.0	0.0

1496917645702	0.7005592	0.0	0.0

1496917645705	0.0	0.0	0.78481376

1496917645708	0.0	0.0	0.8990646

1496917645711	0.0	0.0	0.98454696

1496917645714	0.0	0.0	1.0385002

1496917645718	0.0	0.0	1.0555243

1496917645721	0.0	0.0	1.0056903

1496917645724	0.0	0.0	0.93396586

1496917645728	0.0	0.0	0.8454246

1496917645731	0.7292496	0.0	0.0

1496917645734	0.6482651	0.0	0.0

1496917645738	0.55591947	0.0	0.0

1496917645742	0.0	0.0	0.4900287

1496917645745	0.0	0.0	0.4616338

1496917645748	0.0	0.0	0.46243614

1496917645751	0.0	0.0	0.47018608

1496917645755	0.0	0.0	0.4833022

1496917645758	0.0	0.0	0.50012815

1496917645761	0.0	0.0	0.5084623

1496917645764	0.0	0.0	0.5287194

1496917645767	0.0	0.0	0.54289937

1496917645771	0.0	0.0	0.5254797

1496917645774	0.0	0.0	0.49570274

1496917645777	-0.53552747	0.0	0.0

1496917645781	-0.59226334	0.0	0.0

