1496917928607	-27.574903	-25.495153	25.867521

1496917928612	-27.525173	-25.494411	25.879929

1496917928616	-27.462915	-25.483744	25.90776

1496917928620	-27.391884	-25.474144	25.93281

1496917928624	-27.312954	-25.465504	25.955355

1496917928679	-27.241917	-25.465227	25.971478

1496917928683	-27.177984	-25.469978	25.98182

1496917928687	-27.122946	-25.486753	25.982796

1496917928691	-27.08091	-25.514353	25.971174

1496917928695	-27.05058	-25.539192	25.948214

1496917928699	-27.03078	-25.564045	25.90255

1496917928702	-27.027962	-25.586412	25.857286

1496917928706	-27.037926	-25.619045	25.812382

1496917928788	-27.059393	-25.645914	25.767801

1496917928792	-27.086212	-25.670095	25.711014

1496917928797	-27.12035	-25.691858	25.643236

1496917928801	-27.161074	-25.711445	25.56557

1496917928805	-27.207726	-25.749073	25.45817

1496917928811	-27.259712	-25.80294	25.32401

1496917928816	-27.314001	-25.883919	25.165768

1496917928826	-27.40036	-25.9768	24.973349

1496917928845	-27.515583	-26.080395	24.750172

1496917928855	-27.659285	-26.19363	24.499313

1496917928860	-27.836117	-26.30054	24.16104

1496917928869	-28.012762	-26.401762	23.744093

1496917928872	-28.189243	-26.49786	23.25634

1496917928875	-28.348076	-26.60435	22.70903

1496917928879	-28.491028	-26.720188	22.10812

1496917928882	-28.607183	-26.844442	21.458967

1496917928885	-28.684223	-26.976273	20.795563

1496917928889	-28.771059	-27.10992	20.119331

1496917928891	-28.849213	-27.245203	19.431555

1496917929133	-28.934551	-27.366957	18.737558

1496917929137	-29.013855	-27.481535	18.03796

1496917929140	-29.11773	-27.589657	17.333323

1496917929145	-29.243715	-27.699465	16.640816

1496917929149	-29.402103	-27.798292	15.959226

1496917929156	-29.604652	-27.882238	15.287461

1496917929159	-29.806946	-27.950289	14.620373

1496917929163	-30.00901	-28.019035	13.965826

1496917929167	-30.198368	-28.093405	13.322569

1496917929170	-30.38629	-28.172838	12.72697

1496917929174	-30.57292	-28.241829	12.165931

1496917929177	-30.770887	-28.28892	11.635996

1496917929181	-31.001558	-28.316301	11.113221

1496917929184	-31.261662	-28.325945	10.59689

1496917929187	-31.548254	-28.334623	10.094693

1496917929191	-31.856188	-28.334934	9.584382

1496917929194	-32.183327	-28.327715	9.066769

1496917929198	-32.527752	-28.29872	8.53425

1496917929201	-32.857735	-28.260122	8.0299835

1496917929204	-33.17472	-28.212883	7.5511436

1496917929208	-33.480007	-28.15787	7.0951877

1496917929211	-33.802265	-28.078356	6.6473274

1496917929214	-34.132298	-27.999294	6.206753

1496917929218	-34.469326	-27.920639	5.7727356

1496917929222	-34.80015	-27.84735	5.3404536

1496917929225	-35.127895	-27.766388	4.9263997

1496917929229	-35.452866	-27.678522	4.5287514

1496917929233	-35.747837	-27.586945	4.170868

1496917929237	-36.020813	-27.504524	3.848773

1496917929241	-36.26649	-27.452845	3.5672207

1496917929244	-36.4876	-27.421333	3.3554904

1496917929248	-36.679096	-27.405474	3.1565998

1496917929252	-36.851444	-27.391201	2.9775982

1496917929256	-36.966557	-27.378355	2.8081636

1496917929260	-37.03266	-27.369293	2.6848392

1496917929264	-37.052155	-27.376137	2.586347

1496917929267	-37.0297	-27.387299	2.510204

1496917929271	-36.966988	-27.402342	2.4666755

1496917929748	-36.863045	-27.418383	2.4191663

1496917929752	-36.7645	-27.45032	2.376408

1496917929756	-36.670807	-27.496561	2.3129258

1496917929760	-36.58399	-27.55818	2.2807915

1496917929763	-36.503345	-27.631136	2.2518706

1496917929767	-36.42827	-27.714296	2.238342

1496917929770	-36.3557	-27.80664	2.2261662

1496917929774	-36.28039	-27.902252	2.215208

1496917929778	-36.20261	-27.993301	2.201179

1496917929783	-36.12261	-28.080246	2.1718862

1496917929787	-36.008106	-28.160995	2.141356

1496917929791	-35.895054	-28.24367	2.1097121

1496917929795	-35.783306	-28.328077	2.089566

1496917929805	-35.682735	-28.411545	2.0714345

1496917929817	-35.56722	-28.494164	2.0592828

1496917929829	-35.438255	-28.568523	2.0483463

1496917929833	-35.297188	-28.642944	2.0510035

1496917929851	-35.150227	-28.702423	2.0575614

1496917929854	-35.03046	-28.755955	2.071797

1496917929873	-34.927673	-28.804132	2.0929422

1496917929888	-34.860165	-28.852495	2.1203065

1496917929892	-34.799408	-28.89352	2.1532676

1496917929895	-34.749725	-28.927942	2.1829326

1496917929898	-34.68001	-28.951422	2.2096312

1496917929901	-34.617268	-28.957554	2.2253265

1496917929904	-34.5583	-28.950573	2.2394524

1496917929908	-34.502728	-28.94429	2.2521656

1496917929911	-34.445213	-28.943634	2.2636075

1496917929915	-34.385952	-28.960545	2.3072386

1496917929919	-34.330116	-28.985764	2.3631732

1496917929922	-34.252365	-29.013462	2.430181

1496917929926	-34.18239	-29.04339	2.5071547

1496917929928	-34.119408	-29.070326	2.6097643

1496917929931	-34.067726	-29.107067	2.7354462

1496917929934	-34.03121	-29.140135	2.88606

1496917929937	-34.00085	-29.177395	3.0507789

1496917929941	-33.976025	-29.20593	3.211526

1496917929945	-33.953682	-29.231613	3.3686984

1496917929948	-33.933575	-29.247227	3.5101535

1496917929952	-33.912975	-29.256279	3.65413

1496917929955	-33.889435	-29.251926	3.7837086

1496917929958	-33.86325	-29.235508	3.9003294

1496917929962	-33.829685	-29.213232	3.9844549

1496917929965	-33.786976	-29.185684	4.0185013

1496917929968	-33.74854	-29.15589	4.049143

1496917929972	-33.713943	-29.116573	4.07672

1496917929976	-33.70031	-29.081192	4.1057067

1496917929980	-33.675537	-29.046848	4.1317945

1496917929983	-33.64324	-29.015938	4.1677732

1496917929987	-33.589176	-28.98812	4.212654

1496917929991	-33.520515	-28.96558	4.26138

1496917929995	-33.448723	-28.947796	4.342734

1496917929998	-33.37411	-28.93429	4.415952

1496917930003	-33.31446	-28.924637	4.4860153

1496917930006	-33.238274	-28.915947	4.5449057

1496917930010	-33.169704	-28.920626	4.597907

1496917930014	-33.097992	-28.922337	4.645608

1496917930018	-33.04595	-28.923878	4.6885386

1496917930023	-33.006615	-28.925262	4.768843

1496917930027	-32.98371	-28.941511	4.882784

1496917930031	-32.9756	-28.968634	5.031164

1496917930034	-32.9733	-29.005545	5.2230396

1496917930039	-32.98123	-29.051266	5.4207273

1496917930042	-32.98837	-29.092415	5.6236463

1496917930046	-32.994793	-29.134447	5.8062735

1496917930050	-32.990574	-29.157278	6.003971

1496917930053	-32.986774	-29.177826	6.198566

1496917930056	-32.983356	-29.193817	6.394534

1496917930060	-32.99028	-29.21071	6.583406

1496917930064	-33.00151	-29.213413	6.7492237

1496917930068	-33.029118	-29.203346	6.894293

1496917930072	-33.066467	-29.196785	6.991522

1496917930076	-33.10758	-29.18838	7.0790277

1496917930081	-33.15208	-29.180815	7.1536164

1496917930084	-33.182133	-29.174007	7.2582464

1496917930089	-33.20918	-29.18788	7.352413

1496917930092	-33.22602	-29.217865	7.4496636

1496917930096	-33.248676	-29.262352	7.5413556

1496917930100	-33.254066	-29.319891	7.6363783

1496917930103	-33.24892	-29.374176	7.734399

1496917930107	-33.219288	-29.425533	7.818451

1496917930111	-33.167618	-29.474255	7.9232645

1496917930115	-33.091114	-29.535604	8.017596

1496917930119	-33.014763	-29.590818	8.119162

1496917930123	-32.953545	-29.640512	8.202237

1496917931590	-32.90595	-29.665236	8.277005

1496917931595	-32.85311	-29.702486	8.32763

1496917931599	-32.78056	-29.751013	8.356525

1496917931604	-32.69776	-29.809687	8.365865

1496917931607	-32.618244	-29.867495	8.37427

1496917931612	-32.56418	-29.90702	8.398501

1496917931616	-32.52802	-29.932592	8.449476

1496917931620	-32.495476	-29.935608	8.51202

1496917931624	-32.44869	-29.953323	8.56831

1496917931629	-32.394077	-29.969265	8.618971

1496917931633	-32.332428	-29.983612	8.668732

1496917931636	-32.276943	-29.976526	8.73435

1496917931641	-32.222008	-29.955147	8.797574

1496917931644	-32.167564	-29.928406	8.866975

1496917931649	-32.101067	-29.89684	8.929436

1496917931653	-32.03372	-29.86843	8.993984

1496917931656	-31.968105	-29.842861	9.047911

1496917931661	-31.904053	-29.82235	9.104778

1496917931664	-31.846405	-29.81139	9.160126

1496917931667	-31.792025	-29.809025	9.209938

1496917931671	-31.740582	-29.819397	9.254769

1496917931674	-31.689281	-29.836231	9.265951

1496917931678	-31.643112	-29.858883	9.25518

1496917931681	-31.60406	-29.886768	9.207988

1496917931685	-31.573914	-29.919365	9.140513

1496917931689	-31.55178	-29.948702	9.046453

1496917931693	-31.534363	-29.975105	8.928466

1496917931698	-31.538687	-29.971369	8.801444

1496917931702	-31.562576	-29.940506	8.666291

1496917931705	-31.60908	-29.88273	8.532154

1496917931709	-31.675932	-29.800732	8.369763

1496917931713	-31.761099	-29.696932	8.181946

1496917931717	-31.862747	-29.568512	7.962909

1496917931723	-32.00173	-29.412935	7.68661

1496917931727	-32.171818	-29.232916	7.358774

1496917931731	-32.369896	-29.0309	6.9845552

1496917931735	-32.585667	-28.771582	6.514425

1496917931739	-32.807358	-28.470697	5.957974

1496917931743	-33.03438	-28.1324	5.323835

1496917931746	-33.238705	-27.800434	4.60311

1496917931749	-33.427593	-27.464165	3.8127906

1496917931752	-33.59009	-27.124022	2.9598365

1496917931755	-33.731342	-26.782894	2.1338444

1496917931759	-33.84847	-26.445879	1.3237848

1496917931763	-33.943882	-26.122566	0.5280644

1496917931767	-34.004753	-25.811584	-0.24225059

1496917931771	-34.03454	-25.5417	-0.93553406

1496917931775	-34.041344	-25.298805	-1.5511558

1496917931779	-34.01497	-25.0877	-2.0385485

1496917931783	-33.958733	-24.905205	-2.410535

1496917931786	-33.87062	-24.78346	-2.6869898

1496917931790	-33.771317	-24.74389	-2.723299

1496917931794	-33.664444	-24.778276	-2.543477

1496917931798	-33.55076	-24.879223	-2.1149707

1496917931803	-33.443443	-25.020075	-1.4668151

1496917931806	-33.33936	-25.196842	-0.75014174

1496917931810	-33.238182	-25.405931	0.028197587

1496917931815	-33.117123	-25.646612	0.72870296

1496917931819	-32.99317	-25.888226	1.4091578

1496917931823	-32.869114	-26.130678	2.0507338

1496917931826	-32.74496	-26.356386	2.6573188

1496917931829	-32.635723	-26.567022	3.2407453

1496917931834	-32.53741	-26.764095	3.6949959

1496917931844	-32.466427	-26.94146	4.1038213

1496917931850	-32.377544	-27.103586	4.471764

1496917931856	-32.30255	-27.2245	4.861246

1496917931862	-32.235058	-27.333324	5.228447

1496917931873	-32.18681	-27.431265	5.5672607

1496917931882	-32.14589	-27.521912	5.8805265

1496917931890	-32.111557	-27.608496	6.1624656

1496917931909	-32.07066	-27.69142	6.424544

1496917931914	-31.991352	-27.771053	6.668748

1496917931924	-31.889975	-27.870224	6.9260316

1496917931927	-31.771236	-27.986977	7.195087

1496917931930	-31.649372	-28.119555	7.4664035

1496917931934	-31.524694	-28.266375	7.7522545

1496917931937	-31.417484	-28.426014	8.0511875

1496917931939	-31.313496	-28.597187	8.370227

1496917931941	-31.219906	-28.758741	8.694862

1496917931943	-31.135674	-28.90414	9.016201

1496917931944	-31.082367	-29.035	9.334573

1496917931947	-31.06189	-29.142773	9.6377735

1496917931950	-31.05596	-29.22977	9.935655

1496917931952	-31.063124	-29.295568	10.228747

1496917931954	-31.06957	-29.332285	10.513365

1496917931956	-31.075373	-29.35283	10.777854

1496917931958	-31.073093	-29.353823	11.015894

1496917931961	-31.063543	-29.354715	11.23013

1496917931966	-31.057447	-29.350517	11.435442

1496917931969	-31.046963	-29.34174	11.641056

1496917931972	-31.037525	-29.328838	11.8511095

1496917931976	-31.019032	-29.31473	12.040157

1496917931979	-31.002388	-29.309532	12.1978

1496917931984	-30.98491	-29.307354	12.323011

1496917931988	-30.966677	-29.310392	12.435701

1496917931992	-30.94777	-29.313128	12.549623

1496917931995	-30.918251	-29.31559	12.664652

1496917931998	-30.894184	-29.317804	12.768179

1496917932002	-30.865025	-29.324799	12.836352

1496917932005	-30.83878	-29.338594	12.885209

1496917932009	-30.80766	-29.35101	12.912514

1496917932014	-30.777151	-29.362183	12.937087

1496917932017	-30.747196	-29.37224	12.9508705

1496917932020	-30.720236	-29.38629	12.979941

1496917932023	-30.705973	-29.401436	13.006105

1496917932026	-30.695633	-29.417568	13.03382

1496917932029	-30.686327	-29.437086	13.046264

1496917932033	-30.670452	-29.454653	13.057463

1496917932037	-30.648666	-29.480463	13.067541

1496917932040	-30.62156	-29.50369	13.076612

1496917932044	-30.592163	-29.532097	13.097276

1496917932049	-30.560705	-29.56016	13.115873

1496917932053	-30.527393	-29.597918	13.1409445

1496917932057	-30.489912	-29.6444	13.155175

1496917932061	-30.45368	-29.698732	13.167983

1496917932065	-30.418571	-29.755135	13.171177

1496917932069	-30.384472	-29.803396	13.174051

1496917932074	-30.331284	-29.84433	13.176638

1496917932077	-30.260914	-29.88367	13.187299

1496917932082	-30.175081	-29.931578	13.205227

1496917932085	-30.062832	-29.987194	13.254696

1496917932088	-29.926807	-30.042248	13.332551

1496917932092	-29.769386	-30.091797	13.42762

1496917932096	-29.605206	-30.13639	13.546516

1496917932099	-29.444944	-30.184027	13.686855

1496917932103	-29.28821	-30.239397	13.854828

1496917932108	-29.147148	-30.304232	14.014337

1496917932113	-29.020193	-30.377583	14.162061

1496917932118	-28.908434	-30.451097	14.299179

1496917932122	-28.812849	-30.534761	14.422586

1496917932125	-28.731825	-30.62756	14.533653

1496917932127	-28.671402	-30.736076	14.629446

1496917932132	-28.61952	-30.851242	14.703159

1496917932136	-28.575329	-30.954891	14.769502

1496917932140	-28.538055	-31.048176	14.829209

1496917932143	-28.51451	-31.127132	14.899612

1496917932146	-28.503317	-31.205692	14.975476

1496917932151	-28.503244	-31.273897	15.06042

1496917932155	-28.518179	-31.332783	15.153536

1496917932159	-28.546621	-31.373278	15.258174

1496917932163	-28.58722	-31.389723	15.381515

1496917932167	-28.643757	-31.394524	15.5008545

1496917932171	-28.70714	-31.398844	15.60826

1496917932174	-28.776686	-31.415234	15.700759

1496917932178	-28.846777	-31.439985	15.775675

1496917932182	-28.924858	-31.462261	15.834765

1496917932185	-29.010132	-31.47231	15.8837805

1496917932189	-29.134377	-31.461351	15.902894

1496917932194	-29.273697	-31.43149	15.915929

1496917932198	-29.419086	-31.394615	15.915161

1496917932202	-29.569937	-31.351429	15.91447

1496917932206	-29.7457	-31.30256	15.893015

1496917932209	-29.95139	-31.238579	15.852871

1496917932214	-30.16401	-31.173494	15.7792425

1496917932219	-30.382868	-31.10742	15.687976

1496917932224	-30.58734	-31.040453	15.601669

1496917932228	-30.793865	-30.952682	15.519827

1496917932232	-31.002237	-30.85619	15.4295025

1496917932236	-31.232273	-30.751846	15.31071

1496917932239	-31.456804	-30.647936	15.145464

1496917932243	-31.676382	-30.546917	14.93841

1496917932247	-31.891502	-30.448498	14.706227

1496917932251	-32.09011	-30.35992	14.443096

1496917932254	-32.27386	-30.280201	14.152111

