1495732315455	21.8125	-15.625	-24.6875

1495732315720	21.6875	-15.5	-24.3125

1495732315960	22.375	-15.875	-24.5

1495732315989	23.125	-15.3125	-24.0625

1495732316071	23.625	-15.5	-24.125

1495732316182	24.0	-15.5625	-24.8125

1495732316271	24.125	-15.75	-24.6875

1495732316372	23.75	-16.125	-24.9375

1495732316483	23.625	-15.8125	-25.25

1495732316578	23.1875	-15.125	-25.25

1495732316671	23.25	-14.75	-25.3125

1495732316771	23.625	-14.1875	-25.0625

1495732316883	23.5625	-14.125	-24.6875

1495732316972	23.875	-14.8125	-24.3125

1495732317082	23.3125	-15.0625	-23.6875

1495732317172	23.0625	-15.4375	-23.625

1495732317273	22.75	-15.6875	-24.0

1495732317373	22.4375	-16.0	-23.875

1495732317473	22.75	-15.8125	-24.125

1495732317573	22.8125	-16.3125	-24.5625

1495732317684	23.3125	-16.0	-24.4375

1495732317773	23.3125	-15.25	-24.3125

1495732317883	23.25	-15.625	-24.6875

1495732317974	23.25	-15.3125	-24.0625

1495732318083	23.3125	-15.375	-24.3125

1495732318175	23.1875	-15.9375	-24.125

1495732318275	23.1875	-15.8125	-23.6875

1495732318375	23.375	-16.0625	-24.0625

1495732318482	23.375	-15.75	-23.9375

1495732318575	24.1875	-15.6875	-24.625

1495732318682	24.75	-15.375	-25.0625

1495732318776	24.1875	-15.5	-24.9375

1495732318881	24.1875	-15.6875	-24.625

1495732318976	23.6875	-15.75	-24.5

1495732319080	22.9375	-15.875	-23.9375

1495732319176	23.125	-14.875	-23.9375

1495732319277	23.375	-14.875	-24.6875

1495732319378	23.1875	-14.0625	-24.4375

1495732319529	24.0625	-13.625	-24.9375

1495732319659	24.125	-13.6875	-25.3125

1495732319730	23.8125	-13.5625	-24.6875

1495732319949	23.75	-14.3125	-24.9375

1495732320049	23.0	-14.9375	-24.75

1495732320069	22.9375	-15.3125	-24.375

