1495237829228	-17.34	0.54	-23.52

1495237829322	-17.22	0.72	-23.88

1495237829419	-17.16	0.84	-24.12

1495237829518	-17.16	0.78	-24.18

1495237829627	-17.22	0.84	-24.0

1495237829719	-17.22	1.08	-23.94

1495237829821	-17.4	1.26	-24.0

1495237829919	-17.58	1.38	-24.12

1495237830021	-17.76	1.38	-24.12

1495237830120	-17.76	1.32	-23.94

1495237830219	-18.0	1.08	-23.82

1495237830319	-18.06	1.02	-23.88

1495237830430	-18.06	0.84	-23.7

1495237830519	-18.12	0.78	-24.06

1495237830626	-18.12	0.66	-24.12

1495237830734	-17.88	0.66	-24.12

1495237830819	-17.82	0.84	-24.24

1495237830919	-17.94	0.78	-24.36

1495237831022	-17.88	0.84	-24.36

1495237831119	-17.88	0.96	-24.36

1495237831219	-17.76	1.2	-24.6

1495237831319	-17.7	1.32	-24.24

1495237831419	-17.76	1.32	-24.06

1495237831520	-17.7	1.32	-24.12

1495237831623	-17.64	1.2	-23.94

1495237831719	-17.52	1.08	-23.76

1495237831820	-17.4	1.2	-23.58

1495237831920	-17.28	1.44	-23.76

1495237832019	-17.7	1.38	-23.88

1495237832121	-17.7	1.2	-23.82

1495237832219	-17.76	1.2	-23.94

1495237832319	-17.82	1.02	-23.94

1495237832421	-17.94	1.14	-24.24

1495237832519	-18.0	1.26	-24.48

1495237832618	-17.94	1.2	-24.6

1495237832719	-18.18	1.38	-24.42

1495237832846	-18.0	1.5	-24.18

1495237832919	-17.88	1.38	-24.42

1495237833021	-18.0	1.44	-24.54

1495237833119	-18.0	1.56	-24.72

1495237833219	-18.0	1.68	-24.78

1495237833321	-18.12	1.56	-24.54

1495237833427	-18.3	1.74	-24.66

1495237833519	-18.0	1.74	-24.66

1495237833621	-18.12	1.68	-24.84

1495237833720	-17.88	1.62	-24.78

1495237833820	-17.58	1.68	-24.72

1495237833921	-17.7	1.68	-24.72

1495237834019	-17.76	1.62	-24.66

1495237834119	-17.7	1.8	-24.72

