1495415807880	-24.18	6.96	-24.18

1495415807979	-24.18	7.14	-24.12

1495415808079	-24.24	7.08	-24.18

1495415808180	-24.06	7.38	-24.0

1495415808282	-24.24	7.26	-23.88

1495415808380	-24.36	7.2	-24.06

1495415808479	-24.48	7.2	-24.06

1495415808580	-24.48	7.26	-24.06

1495415808680	-24.3	7.26	-23.82

1495415808780	-24.06	7.44	-23.76

1495415808880	-24.0	7.38	-23.64

1495415808980	-24.06	7.5	-23.94

1495415809079	-23.88	7.56	-23.94

1495415809181	-23.82	7.5	-23.76

1495415809281	-23.58	7.32	-23.88

1495415809380	-23.46	7.08	-23.82

1495415809480	-23.7	7.08	-24.06

1495415809597	-23.82	6.66	-23.94

1495415809680	-23.76	6.66	-24.06

1495415809787	-24.06	6.66	-23.88

1495415809889	-24.06	6.72	-23.82

1495415809980	-24.12	6.72	-24.06

1495415810080	-24.36	7.02	-24.0

1495415810182	-24.3	7.2	-24.18

1495415810279	-24.3	7.26	-24.12

1495415810382	-24.36	7.32	-24.18

1495415810482	-24.36	7.44	-24.06

1495415810579	-24.18	7.26	-24.0

1495415810680	-24.12	7.32	-23.82

1495415810779	-24.18	7.38	-23.7

1495415810879	-23.94	7.2	-23.82

1495415810980	-24.12	7.2	-23.64

1495415811079	-24.12	7.2	-23.76

1495415811179	-24.06	7.26	-23.76

1495415811280	-24.06	7.26	-23.64

1495415811380	-24.06	7.5	-23.7

1495415811480	-24.3	7.32	-23.76

1495415811580	-24.18	7.2	-23.7

1495415811680	-24.42	7.26	-23.76

1495415811780	-24.3	6.96	-23.76

1495415811879	-24.18	6.96	-23.76

1495415811979	-24.3	7.02	-24.12

1495415812080	-24.36	7.08	-24.18

1495415812179	-24.3	6.96	-24.48

1495415812279	-24.0	7.14	-24.42

1495415812380	-23.94	7.08	-24.54

1495415812483	-23.94	6.9	-24.48

1495415812579	-23.7	7.08	-24.3

1495415812782	-23.64	7.14	-23.76

