1495988678159	0.814	4.434	1.541

1495988678160	0.814	5.966	1.541

1495988678171	1.158	7.843	0.89

1495988678178	1.245	8.791	0.421

1495988678178	0.881	10.372	0.679

1495988678179	0.881	10.372	1.168

1495988678181	0.727	11.703	1.35

1495988678186	3.84	5.324	1.953

1495988678187	3.84	5.324	1.953

1495988678190	3.84	5.324	1.953

1495988678197	2.815	4.884	0.785

1495988678198	1.369	6.953	0.622

1495988678247	1.369	6.953	0.622

1495988678250	1.369	6.953	0.622

1495988678266	-0.727	10.649	4.865

1495988678268	-0.727	10.649	4.865

1495988678269	-0.785	14.796	2.212

1495988678270	1.12	13.072	-6.617

1495988678274	1.12	13.072	-6.617

1495988678275	1.12	13.072	-6.617

1495988678281	-1.034	17.937	-2.164

1495988678283	-1.034	17.937	-2.164

1495988678284	-2.394	19.614	-1.149

1495988678285	-2.394	19.614	-1.149

1495988678286	0.411	19.614	-2.279

1495988678287	0.411	19.614	-2.279

1495988678288	5.334	11.636	1.388

1495988678289	5.334	11.636	1.388

1495988678291	1.168	9.328	1.235

1495988678295	1.168	9.328	1.235

1495988678296	-0.373	11.243	-1.532

1495988678306	-1.656	13.235	-3.198

1495988678307	-1.656	13.235	-3.198

1495988678308	-3.045	12.258	-6.483

1495988678309	-3.629	10.199	-6.857

1495988678313	-3.83	7.891	-4.003

1495988678314	-3.917	5.171	-1.503

1495988678317	-3.17	3.84	-0.047

1495988678318	-2.02	3.735	0.268

1495988678319	-2.02	3.735	0.268

1495988678336	-1.886	5.018	0.967

1495988678348	-1.245	6.292	-0.842

1495988678349	0.143	6.723	-2.193

1495988678350	1.245	6.742	-2.106

1495988678354	2.375	6.732	-1.091

1495988678355	3.141	6.972	0.153

1495988678356	4.386	7.661	2.078

1495988678357	5.344	9.155	4.099

1495988678358	3.639	9.921	2.834

1495988678360	0.622	8.686	-0.143

1495988678361	-0.028	8.696	0.191

1495988678362	-0.028	8.696	0.191

1495988678363	-0.105	8.763	-0.363

1495988678367	-0.344	8.59	-2.423

1495988678378	0.584	8.044	-2.518

1495988678380	1.484	8.178	-2.269

1495988678381	2.652	8.59	-2.269

1495988678382	3.61	8.638	-2.767

1495988678383	4.213	8.226	-2.968

1495988678393	4.635	7.652	-2.193

1495988678394	4.491	7.518	-0.708

1495988678395	3.984	7.805	0.852

1495988678396	3.945	8.83	1.292

1495988678403	3.84	9.241	0.67

1495988678405	3.246	8.801	1.312

1495988678415	2.557	8.169	2.873

1495988678422	2.336	7.422	4.137

1495988678434	2.097	7.374	4.654

1495988678446	1.12	8.092	3.668

1495988678458	-0.105	9.672	2.901

1495988678470	-1.934	12.622	2.518

1495988678474	-1.982	15.639	2.087

1495988678482	-2.279	18.368	0.373

1495988678498	-8.37	19.614	-3.083

1495988678513	-11.808	19.614	-1.388

1495988678522	-14.509	19.614	3.179

1495988678534	-9.433	14.729	3.026

1495988678548	-5.363	12.124	1.838

1495988678559	-1.647	10.678	1.838

1495988678563	0.603	11.339	1.589

1495988678573	2.528	12.967	0.603

1495988678582	3.85	15.036	-0.038

1495988678597	5.075	16.06	-0.191

1495988678602	5.526	15.304	0.718

1495988678613	3.821	12.325	2.739

1495988678623	2.231	9.73	4.328

1495988678634	1.532	8.389	4.702

1495988678645	1.723	7.422	3.907

1495988678653	2.059	6.924	2.413

1495988678664	1.283	5.19	2.164

1495988678673	-0.019	3.955	2.585

1495988678682	-0.593	3.696	3.102

1495988678695	-0.258	3.687	2.844

1495988678701	0.421	3.907	2.25

1495988678713	0.641	4.309	1.264

1495988678722	0.871	4.874	0.718

1495988678736	0.986	6.024	0.689

1495988678753	1.541	6.579	0.708

1495988678760	2.068	7.259	0.737

1495988678777	2.221	7.489	0.67

1495988678778	2.317	7.269	1.407

1495988678782	2.528	7.364	1.628

1495988678796	2.844	7.69	1.369

1495988678802	2.604	8.159	1.656

1495988678813	2.643	8.916	1.867

1495988678822	3.198	10.276	1.187

1495988678835	3.16	10.889	1.359

1495988678849	2.853	10.879	1.733

1495988678853	2.748	10.755	1.771

1495988678862	2.557	10.324	1.953

1495988678872	2.279	9.826	2.317

1495988678882	2.193	9.596	2.806

1495988678897	2.221	9.5	3.217

1495988678901	2.126	9.519	3.476

1495988678913	1.886	9.921	3.399

1495988678923	1.752	10.726	2.968

1495988678932	0.775	11.377	2.116

1495988678945	-0.325	12.402	0.804

1495988678953	-1.781	14.882	0.306

1495988678962	-2.126	17.746	-3.007

1495988678972	-2.145	18.33	-5.478

1495988678985	-3.735	14.739	-0.9

1495988679004	-4.348	7.537	3.964

1495988679015	-4.462	6.129	3.964

1495988679024	-2.183	6.885	-3.361

1495988679046	-0.976	8.581	-3.773

1495988679047	-0.019	9.289	-2.719

1495988679052	0.89	10.573	-2.154

1495988679062	1.417	11.712	-2.183

1495988679074	0.976	11.837	-2.097

1495988679082	0.22	11.923	-2.346

1495988679094	-0.268	11.799	-2.892

1495988679101	-0.21	11.818	-3.246

1495988679115	0.028	10.755	-2.604

1495988679122	-0.21	9.299	-2.413

1495988679132	0.086	9.174	-1.8

1495988679151	-0.143	9.222	-1.168

1495988679162	-0.344	10.094	-1.139

1495988679172	0.162	10.075	-0.555

1495988679182	0.469	9.605	0.076

1495988679197	0.747	9.107	0.105

1495988679202	0.679	8.858	-0.287

1495988679214	0.507	8.724	-0.22

1495988679228	0.402	8.188	-0.316

1495988679232	0.478	7.767	-0.105

1495988679249	0.478	7.623	0.526

1495988679253	0.823	7.441	0.928

1495988679262	1.666	7.479	1.158

1495988679272	1.723	7.441	1.187

1495988679282	1.848	7.537	1.216

1495988679295	1.762	7.556	1.618

1495988679301	1.733	7.527	1.81

1495988679313	1.283	7.46	1.513

1495988679322	0.976	7.498	1.771

1495988679332	0.181	6.905	1.561

1495988679345	0.201	5.593	1.187

1495988679353	0.641	4.836	0.689

1495988679363	0.881	4.434	0.249

1495988679372	0.9	4.309	-0.354

1495988679383	0.785	4.376	-0.411

1495988679394	0.948	4.836	-0.574

1495988679403	0.976	5.822	-0.708

1495988679412	1.13	6.771	-0.928

1495988679422	1.608	7.556	-1.206

1495988679432	2.011	7.853	-1.225

1495988679447	2.739	8.054	-0.373

1495988679452	2.796	7.537	0.976

1495988679462	2.106	7.575	0.344

1495988679473	2.394	8.207	-1.024

1495988679482	2.327	8.504	-0.134

1495988679493	1.541	8.964	1.561

1495988679502	3.648	9.5	8.437

1495988679513	5.363	12.68	6.627

1495988679522	3.591	16.185	3.668

1495988679533	2.279	17.842	1.867

1495988679545	1.647	18.905	-1.628

1495988679556	0.603	19.614	-2.336

1495988679563	-2.576	19.614	-0.114

1495988679582	-5.296	19.614	1.656

1495988679583	-4.807	17.123	2.585

1495988679595	-2.988	13.685	2.537

1495988679602	-2.279	11.942	1.752

1495988679616	-2.423	10.621	2.193

1495988679622	-2.212	9.969	2.059

1495988679632	-0.43	9.759	0.775

1495988679644	1.264	9.969	-0.44

1495988679656	2.892	10.103	-1.139

1495988679667	3.342	9.615	-0.105

1495988679672	3.763	8.925	1.532

1495988679682	3.83	8.178	2.739

1495988679694	3.955	7.7	3.629

1495988679701	3.974	6.991	3.85

1495988679712	4.529	6.014	3.265

1495988679722	5.64	4.932	2.585

1495988679733	6.033	4.156	1.992

1495988679750	5.621	3.189	2.154

1495988679754	4.865	2.911	2.001

1495988679763	4.041	2.767	2.164

1495988679775	3.658	2.662	3.246

1495988679782	2.643	2.231	4.137

1495988679795	1.925	2.097	3.83

1495988679802	1.762	3.16	3.246

1495988679812	1.158	5.995	3.035

1495988679822	0.823	8.303	2.135

1495988679832	1.225	9.615	0.249

1495988679844	2.365	10.237	-1.407

1495988679870	2.461	10.707	-1.465

1495988679872	1.494	10.046	-0.258

1495988679874	0.392	9.73	0.105

1495988679882	-0.44	9.356	-0.478

1495988679896	0.009	7.91	-0.708

1495988679901	0.21	6.052	0.402

1495988679912	-0.517	5.142	2.413

1495988679922	-1.388	7.029	5.535

1495988679932	-3.122	11.109	2.672

1495988679944	-3.083	13.446	-1.886

1495988679964	-2.662	14.222	-4.405

1495988679965	-3.802	14.911	-5.411

1495988679972	-4.941	15.831	-6.684

1495988679982	-4.846	16.846	-6.924

1495988679994	-4.424	19.614	0.363

1495988680003	-2.059	19.614	2.901

1495988680013	6.158	19.614	0.948

1495988680022	8.37	17.037	-1.733

1495988680033	6.991	11.856	-2.049

1495988680052	4.539	9.759	-1.024

1495988680072	2.288	13.331	0.086

1495988680073	1.235	14.624	-0.421

1495988680082	0.229	14.806	-1.522

1495988680095	-0.909	13.886	-3.227

1495988680101	-1.982	12.344	-4.386

1495988680112	-2.03	10.142	-4.798

1495988680123	-2.154	7.891	-4.357

1495988680133	-2.193	5.468	-3.17

1495988680147	-1.905	3.993	-1.685

1495988680153	-1.838	3.141	0.0

1495988680162	-1.944	2.499	2.135

1495988680172	-1.963	3.399	3.064

1495988680183	-0.996	5.602	2.279

1495988680197	0.498	6.761	1.503

1495988680203	1.838	7.221	1.024

1495988680213	1.972	7.278	0.392

1495988680225	1.915	7.182	0.756

1495988680232	2.327	7.173	3.035

1495988680247	1.771	7.738	1.972

1495988680252	2.106	8.437	1.685

1495988680262	1.934	8.935	1.206

1495988680272	1.426	8.973	1.177

1495988680282	1.072	8.791	1.494

1495988680295	0.584	8.561	1.206

1495988680303	0.335	8.092	-0.134

1495988680312	0.143	7.68	-2.068

1495988680323	1.168	7.46	-3.648

1495988680335	2.135	7.087	-4.874

1495988680355	2.557	6.847	-4.951

1495988680363	2.537	7.393	-2.097

1495988680372	1.992	7.47	-1.273

1495988680382	1.063	7.68	-0.766

1495988680394	0.545	8.265	-1.177

1495988680402	2.174	9.538	2.097

1495988680412	4.175	9.95	9.663

1495988680422	7.096	11.511	11.492

1495988680432	5.688	12.967	6.55

1495988680445	2.48	13.197	2.557

1495988680453	-0.325	12.479	0.584

1495988680462	-1.168	11.971	1.589

1495988680472	-1.283	12.459	2.576

1495988680484	-2.892	16.75	0.44

1495988680500	-4.271	18.56	-0.086

1495988680502	-5.66	18.263	-0.095

1495988680514	-6.55	15.725	-0.258

1495988680536	-4.597	13.293	0.402

1495988680539	-3.399	12.22	0.679

1495988680546	-2.394	12.067	0.986

1495988680552	-1.905	11.55	1.005

1495988680562	-0.411	11.329	0.306

1495988680572	1.848	11.291	-0.507

1495988680582	3.256	10.477	-0.699

1495988680595	4.386	9.423	0.143

1495988680606	4.031	8.178	1.762

1495988680613	3.629	7.23	3.208

1495988680626	4.472	7.106	4.137

1495988680632	5.765	7.441	4.989

1495988680648	5.851	7.431	5.411

1495988680652	5.458	7.297	4.702

1495988680662	4.711	6.933	2.901

1495988680673	4.127	6.062	1.723

1495988680682	3.457	5.516	1.321

1495988680695	3.447	4.769	1.905

1495988680701	3.572	4.376	2.135

1495988680712	3.409	4.166	2.241

1495988680723	2.308	4.223	2.796

1495988680732	1.379	4.223	2.748

1495988680747	0.498	7.067	1.149

1495988680755	0.45	7.757	-0.526

1495988680763	0.603	7.862	-1.321

1495988680773	0.43	7.939	-1.407

1495988680783	-0.507	8.14	-0.909

1495988680804	-1.838	9.682	0.823

1495988680814	-1.723	9.874	0.967

1495988680837	-0.565	9.356	0.718

1495988680842	1.685	8.447	1.005

1495988680845	3.198	7.546	1.043

1495988680853	3.763	6.962	0.909

1495988680862	3.601	6.205	0.574

1495988680872	2.604	5.995	1.082

1495988680882	1.484	6.273	2.442

1495988680917	1.245	7.767	3.629

1495988680919	-0.622	11.195	4.443

1495988680921	-1.494	16.06	0.459

1495988680923	-1.551	16.405	-2.691

1495988680932	-1.867	14.356	-4.51

1495988680945	-3.074	13.561	-4.549

1495988680952	-3.189	13.724	-4.338

1495988680963	-3.361	15.285	-4.271

1495988680972	-3.735	18.196	-3.457

1495988680982	1.12	19.614	-2.135

1495988680994	8.724	19.575	0.287

1495988681002	10.352	15.131	4.051

1495988681012	5.181	10.237	5.401

1495988681023	0.249	11.032	1.618

1495988681032	-1.676	12.411	-1.972

1495988681046	-0.861	13.848	-1.877

1495988681058	-1.35	14.04	-3.361

1495988681064	-1.704	13.283	-5.162

1495988681084	-2.451	10.889	-6.205

1495988681085	-3.112	8.198	-5.784

1495988681095	-3.878	5.698	-4.625

1495988681101	-3.419	2.94	-4.118

1495988681112	-2.327	2.719	-2.02

1495988681122	-2.777	6.071	0.708

1495988681132	-2.758	8.054	0.689

1495988681147	0.603	8.025	0.612

1495988681155	3.016	6.991	0.306

1495988681163	3.419	6.119	-0.421

1495988681202	1.963	6.675	-0.201

1495988681203	1.359	8.073	0.201

1495988681204	2.145	9.002	2.432

1495988681204	2.25	9.452	4.146

1495988681212	1.245	9.739	4.146

1495988681222	0.296	9.711	-0.019

1495988681234	-0.153	8.418	0.0

1495988681246	-0.507	7.642	-0.21

1495988681252	-1.12	6.876	-0.842

1495988681262	-1.867	6.158	-0.996

1495988681272	-1.905	5.832	-0.938

1495988681282	-1.082	5.305	-0.823

1495988681300	-0.699	5.123	-1.005

1495988681303	-0.114	4.855	-1.388

1495988681313	0.727	5.267	-2.02

1495988681322	1.484	6.014	-2.566

1495988681332	2.087	6.665	-2.892

1495988681348	2.365	7.163	-2.49

1495988681353	2.662	7.441	-1.934

1495988681362	3.16	7.556	-1.312

1495988681372	4.051	7.786	-1.053

1495988681382	5.736	8.13	-0.545

1495988681394	6.78	8.782	-1.474

1495988681402	6.914	9.672	5.554

1495988681412	7.479	10.372	11.645

1495988681422	5.822	11.176	9.136

1495988681432	2.413	12.21	4.874

1495988681454	0.392	13.704	3.754

1495988681460	-0.66	15.38	3.802

1495988681476	-1.704	17.861	-1.455

1495988681477	-0.584	19.614	-1.245

1495988681482	-2.892	17.353	0.296

1495988681496	-3.696	14.116	2.231

1495988681501	-3.696	13.542	2.873

1495988681512	-3.122	14.126	3.064

1495988681522	-2.786	14.882	2.873

1495988681532	-2.298	14.011	2.078

1495988681546	-2.298	11.233	1.714

1495988681552	-0.948	10.333	0.67

1495988681563	0.143	9.653	0.392

1495988681572	1.015	9.174	0.651

1495988681582	3.38	9.462	1.034

1495988681600	4.769	9.778	1.522

1495988681611	5.238	9.586	2.202

1495988681614	5.047	8.925	2.346

1495988681624	4.185	8.044	1.934

1495988681635	3.888	7.288	1.283

1495988681645	3.859	6.311	0.708

1495988681652	4.223	5.267	0.593

1495988681662	4.271	4.453	1.426

1495988681672	3.897	4.031	2.461

1495988681682	3.112	3.945	3.294

1495988681695	2.097	4.769	3.122

1495988681712	0.842	5.64	2.566

1495988681722	0.909	7.087	2.221

1495988681732	1.398	7.326	1.465

1495988681745	2.202	7.604	1.216

1495988681752	3.064	8.59	1.723

1495988681762	3.763	9.835	1.963

1495988681772	3.696	10.19	1.762

1495988681782	3.428	10.094	1.398

1495988681798	2.94	9.739	1.158

1495988681802	2.442	9.194	0.852

1495988681824	2.509	8.466	0.249

1495988681827	2.71	7.853	-0.086

1495988681832	2.499	7.632	0.9

1495988681846	2.241	7.585	2.691

1495988681852	1.704	7.613	3.648

1495988681862	0.766	7.661	1.685

1495988681872	0.268	7.824	-1.494

1495988681882	0.067	7.527	-2.93

1495988681899	-0.612	6.885	-2.93

1495988681903	-2.097	6.196	-0.469

1495988681914	-3.715	6.78	2.279

1495988681926	-3.974	8.198	4.865

1495988681932	-3.955	10.419	5.056

1495988681945	-0.823	12.086	-0.239

1495988681953	-1.685	12.986	-1.101

1495988681962	-1.446	13.867	-3.725

1495988681972	-0.814	12.986	-5.554

1495988681984	-0.89	11.99	-4.654

1495988681999	-1.608	11.578	-2.633

1495988682007	-1.762	13.321	-1.877

1495988682014	0.996	16.539	-5.717

1495988682034	2.336	19.24	-6.704

1495988682037	2.327	19.614	-4.166

1495988682045	2.135	19.537	-1.676

1495988682052	2.346	16.443	-0.258

1495988682062	3.208	12.795	1.637

1495988682072	2.739	11.205	2.087

1495988682082	0.679	12.297	2.375

1495988682096	-1.915	13.465	1.158

1495988682116	-2.844	14.241	-2.308

1495988682120	-4.156	14.71	-6.972

1495988682123	-5.229	12.718	-7.901

1495988682132	-6.225	9.672	-7.853

1495988682145	-6.742	6.311	-5.899

1495988682152	-6.32	3.572	-2.02

1495988682162	-6.991	2.949	0.047

1495988682172	-6.129	6.234	1.407

1495988682182	-4.041	8.121	0.632

1495988682195	-1.992	7.767	-0.967

1495988682202	1.532	6.636	-0.593

1495988682212	2.298	6.799	-0.43

1495988682222	2.461	6.905	-0.162

1495988682232	2.729	7.067	-0.028

1495988682246	3.064	7.211	0.076

1495988682258	3.304	7.211	0.162

1495988682264	3.055	6.866	0.047

1495988682274	2.672	6.55	0.172

1495988682283	2.959	6.368	0.411

1495988682294	3.323	6.368	0.861

1495988682302	2.949	6.138	1.149

1495988682312	2.154	6.186	0.957

1495988682322	1.465	7.039	0.114

1495988682332	0.957	7.47	-0.689

1495988682356	0.852	7.69	-1.666

1495988682370	1.235	8.15	-2.604

1495988682376	1.704	8.485	-2.566

1495988682400	1.992	8.38	-1.925

1495988682402	2.039	7.968	-0.507

1495988682403	2.02	7.805	1.187

1495988682412	2.547	8.447	1.695

1495988682422	3.265	9.174	0.957

1495988682432	2.825	8.954	0.689

1495988682445	2.346	6.895	1.972

1495988682452	0.996	5.229	3.016

1495988682462	0.249	5.018	3.524

1495988682472	0.181	6.32	3.505

1495988682482	-0.153	8.169	3.706

1495988682495	-0.976	11.435	3.917

1495988682502	-1.139	16.683	3.562

1495988682512	-1.637	19.46	-0.392

1495988682522	-4.271	19.614	-4.118

1495988682532	-7.575	19.614	-6.493

1495988682546	-10.123	19.614	-2.451

1495988682558	-12.143	19.614	1.513

1495988682583	-12.909	19.614	2.02

1495988682584	-10.822	18.474	2.604

1495988682585	-7.728	15.371	3.093

1495988682594	-4.003	12.881	3.543

1495988682602	-1.12	12.632	2.815

1495988682612	1.005	14.107	2.02

1495988682622	3.026	15.38	1.618

1495988682632	6.617	17.143	1.58

1495988682657	6.062	15.285	3.122

1495988682678	0.986	9.395	4.367

1495988682680	0.804	7.862	2.643

1495988682682	1.704	7.364	2.039

1495988682694	1.446	7.23	2.288

1495988682702	-0.296	6.713	2.221

1495988682713	0.057	5.909	2.135

1495988682722	0.402	4.922	1.714

1495988682735	-0.067	4.453	0.861

