1495958844245	-3.0	26.64	-24.78

1495958844344	-3.06	27.0	-24.84

1495958844444	-2.94	26.88	-25.02

1495958844552	-2.88	26.58	-25.32

1495958844644	-2.88	26.46	-25.8

1495958844753	-2.94	26.4	-26.04

1495958844844	-2.82	26.34	-26.28

1495958844945	-2.88	26.4	-26.4

1495958845044	-2.88	26.4	-26.34

1495958845144	-2.94	26.4	-25.86

1495958845245	-2.94	26.28	-26.16

1495958845344	-2.88	26.16	-26.28

1495958845444	-2.94	26.16	-25.86

1495958845545	-2.76	25.62	-25.98

1495958845656	-2.82	25.56	-26.16

1495958845745	-2.94	25.26	-26.04

1495958845844	-3.06	25.14	-25.86

1495958845946	-3.24	25.62	-25.68

1495958846044	-3.24	25.8	-25.56

1495958846144	-3.42	25.56	-25.44

1495958846247	-3.54	25.5	-25.56

1495958846344	-3.48	25.2	-25.86

1495958846445	-3.54	24.78	-25.86

1495958846544	-3.78	24.9	-25.98

1495958846644	-4.26	25.2	-25.68

1495958846744	-4.26	25.68	-25.2

1495958846845	-4.32	26.22	-25.14

1495958846945	-4.2	26.58	-25.26

1495958847045	-4.92	26.58	-25.14

1495958847144	-4.68	26.82	-25.32

1495958847245	-4.38	26.76	-25.62

1495958847344	-4.32	26.94	-25.5

1495958847444	-4.38	26.88	-25.44

1495958847544	-4.26	26.76	-25.56

1495958847644	-4.32	26.64	-25.32

1495958847749	-4.14	26.7	-25.44

1495958847845	-4.14	26.7	-25.26

1495958847946	-4.26	26.7	-25.32

1495958848044	-4.26	26.34	-25.8

1495958848144	-3.9	25.98	-26.28

1495958848258	-3.66	25.98	-26.58

1495958848344	-3.54	25.98	-26.46

1495958848444	-3.42	26.04	-26.7

1495958848544	-3.24	25.86	-26.58

1495958848644	-3.18	25.68	-26.94

1495958848744	-3.36	25.5	-26.88

1495958848844	-3.18	25.56	-27.24

1495958848947	-3.42	25.62	-27.3

1495958849048	-3.72	25.68	-27.18

1495958849144	-3.9	25.62	-27.24

