1495897768893	0.632	-9.308	2.097

1495897768898	0.632	-9.308	2.097

1495897770052	-1.292	-8.389	4.175

1495897770065	-1.426	-8.456	4.137

1495897770074	-1.503	-8.466	4.031

1495897770097	-1.513	-8.322	3.907

1495897770098	-1.513	-8.13	3.782

1495897770106	-1.436	-7.872	3.744

1495897770112	-1.388	-7.671	3.85

1495897770125	-1.302	-7.537	3.945

1495897770132	-1.254	-7.498	3.907

1495897770145	-1.34	-7.47	3.782

1495897770152	-1.359	-7.489	3.61

1495897770165	-1.398	-7.537	3.505

1495897770172	-1.541	-7.604	3.371

1495897770197	-1.628	-7.69	3.227

1495897770200	-1.599	-7.747	3.083

1495897770207	-1.455	-7.767	3.131

1495897770213	-1.398	-7.767	3.035

1495897770226	-1.139	-7.814	2.853

1495897770239	-0.967	-7.661	2.796

1495897770265	-0.756	-7.585	2.853

1495897770268	-0.373	-7.537	2.719

1495897770270	-0.105	-7.489	2.48

1495897770276	0.076	-7.47	2.432

1495897770286	0.134	-7.451	2.47

1495897770293	0.134	-7.393	2.547

1495897770302	0.095	-7.336	2.624

1495897770317	0.105	-7.336	2.681

1495897770322	0.172	-7.288	2.729

1495897770332	0.306	-7.288	2.691

1495897770342	0.469	-7.211	2.672

1495897770352	0.651	-7.202	2.643

1495897770362	0.861	-7.125	2.595

1495897770375	1.005	-7.058	2.585

1495897770383	1.024	-6.933	2.509

1495897770392	1.034	-6.761	2.432

1495897770402	1.063	-6.751	2.423

1495897770412	1.091	-6.78	2.413

1495897770424	1.225	-6.953	2.432

1495897770434	1.225	-6.953	2.48

1495897770443	1.474	-7.556	2.729

1495897770490	1.771	-7.479	4.386

1495897770494	2.796	-7.575	6.981

1495897770498	3.878	-9.308	6.426

1495897770503	2.566	-14.011	3.237

1495897770509	1.407	-17.966	1.972

1495897770511	1.599	-17.784	-1.484

1495897770513	0.191	-16.779	-4.099

1495897770532	-1.312	-16.137	-4.06

1495897770533	-1.666	-15.821	-2.308

1495897770542	-1.637	-15.543	0.536

1495897770552	-2.174	-16.175	3.878

1495897770563	-2.499	-17.363	6.158

1495897770572	-2.183	-17.372	6.311

1495897770583	-1.522	-16.003	5.65

1495897770593	-1.13	-13.963	5.028

1495897770602	-1.034	-12.287	4.108

1495897770612	-1.589	-11.76	3.495

1495897770622	-2.078	-11.645	3.802

1495897770636	-2.288	-11.339	2.011

1495897770642	-2.288	-10.707	2.011

1495897770652	-3.208	-9.931	0.009

1495897770662	-3.007	-8.485	-0.038

1495897770672	-2.595	-7.891	0.316

1495897770683	-2.279	-8.111	0.938

1495897770693	-1.771	-8.782	1.618

1495897770702	-1.216	-9.538	2.116

1495897770712	-0.622	-10.228	2.384

1495897770761	-0.181	-10.678	2.767

1495897770762	0.239	-10.764	3.16

1495897770763	0.536	-10.554	3.064

1495897770764	0.574	-9.797	2.729

1495897770766	0.699	-9.031	2.595

1495897770775	0.909	-8.533	2.499

1495897770786	1.034	-8.303	2.355

1495897770793	1.12	-8.418	2.25

1495897770806	1.072	-8.734	2.288

1495897770812	0.909	-9.165	2.451

1495897770822	0.727	-9.759	2.595

1495897770833	0.469	-10.218	2.403

1495897770842	0.019	-10.506	2.365

1495897770854	-0.459	-10.573	2.241

1495897770862	-0.804	-10.429	2.231

1495897770872	-1.13	-9.615	2.269

1495897770883	-1.015	-9.261	2.193

1495897770892	-0.861	-9.05	1.953

1495897770903	-0.766	-8.983	1.781

1495897770915	-0.708	-9.05	1.896

1495897770922	-0.785	-9.136	2.001

1495897770932	-0.871	-9.232	2.039

1495897770946	-0.976	-9.27	2.135

1495897770952	-1.034	-9.308	2.212

1495897770963	-1.053	-9.328	2.288

1495897770973	-1.024	-9.337	2.394

1495897770984	-0.938	-9.356	2.48

1495897770993	-0.804	-9.414	2.365

1495897771003	-0.622	-9.328	2.212

1495897771013	-0.478	-9.184	2.106

1495897771023	-0.45	-9.069	1.905

1495897771032	-0.44	-8.964	1.743

1495897771042	-0.517	-8.897	1.656

1495897771052	-0.555	-8.81	1.685

1495897771062	-0.679	-8.839	1.829

1495897771072	-0.699	-8.83	1.963

1495897771085	-0.66	-8.906	1.953

1495897771112	-0.593	-9.031	1.896

1495897771114	-0.478	-9.088	1.8

1495897771118	-0.335	-9.232	1.733

1495897771123	-0.172	-9.423	1.752

1495897771139	-0.038	-9.596	1.819

1495897771143	0.086	-9.739	1.963

1495897771152	0.181	-9.883	2.097

1495897771169	0.258	-9.95	2.26

1495897771174	0.22	-10.017	2.47

1495897771184	0.114	-9.998	2.442

1495897771192	-0.057	-10.056	2.221

1495897771202	-0.287	-9.96	1.848

1495897771212	-0.498	-9.826	1.561

1495897771223	-0.641	-9.577	1.369

1495897771234	-0.641	-9.462	1.283

1495897771243	-0.689	-9.462	1.177

1495897771263	-0.603	-9.49	1.216

1495897771264	-0.277	-9.577	1.369

1495897771272	-0.277	-9.797	1.369

1495897771284	-0.124	-9.845	1.474

1495897771292	-0.191	-9.845	1.494

1495897771302	-0.325	-9.577	1.474

1495897771312	-0.459	-9.423	1.436

1495897771322	-0.43	-9.347	1.321

1495897771347	-0.756	-9.557	1.225

1495897771349	-1.015	-9.692	1.254

1495897771352	-1.024	-9.577	1.417

1495897771362	-0.814	-9.376	1.168

1495897771373	-0.162	-9.165	0.804

1495897771383	0.373	-9.213	0.785

1495897771392	0.488	-9.529	0.775

1495897771402	0.402	-9.864	0.938

1495897771413	0.287	-9.96	1.053

1495897771422	0.0	-9.902	1.053

1495897771441	-0.047	-9.835	1.024

1495897771442	-0.086	-9.874	0.909

1495897771452	-0.191	-9.941	0.881

1495897771462	-0.038	-9.988	0.9

1495897771473	0.105	-9.941	1.072

1495897771485	0.162	-9.854	1.245

1495897771492	0.114	-9.73	1.369

1495897771502	0.038	-9.577	1.264

1495897771512	-0.124	-9.404	1.139

1495897771522	-0.181	-9.462	1.082

1495897771533	-0.296	-9.423	1.034

1495897771542	-0.296	-9.443	0.89

1495897771552	-0.354	-9.452	0.794

1495897771562	-0.373	-9.462	0.775

1495897771576	-0.287	-9.49	0.747

1495897771602	-0.057	-9.749	0.9

1495897771603	0.191	-10.036	0.986

1495897771604	0.45	-10.285	1.149

1495897771612	0.584	-10.486	1.245

1495897771622	0.699	-10.63	1.35

1495897771632	0.67	-10.707	1.446

1495897771642	0.574	-10.688	1.446

1495897771654	0.44	-10.611	1.513

1495897771664	0.344	-10.486	1.455

1495897771673	0.172	-10.266	1.302

1495897771684	0.095	-10.103	1.283

1495897771692	0.067	-9.912	1.225

1495897771703	0.076	-9.711	1.149

1495897771713	0.172	-9.672	1.005

1495897771723	0.162	-9.711	0.948

1495897771733	0.191	-9.72	0.986

1495897771750	0.22	-9.797	0.996

1495897771754	0.191	-9.768	1.082

1495897771762	0.172	-9.692	1.158

1495897771773	0.229	-9.672	1.206

1495897771783	0.22	-9.567	1.254

1495897771792	0.201	-9.443	1.283

1495897771803	0.277	-9.328	1.388

1495897771812	0.287	-9.318	1.436

1495897771822	0.287	-9.51	1.484

1495897771834	0.363	-9.854	1.551

1495897771867	0.373	-10.276	1.484

1495897771870	0.363	-10.448	1.465

1495897771873	0.316	-10.458	1.474

1495897771876	0.172	-10.257	1.541

1495897771890	-0.124	-9.787	1.551

1495897771902	-0.316	-9.653	1.513

1495897771912	-0.392	-9.644	1.398

1495897771922	-0.478	-9.644	1.283

1495897771939	-0.574	-9.644	1.12

1495897771942	-0.699	-9.672	1.034

1495897771952	-0.727	-9.711	1.034

1495897771962	-0.651	-9.787	0.976

1495897771972	-0.545	-9.845	1.034

1495897771985	-0.498	-9.787	1.024

1495897772001	-0.402	-9.682	1.091

1495897772003	-0.421	-9.51	1.091

1495897772012	-0.402	-9.462	1.053

1495897772022	-0.469	-9.481	0.976

1495897772032	-0.517	-9.615	0.909

1495897772043	-0.593	-9.73	0.852

1495897772052	-0.574	-9.739	0.833

1495897772062	-0.498	-9.797	0.814

1495897772074	-0.469	-9.854	0.708

1495897772111	-0.277	-9.893	0.584

1495897772115	-0.22	-9.816	0.679

1495897772118	-0.172	-9.682	0.766

1495897772123	-0.172	-9.538	0.861

1495897772132	-0.229	-9.337	0.976

1495897772142	-0.277	-9.251	1.187

1495897772152	-0.373	-9.385	1.436

1495897772165	-0.402	-9.835	1.264

1495897772173	-0.325	-10.027	1.12

1495897772183	-0.287	-10.103	0.967

1495897772192	-0.229	-10.056	0.957

1495897772202	-0.114	-9.998	1.043

1495897772212	0.172	-9.96	1.283

1495897772224	0.229	-9.845	1.762

1495897772233	0.124	-9.644	1.953

1495897772243	0.028	-9.308	1.637

1495897772253	-0.105	-9.059	1.398

1495897772265	-0.373	-9.088	1.245

1495897772274	-0.842	-9.261	1.321

1495897772297	-1.168	-9.644	1.273

1495897772337	-1.331	-9.768	1.177

1495897772340	-1.321	-9.605	1.13

1495897772342	-1.13	-9.241	1.216

1495897772343	-0.986	-8.992	1.541

1495897772344	-1.015	-9.088	1.762

1495897772353	-0.957	-9.615	1.455

1495897772362	-0.957	-9.615	1.254

1495897772375	-1.034	-10.18	1.206

1495897772383	-1.13	-9.615	1.235

1495897772394	-1.043	-9.012	1.446

1495897772402	-0.881	-8.734	1.781

1495897772412	-0.67	-8.686	1.972

1495897772422	-0.411	-8.715	2.126

1495897772432	-0.249	-8.858	1.992

1495897772443	-0.258	-9.088	1.886

1495897772452	-0.316	-9.222	1.905

1495897772462	-0.421	-9.318	1.819

1495897772472	-0.421	-9.261	1.647

1495897772484	-0.459	-9.136	1.589

1495897772494	-0.469	-9.107	1.532

1495897772502	-0.459	-9.088	1.589

1495897772513	-0.411	-9.088	1.666

1495897772536	-0.306	-9.098	1.8

1495897772550	-0.076	-9.031	2.011

1495897772552	-0.009	-8.906	1.886

1495897772562	0.019	-8.724	1.637

1495897772572	-0.067	-8.542	1.407

1495897772585	-0.545	-8.657	1.618

1495897772594	-0.756	-8.81	1.829

1495897772604	-0.881	-8.964	2.039

1495897772612	-0.909	-8.916	2.03

1495897772622	-0.804	-8.753	1.79

1495897772632	-0.67	-8.418	1.436

1495897772643	-0.632	-7.996	1.053

1495897772652	-0.737	-7.7	0.727

1495897772663	-0.756	-7.565	0.517

1495897772674	-0.737	-7.383	0.699

1495897772742	-0.737	-7.144	1.197

1495897772756	-0.67	-7.192	1.953

1495897772765	-0.584	-7.451	2.384

1495897772774	-0.469	-7.824	2.815

1495897772780	-0.335	-8.456	2.93

1495897772781	-0.325	-9.519	2.068

1495897772783	-0.526	-9.902	1.561

1495897772784	-1.015	-9.912	1.283

1495897772785	-1.608	-9.308	1.359

1495897772806	-1.8	-7.747	2.336

1495897772809	-1.8	-7.747	2.336

1495897772811	-1.877	-7.498	2.384

1495897772814	-1.781	-7.556	2.308

1495897772822	-1.752	-7.642	2.375

1495897772833	-1.944	-7.728	2.442

1495897772842	-2.145	-7.738	2.432

1495897772852	-2.25	-7.642	2.317

1495897772862	-2.317	-7.508	2.145

1495897772872	-2.413	-7.374	2.106

1495897772887	-2.499	-7.202	2.126

1495897772899	-2.585	-6.885	2.241

1495897772904	-2.547	-6.531	2.48

1495897772916	-2.384	-6.282	2.633

1495897772922	-2.106	-6.234	2.604

1495897772932	-1.781	-6.349	2.317

1495897772942	-1.455	-6.79	2.403

1495897772953	-0.89	-7.403	3.198

1495897772962	-0.296	-8.619	4.194

1495897772972	0.134	-10.889	4.673

1495897772984	0.086	-13.206	4.539

1495897772992	0.383	-15.677	4.625

1495897773003	1.474	-17.42	3.629

1495897773012	2.164	-18.455	3.352

1495897773022	2.317	-18.215	3.572

1495897773035	2.403	-16.989	3.84

1495897773043	2.432	-15.447	4.606

1495897773054	1.896	-14.289	5.621

1495897773077	0.976	-13.494	6.263

1495897773080	0.306	-12.766	6.493

1495897773090	-0.316	-12.258	5.976

1495897773093	-0.909	-12.0	5.746

1495897773103	-1.187	-11.626	5.746

1495897773113	-1.043	-11.387	5.688

1495897773123	-0.555	-11.291	5.324

1495897773138	0.229	-11.243	3.438

1495897773166	0.459	-10.927	2.786

1495897773169	0.478	-10.41	2.509

1495897773173	0.22	-9.577	2.336

1495897773190	0.22	-8.111	2.47

1495897773202	0.258	-7.46	2.518

1495897773218	0.277	-6.866	2.681

1495897773222	0.354	-6.167	2.968

1495897773232	0.392	-5.497	3.026

1495897773242	0.354	-5.813	3.035

1495897773252	0.612	-6.282	3.294

1495897773263	0.737	-6.972	3.447

1495897773272	0.804	-7.403	3.629

1495897773284	0.737	-7.613	3.792

1495897773293	0.622	-7.834	3.974

1495897773305	0.392	-8.063	4.051

1495897773313	0.181	-8.016	3.907

1495897773322	0.057	-7.872	3.859

1495897773342	0.009	-7.613	3.524

1495897773354	-0.086	-7.527	3.342

1495897773362	-0.258	-7.46	3.198

1495897773372	-0.316	-7.46	3.371

1495897773386	-0.316	-7.537	3.61

1495897773393	-0.498	-7.824	3.888

1495897773402	-0.976	-8.447	4.175

1495897773412	-1.053	-8.945	4.501

1495897773423	-1.005	-9.385	4.759

1495897773440	-1.235	-10.036	4.913

1495897773442	-1.637	-10.036	4.434

1495897773453	-1.608	-9.05	3.553

1495897773483	-1.225	-8.312	2.537

1495897773485	-0.699	-7.719	2.183

1495897773488	-0.143	-7.508	2.442

1495897773493	0.105	-7.508	3.093

1495897773503	0.057	-7.623	3.84

1495897773512	-0.181	-7.929	4.415

1495897773522	-0.507	-8.37	4.846

1495897773532	-0.871	-8.686	4.846

1495897773544	-1.034	-8.772	4.616

1495897773552	-1.35	-8.772	4.099

1495897773562	-1.494	-8.657	3.677

1495897773573	-1.599	-8.523	3.093

1495897773587	-1.666	-8.226	2.614

1495897773594	-1.57	-7.91	2.576

1495897773602	-1.359	-7.824	2.853

1495897773612	-1.034	-7.92	2.93

1495897773622	-0.718	-8.035	2.911

1495897773642	-0.603	-8.437	2.863

1495897773643	-0.363	-8.734	3.035

1495897773652	0.028	-8.849	3.428

1495897773662	0.651	-8.676	3.553

1495897773672	0.814	-8.494	3.696

1495897773684	0.747	-8.207	3.591

1495897773694	0.536	-7.891	3.524

1495897773705	0.296	-7.719	3.313

1495897773713	0.057	-7.757	2.959

1495897773722	0.095	-7.7	2.844

1495897773734	0.134	-7.814	2.643

1495897773742	0.373	-7.843	2.566

1495897773752	0.287	-8.121	2.355

1495897773762	0.383	-8.073	2.355

1495897773772	0.478	-7.719	2.346

1495897773785	0.507	-7.431	2.288

1495897773799	0.507	-7.192	2.288

1495897773804	0.498	-6.933	2.355

1495897773823	0.526	-6.809	2.48

1495897773826	0.574	-7.029	2.394

