1495202067765	0.6631939	1.9644425	16.135124

1495202067776	1.1001357	1.2216414	17.088017

1495202067788	1.590947	1.0582372	16.222511

1495202067801	1.7794905	1.2479776	14.287398

1495202067813	1.6729485	1.6944963	12.409147

1495202067825	1.411382	2.4103625	10.465055

1495202067837	1.151611	3.7684734	7.5351515

1495202067848	1.0702082	4.245518	6.4206505

1495202067872	0.90859956	4.5112743	5.5623293

1495202067873	0.7020996	4.687248	4.9039235

1495202067884	0.49200845	4.630386	4.758476

1495202067896	-0.018555064	4.409521	5.306748

1495202067908	-0.52971715	4.1695023	5.7628436

1495202067920	-1.0564415	3.6463692	4.6980224

1495202067933	-1.8142064	3.4063504	5.5880666

1495202067945	-2.5420437	3.7541082	5.680842

1495202067956	-1.4867992	4.0737343	6.289568

1495202067969	-2.878429	1.8722657	8.194156

1495202067980	-1.0809821	2.5600002	7.583634

1495202067993	0.29029694	3.4261026	6.285378

1495202068004	0.84814596	4.357447	5.2247467

1495202068017	1.3443443	5.1840453	4.9039235

1495202068032	1.5945383	5.691616	4.7058034

1495202068040	1.7040731	6.077681	4.89315

1495202068053	1.5143325	6.3224883	5.3288946

1495202068064	0.9068039	6.165668	6.093243

1495202068076	0.18255788	5.94181	6.4505777

1495202068088	-0.6099229	5.837064	7.1790137

1495202068100	-2.6922798	6.279991	8.798691

1495202068112	-3.3848026	7.1849995	10.287885

1495202068124	-2.9281087	7.7943234	11.199477

1495202068136	-1.934515	8.269572	11.84232

1495202068148	-1.5987282	7.8709383	12.752715

1495202068160	-2.156577	6.6175733	13.256695

1495202068179	-3.393781	4.4478283	14.511855

1495202068193	-3.0304608	4.1317935	14.750078

1495202068197	-2.0524294	5.492897	14.193426

1495202068208	-0.90620536	7.617751	9.41879

1495202068220	-0.3417723	8.391078	4.6776714

1495202068233	-2.5061307	7.778163	4.0653543

1495202068245	-2.1936872	7.813477	7.3633676

1495202068257	-1.2210429	7.1125746	9.850345

1495202068268	-0.7398083	4.8338933	11.583746

1495202068280	-1.1899183	2.0608091	13.501502

1495202068292	-2.066196	0.42317516	15.401301

1495202068304	-2.2385786	1.3221979	15.621568

1495202068316	-1.6705543	3.5128925	14.9386215

1495202068328	-1.1109096	4.9542017	13.921085

1495202068340	-1.0390835	5.5168395	12.755708

1495202068353	-1.3072342	5.4222684	9.394848

1495202068364	-0.7350199	5.8508306	5.282806

1495202068377	-1.0223241	6.2141504	5.2642508

1495202068388	-1.3551182	6.503849	5.990891

1495202068400	-1.9458874	6.7905545	6.1764417

1495202068414	-2.5396495	6.564901	6.695385

1495202068425	-3.2423477	5.771223	8.550293

1495202068438	-4.0857053	4.4999022	9.927557

1495202068450	-3.567959	4.3089647	9.493608

1495202068462	-2.6264393	4.8267107	8.511387

1495202068474	-2.3038206	5.5503583	5.4605756

1495202068486	-2.1152773	5.7825956	4.923676

1495202068498	-1.8291701	5.569512	4.8099513

1495202068510	-1.1444284	4.794389	4.545392

1495202068523	-0.65062433	4.811148	4.061165

1495202068534	-0.3513491	5.783194	4.176685

1495202068546	-1.4987702	5.931635	5.3522377

1495202068558	-2.5600002	4.932654	8.251018

1495202068570	-3.3716345	3.1735144	12.005724

1495202068583	-2.9993362	2.2960393	14.3694

1495202068595	0.0023942017	3.9971197	14.39813

1495202068607	0.8888474	4.158728	13.30398

1495202068618	1.7232267	3.7582982	8.419808

1495202068630	2.6964695	3.6260185	2.56419

1495202068643	3.198055	4.0378213	-0.36391866

1495202068654	3.3446999	5.905897	0.587178

1495202068666	2.2050598	7.8595657	3.5051112

1495202068678	0.10474633	8.876503	7.865551

1495202068690	-1.6561891	8.664616	11.94168

1495202068702	-1.9434932	8.149862	14.967352

1495202068715	-1.1270704	7.3729444	16.375143

1495202068727	-0.08559271	5.257667	12.911331

1495202068738	0.51834464	5.33907	9.901819

1495202068750	1.0522517	6.0423665	7.2628107

1495202068763	1.074398	6.8426285	4.6800656

1495202068774	0.66858083	7.1951747	3.549404

1495202068786	0.0077811554	7.221511	3.157952

1495202068798	-0.7158663	7.529764	3.928885

1495202068810	-1.7166426	7.6363063	5.9968767

1495202068823	-2.7407625	7.377134	8.980052

1495202068850	-3.0125043	6.5990186	11.230601

1495202068851	-2.6084828	5.81372	11.259332

1495202068858	-1.2078748	6.6971807	7.701548

1495202068870	-0.5955577	6.993463	6.5738792

1495202068883	0.0047884034	7.2370734	5.7383027

1495202068895	0.8439561	7.6961613	5.5120506

1495202068906	0.7745243	7.6375036	4.5005007

1495202068918	0.48123455	7.2083426	2.7204118

1495202068930	0.08080431	6.851607	1.797447

1495202068943	-0.10175357	6.542156	2.1709423

1495202068955	-1.240795	5.415684	3.9234982

1495202068967	-2.4253263	4.2754455	5.3863554

1495202068978	-2.3050177	4.4777555	5.044583

1495202068990	-0.12749124	6.315904	2.8377275

1495202069005	1.2066777	6.627749	2.7575219

1495202069015	1.0923545	6.5726824	2.6276364

1495202069027	0.8936358	6.8647747	2.3762453

1495202069038	0.6865373	6.6684504	2.705448

1495202069050	-1.1336545	5.9292407	3.5206735

1495202069062	-3.3542767	5.422867	4.335301

1495202069074	-5.9130797	4.8099513	3.750517

1495202069086	-7.04015	5.4180784	4.4280763

1495202069098	-5.9358244	7.439982	5.7365074

1495202069110	-5.243302	9.124303	5.7281275

1495202069122	-5.2020016	7.7727757	4.171298

1495202069134	-5.7658362	8.608951	3.7852328

1495202069146	-5.8095303	11.458051	3.9803603

1495202069158	-5.7903767	11.529279	4.469376

1495202069175	-5.9597664	8.526351	5.1463366

1495202069182	-5.111022	6.000468	5.774216

1495202069194	-3.9965212	5.0505686	4.8135424

1495202069207	-3.2812533	5.61979	4.0557775

1495202069219	-2.4714148	7.0970125	2.9801826

1495202069232	-0.16340427	9.985018	5.143344

1495202069244	-2.3289597	11.978789	3.7469256

1495202069256	-2.5079262	14.762648	3.6858735

1495202069268	-2.110489	15.899894	6.0645127

1495202069280	-2.6078842	15.200188	6.8522053

1495202069292	-3.4201171	13.046603	6.0980315

1495202069305	-3.6631286	10.933721	5.6299653

1495202069317	-2.7252002	9.719262	5.679645

1495202069328	-1.7124528	9.064447	5.97892

1495202069340	-1.0600328	8.70831	4.8859673

1495202069352	-0.8846575	8.204929	4.7961845

1495202069364	-1.1240777	8.4234	5.2474914

1495202069376	-1.4574703	8.704719	5.037999

1495202069388	-1.5783775	8.933365	4.3999443

1495202069400	-1.1025299	9.469068	3.4386723

1495202069416	0.7044938	10.727819	3.0041246

1495202069425	3.128623	11.526884	3.779846

1495202069437	3.9641995	11.522695	4.6938324

1495202069449	3.7002387	10.667366	4.9320555

1495202069462	2.593519	9.475652	4.347272

1495202069474	0.8888474	9.522339	4.144962

1495202069486	0.23163901	8.692748	3.852869

1495202069498	0.108337626	7.5531077	3.8863878

1495202069510	0.56084174	6.654085	3.6996403

1495202069522	1.0899603	6.605004	3.335123

1495202069534	1.359308	7.1544733	3.4243069

1495202069546	1.7806876	7.41604	4.196437

1495202069559	1.7543513	7.215525	4.827309

1495202069572	1.3904326	7.3723454	5.2277393

1495202069584	0.42916065	7.371747	4.9362454

1495202069596	0.26515785	7.0700774	4.8745947

1495202069608	0.30825347	7.234679	4.618415

1495202069621	0.37349546	7.7213006	4.2119994

1495202069635	0.7613561	7.9984293	4.6980224

1495202069646	1.6244658	8.083424	5.0679264

1495202069657	2.1703439	8.158242	5.3127337

1495202069669	2.5121162	8.525154	5.9364233

1495202069683	1.3467385	8.086416	6.1399302

1495202069695	0.83737206	7.4974427	5.8041434

1495202069707	0.65780693	7.1844006	5.7442884

1495202069718	0.65182143	7.587225	5.691616

1495202069730	0.56443304	8.20433	5.380968

1495202069744	0.34237084	8.561067	3.8857894

1495202069755	0.74998367	8.589797	2.4037786

1495202069767	1.6675615	8.268974	1.8022354

1495202069778	1.9818004	7.7308774	2.1380222

1495202069791	1.6753427	7.4884644	3.615843

1495202069803	1.6837224	7.8865004	5.7538652

1495202069815	1.7082629	9.112331	6.463746

1495202069827	1.7890673	10.191518	6.0106435

1495202069839	1.869273	11.086351	5.6706667

1495202069889	1.5167267	11.195287	5.237316

1495202069890	1.0342951	10.732608	4.669292

1495202069891	0.7517793	10.17835	4.5286326

1495202069893	0.6410475	9.888652	5.003283

1495202069899	0.12928689	9.459491	5.719149

1495202069913	-0.65062433	8.815451	5.781997

1495202069924	-0.82240826	8.404845	5.559935

1495202069958	-0.54647654	8.066664	5.4845176

1495202069959	-0.15382746	7.7488337	5.4138885

1495202069961	0.3788824	7.8062944	5.2887917

1495202069973	0.8882488	8.078635	5.201403

1495202069985	1.1109096	8.321647	5.431845

1495202070003	0.80564886	8.577228	5.805939

1495202070025	0.21547815	8.761581	6.0465565

1495202070025	-0.46148238	8.608353	6.2075663

1495202070034	-0.5069722	8.15525	5.7538652

1495202070046	-0.46567222	8.172607	5.0691237

1495202070058	-0.33159694	8.1720085	4.486734

1495202070070	-0.3824737	8.0684595	4.052785

1495202070084	-0.724246	7.6351094	4.286818

1495202070095	-0.57999533	7.195773	4.731541

1495202070106	-0.8499416	6.559514	5.183447

1495202070118	-1.6932992	6.160281	5.204396

1495202070130	-1.6992847	6.0483522	5.427057

1495202070144	-1.3940239	5.7766104	5.329493

1495202070157	-0.27593175	6.1129956	4.4801497

1495202070176	0.3417723	6.7199254	4.162918

1495202070181	0.35254622	7.4549456	4.369418

1495202070192	0.046088383	7.7889366	4.853047

1495202070204	-0.009576807	7.6351094	5.16968

1495202070215	0.19033903	7.3442135	5.579687

1495202070227	-0.055066638	7.257424	6.0118403

1495202070239	-0.45310268	7.2286935	5.9861026

1495202070252	0.6931214	14.164097	7.325659

1495202070266	1.163582	13.075334	7.373543

1495202070276	-1.9482816	8.383896	7.992444

1495202070288	-2.6689363	7.836222	9.053075

1495202070300	-3.8965633	7.27957	10.222643

1495202070313	-3.1794999	6.915652	9.552865

1495202070325	-1.7651252	6.7743936	9.116522

1495202070337	-1.4532804	6.9886746	7.7709804

1495202070349	-0.47165772	7.1981673	6.5098343

1495202070362	0.8146271	7.703344	5.871181

1495202070374	1.6448165	8.248025	6.135142

1495202070386	2.2104468	8.892664	7.8888946

1495202070403	1.4347254	8.659827	7.840412

1495202070449	0.52373165	8.622119	7.701548

1495202070450	-0.2789245	8.688558	8.013991

1495202070451	-1.1318588	7.875128	7.0994067

1495202070452	-1.963844	8.121731	5.846042

1495202070459	-2.2750902	8.020576	7.1544733

1495202070473	-2.0620062	7.2113357	8.239047

1495202070484	-2.707842	6.1207767	9.737817

1495202070496	-1.7818847	6.655881	6.4386067

1495202070508	-0.65900403	7.4016747	7.6051817

1495202070520	-0.6434417	8.165425	5.3594203

1495202070532	-1.1324574	8.550293	5.61141

1495202070544	-1.1575965	8.74542	7.2328835

1495202070556	-1.4873978	8.3821	6.9701195

1495202070568	-2.2260091	8.2115135	6.5882444

1495202070580	-1.8543092	7.632715	8.030751

1495202070592	-2.1990743	7.217321	3.6762967

1495202070604	-1.8698715	7.1544733	5.511452

1495202070617	-1.5897499	6.385336	6.3643866

1495202070629	-1.0684125	6.5696893	10.175956

1495202070641	-0.78649527	6.407482	8.104971

1495202070654	-2.067393	5.9202623	3.442862

1495202070666	-2.3882163	5.907693	6.4978633

1495202070678	-2.0470424	5.4605756	7.4136457

1495202070690	-1.8363527	5.377377	6.501455

1495202070703	-1.8782512	5.638345	7.0371575

1495202070715	-1.3754689	6.0303955	7.426215

1495202070727	-1.3790601	5.9483943	7.405266

1495202070739	-1.3449428	5.8681884	7.3244615

1495202070751	-1.2808979	5.9322333	7.380127

1495202070764	-1.2850877	6.039374	7.529764

1495202070776	-1.5023615	6.0321913	7.73806

1495202070788	-1.6639702	5.851429	7.563882

1495202070800	-2.2092497	5.1601033	6.899491

1495202070815	-2.379238	4.8189297	6.4828997

1495202070825	-2.3481133	6.0597243	7.047931

1495202070868	-1.8992004	6.229713	7.751827

1495202070869	-1.484405	6.217742	8.3072815

1495202070870	-1.1450269	6.1040173	8.479664

1495202070873	-0.4950012	6.1860185	8.32404

1495202070885	-0.110731825	6.090849	8.514978

1495202070897	-0.03172317	6.215946	8.604761

1495202070908	0.012569559	6.14412	8.305486

1495202070920	0.040102877	6.0746884	8.249222

1495202070933	-0.03172317	5.921459	7.8517847

1495202070945	-0.3788824	5.623381	7.623737

1495202070957	-0.51954174	5.131373	8.788516

1495202070969	-0.39683893	4.96737	8.846576

1495202070990	-0.05925649	4.780622	8.978855

1495202071027	0.26156655	4.2742486	9.075222

1495202071028	0.41060558	4.110844	8.611943

1495202071029	0.3345897	4.160524	7.8996687

1495202071033	0.45250413	4.4526167	7.839813

1495202071044	0.6278794	4.742315	7.9768815

1495202071056	0.61530983	5.0840874	9.194932

1495202071069	1.134253	4.96318	10.071808

1495202071081	1.079785	4.4783545	9.989806

1495202071093	0.7721301	4.3754034	9.539697

1495202071105	0.5805939	4.19105	9.017162

1495202071117	0.34835634	3.484162	8.98484

1495202071129	0.32800564	2.9634233	9.238028

1495202071141	0.22744916	2.4067712	8.987833

1495202071185	0.21068975	1.9907787	8.77834

1495202071186	0.15502456	2.1535845	8.08881

1495202071187	0.046088383	2.7581203	7.16405

1495202071190	-0.12988544	2.983774	7.8847046

1495202071201	-0.33997664	3.0579941	8.716091

1495202071213	-0.6715736	2.9747956	8.899846

1495202071225	-0.9552865	3.1346085	8.935161

1495202071237	-0.9888053	3.2609026	9.55047

1495202071249	-0.9403227	2.7850552	9.575011

1495202071261	-1.0378864	1.7615339	8.890868

1495202071273	-1.1653777	1.5400703	8.079233

1495202071285	-1.1055226	1.9913772	7.5465236

1495202071297	-0.7882909	2.3906105	7.515998

1495202071309	-0.91697925	2.694674	8.207922

1495202071320	-1.0259154	2.6384103	8.367735

1495202071333	-1.0737995	2.6623523	8.54311

1495202071345	-1.055843	2.695871	8.317456

1495202071357	-1.1827357	2.7138276	7.5405383

1495202071369	-1.4574703	2.8820202	6.932411

1495202071383	-1.4939818	3.4931402	7.0646906

1495202071411	-0.14065935	4.9021277	8.309077

1495202071412	-1.6514006	4.7764325	9.36911

1495202071418	-2.4384944	3.2154129	9.827001

1495202071430	-1.3150153	3.0442274	11.120468

1495202071444	-1.2372037	2.966416	10.955269

1495202071454	-2.0751743	2.2062569	9.579201

1495202071466	-1.8339585	2.1577742	9.202713

1495202071478	-2.0231004	2.3942018	9.89763

1495202071490	-2.2894554	2.598906	10.519524

1495202071503	-2.3331497	2.926313	11.219828

1495202071514	-2.2254105	3.2812533	10.724827

1495202071526	-2.1499932	3.3919852	10.562619

1495202071538	-2.1757307	3.3464954	11.040861

1495202071551	-3.0759506	3.1519666	12.266692

1495202071565	-3.4614172	2.9107506	12.764088

1495202071575	-3.8815994	3.8247373	13.839683

1495202071587	-4.3526587	3.2603042	14.026431

1495202071599	-4.357447	3.4889505	13.749302

1495202071612	-4.06296	3.7074213	13.266272

1495202071624	-3.5607765	2.938284	12.753913

1495202071636	-3.044826	1.9710265	12.215816

1495202071648	-2.4516625	1.620276	11.268311

1495202071660	-1.7956513	3.4213142	9.4062195

1495202071674	-1.9327193	4.0581717	8.762778

1495202071685	-1.9536686	4.198831	8.744822

1495202071697	-2.179322	3.3087866	9.012972

1495202071709	-2.0751743	2.8443117	9.470264

1495202071721	-1.7256209	2.12246	9.621698

1495202071733	-1.3162124	1.477821	9.4972

1495202071745	-0.5105635	1.2042835	9.333796

1495202071757	0.074220255	1.0336965	8.925584

1495202071769	0.4950012	1.0576386	8.364143

1495202071782	0.50757074	1.0929531	7.599196

1495202071794	0.18974048	1.270124	7.3962874

1495202071806	-0.17118542	1.7136499	7.788338

1495202071818	-0.28550854	2.0919337	8.279748

1495202071849	-0.350152	2.167351	8.160637

1495202071852	-0.17956513	2.0709844	8.020576

1495202071866	-0.0676362	1.9859903	7.873931

1495202071868	0.12449849	2.1853075	7.9625163

1495202071879	0.5883751	2.7096379	7.979874

1495202071893	0.6404489	2.6994624	7.635708

1495202071904	0.581791	2.722806	7.195773

1495202071916	0.48602295	2.8874073	6.8970966

1495202071928	0.06464344	3.139397	6.983288

1495202071941	-0.45429978	3.549404	7.4106526

1495202071954	-0.6596026	3.8714242	7.780557

1495202071966	-0.62728083	3.8947675	7.6889787

1495202071976	-0.32800564	3.7355533	7.502231

1495202071988	0.10055647	3.6415808	7.4884644

1495202072001	0.3441665	3.335123	7.8212585

1495202072013	0.110133275	3.6780925	7.355586

1495202072024	0.11133038	4.3197384	6.871359

1495202072036	0.005985504	4.8536453	6.903082

1495202072049	-0.4177882	5.0020857	7.207744

1495202072062	-0.76195467	5.2852	7.8469963

1495202072075	-1.1587936	5.3941364	7.9708962

1495202072085	-1.4377182	5.4091	8.419808

1495202072097	-1.4742297	5.434838	9.200318

1495202072109	-1.417966	5.269039	9.997588

1495202072128	-0.89603	4.883573	10.307038

1495202072136	-0.5422867	4.8698063	9.565434

1495202072160	-0.29568392	4.9302597	8.942942

1495202072161	-0.45370123	4.8404775	8.647857

1495202072173	-0.96306765	4.984728	8.995016

1495202072184	-1.5376761	4.9464207	9.339182

1495202072196	-1.8046296	4.779425	9.957485

1495202072208	-1.8435353	4.4436383	10.773908

1495202072220	-1.1923125	3.4781766	12.117055

1495202072233	-0.57760113	2.956839	12.298415

1495202072245	-0.076015905	1.988983	12.0170965

1495202072257	0.3369839	1.2791022	11.351509

1495202072268	0.39384618	1.0528502	10.57878

1495202072280	0.073621705	1.4915876	10.251373

1495202072292	-0.34237084	2.3774424	10.131064

1495202072305	-0.8265981	3.0903158	9.944317

1495202072317	-1.1414356	3.5212722	9.809643

1495202072329	-1.2246342	3.8714242	10.017939

1495202072345	-1.3628993	3.164536	11.052234

1495202072354	-1.2120646	2.682703	10.864288

1495202072366	-0.8984242	2.3774424	10.444106

1495202072378	-0.74519527	2.3361423	10.020931

1495202072407	-0.8265981	2.3211784	9.535507

1495202072408	-0.91219085	2.4887726	9.063849

1495202072419	-0.9355343	2.731784	8.473679

1495202072427	-0.96187055	2.8461072	7.8386164

1495202072439	-0.8242039	3.0484173	7.331644

1495202072450	-0.5686229	3.1322143	7.873931

1495202072462	-0.48243165	3.1310172	8.123527

1495202072474	-0.5009867	3.2441432	8.45213

1495202072486	-0.59855044	3.5972881	8.767567

1495202072498	-0.6596026	3.8013937	8.874108

1495202072510	-0.712275	3.626617	8.613141

1495202072522	-0.80684596	3.321955	8.326435

1495202072534	-0.8098387	3.328539	8.025963

1495202072546	-0.7308301	3.4272997	7.5046253

1495202072559	-0.6386533	3.513491	7.1407065

1495202072573	-0.6985083	3.8313212	7.483676

1495202072585	-0.80445176	3.9306808	7.5549035

1495202072596	-1.0253168	4.1024647	7.6572556

1495202072608	-1.2294226	4.4238863	7.9188223

1495202072620	-1.3365631	4.823119	8.120534

1495202072632	-1.3718776	4.896741	8.132504

1495202072644	-1.2755109	4.7740383	8.079832

1495202072656	-1.0283096	4.7842135	7.7248917

1495202072668	-0.6410475	4.8297033	7.162853

1495202072680	-0.36032736	4.8309007	6.8970966

1495202072692	-0.54288524	4.863222	7.041347

1495202072705	-0.8295909	4.9542017	7.3466077

1495202072717	-1.2126632	5.00867	7.6165543

1495202072729	-1.4269443	5.217564	8.122928

1495202072741	-1.6166847	5.2480903	8.710106

1495202072754	-1.8836381	5.0625396	9.243414

