1496042318090	0.054489743	-0.07847056	0.022781774

1496042318097	-0.003197442	-0.0065281107	0.003197442

1496042318111	0.003197442	-0.051159073	-0.019584332

1496042318120	-0.023980815	-0.09592326	0.045696776

1496042318128	-0.030508926	-0.00532907	-0.015187849

1496042318147	-0.06648015	-0.07953637	0.0075939246

1496042318148	-0.058886223	-0.02824407	-0.010791367

1496042318157	-0.06861178	-0.083932854	0.009725553

1496042318169	-0.05662137	-0.06434852	-0.010791367

1496042318180	-0.09259259	-0.037037037	0.0065281107

1496042318187	-0.069810815	-0.08832934	-0.016253663

1496042318199	-0.06314948	-0.08939515	-0.021715961

1496042318207	-0.08180123	-0.08832934	0.003197442

1496042318218	-0.07847056	-0.015187849	-0.00532907

1496042318227	-0.07847056	-0.08606448	-0.00532907

1496042318237	-0.05009326	-0.008659739	-0.013056221

1496042318247	-0.05995204	-0.115507595	-0.017452704

1496042318257	0.020650147	-0.042499334	0.0065281107

1496042318267	0.008659739	-0.062083665	-0.02504663

1496042318277	0.013056221	0.001065814	0.0

1496042318287	0.014122035	0.004263256	0.010791367

1496042318297	0.002131628	0.003197442	-0.0075939246

1496042318308	-0.010791367	0.034905408	0.017452704

1496042318317	-0.029443111	0.039168663	0.015187849

1496042318327	-0.04023448	0.003197442	0.014122035

1496042318338	-0.09698907	0.039168663	0.023980815

1496042318347	-0.12643218	0.032640554	0.002131628

1496042318357	-0.09592326	0.027178258	0.03157474

1496042318367	-0.12216893	0.032640554	0.03157474

1496042318377	-0.1449507	0.11337597	0.02504663

1496042318387	-0.035971224	0.0119904075	0.02504663

1496042318397	-0.062083665	0.02824407	0.019584332

1496042318407	-0.04143352	0.05009326	0.029443111

1496042318418	-0.12430056	0.07300826	0.014122035

1496042318440	-0.14281908	0.08286704	0.044630963

1496042318447	-0.15161204	0.08286704	0.022781774

1496042318457	-0.08499867	0.033706367	0.03810285

1496042318467	-0.10031974	0.07513989	0.04023448

1496042318477	-0.06314948	0.069810815	0.02504663

1496042318488	-0.032640554	0.054489743	0.053423926

1496042318497	-0.05995204	0.09259259	-0.001065814

1496042318507	-0.04023448	0.04023448	0.023980815

1496042318518	-0.042499334	0.062083665	0.001065814

1496042318527	-0.05662137	0.018518519	0.039168663

1496042318538	-0.026112443	0.10245137	0.002131628

1496042318547	0.04023448	-0.00532907	0.004263256

1496042318557	0.127498	0.043565147	-0.0075939246

1496042318567	0.16360246	-0.016253663	0.03157474

1496042318577	0.1384226	0.10471623	-0.0119904075

1496042318588	0.111244336	0.08939515	-0.009725553

1496042318597	0.03810285	0.05662137	-0.010791367

1496042318607	0.045696776	-0.0075939246	0.014122035

1496042318617	0.009725553	-0.03157474	0.013056221

1496042318627	-0.042499334	0.06541433	-0.013056221

1496042318639	0.03157474	-0.04023448	0.013056221

1496042318647	0.02504663	-0.030508926	0.0065281107

1496042318657	-0.00532907	0.008659739	0.02504663

1496042318667	0.0119904075	-0.037037037	0.008659739

1496042318677	-0.033706367	-0.0075939246	0.030508926

1496042318688	-0.016253663	0.0065281107	0.021715961

1496042318697	-0.03157474	0.033706367	0.023980815

1496042318707	0.020650147	-0.093791634	0.032640554

1496042318718	0.008659739	-0.06861178	0.021715961

1496042318727	-0.004263256	0.010791367	0.026112443

1496042318740	0.02504663	-0.09485745	0.026112443

1496042318747	-0.017452704	-0.057687182	0.045696776

1496042318757	0.032640554	-0.07633893	0.00532907

1496042318767	0.009725553	-0.018518519	0.035971224

1496042318777	0.04143352	-0.04023448	0.0119904075

1496042318788	0.09925393	-0.05662137	-0.004263256

1496042318797	0.16906475	-0.10351719	0.0119904075

1496042318807	0.10684785	-0.045696776	0.0119904075

1496042318818	0.22248867	-0.037037037	-0.008659739

1496042318838	0.22248867	-0.035971224	0.00532907

1496042318847	0.17665868	-0.018518519	-0.013056221

1496042318857	0.14614974	-0.051159073	-0.0065281107

1496042318867	0.12869704	-0.054489743	0.001065814

1496042318877	0.127498	-0.023980815	-0.014122035

1496042318890	0.14175327	-0.03157474	0.0075939246

1496042318897	0.14828138	-0.039168663	-0.019584332

1496042318910	0.15814015	-0.07633893	-0.0065281107

1496042318917	0.09925393	0.0065281107	-0.009725553

1496042318927	0.046895817	-0.049027443	-0.013056221

1496042318938	0.042499334	-0.017452704	0.020650147

1496042318947	0.0065281107	0.002131628	-0.033706367

1496042318958	-0.026112443	0.00532907	0.020650147

1496042318967	0.04143352	-0.049027443	0.029443111

1496042318977	0.05009326	0.009725553	-0.010791367

1496042318988	0.08606448	-0.013056221	0.0065281107

1496042318997	0.09925393	-0.09485745	-0.008659739

1496042319008	0.043565147	-0.02504663	0.0119904075

1496042319019	-0.044630963	0.016253663	0.0075939246

1496042319040	-0.058886223	-0.02824407	0.016253663

1496042319047	-0.039168663	0.0065281107	0.014122035

1496042319057	0.0	-0.08499867	0.026112443

1496042319067	-0.057687182	0.042499334	0.0119904075

1496042319077	-0.022781774	-0.014122035	0.019584332

1496042319088	-0.08286704	0.033706367	0.0075939246

1496042319097	-0.04143352	0.04796163	0.001065814

1496042319107	0.0	0.030508926	0.002131628

1496042319118	0.013056221	0.029443111	-0.001065814

1496042319127	0.03810285	0.029443111	0.003197442

1496042319138	0.06648015	0.03810285	-0.0065281107

1496042319147	0.11444178	-0.046895817	-0.003197442

1496042319157	0.044630963	0.009725553	-0.013056221

1496042319167	0.029443111	0.037037037	0.003197442

1496042319177	0.002131628	0.044630963	0.00532907

1496042319188	-0.04796163	0.080602184	0.0

1496042319197	-0.019584332	0.06648015	-0.002131628

1496042319207	0.022781774	0.035971224	0.003197442

1496042319217	0.061017852	-0.019584332	0.008659739

1496042319227	0.05995204	0.07847056	0.0065281107

1496042319237	0.057687182	0.0075939246	0.004263256

1496042319247	-0.02504663	0.07633893	0.002131628

1496042319257	-0.0065281107	0.053423926	0.009725553

1496042319267	0.022781774	0.062083665	0.004263256

1496042319277	0.06648015	-0.014122035	0.014122035

1496042319291	0.039168663	0.07194245	-0.008659739

1496042319297	0.07300826	0.0	0.0119904075

1496042319307	0.07513989	-0.027178258	0.013056221

1496042319318	0.016253663	0.046895817	0.0

1496042319327	0.045696776	0.03157474	0.021715961

1496042319339	0.035971224	0.0119904075	0.009725553

1496042319347	0.037037037	0.046895817	-0.004263256

1496042319357	0.045696776	0.013056221	0.00532907

1496042319367	0.057687182	-0.026112443	0.001065814

1496042319377	0.02504663	0.013056221	0.010791367

1496042319387	0.032640554	-0.06314948	-0.002131628

1496042319397	-0.015187849	0.023980815	0.0

1496042319407	-0.039168663	-0.001065814	0.001065814

1496042319418	-0.034905408	0.026112443	0.0

1496042319428	0.009725553	-0.035971224	-0.0065281107

1496042319449	-0.029443111	0.0075939246	0.013056221

1496042319453	-0.034905408	-0.02504663	-0.001065814

1496042319458	-0.010791367	-0.014122035	-0.010791367

1496042319467	0.018518519	-0.069810815	0.003197442

1496042319477	0.0	0.02504663	-0.009725553

1496042319488	0.039168663	-0.035971224	-0.0119904075

1496042319497	0.017452704	-0.008659739	0.0

1496042319507	-0.001065814	0.0075939246	0.001065814

1496042319517	0.002131628	0.010791367	-0.013056221

1496042319527	0.042499334	-0.003197442	0.004263256

1496042319538	0.05009326	-0.052358113	-0.0065281107

1496042319547	0.029443111	0.010791367	0.010791367

1496042319557	0.05009326	-0.015187849	-0.015187849

1496042319567	0.013056221	-0.013056221	-0.019584332

1496042319577	0.002131628	-0.019584332	0.004263256

1496042319590	-0.02504663	-0.023980815	-0.009725553

1496042319608	-0.049027443	-0.022781774	0.017452704

1496042319619	0.019584332	-0.07953637	0.0065281107

1496042319638	0.009725553	-0.020650147	-0.001065814

1496042319647	-0.00532907	0.001065814	-0.001065814

1496042319657	-0.043565147	0.030508926	-0.003197442

1496042319667	-0.003197442	-0.043565147	0.001065814

1496042319677	-0.015187849	-0.032640554	-0.002131628

1496042319687	-0.004263256	0.016253663	-0.002131628

1496042319697	-0.017452704	-0.008659739	0.026112443

1496042319708	-0.03157474	0.009725553	0.004263256

1496042319719	-0.033706367	0.027178258	0.0065281107

1496042319727	-0.02824407	-0.035971224	0.02504663

1496042319738	-0.083932854	0.026112443	0.026112443

1496042319747	-0.06648015	0.044630963	0.015187849

1496042319757	-0.06434852	0.033706367	0.014122035

1496042319767	-0.067545965	0.026112443	0.016253663

1496042319777	-0.07513989	0.049027443	0.014122035

1496042319791	-0.046895817	0.06314948	0.016253663

1496042319807	0.021715961	-0.042499334	0.00532907

1496042319818	-0.04023448	0.016253663	0.003197442

1496042319827	-0.04023448	0.061017852	0.003197442

1496042319838	0.033706367	-0.029443111	0.0075939246

1496042319847	-0.046895817	0.07194245	0.013056221

1496042319857	-0.019584332	0.044630963	-0.001065814

1496042319867	0.009725553	0.04143352	0.009725553

1496042319877	0.043565147	-0.061017852	-0.002131628

1496042319891	0.0065281107	0.061017852	0.018518519

1496042319897	0.049027443	0.042499334	0.0

1496042319907	0.039168663	0.021715961	-0.0065281107

1496042319918	0.019584332	-0.0065281107	-0.001065814

1496042319927	0.010791367	0.061017852	0.023980815

1496042319938	0.021715961	0.051159073	-0.019584332

1496042319947	0.087263525	-0.04023448	0.014122035

1496042319958	0.027178258	-0.010791367	0.0065281107

1496042319967	0.033706367	0.046895817	0.001065814

1496042319977	0.062083665	-0.044630963	0.010791367

1496042319988	-0.0075939246	0.070876636	-0.009725553

1496042319997	0.035971224	-0.039168663	0.037037037

1496042320007	-0.009725553	0.10245137	-0.001065814

1496042320018	0.05009326	-0.023980815	0.043565147

1496042320027	0.05009326	-0.023980815	-0.23554489

1496042320038	0.05009326	0.02504663	0.030508926

1496042320047	0.023980815	0.026112443	0.00532907

1496042320057	0.074074075	0.023980815	0.021715961

1496042320067	0.054489743	-0.010791367	0.004263256

1496042320077	0.043565147	0.037037037	0.019584332

1496042320088	0.061017852	-0.0065281107	0.013056221

1496042320097	0.069810815	0.015187849	0.004263256

1496042320107	0.062083665	0.023980815	0.0119904075

1496042320117	0.043565147	-0.019584332	0.02504663

1496042320127	-0.00532907	0.019584332	0.018518519

1496042320138	-0.030508926	0.054489743	0.00532907

1496042320147	-0.026112443	-0.015187849	0.042499334

1496042320157	-0.033706367	0.05995204	0.008659739

1496042320167	0.043565147	-0.052358113	0.016253663

1496042320177	-0.009725553	0.00532907	0.001065814

1496042320191	-0.03157474	-0.043565147	0.033706367

1496042320207	-0.029443111	0.003197442	-0.002131628

1496042320218	0.002131628	-0.070876636	0.003197442

1496042320227	0.002131628	-0.070876636	-0.00532907

1496042320238	0.051159073	-0.10471623	0.0119904075

1496042320247	-0.008659739	0.013056221	-0.0075939246

1496042320257	0.03810285	-0.043565147	0.008659739

1496042320267	0.003197442	-0.02824407	0.009725553

1496042320277	0.014122035	0.02504663	0.001065814

1496042320288	0.004263256	-0.010791367	0.0119904075

1496042320297	-0.020650147	0.035971224	-0.0065281107

1496042320307	0.0	-0.010791367	0.017452704

1496042320319	-0.023980815	-0.04023448	-0.001065814

1496042320327	-0.019584332	0.019584332	0.010791367

1496042320338	0.030508926	-0.09259259	0.027178258

1496042320347	-0.03157474	0.06648015	0.004263256

1496042320357	-0.018518519	0.014122035	-0.002131628

1496042320367	-0.0065281107	0.00532907	0.0119904075

1496042320376	-0.010791367	-0.04143352	-0.001065814

1496042320387	-0.004263256	0.003197442	0.030508926

1496042320398	-0.002131628	0.015187849	-0.0075939246

1496042320407	-0.002131628	-0.045696776	0.009725553

1496042320417	0.019584332	0.004263256	0.010791367

1496042320427	-0.042499334	-0.00532907	0.004263256

1496042320438	-0.013056221	0.015187849	0.022781774

1496042320447	0.0	-0.04796163	0.008659739

1496042320457	0.004263256	0.061017852	0.037037037

1496042320467	0.033706367	-0.0075939246	0.00532907

1496042320477	0.04143352	-0.027178258	-0.0075939246

1496042320494	0.02504663	-0.0075939246	-0.002131628

1496042320497	0.0119904075	-0.008659739	-0.002131628

1496042320509	0.027178258	-0.04796163	0.022781774

1496042320519	-0.037037037	0.015187849	-0.003197442

1496042320527	0.0119904075	-0.0065281107	0.008659739

1496042320542	-0.010791367	0.017452704	0.020650147

1496042320546	0.035971224	-0.0065281107	0.0119904075

1496042320557	0.013056221	0.0065281107	0.0119904075

1496042320567	0.02824407	-0.015187849	0.008659739

1496042320577	-0.003197442	-0.044630963	0.016253663

1496042320587	-0.026112443	0.035971224	0.018518519

1496042320597	-0.03157474	0.058886223	0.014122035

1496042320607	0.05995204	-0.02504663	0.008659739

1496042320618	0.069810815	-0.014122035	0.0119904075

1496042320627	0.069810815	-0.014122035	0.002131628

1496042320638	0.061017852	-0.043565147	0.009725553

1496042320647	0.049027443	0.001065814	0.015187849

1496042320657	0.08606448	0.042499334	0.016253663

1496042320667	0.08286704	0.035971224	0.00532907

1496042320677	0.098054886	0.003197442	0.013056221

1496042320687	0.09152678	0.04796163	0.017452704

1496042320697	0.10684785	-0.00532907	0.008659739

1496042320707	0.08939515	0.018518519	0.0065281107

1496042320717	0.08499867	-0.04023448	0.0065281107

1496042320727	0.09152678	-0.014122035	0.017452704

1496042320737	0.016253663	0.018518519	0.019584332

1496042320747	0.061017852	-0.017452704	0.0065281107

1496042320757	0.06541433	-0.010791367	0.010791367

1496042320767	0.062083665	-0.05995204	0.022781774

1496042320777	0.03810285	-0.027178258	0.018518519

1496042320795	0.0075939246	-0.0065281107	0.015187849

1496042320807	0.049027443	-0.051159073	0.0065281107

1496042320818	0.00532907	-0.021715961	-0.008659739

1496042320827	0.00532907	-0.021715961	0.020650147

1496042320838	0.04143352	-0.09485745	0.009725553

1496042320847	0.033706367	-0.02504663	0.015187849

1496042320859	0.062083665	-0.02504663	0.027178258

1496042320867	0.061017852	-0.029443111	0.002131628

1496042320877	0.053423926	0.013056221	0.0119904075

1496042320888	0.029443111	-0.08180123	0.026112443

1496042320897	-0.019584332	0.022781774	0.022781774

1496042320907	-0.04023448	0.015187849	0.034905408

1496042320918	-0.049027443	-0.032640554	0.013056221

1496042320927	-0.07953637	0.045696776	0.022781774

1496042320938	-0.034905408	-0.019584332	0.013056221

1496042320947	-0.021715961	0.033706367	0.015187849

1496042320958	-0.027178258	0.034905408	0.017452704

1496042320967	0.0075939246	0.02504663	0.002131628

1496042320977	0.017452704	0.02824407	0.019584332

1496042320988	0.016253663	0.0119904075	0.014122035

1496042320997	-0.032640554	0.10351719	-0.017452704

1496042321007	0.030508926	0.00532907	0.0119904075

1496042321017	-0.0075939246	0.0065281107	0.0065281107

1496042321027	0.2715161	0.04023448	0.018518519

1496042321040	-0.02504663	0.051159073	0.0119904075

1496042321047	-0.021715961	0.04023448	0.010791367

1496042321057	-0.029443111	0.04796163	0.029443111

1496042321067	-0.07953637	0.067545965	0.002131628

1496042321077	-0.0119904075	0.052358113	0.0119904075

1496042321088	0.0075939246	-0.014122035	0.034905408

1496042321097	0.001065814	0.06541433	0.002131628

1496042321107	0.034905408	0.00532907	0.026112443

1496042321118	0.021715961	0.046895817	-0.0065281107

1496042321127	0.053423926	0.037037037	0.015187849

1496042321138	0.09485745	-0.05009326	0.013056221

1496042321147	0.06861178	0.058886223	0.00532907

1496042321157	0.074074075	0.039168663	-0.002131628

1496042321167	0.10031974	-0.013056221	0.009725553

1496042321177	0.101385556	0.010791367	0.017452704

1496042321187	0.08180123	0.021715961	-0.0065281107

1496042321197	0.09925393	-0.03157474	0.014122035

1496042321207	0.06541433	0.008659739	0.02504663

1496042321219	0.02504663	0.046895817	0.0065281107

1496042321227	0.058886223	-0.07194245	0.010791367

1496042321239	0.044630963	-0.017452704	0.020650147

1496042321247	0.06314948	-0.06314948	0.014122035

1496042321261	0.039168663	-0.0119904075	0.002131628

1496042321266	0.055555556	0.0	0.023980815

1496042321293	0.06314948	-0.02504663	-0.003197442

1496042321296	0.06314948	-0.02504663	-0.003197442

1496042321306	0.077404745	-0.11337597	0.032640554

1496042321308	0.03810285	-0.004263256	-0.021715961

1496042321317	0.052358113	-0.045696776	0.02504663

1496042321328	0.021715961	-0.046895817	-0.00532907

1496042321339	0.009725553	-0.00532907	0.002131628

1496042321347	0.07300826	-0.046895817	0.014122035

1496042321357	0.04143352	0.0075939246	0.003197442

1496042321368	0.09592326	-0.046895817	0.009725553

1496042321377	0.052358113	0.039168663	-0.010791367

1496042321388	0.067545965	-0.02504663	-0.013056221

1496042321397	0.03810285	0.04023448	-0.013056221

1496042321407	0.03157474	-0.030508926	0.017452704

1496042321418	-0.017452704	0.015187849	-0.001065814

1496042321427	-0.0075939246	-0.26392218	0.0119904075

1496042321437	0.001065814	0.003197442	0.00532907

1496042321447	0.014122035	-0.04143352	0.0075939246

1496042321457	0.02824407	-0.0065281107	0.001065814

1496042321467	-0.018518519	0.077404745	0.013056221

1496042321477	0.017452704	-0.0065281107	-0.008659739

1496042321488	0.004263256	0.08286704	-0.004263256

1496042321497	0.039168663	-0.003197442	0.010791367

1496042321507	0.044630963	0.051159073	0.017452704

1496042321518	0.042499334	0.05995204	-0.002131628

1496042321527	0.098054886	0.018518519	0.021715961

1496042321540	0.043565147	0.053423926	-0.015187849

1496042321547	0.101385556	-0.020650147	0.019584332

1496042321557	0.07194245	0.021715961	0.03157474

1496042321567	0.026112443	0.051159073	-0.021715961

1496042321576	0.043565147	0.029443111	0.030508926

1496042321588	0.05662137	0.04143352	0.001065814

1496042321597	0.05662137	0.030508926	0.013056221

1496042321607	0.05662137	0.029443111	0.009725553

1496042321617	0.06314948	-0.043565147	0.010791367

1496042321627	0.043565147	0.03810285	0.010791367

1496042321639	0.017452704	-0.018518519	0.013056221

1496042321647	0.015187849	-0.0075939246	0.003197442

1496042321657	0.022781774	-0.055555556	0.026112443

1496042321667	0.0075939246	-0.046895817	-0.002131628

1496042321677	-0.0119904075	0.016253663	0.015187849

1496042321688	0.055555556	-0.08286704	0.0065281107

1496042321697	0.037037037	-0.015187849	0.004263256

1496042321707	0.05662137	-0.05662137	0.03157474

1496042321717	0.002131628	-0.001065814	-0.014122035

1496042321728	0.002131628	-0.026112443	0.0119904075

1496042321738	-0.020650147	-0.061017852	0.019584332

1496042321747	-0.06434852	-0.015187849	-0.009725553

1496042321757	-0.020650147	-0.080602184	0.02824407

1496042321767	-0.08606448	-0.055555556	0.0075939246

1496042321777	-0.08832934	-0.07513989	-0.0075939246

1496042321787	-0.09485745	-0.10471623	0.018518519

1496042321797	-0.173328	-0.12643218	-0.009725553

1496042321807	-0.22568612	-0.12216893	0.010791367

1496042321817	-0.2769784	-0.11231015	0.0065281107

1496042321828	-0.2300826	-0.21049827	-0.0119904075

1496042321840	-0.20943245	-0.20943245	-0.008659739

1496042321847	-0.21156408	-0.18758327	-0.013056221

1496042321860	-0.20610179	-0.17226219	-0.03157474

1496042321867	-0.10684785	-0.31081802	-0.015187849

1496042321877	-0.16906475	-0.20503597	-0.013056221

1496042321889	-0.13189448	-0.16360246	-0.022781774

1496042321897	-0.11337597	-0.15707435	-0.017452704

1496042321907	-0.07513989	-0.20610179	-0.022781774

1496042321917	-0.053423926	-0.12869704	-0.015187849

1496042321929	-0.042499334	-0.11231015	-0.010791367

1496042321940	-0.04023448	-0.108979486	0.002131628

1496042321950	-0.034905408	-0.055555556	-0.0075939246

1496042321957	-0.026112443	0.001065814	0.016253663

1496042321967	-0.03157474	0.069810815	0.017452704

1496042321977	-0.02824407	0.08286704	0.020650147

1496042321988	0.00532907	0.08499867	0.034905408

1496042321997	-0.016253663	0.046895817	0.039168663

1496042322007	-0.014122035	0.118838266	0.051159073

1496042322017	-0.0075939246	0.1329603	0.051159073

1496042322028	-0.026112443	0.14721556	0.052358113

1496042322040	0.0119904075	0.13415934	0.06434852

1496042322047	0.0	0.16466826	0.054489743

1496042322057	0.021715961	0.15161204	0.052358113

1496042322067	0.044630963	0.13189448	0.061017852

1496042322077	0.032640554	0.150413	0.052358113

1496042322088	0.017452704	0.17452705	0.04796163

1496042322097	0.03810285	0.13629097	0.055555556

1496042322107	0.021715961	0.18758327	0.045696776

1496042322117	0.054489743	0.13629097	0.045696776

1496042322127	0.052358113	0.15707435	0.043565147

1496042322138	0.046895817	0.1449507	0.03810285

1496042322147	0.06648015	0.111244336	0.03810285

1496042322157	0.046895817	0.13962163	0.035971224

1496042322167	0.058886223	0.09592326	0.03157474

1496042322176	0.057687182	0.10471623	0.027178258

1496042322187	0.06314948	0.077404745	0.027178258

1496042322197	0.055555556	0.09698907	0.02504663

1496042322207	0.044630963	0.069810815	0.027178258

1496042322218	0.046895817	0.026112443	0.017452704

1496042322228	0.035971224	0.034905408	0.010791367

1496042322240	0.019584332	0.02824407	0.0119904075

1496042322247	0.016253663	0.009725553	0.015187849

1496042322257	0.010791367	0.015187849	0.010791367

1496042322267	0.02824407	-0.010791367	0.008659739

1496042322277	0.010791367	0.016253663	0.0119904075

1496042322287	0.0065281107	0.016253663	0.009725553

1496042322297	0.020650147	-0.002131628	0.008659739

1496042322307	0.004263256	0.0119904075	0.0119904075

1496042322317	0.0119904075	-0.0075939246	0.010791367

1496042322328	0.0065281107	0.0065281107	0.003197442

1496042322339	0.0	0.00532907	0.0065281107

1496042322347	0.0	-0.0065281107	0.010791367

1496042322357	-0.0065281107	0.002131628	0.008659739

1496042322367	0.0	-0.008659739	0.009725553

1496042322377	-0.009725553	0.004263256	0.00532907

1496042322388	0.008659739	-0.021715961	0.009725553

1496042322397	0.00532907	-0.010791367	0.00532907

1496042322407	-0.001065814	-0.014122035	0.002131628

1496042322417	-0.001065814	-0.014122035	0.00532907

1496042322427	0.017452704	-0.04023448	0.010791367

1496042322437	-0.00532907	-0.008659739	0.0075939246

1496042322447	0.0	-0.021715961	0.0119904075

1496042322457	-0.004263256	-0.019584332	0.008659739

1496042322467	-0.014122035	-0.015187849	0.008659739

1496042322477	0.009725553	-0.04023448	0.016253663

1496042322490	-0.004263256	-0.0119904075	0.0065281107

1496042322497	0.0075939246	-0.030508926	0.015187849

1496042322508	0.003197442	-0.02504663	0.0075939246

1496042322517	-0.0119904075	-0.014122035	0.0065281107

1496042322529	-0.001065814	-0.029443111	0.009725553

1496042322538	-0.002131628	-0.018518519	0.013056221

1496042322547	-0.002131628	-0.023980815	0.013056221

1496042322557	-0.001065814	-0.026112443	0.013056221

1496042322566	-0.001065814	-0.017452704	0.017452704

1496042322577	-0.003197442	-0.020650147	0.016253663

1496042322587	0.001065814	-0.017452704	0.010791367

1496042322597	-0.002131628	-0.034905408	0.010791367

1496042322607	-0.00532907	-0.029443111	0.008659739

1496042322617	-0.0065281107	-0.029443111	0.010791367

1496042322628	-0.013056221	-0.013056221	0.009725553

1496042322638	0.002131628	-0.02824407	0.001065814

1496042322647	-0.0065281107	-0.016253663	0.010791367

1496042322657	0.002131628	-0.039168663	0.013056221

1496042322667	-0.003197442	-0.017452704	0.013056221

1496042322677	0.001065814	-0.034905408	0.0075939246

1496042322688	-0.002131628	-0.02824407	0.0075939246

1496042322697	-0.013056221	-0.018518519	0.00532907

1496042322708	-0.0065281107	-0.033706367	0.003197442

1496042322717	-0.003197442	-0.02504663	0.0065281107

1496042322728	-0.001065814	-0.030508926	0.010791367

1496042322740	-0.0075939246	-0.017452704	0.003197442

1496042322747	-0.0119904075	-0.023980815	0.002131628

1496042322760	-0.0075939246	-0.039168663	0.004263256

1496042322767	-0.0075939246	-0.026112443	0.00532907

1496042322777	0.001065814	-0.020650147	0.004263256

1496042322790	-0.008659739	-0.022781774	0.00532907

1496042322808	-0.010791367	-0.014122035	0.014122035

1496042322817	0.001065814	-0.02504663	0.009725553

1496042322828	-0.0065281107	0.004263256	0.00532907

1496042322838	-0.009725553	-0.004263256	0.0075939246

1496042322847	-0.003197442	-0.009725553	0.003197442

1496042322857	0.0065281107	-0.004263256	0.008659739

1496042322867	0.00532907	-0.009725553	0.014122035

1496042322877	-0.0065281107	0.002131628	0.010791367

1496042322891	0.003197442	-0.00532907	0.018518519

1496042322898	-0.0075939246	-0.0075939246	0.016253663

1496042322907	-0.009725553	0.015187849	0.013056221

1496042322917	0.00532907	-0.019584332	0.016253663

1496042322928	-0.002131628	0.0	0.009725553

1496042322938	0.003197442	0.003197442	0.0119904075

1496042322947	0.0075939246	-0.00532907	0.0065281107

1496042322957	-0.0119904075	0.018518519	0.0075939246

1496042322967	0.0065281107	-0.019584332	0.010791367

1496042322977	-0.009725553	0.008659739	0.008659739

1496042322989	-0.004263256	-0.003197442	0.013056221

1496042322997	-0.004263256	-0.003197442	0.009725553

1496042323007	-0.00532907	-0.009725553	0.010791367

1496042323017	-0.013056221	0.004263256	0.0065281107

1496042323027	-0.009725553	-0.003197442	0.015187849

1496042323038	-0.010791367	-0.015187849	0.00532907

1496042323047	-0.014122035	-0.003197442	0.004263256

1496042323057	-0.0075939246	0.002131628	0.001065814

1496042323067	0.010791367	-0.016253663	0.00532907

1496042323076	0.02504663	-0.017452704	0.00532907

