1495487435353	0.67	10.965	1.292

1495487435358	0.679	11.291	0.976

1495487435365	0.593	11.674	1.158

1495487435369	0.488	11.233	1.666

1495487435383	0.871	9.184	-1.11

1495487435407	0.507	8.504	-3.227

1495487435408	-0.488	8.772	-3.045

1495487435417	-1.331	9.127	-0.114

1495487435429	-1.197	11.023	3.773

1495487435442	-1.273	16.099	6.464

1495487435449	-2.806	19.527	6.349

1495487435458	-5.909	19.614	0.201

1495487435467	-7.01	19.614	-1.426

1495487435486	-5.008	18.225	-3.275

1495487435487	-3.284	16.52	-5.42

1495487435499	-1.599	15.85	-3.668

1495487435507	-0.239	14.825	0.574

1495487435524	-0.325	11.732	4.597

1495487435527	0.727	10.439	6.617

1495487435537	2.001	10.582	5.842

1495487435549	2.566	9.672	3.466

1495487435563	2.614	8.207	1.743

1495487435570	2.135	6.771	0.727

1495487435577	2.116	4.74	-0.105

1495487435587	2.106	3.878	-0.325

1495487435602	2.039	3.85	0.143

1495487435607	1.436	3.888	0.699

1495487435619	0.287	3.744	0.699

1495487435627	-0.785	3.859	1.666

1495487435637	-1.771	4.079	2.873

1495487435647	-2.068	3.936	3.61

1495487435657	-1.944	3.141	3.39

1495487435669	-0.986	2.288	2.164

1495487435678	0.162	0.287	0.047

1495487435697	0.411	-0.804	0.22

1495487435699	0.019	-1.12	0.258

1495487435707	-0.114	-1.005	0.325

1495487435721	-0.038	-0.536	0.814

1495487435727	0.268	0.651	1.034

1495487435737	0.612	1.953	1.187

1495487435750	0.852	3.648	1.206

1495487435758	0.689	6.263	1.139

1495487435770	1.647	10.486	1.264

1495487435777	2.834	15.256	1.886

1495487435792	4.788	19.077	3.409

1495487435797	5.066	19.614	4.003

1495487435807	-3.687	19.614	7.68

1495487435820	-12.546	19.384	8.983

1495487435827	-6.55	11.866	8.581

1495487435837	-0.756	3.629	8.983

1495487435848	2.375	1.522	5.842

1495487435858	3.553	4.635	2.03

1495487435871	1.158	10.065	-1.187

1495487435901	-3.189	17.899	-5.056

1495487435903	-4.031	19.604	-2.346

1495487435904	-3.246	11.952	0.775

1495487435911	-3.763	3.754	-0.258

1495487435920	-2.355	2.078	0.028

1495487435927	-1.35	3.131	1.254

1495487435937	-0.402	6.196	2.25

1495487435948	1.647	6.273	0.162

1495487435971	2.662	4.74	-3.294

1495487435972	2.557	4.462	-4.06

1495487435977	1.599	4.692	-3.083

1495487435988	1.158	7.154	-2.221

1495487435997	1.043	10.601	-1.944

1495487436007	-0.766	12.756	-0.21

1495487436021	-1.216	16.827	1.886

1495487436033	-0.44	19.585	1.503

1495487436037	0.373	18.799	-0.814

1495487436049	1.292	14.806	-1.168

1495487436057	1.733	10.601	-0.153

1495487436069	2.308	7.776	0.363

1495487436081	2.662	6.349	0.229

1495487436087	3.332	4.97	-1.618

1495487436097	3.38	5.88	-3.064

1495487436107	2.346	6.129	-2.968

1495487436119	1.369	6.895	-1.848

1495487436127	0.574	7.805	-1.005

1495487436137	-0.277	8.686	-0.747

1495487436148	-0.938	8.858	-0.306

1495487436160	-1.513	8.868	0.354

1495487436177	-1.551	8.858	1.216

1495487436180	-1.484	8.772	2.135

1495487436210	-1.034	8.609	2.758

1495487436213	-0.632	8.456	3.15

1495487436220	-0.421	8.255	2.423

1495487436221	-0.66	7.69	0.804

1495487436227	-0.325	7.202	-0.469

1495487436237	-0.21	6.866	-0.986

1495487436248	0.612	7.518	-1.216

1495487436260	1.369	9.72	-1.465

1495487436270	2.087	12.277	-1.522

1495487436277	2.375	13.57	-1.484

1495487436287	4.52	13.13	-0.258

1495487436297	3.859	11.071	0.967

1495487436307	2.968	11.348	2.087

1495487436321	2.241	11.913	2.011

1495487436327	1.819	12.737	1.426

1495487436339	1.57	13.465	1.091

1495487436349	1.35	13.408	0.373

1495487436357	1.091	12.718	-0.957

1495487436369	0.909	12.182	-2.068

1495487436385	0.191	12.076	-1.474

1495487436387	-0.909	12.268	-0.766

1495487436397	-1.091	12.143	-1.905

1495487436407	-1.465	11.722	-2.154

1495487436419	-1.867	11.875	-1.101

1495487436427	-2.767	13.551	1.704

1495487436437	-4.156	17.296	4.031

1495487436449	-6.761	19.604	3.208

1495487436457	-8.82	19.614	0.239

1495487436470	-8.399	19.326	-1.599

1495487436477	-6.847	17.344	-2.499

1495487436487	-5.296	16.089	-5.439

1495487436497	-1.187	16.08	-4.625

1495487436507	-1.197	13.312	-0.22

1495487436519	-1.398	11.31	2.116

1495487436536	-1.072	9.941	2.049

1495487436537	1.158	8.763	1.561

1495487436548	2.145	7.508	0.153

1495487436557	2.269	6.244	-0.44

1495487436569	2.183	4.213	-0.574

1495487436578	1.81	2.978	0.43

1495487436588	1.091	2.135	0.574

1495487436603	0.105	1.235	0.737

1495487436607	-0.641	1.072	1.513

1495487436621	-1.733	1.656	2.288

1495487436627	-2.557	2.039	2.614

1495487436637	-2.403	2.499	2.7

1495487436648	-2.202	2.298	2.652

1495487436657	-1.8	2.154	2.557

1495487436669	-0.89	2.327	1.848

1495487436685	-0.478	2.384	0.718

1495487436687	-0.076	2.231	0.325

1495487436697	0.124	2.049	0.191

1495487436707	0.009	1.216	0.105

1495487436719	0.162	1.407	-0.21

1495487436728	1.082	2.93	-0.114

1495487436737	2.327	5.229	0.536

1495487436753	2.423	7.498	0.402

1495487436758	1.781	10.075	0.316

1495487436769	2.317	13.331	1.005

1495487436777	3.294	17.708	3.265

1495487436787	3.955	19.614	4.443

1495487436797	-0.43	19.614	8.083

1495487436807	-9.04	19.614	10.534

1495487436820	-7.757	16.405	8.504

1495487436832	-1.379	8.542	8.561

1495487436837	1.618	3.533	6.167

1495487436848	4.137	2.145	3.035

1495487436857	4.51	1.015	1.695

1495487436869	2.806	1.494	1.599

1495487436878	1.58	3.572	1.905

1495487436888	0.153	6.885	1.58

1495487436911	-2.288	11.358	1.58

1495487436912	-4.482	19.614	-3.198

1495487436921	-2.528	19.614	-0.344

1495487436927	-1.187	15.811	0.756

1495487436937	0.325	5.468	0.699

1495487436949	1.436	2.499	-0.373

1495487436958	0.593	3.984	-1.024

1495487436977	1.436	6.512	0.277

1495487436978	2.183	5.813	-0.842

1495487436987	1.848	4.424	-3.562

1495487436997	0.861	4.137	-3.313

1495487437015	0.814	6.684	-0.948

1495487437020	0.306	8.925	-0.249

1495487437027	-1.398	10.783	-0.201

1495487437037	-3.016	12.115	0.344

1495487437048	-2.882	14.461	0.258

1495487437057	-2.193	17.095	-1.522

1495487437069	-1.063	17.516	-2.231

1495487437081	1.522	14.978	-0.124

1495487437087	2.174	10.898	0.229

1495487437097	2.193	8.341	-0.268

1495487437107	3.064	7.364	-1.723

1495487437120	4.348	5.43	-2.604

1495487437127	3.342	5.123	-2.375

1495487437137	1.829	5.458	-0.804

1495487437149	0.603	6.512	-0.076

1495487437157	-0.612	7.307	-0.172

1495487437169	-1.743	7.431	-0.134

1495487437178	-1.877	7.719	0.181

1495487437187	-1.972	7.968	1.197

1495487437197	-1.704	8.073	2.413

1495487437209	-1.11	8.15	2.997

1495487437233	-0.689	8.332	3.38

1495487437239	-0.584	8.035	0.919

1495487437250	-0.143	7.594	-0.134

1495487437260	0.43	7.47	-0.622

1495487437268	1.139	8.044	-1.369

1495487437283	2.02	9.902	-1.877

1495487437287	2.212	11.741	-1.79

1495487437297	1.915	12.373	-1.57

1495487437307	2.413	11.923	-0.708

1495487437321	3.495	10.726	0.383

1495487437327	2.576	11.435	1.331

1495487437337	1.762	12.335	1.656

1495487437349	0.881	13.513	1.551

1495487437357	0.191	13.848	0.574

1495487437369	0.268	12.823	-0.191

1495487437381	0.306	11.827	-0.574

1495487437387	0.095	10.726	-1.857

1495487437397	-0.459	9.807	-3.074

1495487437407	-1.608	10.668	-2.126

1495487437419	-1.829	11.846	0.028

1495487437427	-3.141	13.005	3.122

1495487437437	-4.97	16.74	5.095

1495487437449	-7.202	19.508	3.562

1495487437457	-8.447	19.614	-0.43

1495487437472	-7.757	19.614	-3.016

1495487437477	-6.876	18.292	-1.819

1495487437487	-6.656	16.194	0.229

1495487437497	-5.956	15.811	-0.411

1495487437514	-3.792	15.754	-2.269

1495487437520	-1.676	14.576	-0.296

1495487437527	-0.009	9.127	1.369

1495487437537	1.024	8.466	2.269

1495487437548	2.001	8.609	1.513

1495487437557	1.685	7.249	1.063

1495487437569	1.532	6.502	1.168

1495487437585	1.867	5.995	0.392

1495487437587	1.503	4.721	0.258

1495487437597	1.091	4.041	0.191

1495487437607	1.024	3.744	0.335

1495487437619	0.881	3.543	0.842

1495487437628	0.134	3.658	1.034

1495487437637	-0.699	3.658	1.455

1495487437653	-1.608	3.476	2.145

1495487437658	-2.279	2.959	2.394

1495487437669	-2.308	2.442	2.528

1495487437677	-1.886	2.308	2.164

1495487437687	-1.302	2.116	1.321

1495487437697	-0.996	1.838	1.082

1495487437707	-0.861	1.656	1.053

1495487437719	-1.101	1.676	0.881

1495487437727	-0.794	1.982	0.919

1495487437737	-0.469	2.633	0.421

1495487437750	0.134	4.491	0.335

1495487437758	1.158	7.69	0.114

1495487437773	2.241	10.783	-0.067

1495487437778	3.773	15.131	0.852

1495487437787	4.865	19.432	2.739

1495487437798	3.016	19.614	4.242

1495487437809	-2.03	19.614	7.489

1495487437820	-3.974	19.556	9.797

1495487437835	-0.861	13.886	10.065

1495487437837	1.216	5.976	9.988

1495487437849	2.336	2.145	6.905

1495487437857	2.585	1.149	3.945

1495487437869	2.106	0.593	2.384

1495487437892	0.996	0.143	1.829

1495487437893	0.277	0.383	0.766

1495487437897	-0.134	1.676	0.172

1495487437907	-1.666	3.83	0.201

1495487437920	-4.597	8.6	-0.162

1495487437930	-8.245	17.698	-2.566

1495487437938	-10.984	19.614	3.821

1495487437957	-3.466	16.846	-0.191

1495487437959	4.472	9.337	-4.194

1495487437969	11.674	9.366	-6.608

1495487437977	7.987	6.684	-3.045

1495487437987	2.595	5.229	-1.857

1495487437997	0.814	3.754	-2.03

1495487438007	-0.536	2.145	-1.57

1495487438019	-0.603	2.499	0.622

1495487438032	0.373	4.108	2.039

1495487438037	-0.067	5.363	0.45

1495487438048	-1.561	7.163	-1.168

1495487438057	-2.317	9.768	-0.89

1495487438072	-1.982	13.388	0.134

1495487438078	-2.202	17.612	0.134

1495487438087	-2.853	19.614	-1.972

1495487438105	0.402	18.886	-1.168

1495487438107	2.595	12.852	-0.086

1495487438120	2.26	6.953	-0.124

1495487438127	2.537	5.315	-2.241

1495487438142	3.907	5.401	-2.423

1495487438149	2.423	5.679	-1.369

1495487438157	2.126	6.684	-0.545

1495487438169	1.819	7.546	0.43

1495487438177	0.89	8.006	0.976

1495487438187	-0.756	8.255	0.191

1495487438207	-1.867	7.805	0.574

1495487438208	-1.005	7.613	1.369

1495487438220	0.057	7.795	2.279

1495487438227	0.833	8.044	2.652

1495487438237	1.676	8.743	2.518

1495487438248	1.743	9.347	2.518

1495487438257	1.35	9.337	2.595

1495487438269	1.082	8.82	2.308

1495487438277	1.139	8.38	0.411

1495487438287	1.082	8.954	-1.58

1495487438297	1.053	10.822	-1.637

1495487438316	1.446	11.971	-1.465

1495487438320	3.696	11.473	-1.81

1495487438327	4.673	10.285	-0.584

1495487438337	2.949	10.19	1.647

1495487438347	2.269	10.659	2.662

1495487438357	1.015	10.879	2.145

1495487438372	0.89	11.291	0.804

1495487438378	1.12	11.54	-0.603

1495487438397	1.426	12.048	-0.689

1495487438398	0.574	11.722	-1.11

1495487438407	-0.498	10.783	-2.451

1495487438419	-1.072	11.31	-2.365

1495487438427	-1.225	12.603	-0.785

1495487438441	-2.126	15.17	2.068

1495487438449	-3.476	18.704	4.453

1495487438457	-5.238	19.614	3.955

1495487438469	-7.652	19.614	-1.13

1495487438477	-8.763	19.575	-3.553

1495487438487	-8.351	17.248	-0.833

1495487438507	-6.55	16.175	-1.676

1495487438508	-4.319	15.16	-4.07

1495487438520	-2.212	14.356	-3.246

1495487438527	-0.143	14.902	-0.842

1495487438537	-0.105	13.245	2.298

1495487438548	-0.105	10.525	4.328

1495487438557	-0.105	9.759	4.022

1495487438569	2.231	9.021	2.901

1495487438586	2.394	8.14	1.446

1495487438587	2.537	7.01	0.047

1495487438597	2.576	5.238	-0.134

1495487438607	2.509	4.539	0.172

1495487438619	2.221	4.213	0.545

1495487438627	1.704	3.859	0.277

1495487438637	0.239	3.792	1.072

1495487438658	-1.158	3.792	1.79

1495487438659	-2.164	3.198	2.451

1495487438672	-2.308	2.394	3.045

1495487438677	-2.02	2.164	2.375

1495487438687	-1.197	1.771	0.641

1495487438697	-0.612	1.359	-0.268

1495487438720	-0.354	0.948	-0.114

1495487438721	-0.287	0.651	0.306

1495487438727	-0.641	0.766	0.43

1495487438737	-1.082	1.053	0.316

1495487438748	-0.957	1.704	0.411

1495487438757	-0.747	2.566	0.622

1495487438769	-0.162	4.367	0.881

1495487438777	1.302	10.688	0.976

1495487438787	2.336	14.222	1.723

1495487438797	3.064	18.282	4.051

1495487438807	1.407	19.614	6.186

1495487438830	-1.972	19.614	7.182

1495487438831	-1.589	19.288	7.977

1495487438837	0.823	13.168	8.035

1495487438849	2.26	6.799	7.374

1495487438857	2.624	3.562	5.583

1495487438869	2.537	2.461	3.782

1495487438877	1.407	2.672	2.949

1495487438903	0.823	4.415	2.423

1495487438904	-0.047	7.278	1.359

1495487438907	-1.877	10.372	0.967

1495487438921	-4.146	15.17	0.507

1495487438927	-5.229	19.585	-1.963

1495487438937	-3.39	19.614	-1.245

1495487438949	-3.457	19.614	2.7

1495487438958	-1.187	14.126	2.7

1495487438969	3.802	6.282	-2.739

1495487438977	3.438	4.146	-0.699

1495487438987	3.294	4.903	0.871

1495487439001	2.681	3.61	-0.105

1495487439007	2.355	2.643	-1.944

1495487439020	2.039	3.926	-2.518

1495487439027	0.162	5.123	-1.417

1495487439041	-0.928	6.656	-0.277

1495487439048	-1.034	8.743	0.574

1495487439057	-2.001	11.76	1.13

1495487439070	-2.461	15.802	0.622

1495487439081	-2.518	19.192	-0.153

1495487439087	-1.206	19.614	-0.986

1495487439097	0.632	16.692	-1.235

1495487439107	2.202	10.793	-1.312

1495487439119	2.767	6.905	-0.823

1495487439127	3.246	4.893	-0.641

1495487439137	3.524	4.75	-0.459

1495487439149	3.466	4.903	-0.411

1495487439157	3.007	5.382	-0.469

1495487439169	2.384	6.397	-0.89

1495487439177	2.059	7.403	-0.335

1495487439187	-0.507	8.322	-0.344

1495487439197	-1.245	8.408	0.574

1495487439207	-0.909	8.15	1.321

1495487439222	-0.134	8.063	1.781

1495487439227	0.593	8.226	2.25

1495487439240	1.245	8.447	2.279

1495487439248	1.886	8.763	2.25

1495487439257	1.503	8.878	2.02

1495487439269	0.689	8.494	1.685

1495487439277	0.268	7.738	0.641

1495487439287	0.162	7.393	-0.986

1495487439308	0.277	8.284	-2.26

1495487439310	0.354	10.285	-1.925

1495487439321	0.593	11.799	-1.216

1495487439327	1.599	11.626	-0.852

1495487439337	3.246	10.544	-0.536

1495487439349	2.394	9.835	1.024

1495487439358	1.8	10.103	2.423

1495487439373	1.79	10.917	2.557

1495487439378	2.145	11.741	1.771

1495487439401	2.815	12.153	0.249

1495487439403	2.461	12.383	0.316

1495487439407	1.972	12.162	0.086

1495487439419	1.216	12.498	0.201

1495487439427	0.928	13.743	0.708

1495487439437	0.316	14.423	0.44

1495487439452	0.086	13.637	-0.823

1495487439464	-1.618	12.325	-1.35

1495487439470	-3.466	12.124	-0.229

1495487439477	-4.012	13.408	1.58

1495487439487	-5.468	16.175	1.436

1495487439497	-7.087	17.344	-0.019

1495487439507	-7.556	17.344	-1.11

1495487439521	-6.991	16.453	-0.239

1495487439527	-6.263	15.859	0.871

1495487439539	-5.458	15.907	0.565

1495487439548	-3.189	16.396	-1.426

1495487439557	-1.407	15.965	-2.643

1495487439569	0.009	13.417	-0.919

1495487439586	-0.459	12.009	1.158

1495487439587	-0.718	11.77	4.07

1495487439597	1.139	8.198	2.174

1495487439607	1.714	7.355	1.053

1495487439619	1.905	6.397	0.354

1495487439627	1.915	5.688	-0.038

1495487439647	1.992	4.625	-0.354

1495487439649	1.513	3.945	-0.114

1495487439657	0.43	3.754	0.526

1495487439670	-0.737	3.763	1.034

1495487439677	-1.446	3.811	2.039

1495487439687	-2.241	4.156	2.585

1495487439697	-2.921	4.328	2.892

1495487439707	-3.122	4.472	2.873

1495487439719	-2.585	4.376	2.279

1495487439736	-2.059	4.108	1.762

1495487439737	-1.11	3.543	0.814

1495487439749	-0.067	2.739	-0.057

1495487439757	0.258	2.384	-0.134

1495487439769	0.038	2.394	0.679

1495487439777	-0.086	2.432	1.417

1495487439797	-0.047	2.403	2.039

1495487439798	0.44	2.959	2.566

1495487439807	1.369	6.292	2.729

1495487439821	1.12	8.169	2.921

1495487439827	1.57	11.052	3.457

1495487439837	3.055	15.189	4.127

1495487439847	4.223	19.364	3.466

1495487439857	2.796	19.614	4.826

1495487439869	-2.566	19.614	6.627

1495487439904	-3.524	17.756	8.351

1495487439911	-0.239	10.027	9.251

1495487439912	0.44	5.123	8.102

1495487439913	0.842	3.936	5.66

1495487439920	0.43	4.28	3.275

1495487439927	-0.555	6.177	1.254

1495487439938	-0.804	9.347	1.024

1495487439949	-1.628	13.206	1.302

1495487439959	-3.265	16.539	1.245

1495487439978	-3.332	19.096	1.474

1495487439979	-1.618	19.403	0.277

1495487439987	0.086	15.208	-1.723

1495487439997	0.967	10.103	-1.369

1495487440007	0.028	7.891	-0.507

1495487440020	1.187	8.887	0.268

1495487440032	1.934	7.613	-0.507

1495487440037	2.298	6.177	-1.647

1495487440049	2.269	5.66	-2.413

1495487440057	0.986	6.397	-2.537

1495487440070	-1.177	6.273	-1.503

1495487440077	-2.02	7.814	-0.651

1495487440093	-2.403	9.73	-0.229

1495487440097	-2.154	11.588	-0.249

1495487440107	-0.766	13.082	-0.89

1495487440121	0.478	14.71	-0.89

1495487440127	1.321	15.352	-0.459

1495487440137	2.174	13.542	-0.124

1495487440152	2.078	10.659	0.162

1495487440158	2.145	8.399	0.363

1495487440169	2.298	7.269	0.057

1495487440177	2.777	6.627	-0.603

1495487440187	2.47	6.119	-0.89

1495487440197	1.723	5.842	-0.967

1495487440208	0.325	6.225	-0.909

1495487440236	-0.229	7.613	-1.101

1495487440238	-0.708	8.293	-1.11

1495487440240	-0.67	8.964	-0.718

1495487440249	-0.536	9.318	0.555

1495487440258	-0.392	9.423	2.011

1495487440270	-0.229	9.414	2.461

1495487440277	0.0	9.136	2.47

1495487440292	-0.028	8.973	1.925

1495487440297	0.057	8.715	0.766

1495487440307	0.258	8.255	0.076

1495487440320	0.718	8.121	-0.038

1495487440327	1.331	8.284	-0.201

