1495824161277	-9.810077	0.4708837	0.078480616

1495824161283	-9.731596	0.5493643	0.0

1495824161289	-9.810077	0.5493643	0.0

1495824161319	-9.810077	0.5493643	0.0

1495824161329	-9.810077	0.5493643	0.0

1495824161346	-9.810077	0.5493643	0.0

1495824161349	-9.810077	0.5493643	0.078480616

1495824161359	-9.810077	0.4708837	0.078480616

1495824161369	-9.810077	0.5493643	0.078480616

1495824161379	-9.810077	0.5493643	0.078480616

1495824161393	-9.810077	0.5493643	0.0

1495824161409	-9.810077	0.4708837	0.0

1495824161434	-9.810077	0.5493643	0.0

1495824161434	-9.810077	0.5493643	0.0

1495824161439	-9.810077	0.4708837	0.0

1495824161449	-9.731596	0.4708837	0.078480616

1495824161459	-9.810077	0.5493643	0.0

1495824161473	-9.810077	0.5493643	0.0

1495824161479	-9.810077	0.5493643	0.0

1495824161499	-9.810077	0.5493643	0.0

1495824161509	-9.810077	0.4708837	0.0

1495824161519	-9.810077	0.5493643	0.078480616

1495824161529	-9.810077	0.5493643	0.078480616

1495824161549	-9.810077	0.5493643	0.0

1495824161563	-9.810077	0.5493643	-0.078480616

1495824161564	-9.810077	0.5493643	0.0

1495824161569	-9.810077	0.4708837	0.0

1495824161595	-9.810077	0.4708837	0.0

1495824161599	-9.810077	0.5493643	0.0

1495824161619	-9.731596	0.5493643	0.078480616

1495824161632	-9.731596	0.5493643	0.078480616

1495824161639	-9.810077	0.5493643	0.078480616

1495824161672	-9.810077	0.4708837	0.0

1495824161673	-9.810077	0.5493643	0.0

1495824161674	-9.731596	0.5493643	0.0

1495824161679	-9.731596	0.5493643	0.078480616

1495824161689	-9.810077	0.5493643	0.0

1495824161711	-9.810077	0.4708837	0.0

1495824161719	-9.810077	0.5493643	-0.078480616

1495824161729	-9.810077	0.5493643	0.0

1495824161739	-9.810077	0.5493643	0.0

1495824161759	-9.731596	0.5493643	0.0

1495824161773	-9.810077	0.5493643	0.0

1495824161779	-9.810077	0.5493643	-0.078480616

1495824161789	-9.810077	0.5493643	-0.078480616

1495824161811	-9.731596	0.5493643	0.0

1495824161815	-9.731596	0.5493643	0.0

1495824161819	-9.810077	0.5493643	0.078480616

1495824161829	-9.810077	0.5493643	0.0

1495824161839	-9.810077	0.4708837	-0.078480616

1495824161853	-9.810077	0.4708837	0.0

1495824161859	-9.810077	0.5493643	0.078480616

1495824161869	-9.810077	0.5493643	0.0

1495824161898	-9.810077	0.5493643	0.0

1495824161909	-9.810077	0.5493643	0.0

1495824161919	-9.810077	0.5493643	-0.078480616

1495824161939	-9.810077	0.5493643	-0.078480616

1495824161940	-9.810077	0.5493643	0.0

1495824161949	-9.810077	0.5493643	0.0

1495824161979	-9.810077	0.5493643	0.078480616

1495824161989	-9.810077	0.4708837	0.0

1495824162003	-9.810077	0.4708837	0.0

1495824162009	-9.810077	0.5493643	0.078480616

1495824162019	-9.731596	0.5493643	0.0

1495824162042	-9.810077	0.5493643	0.0

1495824162043	-9.810077	0.5493643	0.0

1495824162049	-9.810077	0.5493643	0.0

1495824162059	-9.810077	0.5493643	0.0

1495824162069	-9.810077	0.5493643	0.078480616

1495824162083	-9.810077	0.5493643	0.0

1495824162089	-9.810077	0.5493643	0.0

1495824162119	-9.888557	0.5493643	0.0

1495824162121	-9.810077	0.5493643	0.078480616

1495824162129	-9.810077	0.5493643	0.078480616

1495824162139	-9.810077	0.6278449	0.0

1495824162160	-9.810077	0.5493643	0.0

1495824162169	-9.810077	0.5493643	0.078480616

1495824162199	-9.810077	0.5493643	0.0

1495824162200	-9.731596	0.5493643	0.0

1495824162209	-9.810077	0.5493643	0.0

1495824162219	-9.810077	0.5493643	0.078480616

1495824162236	-9.731596	0.5493643	0.0

1495824162239	-9.810077	0.5493643	0.0

1495824162249	-9.810077	0.4708837	0.0

1495824162259	-9.810077	0.5493643	0.0

1495824162269	-9.810077	0.5493643	0.078480616

1495824162279	-9.731596	0.5493643	0.078480616

1495824162289	-9.810077	0.5493643	0.0

1495824162305	-9.810077	0.5493643	0.0

1495824162319	-9.810077	0.5493643	-0.078480616

1495824162329	-9.731596	0.5493643	0.0

1495824162343	-9.810077	0.5493643	0.078480616

1495824162349	-9.810077	0.4708837	0.15696123

1495824162359	-9.731596	0.5493643	0.078480616

1495824162369	-9.810077	0.5493643	0.078480616

1495824162387	-9.810077	0.5493643	0.0

1495824162429	-9.731596	0.5493643	0.0

1495824162439	-9.810077	0.5493643	0.0

1495824162470	-9.810077	0.5493643	0.078480616

1495824162471	-9.810077	0.5493643	0.0

1495824162500	-9.810077	0.5493643	-0.078480616

1495824162500	-9.810077	0.5493643	0.0

1495824162501	-9.810077	0.5493643	0.0

1495824162519	-9.810077	0.5493643	0.0

1495824162529	-9.810077	0.5493643	-0.078480616

1495824162544	-9.810077	0.5493643	0.0

1495824162549	-9.810077	0.5493643	0.078480616

1495824162559	-9.810077	0.5493643	0.0

1495824162576	-9.731596	0.5493643	0.0

1495824162579	-9.810077	0.5493643	0.0

1495824162589	-9.810077	0.5493643	0.0

1495824162611	-9.810077	0.5493643	0.078480616

1495824162612	-9.810077	0.4708837	0.078480616

1495824162619	-9.810077	0.5493643	0.0

1495824162629	-9.731596	0.4708837	0.0

1495824162650	-9.731596	0.5493643	0.078480616

1495824162651	-9.810077	0.6278449	0.0

1495824162659	-9.810077	0.5493643	0.0

1495824162699	-9.810077	0.5493643	0.0

1495824162709	-9.810077	0.5493643	0.078480616

1495824162723	-9.810077	0.5493643	0.0

1495824162729	-9.810077	0.5493643	0.078480616

1495824162749	-9.810077	0.5493643	0.078480616

1495824162771	-9.810077	0.5493643	0.0

1495824162807	-9.810077	0.4708837	0.0

1495824162812	-9.810077	0.4708837	0.0

1495824162819	-9.810077	0.5493643	0.0

1495824162829	-9.810077	0.5493643	0.078480616

1495824162851	-9.731596	0.4708837	0.078480616

1495824162852	-9.810077	0.4708837	0.0

1495824162859	-9.810077	0.5493643	0.0

1495824162894	-9.731596	0.5493643	0.0

1495824162895	-9.810077	0.5493643	0.078480616

1495824162899	-9.810077	0.5493643	0.0

1495824162932	-9.810077	0.5493643	0.0

1495824162939	-9.810077	0.5493643	0.0

1495824162970	-9.810077	0.5493643	0.0

1495824162979	-9.731596	0.5493643	0.078480616

1495824162989	-9.731596	0.5493643	0.0

1495824163011	-9.810077	0.5493643	0.0

1495824163012	-9.810077	0.5493643	0.0

1495824163019	-9.810077	0.5493643	0.0

1495824163051	-9.810077	0.5493643	0.0

1495824163052	-9.810077	0.5493643	0.0

1495824163069	-9.731596	0.5493643	-0.078480616

1495824163091	-9.810077	0.5493643	0.0

1495824163092	-9.810077	0.5493643	0.0

1495824163102	-9.810077	0.5493643	0.078480616

1495824163109	-9.810077	0.5493643	0.0

1495824163119	-9.810077	0.5493643	0.078480616

1495824163129	-9.810077	0.5493643	0.078480616

1495824163139	-9.810077	0.5493643	0.0

1495824163153	-9.810077	0.5493643	0.078480616

1495824163169	-9.810077	0.5493643	0.0

1495824163189	-9.810077	0.5493643	0.0

1495824163199	-9.810077	0.5493643	0.0

1495824163216	-9.810077	0.5493643	0.0

1495824163219	-9.810077	0.5493643	-0.078480616

1495824163229	-9.810077	0.5493643	-0.078480616

1495824163255	-9.810077	0.5493643	0.0

1495824163256	-9.810077	0.4708837	0.0

1495824163269	-9.810077	0.5493643	0.0

1495824163299	-9.810077	0.5493643	0.0

1495824163330	-9.810077	0.5493643	0.078480616

1495824163339	-9.810077	0.5493643	0.0

1495824163359	-9.810077	0.5493643	0.0

1495824163374	-9.810077	0.4708837	0.0

1495824163379	-9.810077	0.5493643	0.0

1495824163406	-9.810077	0.5493643	0.0

1495824163409	-9.810077	0.5493643	0.0

1495824163419	-9.810077	0.5493643	0.078480616

1495824163449	-9.810077	0.5493643	0.0

1495824163459	-9.810077	0.4708837	0.0

1495824163469	-9.810077	0.4708837	0.0

1495824163487	-9.810077	0.5493643	0.078480616

1495824163489	-9.810077	0.5493643	0.0

1495824163499	-9.810077	0.5493643	-0.078480616

1495824163527	-9.810077	0.5493643	0.0

1495824163529	-9.810077	0.5493643	0.0

1495824163539	-9.810077	0.5493643	-0.078480616

1495824163549	-9.810077	0.5493643	0.0

1495824163575	-9.810077	0.5493643	0.0

1495824163579	-9.731596	0.5493643	0.0

1495824163589	-9.810077	0.5493643	0.078480616

1495824163609	-9.810077	0.5493643	0.0

1495824163610	-9.810077	0.5493643	-0.078480616

1495824163629	-9.810077	0.5493643	0.0

1495824163649	-9.810077	0.4708837	0.0

1495824163659	-9.810077	0.5493643	0.0

1495824163669	-9.810077	0.5493643	0.0

1495824163684	-9.810077	0.5493643	0.078480616

1495824163689	-9.731596	0.5493643	0.0

1495824163699	-9.810077	0.5493643	0.0

1495824163709	-9.810077	0.5493643	0.0

1495824163726	-9.731596	0.5493643	-0.078480616

1495824163739	-9.810077	0.5493643	0.0

1495824163765	-9.810077	0.5493643	0.078480616

1495824163769	-9.810077	0.5493643	0.0

1495824163779	-9.810077	0.5493643	-0.078480616

1495824163789	-9.810077	0.5493643	0.0

1495824163799	-9.731596	0.5493643	-0.078480616

1495824163809	-9.731596	0.5493643	0.0

1495824163831	-9.810077	0.5493643	0.0

1495824163832	-9.810077	0.5493643	0.078480616

1495824163839	-9.731596	0.5493643	0.078480616

1495824163867	-9.810077	0.5493643	-0.078480616

1495824163869	-9.810077	0.5493643	0.0

1495824163879	-9.810077	0.5493643	0.078480616

1495824163889	-9.731596	0.5493643	0.0

1495824163912	-9.731596	0.5493643	0.0

1495824163919	-9.810077	0.5493643	0.0

1495824163929	-9.731596	0.5493643	0.0

1495824163952	-9.810077	0.5493643	0.0

1495824163954	-9.731596	0.5493643	0.0

1495824163959	-9.731596	0.5493643	-0.078480616

1495824163969	-9.810077	0.5493643	-0.078480616

1495824163992	-9.731596	0.5493643	0.0

1495824163992	-9.810077	0.5493643	0.0

1495824164009	-9.888557	0.5493643	-0.078480616

1495824164027	-9.810077	0.5493643	0.0

1495824164059	-9.731596	0.5493643	0.0

1495824164079	-9.810077	0.4708837	0.0

1495824164107	-9.810077	0.5493643	0.0

1495824164110	-9.731596	0.5493643	0.0

1495824164119	-9.810077	0.5493643	0.0

1495824164129	-9.810077	0.5493643	0.0

1495824164152	-9.731596	0.5493643	0.0

1495824164159	-9.810077	0.5493643	-0.078480616

1495824164192	-9.810077	0.5493643	0.0

1495824164192	-9.810077	0.5493643	0.0

1495824164209	-9.810077	0.5493643	0.0

1495824164231	-9.810077	0.5493643	0.078480616

1495824164239	-9.810077	0.5493643	0.0

1495824164249	-9.810077	0.5493643	0.078480616

1495824164269	-9.810077	0.5493643	0.078480616

1495824164270	-9.810077	0.4708837	0.078480616

1495824164279	-9.810077	0.5493643	0.078480616

1495824164289	-9.810077	0.5493643	0.0

1495824164311	-9.810077	0.5493643	-0.078480616

1495824164312	-9.810077	0.5493643	0.0

1495824164319	-9.731596	0.5493643	0.078480616

1495824164339	-9.731596	0.4708837	0.078480616

1495824164340	-9.731596	0.4708837	0.078480616

1495824164349	-9.810077	0.5493643	0.0

1495824164359	-9.810077	0.5493643	0.078480616

1495824164374	-9.731596	0.5493643	0.15696123

1495824164379	-9.731596	0.5493643	0.078480616

1495824164389	-9.810077	0.5493643	0.078480616

1495824164415	-9.810077	0.5493643	0.078480616

1495824164429	-9.810077	0.5493643	0.0

1495824164439	-9.810077	0.5493643	0.0

1495824164459	-9.731596	0.5493643	0.0

1495824164479	-9.810077	0.5493643	0.0

1495824164489	-9.810077	0.5493643	0.078480616

1495824164499	-9.810077	0.5493643	0.078480616

1495824164509	-9.810077	0.4708837	0.0

1495824164523	-9.810077	0.5493643	0.0

1495824164529	-9.810077	0.5493643	0.0

1495824164539	-9.810077	0.5493643	0.0

1495824164569	-9.810077	0.5493643	0.078480616

1495824164579	-9.810077	0.5493643	0.078480616

1495824164589	-9.810077	0.4708837	0.078480616

1495824164606	-9.810077	0.5493643	0.078480616

1495824164609	-9.810077	0.5493643	0.0

1495824164619	-9.810077	0.5493643	-0.078480616

1495824164629	-9.810077	0.5493643	-0.078480616

1495824164645	-9.810077	0.5493643	0.0

1495824164659	-9.731596	0.4708837	0.0

1495824164669	-9.731596	0.5493643	0.0

1495824164684	-9.731596	0.5493643	0.078480616

1495824164689	-9.810077	0.5493643	0.0

1495824164720	-9.810077	0.5493643	0.0

1495824164721	-9.810077	0.5493643	0.0

1495824164729	-9.810077	0.5493643	0.078480616

1495824164739	-9.810077	0.4708837	0.0

1495824164749	-9.810077	0.5493643	0.0

1495824164766	-9.810077	0.5493643	0.078480616

1495824164769	-9.810077	0.4708837	0.078480616

1495824164789	-9.731596	0.5493643	0.0

1495824164805	-9.731596	0.5493643	0.0

1495824164809	-9.810077	0.5493643	0.0

1495824164819	-9.810077	0.4708837	0.0

1495824164829	-9.810077	0.5493643	0.0

1495824164844	-9.810077	0.5493643	-0.078480616

1495824164849	-9.810077	0.5493643	0.0

1495824164859	-9.810077	0.5493643	0.0

1495824164869	-9.810077	0.4708837	0.0

1495824164884	-9.810077	0.5493643	0.0

1495824164889	-9.810077	0.5493643	0.0

1495824164899	-9.810077	0.5493643	0.078480616

1495824164926	-9.810077	0.4708837	0.078480616

1495824164929	-9.810077	0.5493643	0.078480616

1495824164939	-9.810077	0.5493643	0.078480616

1495824164962	-9.810077	0.5493643	0.078480616

1495824164969	-9.810077	0.5493643	0.0

1495824164979	-9.810077	0.5493643	0.0

1495824165000	-9.810077	0.5493643	0.078480616

1495824165009	-9.810077	0.5493643	0.0

1495824165031	-9.810077	0.5493643	0.0

1495824165039	-9.810077	0.5493643	0.0

1495824165049	-9.810077	0.4708837	0.0

1495824165068	-9.810077	0.5493643	0.0

1495824165079	-9.731596	0.5493643	0.0

1495824165093	-9.810077	0.5493643	0.0

1495824165099	-9.810077	0.5493643	0.0

1495824165109	-9.810077	0.5493643	0.0

1495824165130	-9.731596	0.5493643	0.078480616

1495824165131	-9.810077	0.5493643	0.0

1495824165149	-9.810077	0.5493643	0.078480616

1495824165159	-9.810077	0.5493643	0.0

1495824165169	-9.810077	0.5493643	0.078480616

1495824165187	-9.810077	0.5493643	0.0

1495824165209	-9.810077	0.5493643	0.078480616

1495824165219	-9.810077	0.4708837	0.0

1495824165229	-9.810077	0.5493643	-0.078480616

1495824165249	-9.810077	0.5493643	0.0

1495824165275	-9.810077	0.5493643	0.078480616

1495824165279	-9.810077	0.5493643	0.0

1495824165289	-9.810077	0.5493643	0.078480616

1495824165299	-9.810077	0.5493643	0.0

1495824165313	-9.810077	0.4708837	0.0

1495824165329	-9.810077	0.4708837	0.0

1495824165349	-9.810077	0.4708837	0.078480616

1495824165350	-9.731596	0.5493643	0.078480616

1495824165359	-9.731596	0.5493643	0.0

1495824165369	-9.810077	0.5493643	0.0

1495824165385	-9.731596	0.5493643	0.0

1495824165389	-9.810077	0.5493643	0.078480616

1495824165399	-9.810077	0.5493643	0.0

1495824165409	-9.810077	0.5493643	0.078480616

1495824165419	-9.810077	0.5493643	0.0

1495824165429	-9.810077	0.5493643	0.0

1495824165443	-9.810077	0.5493643	-0.078480616

1495824165449	-9.810077	0.5493643	-0.078480616

1495824165459	-9.810077	0.5493643	0.0

1495824165479	-9.810077	0.5493643	0.0

1495824165489	-9.810077	0.4708837	0.0

1495824165499	-9.810077	0.5493643	0.0

1495824165513	-9.810077	0.5493643	0.0

1495824165519	-9.731596	0.5493643	0.078480616

1495824165529	-9.731596	0.5493643	0.078480616

1495824165549	-9.810077	0.4708837	0.0

1495824165559	-9.731596	0.5493643	0.0

1495824165569	-9.810077	0.5493643	0.078480616

1495824165591	-9.810077	0.5493643	0.0

1495824165625	-9.888557	0.5493643	0.0

1495824165629	-9.810077	0.5493643	0.0

1495824165639	-9.810077	0.5493643	0.078480616

1495824165649	-9.810077	0.5493643	0.0

1495824165663	-9.810077	0.5493643	0.0

1495824165669	-9.810077	0.5493643	0.0

1495824165696	-9.731596	0.5493643	0.0

1495824165709	-9.810077	0.5493643	0.0

1495824165730	-9.810077	0.4708837	0.0

1495824165731	-9.810077	0.5493643	0.0

1495824165739	-9.810077	0.5493643	0.0

1495824165749	-9.810077	0.5493643	0.0

1495824165769	-9.731596	0.5493643	0.0

1495824165771	-9.810077	0.5493643	0.0

1495824165789	-9.810077	0.5493643	0.0

1495824165806	-9.810077	0.5493643	0.078480616

1495824165809	-9.810077	0.5493643	0.0

1495824165819	-9.731596	0.5493643	0.0

1495824165829	-9.810077	0.5493643	0.0

1495824165849	-9.810077	0.5493643	-0.078480616

1495824165859	-9.810077	0.5493643	0.0

1495824165869	-9.731596	0.5493643	0.0

1495824165891	-9.731596	0.5493643	0.078480616

1495824165899	-9.810077	0.5493643	0.078480616

1495824165909	-9.810077	0.5493643	0.0

1495824165930	-9.810077	0.5493643	0.078480616

1495824165939	-9.810077	0.6278449	0.078480616

1495824165949	-9.810077	0.5493643	0.0

1495824165971	-9.810077	0.5493643	0.0

1495824165989	-9.810077	0.5493643	0.0

1495824166010	-9.810077	0.5493643	0.078480616

1495824166030	-9.810077	0.5493643	0.078480616

1495824166039	-9.810077	0.5493643	0.078480616

1495824166059	-9.810077	0.5493643	0.0

1495824166069	-9.731596	0.5493643	0.0

1495824166079	-9.810077	0.5493643	0.078480616

1495824166089	-9.810077	0.5493643	0.0

1495824166109	-9.810077	0.5493643	0.078480616

1495824166119	-9.810077	0.5493643	0.078480616

1495824166136	-9.731596	0.5493643	0.078480616

1495824166139	-9.810077	0.5493643	0.078480616

1495824166149	-9.810077	0.5493643	0.0

1495824166161	-9.731596	0.5493643	0.0

1495824166169	-9.731596	0.5493643	0.078480616

1495824166179	-9.731596	0.5493643	0.078480616

1495824166196	-9.731596	0.5493643	0.0

1495824166199	-9.731596	0.5493643	0.0

