1495728334534	0.15696123	0.5493643	9.810077

1495728334535	0.15696123	0.6278449	9.888557

1495728334536	0.15696123	0.6278449	9.888557

1495728334536	0.15696123	0.6278449	9.888557

1495728334559	0.15696123	0.6278449	9.888557

1495728334575	0.15696123	0.5493643	9.888557

1495728334579	0.23544185	0.5493643	9.967038

1495728334589	0.15696123	0.6278449	9.888557

1495728334616	0.23544185	0.6278449	9.888557

1495728334619	0.15696123	0.6278449	9.888557

1495728334638	0.23544185	0.6278449	9.888557

1495728334648	0.23544185	0.6278449	9.810077

1495728334663	0.15696123	0.6278449	9.810077

1495728334669	0.15696123	0.6278449	9.810077

1495728334703	0.15696123	0.6278449	9.888557

1495728334704	0.15696123	0.5493643	9.810077

1495728334709	0.15696123	0.6278449	9.888557

1495728334719	0.15696123	0.6278449	9.967038

1495728334728	0.15696123	0.6278449	9.888557

1495728334742	0.15696123	0.6278449	9.888557

1495728334749	0.15696123	0.6278449	9.967038

1495728334774	0.23544185	0.6278449	9.888557

1495728334774	0.23544185	0.6278449	9.810077

1495728334778	0.15696123	0.6278449	9.810077

1495728334788	0.15696123	0.5493643	9.810077

1495728334807	0.15696123	0.5493643	9.888557

1495728334808	0.15696123	0.6278449	9.888557

1495728334831	0.23544185	0.6278449	9.888557

1495728334839	0.23544185	0.5493643	9.888557

1495728334848	0.15696123	0.5493643	9.888557

1495728334858	0.23544185	0.5493643	9.888557

1495728334871	0.23544185	0.5493643	9.888557

1495728334879	0.23544185	0.6278449	9.810077

1495728334913	0.23544185	0.6278449	9.888557

1495728334914	0.23544185	0.6278449	9.810077

1495728334915	0.15696123	0.6278449	9.810077

1495728334929	0.15696123	0.6278449	9.888557

1495728334939	0.15696123	0.6278449	9.888557

1495728334952	0.15696123	0.6278449	9.888557

1495728334989	0.15696123	0.6278449	9.888557

1495728334998	0.15696123	0.6278449	9.810077

1495728335008	0.15696123	0.6278449	9.888557

1495728335028	0.15696123	0.6278449	9.810077

1495728335029	0.23544185	0.6278449	9.810077

1495728335039	0.23544185	0.5493643	9.810077

1495728335069	0.15696123	0.5493643	9.888557

1495728335070	0.15696123	0.6278449	9.967038

1495728335078	0.15696123	0.6278449	9.967038

1495728335090	0.15696123	0.5493643	9.810077

1495728335098	0.15696123	0.5493643	9.810077

1495728335116	0.15696123	0.6278449	9.888557

1495728335119	0.15696123	0.6278449	9.888557

1495728335129	0.15696123	0.6278449	9.810077

1495728335162	0.15696123	0.6278449	9.810077

1495728335164	0.15696123	0.6278449	9.888557

1495728335169	0.15696123	0.6278449	9.888557

1495728335204	0.15696123	0.6278449	9.967038

1495728335208	0.15696123	0.6278449	9.888557

1495728335228	0.15696123	0.6278449	9.888557

1495728335238	0.15696123	0.6278449	9.810077

1495728335263	0.15696123	0.6278449	9.810077

1495728335269	0.15696123	0.6278449	9.810077

1495728335303	0.15696123	0.6278449	9.888557

1495728335304	0.15696123	0.6278449	9.810077

1495728335319	0.15696123	0.6278449	9.888557

1495728335349	0.15696123	0.6278449	9.888557

1495728335370	0.15696123	0.6278449	9.888557

1495728335370	0.15696123	0.6278449	9.888557

1495728335389	0.15696123	0.6278449	9.888557

1495728335402	0.23544185	0.6278449	9.810077

1495728335409	0.23544185	0.6278449	9.810077

1495728335419	0.23544185	0.5493643	9.810077

1495728335442	0.15696123	0.5493643	9.810077

1495728335445	0.15696123	0.6278449	9.888557

1495728335449	0.15696123	0.6278449	9.888557

1495728335468	0.15696123	0.6278449	9.888557

1495728335488	0.15696123	0.6278449	9.888557

1495728335498	0.15696123	0.6278449	9.888557

1495728335539	0.23544185	0.6278449	9.888557

1495728335563	0.23544185	0.6278449	9.888557

1495728335586	0.15696123	0.6278449	9.888557

1495728335587	0.15696123	0.70632553	9.888557

1495728335589	0.15696123	0.6278449	9.888557

1495728335608	0.23544185	0.6278449	9.810077

1495728335622	0.15696123	0.6278449	9.888557

1495728335629	0.15696123	0.70632553	9.888557

1495728335639	0.15696123	0.6278449	9.810077

1495728335665	0.15696123	0.6278449	9.810077

1495728335669	0.15696123	0.5493643	9.888557

1495728335679	0.15696123	0.6278449	9.888557

1495728335703	0.15696123	0.6278449	9.888557

1495728335709	0.15696123	0.6278449	9.888557

1495728335718	0.15696123	0.6278449	9.888557

1495728335740	0.15696123	0.6278449	9.888557

1495728335741	0.23544185	0.6278449	9.967038

1495728335748	0.15696123	0.6278449	9.888557

1495728335759	0.15696123	0.6278449	9.888557

1495728335779	0.15696123	0.6278449	9.810077

1495728335780	0.15696123	0.6278449	9.888557

1495728335789	0.15696123	0.5493643	9.888557

1495728335799	0.15696123	0.6278449	9.888557

1495728335822	0.15696123	0.6278449	9.810077

1495728335829	0.15696123	0.6278449	9.888557

1495728335839	0.15696123	0.6278449	9.888557

1495728335863	0.15696123	0.5493643	9.810077

1495728335879	0.23544185	0.6278449	9.810077

1495728335889	0.15696123	0.6278449	9.888557

1495728335898	0.23544185	0.6278449	9.888557

1495728335908	0.15696123	0.5493643	9.888557

1495728335925	0.15696123	0.5493643	9.888557

1495728335928	0.15696123	0.6278449	9.810077

1495728335950	0.15696123	0.6278449	9.810077

1495728335950	0.15696123	0.6278449	9.888557

1495728335968	0.15696123	0.5493643	9.888557

1495728335983	0.23544185	0.5493643	9.810077

1495728335988	0.15696123	0.6278449	9.810077

1495728336007	0.15696123	0.6278449	9.810077

1495728336008	0.15696123	0.6278449	9.888557

1495728336048	0.15696123	0.6278449	9.810077

1495728336083	0.15696123	0.5493643	9.888557

1495728336084	0.23544185	0.6278449	9.888557

1495728336088	0.15696123	0.6278449	9.888557

1495728336098	0.15696123	0.5493643	9.967038

1495728336120	0.15696123	0.5493643	9.888557

1495728336121	0.15696123	0.6278449	9.810077

1495728336139	0.15696123	0.6278449	9.888557

1495728336158	0.15696123	0.6278449	9.967038

1495728336168	0.15696123	0.6278449	9.888557

1495728336184	0.15696123	0.6278449	9.810077

1495728336188	0.23544185	0.6278449	9.810077

1495728336206	0.15696123	0.6278449	9.810077

1495728336208	0.15696123	0.5493643	9.888557

1495728336218	0.15696123	0.6278449	9.967038

1495728336249	0.15696123	0.6278449	9.888557

1495728336259	0.15696123	0.6278449	9.888557

1495728336283	0.15696123	0.6278449	9.888557

1495728336284	0.23544185	0.70632553	9.888557

1495728336289	0.23544185	0.6278449	9.888557

1495728336299	0.15696123	0.6278449	9.888557

1495728336308	0.15696123	0.6278449	9.888557

1495728336322	0.15696123	0.5493643	9.888557

1495728336329	0.15696123	0.6278449	9.888557

1495728336363	0.23544185	0.6278449	9.888557

1495728336364	0.23544185	0.6278449	9.888557

1495728336366	0.15696123	0.6278449	9.888557

1495728336369	0.15696123	0.5493643	9.888557

1495728336379	0.15696123	0.6278449	9.888557

1495728336404	0.15696123	0.6278449	9.888557

1495728336409	0.23544185	0.5493643	9.888557

1495728336432	0.23544185	0.6278449	9.888557

1495728336432	0.15696123	0.6278449	9.888557

1495728336438	0.15696123	0.6278449	9.888557

1495728336448	0.23544185	0.6278449	9.888557

1495728336466	0.15696123	0.6278449	9.810077

1495728336489	0.15696123	0.6278449	9.888557

1495728336498	0.15696123	0.6278449	9.810077

1495728336521	0.15696123	0.6278449	9.888557

1495728336529	0.15696123	0.6278449	9.888557

1495728336548	0.15696123	0.6278449	9.888557

1495728336567	0.15696123	0.5493643	9.888557

1495728336569	0.15696123	0.6278449	9.888557

1495728336578	0.15696123	0.6278449	9.888557

1495728336588	0.15696123	0.6278449	9.967038

1495728336608	0.15696123	0.6278449	9.888557

1495728336609	0.15696123	0.6278449	9.810077

1495728336619	0.15696123	0.6278449	9.888557

1495728336639	0.15696123	0.6278449	9.888557

1495728336648	0.15696123	0.5493643	9.888557

1495728336658	0.15696123	0.6278449	9.810077

1495728336689	0.23544185	0.6278449	9.810077

1495728336699	0.15696123	0.6278449	9.810077

1495728336715	0.15696123	0.6278449	9.810077

1495728336719	0.15696123	0.6278449	9.810077

1495728336729	0.15696123	0.6278449	9.888557

1495728336739	0.15696123	0.6278449	9.810077

1495728336759	0.15696123	0.6278449	9.888557

1495728336769	0.15696123	0.6278449	9.888557

1495728336789	0.15696123	0.6278449	9.967038

1495728336821	0.15696123	0.6278449	9.888557

1495728336822	0.15696123	0.6278449	9.888557

1495728336860	0.15696123	0.6278449	9.810077

1495728336862	0.15696123	0.5493643	9.810077

1495728336869	0.23544185	0.5493643	9.810077

1495728336879	0.15696123	0.6278449	9.810077

1495728336904	0.15696123	0.6278449	9.888557

1495728336935	0.15696123	0.6278449	9.967038

1495728336936	0.15696123	0.6278449	9.888557

1495728336939	0.15696123	0.6278449	9.888557

1495728336959	0.15696123	0.6278449	9.888557

1495728336981	0.15696123	0.5493643	9.888557

1495728336982	0.15696123	0.6278449	9.810077

1495728336989	0.15696123	0.6278449	9.810077

1495728337025	0.15696123	0.6278449	9.810077

1495728337026	0.15696123	0.6278449	9.810077

1495728337030	0.15696123	0.6278449	9.810077

1495728337031	0.15696123	0.6278449	9.888557

1495728337039	0.15696123	0.6278449	9.888557

1495728337083	0.15696123	0.6278449	9.888557

1495728337088	0.15696123	0.6278449	9.967038

1495728337112	0.15696123	0.6278449	9.967038

1495728337113	0.15696123	0.6278449	9.888557

1495728337118	0.15696123	0.6278449	9.888557

1495728337129	0.15696123	0.6278449	9.888557

1495728337147	0.15696123	0.6278449	9.888557

1495728337159	0.15696123	0.6278449	9.888557

1495728337209	0.15696123	0.6278449	9.888557

1495728337219	0.15696123	0.6278449	9.888557

1495728337229	0.15696123	0.6278449	9.810077

1495728337239	0.15696123	0.6278449	9.888557

1495728337253	0.15696123	0.5493643	9.967038

1495728337259	0.15696123	0.5493643	9.888557

1495728337269	0.15696123	0.5493643	9.967038

1495728337279	0.15696123	0.6278449	9.967038

1495728337301	0.15696123	0.6278449	9.888557

1495728337302	0.15696123	0.6278449	9.888557

1495728337309	0.23544185	0.6278449	9.888557

1495728337344	0.23544185	0.6278449	9.888557

1495728337345	0.23544185	0.5493643	9.888557

1495728337346	0.15696123	0.5493643	9.888557

1495728337348	0.15696123	0.6278449	9.888557

1495728337359	0.15696123	0.6278449	9.888557

1495728337382	0.15696123	0.6278449	9.888557

1495728337399	0.15696123	0.6278449	9.810077

1495728337423	0.15696123	0.6278449	9.888557

1495728337429	0.15696123	0.6278449	9.888557

1495728337449	0.15696123	0.6278449	9.888557

1495728337468	0.15696123	0.6278449	9.810077

1495728337494	0.15696123	0.6278449	9.888557

1495728337495	0.15696123	0.6278449	9.888557

1495728337509	0.15696123	0.6278449	9.888557

1495728337539	0.15696123	0.6278449	9.810077

1495728337540	0.15696123	0.5493643	9.810077

1495728337564	0.15696123	0.6278449	9.888557

1495728337568	0.15696123	0.6278449	9.810077

1495728337579	0.23544185	0.6278449	9.888557

1495728337601	0.15696123	0.6278449	9.888557

1495728337603	0.15696123	0.5493643	9.888557

1495728337619	0.15696123	0.6278449	9.888557

1495728337641	0.15696123	0.6278449	9.810077

1495728337649	0.15696123	0.6278449	9.888557

1495728337659	0.15696123	0.6278449	9.810077

1495728337668	0.23544185	0.6278449	9.810077

1495728337684	0.15696123	0.6278449	9.810077

1495728337688	0.15696123	0.6278449	9.888557

1495728337698	0.15696123	0.6278449	9.888557

1495728337722	0.15696123	0.6278449	9.810077

1495728337723	0.15696123	0.5493643	9.810077

1495728337729	0.15696123	0.5493643	9.888557

1495728337739	0.15696123	0.6278449	9.888557

1495728337749	0.15696123	0.5493643	9.888557

1495728337769	0.23544185	0.6278449	9.888557

1495728337779	0.23544185	0.6278449	9.810077

1495728337806	0.15696123	0.6278449	9.888557

1495728337808	0.23544185	0.6278449	9.888557

1495728337819	0.15696123	0.6278449	9.888557

1495728337844	0.15696123	0.6278449	9.967038

1495728337848	0.15696123	0.5493643	9.967038

1495728337880	0.15696123	0.5493643	9.888557

1495728337881	0.15696123	0.5493643	9.888557

1495728337882	0.23544185	0.6278449	9.888557

1495728337889	0.23544185	0.6278449	9.888557

1495728337899	0.15696123	0.6278449	9.810077

1495728337929	0.23544185	0.6278449	9.810077

1495728337939	0.23544185	0.6278449	9.888557

1495728337948	0.15696123	0.6278449	9.888557

1495728337985	0.15696123	0.6278449	9.810077

1495728337986	0.15696123	0.6278449	9.888557

1495728337989	0.15696123	0.6278449	9.967038

1495728338008	0.15696123	0.6278449	9.888557

1495728338022	0.23544185	0.6278449	9.888557

1495728338029	0.15696123	0.6278449	9.888557

1495728338039	0.15696123	0.6278449	9.888557

1495728338049	0.15696123	0.6278449	9.888557

1495728338071	0.15696123	0.6278449	9.888557

1495728338078	0.15696123	0.6278449	9.888557

1495728338089	0.15696123	0.6278449	9.810077

1495728338098	0.15696123	0.6278449	9.888557

1495728338115	0.15696123	0.6278449	9.888557

1495728338119	0.15696123	0.6278449	9.967038

1495728338129	0.15696123	0.6278449	9.888557

1495728338156	0.15696123	0.5493643	9.888557

1495728338161	0.15696123	0.5493643	9.888557

1495728338169	0.15696123	0.6278449	9.888557

1495728338202	0.15696123	0.6278449	9.888557

1495728338203	0.15696123	0.5493643	9.888557

1495728338209	0.15696123	0.6278449	9.888557

1495728338249	0.15696123	0.6278449	9.888557

1495728338250	0.15696123	0.6278449	9.888557

1495728338250	0.15696123	0.6278449	9.888557

1495728338251	0.23544185	0.6278449	9.810077

1495728338258	0.15696123	0.6278449	9.888557

1495728338289	0.23544185	0.6278449	9.888557

1495728338339	0.15696123	0.6278449	9.888557

1495728338369	0.15696123	0.6278449	9.888557

1495728338379	0.23544185	0.6278449	9.810077

1495728338404	0.15696123	0.6278449	9.810077

1495728338406	0.15696123	0.6278449	9.810077

1495728338419	0.15696123	0.6278449	9.888557

1495728338429	0.15696123	0.6278449	9.888557

1495728338445	0.15696123	0.6278449	9.810077

1495728338449	0.15696123	0.6278449	9.888557

1495728338486	0.15696123	0.6278449	9.888557

1495728338499	0.15696123	0.6278449	9.967038

1495728338509	0.15696123	0.6278449	9.888557

1495728338528	0.15696123	0.6278449	9.888557

1495728338539	0.15696123	0.6278449	9.888557

1495728338557	0.15696123	0.6278449	9.810077

1495728338559	0.23544185	0.6278449	9.888557

1495728338568	0.15696123	0.6278449	9.888557

1495728338578	0.15696123	0.6278449	9.810077

1495728338593	0.23544185	0.5493643	9.888557

1495728338599	0.23544185	0.6278449	9.888557

1495728338609	0.15696123	0.6278449	9.810077

1495728338637	0.15696123	0.6278449	9.888557

1495728338639	0.15696123	0.6278449	9.810077

1495728338649	0.23544185	0.6278449	9.888557

1495728338659	0.23544185	0.5493643	9.888557

1495728338675	0.23544185	0.5493643	9.888557

1495728338679	0.15696123	0.5493643	9.888557

1495728338689	0.15696123	0.6278449	9.888557

1495728338707	0.15696123	0.6278449	9.888557

1495728338728	0.15696123	0.6278449	9.810077

1495728338742	0.15696123	0.6278449	9.810077

1495728338759	0.15696123	0.6278449	9.888557

1495728338782	0.15696123	0.6278449	9.888557

1495728338789	0.15696123	0.6278449	9.888557

1495728338799	0.15696123	0.6278449	9.810077

1495728338828	0.15696123	0.6278449	9.888557

1495728338838	0.15696123	0.6278449	9.810077

1495728338854	0.15696123	0.5493643	9.810077

1495728338859	0.15696123	0.6278449	9.810077

1495728338869	0.15696123	0.6278449	9.888557

1495728338879	0.15696123	0.5493643	9.810077

1495728338904	0.15696123	0.5493643	9.888557

1495728338909	0.15696123	0.6278449	9.888557

1495728338929	0.15696123	0.6278449	9.888557

1495728338938	0.15696123	0.5493643	9.810077

1495728338948	0.15696123	0.6278449	9.810077

1495728338967	0.15696123	0.6278449	9.888557

1495728338968	0.15696123	0.6278449	9.810077

1495728338979	0.15696123	0.6278449	9.810077

1495728339006	0.15696123	0.5493643	9.810077

1495728339019	0.15696123	0.6278449	9.810077

1495728339029	0.23544185	0.6278449	9.810077

1495728339060	0.15696123	0.6278449	9.888557

1495728339060	0.15696123	0.5493643	9.888557

1495728339089	0.15696123	0.5493643	9.810077

1495728339090	0.15696123	0.6278449	9.810077

1495728339091	0.15696123	0.6278449	9.888557

1495728339108	0.15696123	0.6278449	9.888557

1495728339130	0.15696123	0.6278449	9.888557

1495728339131	0.15696123	0.6278449	9.810077

1495728339139	0.15696123	0.6278449	9.810077

1495728339160	0.15696123	0.6278449	9.888557

1495728339178	0.15696123	0.6278449	9.810077

1495728339195	0.15696123	0.5493643	9.810077

1495728339209	0.15696123	0.5493643	9.888557

1495728339225	0.15696123	0.5493643	9.888557

1495728339228	0.15696123	0.6278449	9.888557

1495728339261	0.15696123	0.6278449	9.967038

1495728339269	0.15696123	0.5493643	9.888557

1495728339279	0.15696123	0.6278449	9.888557

1495728339309	0.15696123	0.6278449	9.810077

1495728339319	0.15696123	0.6278449	9.888557

1495728339342	0.15696123	0.5493643	9.888557

1495728339349	0.15696123	0.6278449	9.810077

1495728339380	0.15696123	0.6278449	9.888557

1495728339399	0.23544185	0.6278449	9.888557

1495728339408	0.15696123	0.6278449	9.888557

1495728339424	0.15696123	0.6278449	9.888557

1495728339428	0.23544185	0.6278449	9.888557

1495728339438	0.23544185	0.6278449	9.888557

