1495486632162	-0.727	3.591	2.03

1495486632166	-0.383	2.892	0.756

1495486632169	-0.268	2.499	0.718

1495486632186	0.191	2.068	0.277

1495486632200	0.498	2.126	0.507

1495486632210	0.756	2.327	0.756

1495486632220	0.804	3.131	1.398

1495486632227	0.938	4.472	2.154

1495486632240	0.555	6.502	2.499

1495486632253	0.67	8.772	3.61

1495486632257	1.541	11.952	5.209

1495486632268	3.543	16.463	6.387

1495486632278	4.951	19.604	6.953

1495486632293	3.38	19.614	7.422

1495486632297	0.679	19.614	7.067

1495486632307	2.317	16.999	7.594

1495486632317	4.051	10.266	7.556

1495486632336	4.482	6.311	7.249

1495486632337	4.855	4.472	5.727

1495486632347	2.997	3.984	3.543

1495486632357	1.398	5.286	1.685

1495486632382	0.498	8.293	0.488

1495486632383	-0.919	11.875	-0.124

1495486632388	-1.953	16.578	-1.541

1495486632397	-3.361	19.614	-2.394

1495486632414	-6.024	16.922	3.859

1495486632420	-2.767	8.265	2.327

1495486632427	-0.718	3.945	-0.277

1495486632437	0.565	4.826	-1.312

1495486632447	1.484	6.818	-0.239

1495486632457	2.269	6.407	-0.277

1495486632469	1.513	5.497	-2.375

1495486632479	0.507	4.06	-2.853

1495486632498	0.344	6.158	-2.308

1495486632499	0.181	7.719	-1.465

1495486632507	-0.392	8.887	-0.928

1495486632521	-1.426	10.774	0.325

1495486632527	-2.499	13.676	1.063

1495486632537	-2.001	16.913	0.268

1495486632551	-1.024	17.66	-1.426

1495486632557	0.143	14.605	-1.11

1495486632570	0.996	10.209	-0.287

1495486632578	1.34	7.661	-0.316

1495486632587	2.011	6.052	-0.727

1495486632597	2.633	5.296	-1.34

1495486632607	1.637	5.047	-1.695

1495486632621	0.622	5.736	-1.407

1495486632627	0.067	6.962	-1.417

1495486632637	-0.459	8.054	-1.206

1495486632647	-0.861	9.05	-1.005

1495486632657	-1.417	9.107	-0.507

1495486632676	-1.618	8.964	0.651

1495486632680	-1.57	8.81	1.388

1495486632688	-1.216	8.667	2.001

1495486632707	-0.804	8.753	2.154

1495486632709	-0.507	9.203	1.522

1495486632720	-0.124	9.146	0.679

1495486632727	0.249	8.897	-0.105

1495486632737	0.727	8.667	-0.603

1495486632757	1.398	8.676	-0.775

1495486632758	1.905	9.261	-1.015

1495486632770	1.829	10.965	-1.082

1495486632779	1.666	12.718	-0.986

1495486632787	1.599	13.542	-0.651

1495486632797	2.068	12.67	-0.22

1495486632807	3.409	11.406	-0.229

1495486632821	2.413	11.981	0.411

1495486632827	1.398	12.488	0.794

1495486632839	0.881	13.331	0.574

1495486632847	0.229	13.695	0.268

1495486632857	-0.45	13.551	0.076

1495486632870	-0.938	12.986	-0.124

1495486632893	-0.919	12.249	-1.072

1495486632895	-0.718	11.961	-2.308

1495486632898	-0.603	11.846	-2.375

1495486632907	-0.804	11.636	-2.643

1495486632920	-1.292	10.908	-3.198

1495486632927	-1.312	9.931	-2.126

1495486632937	-1.158	9.471	-0.249

1495486632947	-2.48	10.688	2.758

1495486632958	-3.945	13.637	5.008

1495486632970	-5.487	17.775	4.079

1495486632982	-7.795	19.508	-0.593

1495486632988	-7.958	18.378	-2.298

1495486632997	-6.378	17.219	-2.135

1495486633007	-6.933	15.524	-4.252

1495486633019	-4.194	13.81	-4.28

1495486633044	-1.829	13.091	-1.398

1495486633046	-0.134	10.477	0.095

1495486633048	-0.057	8.466	2.499

1495486633057	0.517	8.226	4.453

1495486633070	1.139	7.862	3.323

1495486633079	1.312	6.943	2.202

1495486633088	1.704	6.205	1.532

1495486633097	1.896	5.928	0.928

1495486633128	1.57	5.573	0.651

1495486633130	1.819	5.075	0.967

1495486633131	1.321	5.008	1.388

1495486633137	0.526	5.248	1.666

1495486633147	-0.277	4.865	1.599

1495486633157	-0.66	4.664	1.848

1495486633180	-1.091	4.357	2.231

1495486633181	-1.618	3.821	2.518

1495486633187	-1.503	3.438	2.269

1495486633197	-1.225	3.217	1.81

1495486633207	-0.277	2.624	0.641

1495486633221	-0.325	1.34	1.015

1495486633227	-0.881	1.245	1.704

1495486633244	-0.785	1.599	2.02

1495486633247	-0.277	1.915	2.049

1495486633257	0.095	2.355	2.365

1495486633269	0.459	3.888	3.055

1495486633279	0.881	6.483	3.802

1495486633287	1.81	9.385	5.008

1495486633297	3.294	12.986	5.947

1495486633307	6.119	17.918	6.1

1495486633332	7.594	19.614	5.248

1495486633333	5.851	19.614	6.445

1495486633337	4.194	19.614	7.623

1495486633347	2.921	15.476	8.399

1495486633357	1.676	8.542	9.433

1495486633369	0.134	5.612	8.399

1495486633379	-0.038	6.569	5.88

1495486633393	0.44	9.222	3.217

1495486633397	-0.411	12.593	0.986

1495486633407	-3.936	16.989	0.105

1495486633421	-5.286	19.566	-1.015

1495486633427	-1.771	12.364	1.733

1495486633437	-1.963	5.42	-0.45

1495486633452	-1.024	2.604	-1.551

1495486633457	-0.478	2.26	-1.676

1495486633469	-0.402	3.313	-1.034

1495486633477	0.948	5.612	0.239

1495486633487	1.532	6.024	-0.057

1495486633497	1.963	5.152	-0.986

1495486633507	2.174	6.253	-1.781

1495486633520	1.024	7.92	-2.499

1495486633536	-0.526	8.619	-1.944

1495486633537	-0.804	10.956	-0.498

1495486633547	-1.034	13.245	0.201

1495486633557	-1.494	16.012	0.584

1495486633569	-0.861	18.57	0.411

1495486633579	0.239	18.34	-0.421

1495486633598	1.656	14.854	-0.181

1495486633599	2.346	10.659	-0.134

1495486633607	2.48	7.527	-0.162

1495486633619	2.662	5.88	-0.833

1495486633628	2.901	5.478	-1.254

1495486633637	2.413	6.119	-1.599

1495486633647	2.087	6.914	-1.637

1495486633658	0.747	7.623	-2.068

1495486633671	-1.168	8.159	-2.068

1495486633679	-2.327	8.504	-1.254

1495486633693	-2.566	8.514	-0.268

1495486633697	-2.02	8.399	0.095

1495486633707	-1.81	8.312	0.459

1495486633722	-1.925	8.351	1.321

1495486633727	-1.896	8.236	2.135

1495486633747	-1.752	8.035	2.25

1495486633748	-1.829	7.795	1.407

1495486633757	-1.819	7.632	0.22

1495486633769	-0.976	7.518	-0.517

1495486633778	-0.028	7.537	-0.804

1495486633787	0.756	8.226	-1.436

1495486633807	2.001	9.864	-2.135

1495486633808	3.15	12.172	-2.001

1495486633820	4.98	13.609	-1.81

1495486633827	4.003	11.99	-0.593

1495486633837	3.131	11.387	0.622

1495486633847	2.164	11.722	1.091

1495486633857	1.379	12.143	0.996

1495486633870	0.823	13.005	0.488

1495486633897	0.172	14.03	0.134

1495486633899	-0.775	14.653	0.134

1495486633900	-0.938	14.442	0.469

1495486633907	-0.526	13.743	-0.191

1495486633920	-0.526	12.909	-1.81

1495486633927	-0.747	12.277	-3.179

1495486633937	-0.679	11.875	-3.572

1495486633947	-1.053	10.946	-2.825

1495486633958	-1.216	9.529	-2.537

1495486633973	-2.078	9.232	-1.302

1495486633979	-2.71	11.099	1.599

1495486633987	-3.859	13.714	3.514

1495486633997	-4.597	18.436	3.735

1495486634008	-10.563	19.614	-0.9

1495486634023	-10.563	19.614	-1.283

1495486634043	-8.063	16.951	-3.304

1495486634044	-5.238	14.557	-7.585

1495486634063	-2.853	12.287	-6.838

1495486634075	-0.996	8.964	1.896

1495486634079	-1.407	7.575	6.11

1495486634088	-0.258	7.776	5.123

1495486634097	0.766	7.134	2.288

1495486634116	1.513	6.416	0.287

1495486634120	2.288	5.889	-0.287

1495486634127	2.413	5.114	-0.411

1495486634137	2.298	4.654	0.105

1495486634147	2.011	4.233	1.302

1495486634157	1.503	4.233	2.336

1495486634170	1.168	4.146	2.585

1495486634187	0.038	4.405	2.93

1495486634188	-0.986	4.405	2.806

1495486634197	-1.848	3.897	3.055

1495486634207	-1.321	3.352	2.442

1495486634220	-0.488	2.643	1.149

1495486634228	-0.296	1.733	1.312

1495486634238	-0.66	1.177	1.331

1495486634254	-0.833	1.024	1.206

1495486634258	-1.015	1.139	1.005

1495486634271	-0.814	1.292	1.254

1495486634279	-0.478	1.58	1.589

1495486634287	0.143	2.375	2.25

1495486634301	0.747	4.549	3.035

1495486634307	1.034	7.479	4.041

1495486634319	2.882	10.496	5.487

1495486634327	5.573	14.7	6.751

1495486634337	8.38	19.451	7.039

1495486634347	8.178	19.614	7.451

1495486634357	6.483	19.614	8.255

1495486634369	4.769	18.225	8.868

1495486634381	2.7	11.722	9.069

1495486634388	1.762	7.652	9.308

1495486634397	0.708	7.115	7.115

1495486634407	1.187	9.443	4.07

1495486634419	1.254	12.804	1.771

1495486634427	-1.886	17.277	-0.938

1495486634442	-6.387	19.614	-3.974

1495486634447	-1.944	15.218	2.174

1495486634457	-2.719	5.746	0.124

1495486634469	-3.15	2.068	-0.957

1495486634479	-2.873	1.168	-0.565

1495486634487	-1.944	2.604	0.316

1495486634497	-0.162	5.401	1.283

1495486634507	0.201	5.037	-0.134

1495486634521	1.053	4.252	-1.541

1495486634527	0.852	5.353	-2.48

1495486634537	-0.153	6.608	-2.231

1495486634547	-0.842	8.791	-1.369

1495486634557	-1.541	10.917	-0.679

1495486634571	-1.647	12.44	-0.201

1495486634579	-1.312	16.108	0.45

1495486634588	-0.325	19.345	0.593

1495486634602	1.245	19.173	-0.067

1495486634607	3.955	15.275	-1.053

1495486634619	5.2	10.448	-0.593

1495486634627	3.763	6.953	-0.814

1495486634637	3.792	5.602	-1.187

1495486634647	4.529	5.42	-1.695

1495486634670	3.782	5.698	-2.049

1495486634671	2.748	6.454	-1.551

1495486634678	1.484	7.585	-1.187

1495486634687	-0.679	8.466	-1.723

1495486634697	-2.48	8.868	-0.67

1495486634707	-3.83	8.868	0.316

1495486634719	-2.901	8.935	1.216

1495486634740	-2.183	8.83	1.972

1495486634741	-2.135	8.667	2.384

1495486634747	-2.039	8.581	2.308

1495486634757	-1.599	8.504	2.049

1495486634769	-1.264	8.542	0.938

1495486634779	-0.593	8.016	-0.373

1495486634787	0.622	7.498	-0.785

1495486634797	1.465	7.47	-1.015

1495486634808	2.739	7.843	-1.608

1495486634820	3.189	9.241	-1.522

1495486634827	2.576	11.703	-0.861

1495486634837	2.815	13.111	-0.756

1495486634847	3.601	13.005	-0.517

1495486634857	2.901	12.057	0.038

1495486634871	1.79	12.373	0.296

1495486634885	0.545	13.379	0.373

1495486634888	-0.775	14.624	0.201

1495486634903	-1.494	15.093	-0.325

1495486634907	-1.139	14.317	-1.283

1495486634920	-0.948	13.312	-1.896

1495486634927	-0.593	12.411	-2.317

1495486634940	-0.191	12.297	-2.269

1495486634948	-0.402	12.277	-2.48

1495486634963	-0.162	11.454	-3.083

1495486634970	-0.842	10.87	-3.342

1495486634978	-1.417	11.454	-1.235

1495486634988	-2.049	13.12	1.072

1495486634997	-3.198	15.754	2.451

1495486635007	-4.654	18.225	2.48

1495486635029	-6.943	19.489	1.331

1495486635031	-8.791	19.46	-0.833

1495486635037	-11.339	17.248	-1.704

1495486635047	-7.575	14.854	-5.899

1495486635057	-3.945	9.921	-6.11

1495486635069	-1.369	9.337	-3.141

1495486635078	-1.321	9.385	0.191

1495486635087	-1.082	8.245	3.964

1495486635098	-0.517	7.613	4.29

1495486635107	0.21	7.029	3.035

1495486635122	0.794	6.426	1.292

1495486635135	1.216	6.292	0.727

1495486635137	1.867	6.493	0.363

1495486635147	2.145	5.842	0.383

1495486635157	2.135	4.98	0.928

1495486635172	1.915	4.529	1.369

1495486635179	1.743	4.252	1.838

1495486635198	1.426	3.897	2.174

1495486635199	-0.047	3.706	2.355

1495486635207	-1.024	3.265	2.719

1495486635220	-1.197	2.528	2.394

1495486635227	-1.13	2.308	2.068

1495486635237	-0.737	2.26	1.934

1495486635258	-0.363	2.078	1.379

1495486635259	-0.258	2.202	1.13

1495486635270	-0.881	2.451	0.928

1495486635278	-0.498	3.045	1.273

1495486635287	0.354	3.878	2.068

1495486635297	1.043	5.851	2.719

1495486635307	1.915	8.322	3.677

1495486635319	3.102	11.08	4.759

1495486635336	4.884	14.672	5.621

1495486635337	5.765	18.78	7.393

1495486635347	4.271	19.614	8.427

1495486635357	4.893	19.087	9.404

1495486635369	6.129	14.269	9.222

1495486635379	5.353	9.337	8.743

1495486635387	3.715	6.579	7.958

1495486635397	2.93	5.152	6.569

1495486635408	1.992	5.324	4.778

1495486635420	1.57	7.479	2.576

1495486635427	0.268	11.214	-0.019

1495486635437	-0.632	16.587	-0.775

1495486635447	-1.359	19.614	-3.763

1495486635457	-3.083	19.614	2.643

1495486635472	-4.28	12.373	1.896

1495486635489	-3.486	6.828	0.555

1495486635491	-3.083	4.261	0.43

1495486635497	-1.618	5.123	1.896

1495486635507	-0.517	5.267	1.206

1495486635519	0.316	3.984	-0.996

1495486635535	0.622	4.29	-2.93

1495486635537	-0.105	4.855	-3.361

1495486635547	-0.708	6.167	-2.327

1495486635557	-1.139	7.278	-1.446

1495486635569	-1.398	8.552	-0.699

1495486635577	-1.225	11.368	-0.162

1495486635587	-0.229	15.457	0.124

1495486635597	-0.373	19.25	-0.699

1495486635609	0.201	19.614	-1.264

1495486635625	1.819	16.616	-1.292

1495486635629	2.221	10.582	-0.928

1495486635677	2.049	6.847	-0.679

1495486635680	2.451	5.88	-1.245

1495486635681	3.945	5.813	-1.972

1495486635682	3.524	5.688	-1.925

1495486635682	2.241	5.707	-1.57

1495486635689	0.957	6.512	-1.321

1495486635698	-0.498	7.336	-1.446

1495486635707	-2.308	7.776	-1.024

1495486635729	-3.668	7.719	0.191

1495486635730	-2.844	7.901	1.177

1495486635737	-2.087	8.054	2.011

1495486635747	-2.039	8.188	2.241

1495486635770	-1.886	8.389	2.049

1495486635771	-1.398	8.389	1.35

1495486635779	-0.718	8.609	0.727

1495486635788	0.277	8.734	0.114

1495486635797	1.35	8.715	-0.967

1495486635807	2.365	9.04	-2.241

1495486635819	4.194	10.199	-3.237

1495486635831	4.692	12.239	-2.48

1495486635837	3.371	13.36	-1.197

1495486635847	2.806	12.833	-0.498

1495486635857	2.873	11.827	-0.229

1495486635869	1.206	11.655	1.407

1495486635887	0.555	12.21	1.915

1495486635891	0.239	12.977	1.379

1495486635911	0.181	13.551	0.871

1495486635912	0.162	13.848	0.708

1495486635920	0.028	13.762	0.861

1495486635927	0.268	13.427	0.402

1495486635937	0.325	12.929	-0.823

1495486635947	0.383	12.421	-1.915

1495486635958	0.249	11.741	-2.767

1495486635969	0.105	10.649	-2.94

1495486635988	-0.277	9.768	-2.796

1495486635990	-0.928	9.605	-2.499

1495486635997	-1.857	10.429	-0.335

1495486636007	-3.026	12.383	3.007

1495486636021	-4.099	16.396	4.788

1495486636027	-6.234	19.546	2.777

1495486636045	-10.697	19.614	-2.423

1495486636047	-11.08	18.838	-4.204

1495486636057	-8.839	16.645	-2.748

1495486636070	-5.152	13.982	-4.74

1495486636079	-2.355	12.737	-2.346

1495486636087	-1.015	12.536	-0.679

1495486636097	-1.714	9.28	2.154

1495486636107	-0.871	7.642	4.462

1495486636126	0.536	7.316	3.782

1495486636129	1.254	6.416	2.585

1495486636151	1.608	6.091	1.982

1495486636152	1.762	5.554	1.369

1495486636157	2.183	4.826	0.488

1495486636170	2.336	4.529	1.063

1495486636178	2.25	4.683	1.235

1495486636187	1.57	4.778	1.359

1495486636199	1.273	4.683	1.944

1495486636207	0.498	4.759	2.288

1495486636220	-0.852	4.683	2.183

1495486636227	-1.551	4.319	2.518

1495486636237	-1.915	3.974	2.614

1495486636247	-1.34	3.581	2.48

1495486636257	-0.526	3.112	1.905

1495486636269	-0.44	2.624	0.996

1495486636287	-0.996	2.346	1.12

1495486636289	-0.814	2.595	1.57

1495486636297	-0.038	3.313	2.183

1495486636307	0.622	4.261	2.662

1495486636321	0.794	5.842	3.581

1495486636328	1.934	7.891	4.74

1495486636337	3.648	10.4	5.707

1495486636355	6.263	15.17	7.115

1495486636357	7.47	18.886	8.092

1495486636370	7.048	19.508	8.973

1495486636379	7.077	17.267	8.485

1495486636396	6.569	12.699	8.188

1495486636397	4.213	8.686	7.987

1495486636407	2.317	6.464	8.121

1495486636420	1.781	4.683	7.422

1495486636427	1.273	3.553	5.88

1495486636437	0.536	3.419	4.367

1495486636447	-0.881	4.118	2.049

1495486636457	-2.336	6.493	1.321

1495486636469	-3.102	9.28	1.561

1495486636481	-7.02	18.627	-2.116

1495486636488	-7.307	19.614	-1.513

1495486636497	-7.652	19.614	2.269

1495486636507	-4.51	16.731	1.723

1495486636519	0.488	10.496	-1.446

1495486636527	4.807	7.154	-2.719

1495486636547	4.644	6.656	-2.691

1495486636548	3.17	7.518	-0.699

1495486636557	2.585	7.345	-0.507

1495486636569	2.26	6.263	-1.072

1495486636579	1.838	5.899	-1.225

1495486636587	1.819	6.225	-0.009

1495486636597	1.398	6.79	0.402

1495486636607	0.411	7.202	0.363

1495486636621	-0.134	8.466	0.574

1495486636633	-0.43	11.157	0.996

1495486636637	-1.446	14.423	0.124

1495486636647	-1.417	17.037	-1.091

1495486636657	-0.612	16.175	-1.704

1495486636669	0.603	11.837	-0.45

1495486636679	1.245	7.786	-0.009

1495486636698	2.011	7.451	-0.689

1495486636699	2.681	7.259	-1.292

1495486636707	2.25	6.847	-1.139

1495486636720	1.896	6.397	-0.507

1495486636727	1.359	7.067	-0.565

1495486636737	0.603	7.451	-0.478

1495486636747	-0.737	7.623	-0.622

1495486636757	-2.087	7.719	-0.612

1495486636769	-2.049	7.709	0.134

1495486636786	-1.733	7.661	0.775

1495486636788	-1.656	7.824	1.359

1495486636797	-1.331	8.044	1.292

1495486636807	-0.708	8.638	1.187

1495486636819	-0.421	9.184	0.555

1495486636827	-0.076	9.328	-0.22

1495486636837	0.718	9.136	-0.603

1495486636857	1.417	9.28	-1.158

1495486636858	2.978	10.151	-2.145

1495486636870	3.572	11.55	-2.461

1495486636884	2.279	13.168	-0.861

1495486636889	1.81	12.344	0.038

1495486636897	1.254	11.76	0.67

1495486636907	0.67	11.799	0.986

1495486636924	0.153	12.067	1.005

1495486636928	-0.114	12.268	0.593

1495486636942	-0.383	12.795	0.028

1495486636947	-0.9	13.695	-0.076

1495486636957	-1.168	14.116	-0.114

1495486636969	-0.871	13.867	-0.421

1495486636986	-0.22	13.273	-1.369

1495486636988	0.258	12.364	-2.336

1495486636997	0.296	11.645	-2.327

1495486637007	0.325	11.004	-2.059

1495486637021	0.325	10.228	-1.896

1495486637027	0.162	9.653	-2.145

1495486637037	-0.9	9.921	-1.944

1495486637053	-1.905	11.664	0.89

1495486637057	-2.509	13.657	3.122

1495486637070	-3.591	17.238	4.003

1495486637078	-5.506	19.585	2.767

1495486637088	-9.165	18.685	-3.438

1495486637097	-8.542	15.936	-3.227

1495486637107	-6.445	13.388	-2.346

1495486637121	-2.748	12.795	-3.074

1495486637127	-0.402	12.526	-1.743

1495486637137	0.775	12.201	-0.086

