1496599210300	-4.616	-8.332	1.628

1496599210301	-4.654	-8.332	1.618

1496599210308	-4.606	-8.341	1.618

1496599210342	-4.587	-8.389	1.608

1496599210343	-4.597	-8.37	1.628

1496599210349	-4.597	-8.36	1.618

1496599210353	-4.606	-8.332	1.589

1496599210369	-4.597	-8.303	1.589

1496599210371	-4.644	-8.389	1.599

1496599210408	-4.635	-8.351	1.599

1496599210441	-4.664	-8.37	1.599

1496599210444	-4.625	-8.37	1.589

1496599210445	-4.577	-8.351	1.599

1496599210448	-4.577	-8.38	1.57

1496599210449	-4.616	-8.408	1.618

1496599210456	-4.558	-8.447	1.637

1496599210460	-4.529	-8.427	1.618

1496599210468	-4.577	-8.399	1.637

1496599210469	-4.558	-8.36	1.618

1496599210470	-4.558	-8.447	1.637

1496599210475	-4.558	-8.399	1.618

1496599210481	-4.558	-8.36	1.647

1496599210483	-4.568	-8.351	1.656

1496599210510	-4.568	-8.351	1.666

1496599210511	-4.577	-8.38	1.647

1496599210529	-4.577	-8.399	1.647

1496599210541	-4.577	-8.399	1.656

1496599210547	-4.577	-8.418	1.628

1496599210587	-4.558	-8.427	1.647

1496599210588	-4.529	-8.418	1.647

1496599210590	-4.558	-8.504	1.637

1496599210596	-4.539	-8.475	1.608

1496599210601	-4.558	-8.456	1.676

1496599210609	-4.597	-8.475	1.628

1496599210611	-4.606	-8.475	1.666

1496599210620	-4.577	-8.456	1.656

1496599210630	-4.606	-8.447	1.676

1496599210641	-4.597	-8.427	1.656

1496599210644	-4.625	-8.408	1.637

1496599210668	-4.654	-8.37	1.666

1496599210670	-4.654	-8.37	1.666

1496599210677	-4.625	-8.351	1.656

1496599210687	-4.577	-8.274	1.647

1496599210700	-4.587	-8.312	1.637

1496599210707	-4.577	-8.341	1.58

1496599210748	-4.597	-8.389	1.599

1496599210749	-4.597	-8.408	1.618

1496599210750	-4.625	-8.399	1.618

1496599210758	-4.616	-8.427	1.599

1496599210760	-4.606	-8.418	1.589

1496599210763	-4.597	-8.408	1.618

1496599210785	-4.577	-8.389	1.618

1496599210790	-4.587	-8.389	1.628

1496599210793	-4.587	-8.389	1.618

1496599210820	-4.597	-8.389	1.637

1496599210822	-4.587	-8.408	1.608

1496599210846	-4.606	-8.408	1.637

1496599210847	-4.616	-8.36	1.618

1496599210848	-4.587	-8.351	1.58

1496599210854	-4.625	-8.37	1.599

1496599210865	-4.616	-8.332	1.57

1496599210874	-4.673	-8.341	1.551

1496599210883	-4.673	-8.312	1.57

1496599210899	-4.625	-8.303	1.599

1496599210904	-4.654	-8.293	1.551

1496599210916	-4.654	-8.293	1.628

1496599210922	-4.635	-8.274	1.608

1496599210937	-4.625	-8.265	1.637

1496599210942	-4.644	-8.265	1.599

1496599210955	-4.644	-8.322	1.618

1496599210962	-4.616	-8.341	1.656

1496599210976	-4.587	-8.312	1.628

1496599210982	-4.558	-8.332	1.637

1496599210995	-4.558	-8.37	1.647

1496599211003	-4.549	-8.303	1.608

1496599211016	-4.587	-8.389	1.637

1496599211022	-4.558	-8.332	1.656

1496599211036	-4.577	-8.351	1.666

1496599211042	-4.597	-8.322	1.589

1496599211055	-4.606	-8.322	1.628

1496599211062	-4.577	-8.245	1.599

1496599211076	-4.587	-8.226	1.57

1496599211082	-4.606	-8.255	1.522

1496599211096	-4.577	-8.217	1.599

1496599211103	-4.587	-8.198	1.541

1496599211119	-4.597	-8.255	1.551

1496599211137	-4.577	-8.207	1.494

1496599211139	-4.577	-8.198	1.513

1496599211142	-4.587	-8.207	1.522

1496599211152	-4.587	-8.236	1.541

1496599211162	-4.606	-8.245	1.551

1496599211172	-4.606	-8.274	1.484

1496599211182	-4.664	-8.303	1.484

1496599211192	-4.664	-8.427	1.446

1496599211203	-4.692	-8.514	1.436

1496599211214	-4.731	-8.59	1.35

1496599211223	-4.702	-8.648	1.35

1496599211241	-4.673	-8.6	1.35

1496599211242	-4.664	-8.552	1.426

1496599211252	-4.692	-8.514	1.465

1496599211262	-4.721	-8.494	1.494

1496599211273	-4.731	-8.523	1.436

1496599211282	-4.711	-8.447	1.426

1496599211292	-4.721	-8.389	1.369

1496599211305	-4.702	-8.274	1.417

1496599211322	-4.702	-8.207	1.359

1496599211341	-4.692	-8.14	1.388

1496599211343	-4.702	-8.121	1.359

1496599211345	-4.731	-8.083	1.283

1496599211353	-4.74	-8.111	1.197

1496599211369	-4.807	-8.111	1.158

1496599211373	-4.865	-8.121	1.177

1496599211383	-4.884	-8.13	1.206

1496599211395	-4.846	-8.207	1.245

1496599211405	-4.855	-8.217	1.245

1496599211414	-4.855	-8.245	1.149

1496599211425	-4.846	-8.341	1.139

1496599211432	-4.846	-8.427	1.168

1496599211443	-4.865	-8.485	1.197

1496599211452	-4.865	-8.466	1.235

1496599211463	-4.836	-8.456	1.302

1496599211472	-4.874	-8.408	1.35

1496599211483	-4.798	-8.351	1.35

1496599211492	-4.721	-8.303	1.426

1496599211503	-4.692	-8.236	1.407

1496599211514	-4.635	-8.14	1.426

1496599211525	-4.635	-8.044	1.446

1496599211532	-4.625	-8.016	1.503

1496599211543	-4.788	-8.054	1.561

1496599211562	-4.893	-8.188	1.532

1496599211579	-5.085	-8.322	1.312

1496599211583	-5.171	-8.36	1.216

1496599211595	-5.286	-8.427	1.158

1496599211604	-5.43	-8.514	1.072

1496599211613	-5.516	-8.561	1.082

1496599211622	-5.487	-8.552	1.216

1496599211633	-5.411	-8.514	1.273

1496599211642	-5.286	-8.427	1.379

1496599211653	-5.104	-8.245	1.436

1496599211662	-5.008	-8.13	1.465

1496599211672	-4.903	-8.111	1.551

1496599211682	-4.903	-8.063	1.494

1496599211692	-4.846	-7.958	1.503

1496599211703	-4.865	-7.92	1.426

1496599211713	-4.913	-7.862	1.398

1496599211722	-4.951	-7.881	1.331

1496599211732	-4.989	-7.805	1.312

1496599211742	-4.999	-7.805	1.292

1496599211754	-4.989	-7.824	1.273

1496599211766	-5.028	-7.843	1.245

1496599211773	-4.999	-7.881	1.292

1496599211804	-5.066	-7.881	1.312

1496599211817	-5.162	-7.977	1.273

1496599211822	-5.238	-8.111	1.235

1496599211827	-5.401	-8.14	1.091

1496599211830	-5.573	-8.36	0.9

1496599211834	-5.698	-8.619	0.66

1496599211842	-5.353	-8.916	0.794

1496599211852	-5.018	-8.81	1.091

1496599211872	-4.798	-8.542	1.407

1496599211873	-4.673	-8.111	1.522

1496599211882	-4.683	-7.786	1.628

1496599211892	-4.769	-7.623	1.637

1496599211903	-4.913	-7.594	1.628

1496599211913	-5.114	-7.604	1.723

1496599211922	-5.162	-7.604	1.771

1496599211935	-5.095	-7.661	1.8

1496599211948	-4.932	-7.776	1.857

1496599211953	-4.807	-7.949	1.857

1496599211966	-4.702	-8.102	1.886

1496599211972	-4.616	-8.245	1.953

1496599211982	-4.549	-8.418	1.992

1496599211992	-4.52	-8.542	2.03

1496599212003	-4.472	-8.581	2.011

1496599212012	-4.462	-8.6	2.03

1496599212022	-4.443	-8.571	2.039

1496599212032	-4.453	-8.475	2.02

1496599212042	-4.405	-8.418	2.02

1496599212053	-4.386	-8.351	1.992

1496599212062	-4.357	-8.274	2.02

1496599212072	-4.319	-8.265	2.02

1496599212082	-4.252	-8.265	2.02

1496599212092	-4.252	-8.312	1.992

1496599212102	-4.252	-8.418	1.982

1496599212112	-4.175	-8.485	2.011

1496599212129	-4.137	-8.657	2.059

1496599212132	-4.118	-8.686	2.116

1496599212142	-4.089	-8.705	2.078

1496599212152	-4.06	-8.638	2.087

1496599212162	-4.108	-8.59	2.126

1496599212172	-4.118	-8.504	2.106

1496599212182	-4.175	-8.437	2.097

1496599212192	-4.223	-8.38	2.106

1496599212204	-4.242	-8.303	2.135

1496599212217	-4.3	-8.332	2.145

1496599212225	-4.309	-8.312	2.135

1496599212234	-4.309	-8.245	2.126

1496599212245	-4.309	-8.37	2.212

1496599212252	-4.319	-8.36	2.241

1496599212262	-4.271	-8.399	2.241

1496599212273	-4.319	-8.485	2.279

1496599212282	-4.271	-8.485	2.279

1496599212292	-4.242	-8.504	2.279

1496599212302	-4.194	-8.561	2.298

1496599212313	-4.194	-8.571	2.241

1496599212330	-4.156	-8.542	2.241

1496599212334	-4.185	-8.533	2.26

1496599212343	-4.213	-8.504	2.202

1496599212353	-4.233	-8.475	2.174

1496599212362	-4.3	-8.475	2.154

1496599212377	-4.338	-8.456	2.087

1496599212382	-4.453	-8.427	2.068

1496599212393	-4.472	-8.399	2.03

1496599212403	-4.482	-8.341	2.03

1496599212421	-4.491	-8.37	2.03

1496599212434	-4.472	-8.399	2.001

1496599212445	-4.491	-8.427	2.03

1496599212448	-4.462	-8.447	2.03

1496599212452	-4.491	-8.389	2.087

1496599212462	-4.415	-8.399	2.126

1496599212472	-4.357	-8.341	2.126

1496599212482	-4.328	-8.303	2.145

1496599212492	-4.319	-8.351	2.154

1496599212503	-4.348	-8.418	2.183

1496599212517	-4.348	-8.494	2.183

1496599212525	-4.29	-8.561	2.241

1496599212532	-4.271	-8.571	2.25

1496599212542	-4.242	-8.571	2.308

1496599212552	-4.175	-8.552	2.346

1496599212565	-4.146	-8.552	2.346

1496599212575	-4.118	-8.523	2.336

1496599212583	-4.127	-8.456	2.336

1496599212592	-4.127	-8.427	2.317

1496599212606	-4.099	-8.389	2.308

1496599212613	-4.108	-8.341	2.308

1496599212622	-4.118	-8.38	2.298

1496599212632	-4.185	-8.427	2.279

1496599212642	-4.242	-8.494	2.269

1496599212652	-4.261	-8.561	2.25

1496599212662	-4.223	-8.571	2.288

1496599212674	-4.29	-8.619	2.308

1496599212682	-4.261	-8.581	2.298

1496599212692	-4.261	-8.59	2.327

1496599212703	-4.233	-8.571	2.308

1496599212713	-4.185	-8.533	2.327

1496599212722	-4.127	-8.485	2.336

1496599212732	-4.127	-8.447	2.327

1496599212743	-4.108	-8.485	2.308

1496599212752	-4.051	-8.456	2.327

1496599212762	-4.022	-8.475	2.317

1496599212774	-4.012	-8.523	2.317

1496599212783	-3.974	-8.552	2.327

1496599212802	-3.984	-8.571	2.327

1496599212812	-4.012	-8.648	2.308

1496599212832	-4.041	-8.676	2.317

1496599212834	-4.089	-8.686	2.308

1496599212834	-4.146	-8.676	2.308

1496599212842	-4.175	-8.648	2.288

1496599212852	-4.242	-8.619	2.279

1496599212862	-4.29	-8.561	2.288

1496599212882	-4.242	-8.523	2.298

1496599212883	-4.242	-8.494	2.288

1496599212892	-4.204	-8.456	2.269

1496599212902	-4.166	-8.437	2.288

1496599212912	-4.223	-8.475	2.279

1496599212922	-4.194	-8.494	2.241

1496599212932	-4.223	-8.523	2.241

1496599212942	-4.185	-8.523	2.25

1496599212954	-4.185	-8.571	2.231

1496599212969	-4.146	-8.571	2.26

1496599212974	-4.194	-8.609	2.308

1496599212984	-4.204	-8.619	2.375

1496599213000	-4.194	-8.629	2.413

1496599213004	-4.223	-8.542	2.394

1496599213017	-4.213	-8.514	2.413

1496599213023	-4.166	-8.514	2.47

1496599213033	-4.156	-8.504	2.461

1496599213043	-4.137	-8.466	2.432

1496599213053	-4.127	-8.504	2.394

1496599213068	-4.089	-8.494	2.403

1496599213074	-4.079	-8.475	2.384

1496599213096	-4.051	-8.466	2.384

1496599213099	-4.079	-8.466	2.384

1496599213104	-4.07	-8.447	2.375

1496599213112	-4.051	-8.456	2.384

1496599213122	-4.06	-8.514	2.384

1496599213132	-4.089	-8.523	2.403

1496599213142	-4.108	-8.581	2.394

1496599213152	-4.079	-8.59	2.355

1496599213170	-4.099	-8.619	2.384

1496599213196	-4.099	-8.609	2.384

1496599213199	-3.984	-8.571	2.394

1496599213203	-3.974	-8.581	2.403

1496599213206	-3.945	-8.59	2.413

1496599213217	-3.974	-8.609	2.432

1496599213223	-3.955	-8.619	2.432

1496599213232	-3.945	-8.648	2.413

1496599213250	-3.974	-8.629	2.413

1496599213252	-3.955	-8.619	2.423

1496599213262	-3.984	-8.6	2.403

1496599213272	-3.974	-8.571	2.384

1496599213282	-3.955	-8.561	2.384

1496599213292	-3.974	-8.552	2.365

1496599213302	-3.955	-8.571	2.375

1496599213316	-4.003	-8.59	2.375

1496599213323	-4.003	-8.619	2.413

1496599213333	-3.936	-8.609	2.394

1496599213345	-3.964	-8.638	2.432

1496599213356	-3.945	-8.619	2.451

1496599213362	-3.974	-8.657	2.48

1496599213372	-3.974	-8.619	2.461

1496599213382	-3.984	-8.59	2.442

1496599213392	-4.003	-8.6	2.451

1496599213403	-3.984	-8.581	2.47

1496599213413	-4.051	-8.561	2.432

1496599213437	-4.012	-8.494	2.365

1496599213439	-4.041	-8.533	2.384

1496599213446	-4.06	-8.542	2.375

1496599213452	-4.06	-8.542	2.365

1496599213472	-3.964	-8.561	2.384

1496599213474	-3.964	-8.561	2.384

1496599213483	-3.955	-8.533	2.403

1496599213492	-3.926	-8.552	2.394

1496599213502	-3.917	-8.542	2.403

1496599213516	-3.974	-8.523	2.403

1496599213529	-3.984	-8.523	2.432

1496599213533	-3.974	-8.494	2.451

1496599213543	-4.003	-8.485	2.461

1496599213552	-4.06	-8.485	2.499

1496599213562	-4.118	-8.504	2.528

1496599213572	-4.156	-8.552	2.499

1496599213582	-4.223	-8.59	2.499

1496599213592	-4.242	-8.609	2.461

1496599213602	-4.261	-8.667	2.48

1496599213620	-4.271	-8.657	2.432

1496599213627	-4.213	-8.667	2.442

1496599213644	-4.194	-8.629	2.423

1496599213645	-4.137	-8.638	2.403

1496599213652	-4.137	-8.581	2.375

1496599213662	-4.079	-8.523	2.375

1496599213672	-4.07	-8.456	2.403

1496599213682	-4.041	-8.437	2.403

1496599213692	-4.041	-8.418	2.413

1496599213703	-4.041	-8.418	2.47

1496599213725	-4.051	-8.485	2.48

1496599213726	-4.07	-8.456	2.48

1496599213732	-4.099	-8.485	2.537

1496599213742	-4.06	-8.504	2.509

1496599213752	-4.051	-8.504	2.47

1496599213762	-4.051	-8.523	2.451

1496599213772	-4.003	-8.494	2.47

1496599213782	-3.984	-8.523	2.451

1496599213794	-3.917	-8.485	2.432

1496599213805	-3.936	-8.475	2.394

1496599213838	-3.936	-8.552	2.451

1496599213842	-3.955	-8.542	2.451

1496599213845	-3.984	-8.533	2.413

1496599213847	-3.974	-8.456	2.384

1496599213852	-4.012	-8.447	2.442

1496599213862	-4.041	-8.456	2.509

1496599213872	-4.022	-8.475	2.547

1496599213882	-4.031	-8.523	2.595

1496599213893	-4.012	-8.561	2.595

1496599213903	-4.06	-8.59	2.595

1496599213913	-4.041	-8.638	2.595

1496599213922	-4.07	-8.619	2.576

1496599213932	-4.127	-8.648	2.585

1496599213943	-4.175	-8.6	2.528

1496599213952	-4.185	-8.533	2.499

1496599213963	-4.175	-8.437	2.518

1496599213972	-4.099	-8.37	2.624

1496599213983	-3.993	-8.37	2.652

1496599213992	-3.974	-8.447	2.624

1496599214002	-4.012	-8.542	2.47

1496599214013	-4.089	-8.542	2.432

1496599214022	-4.06	-8.408	2.49

1496599214032	-3.974	-8.255	2.566

1496599214042	-3.955	-8.226	2.681

1496599214052	-3.984	-8.36	2.729

1496599214067	-4.06	-8.59	2.71

1496599214073	-4.194	-8.743	2.662

1496599214083	-4.28	-8.839	2.633

1496599214093	-4.338	-8.83	2.633

1496599214103	-4.3	-8.763	2.614

1496599214116	-4.28	-8.667	2.633

1496599214122	-4.28	-8.619	2.71

1496599214133	-4.271	-8.533	2.806

1496599214145	-4.309	-8.437	2.853

1496599214165	-4.328	-8.38	2.834

1496599214169	-4.319	-8.178	2.863

1496599214183	-4.233	-8.092	2.844

1496599214192	-4.166	-7.958	2.853

1496599214203	-4.118	-7.949	2.786

1496599214213	-3.993	-7.996	2.806

1496599214222	-3.974	-8.016	2.844

1496599214232	-3.926	-8.083	2.796

1496599214242	-3.926	-8.169	2.767

1496599214253	-3.907	-8.265	2.739

1496599214264	-3.984	-8.408	2.806

1496599214273	-4.099	-8.494	2.834

1496599214282	-4.166	-8.571	2.863

1496599214292	-4.261	-8.638	2.911

1496599214304	-4.28	-8.667	2.949

1496599214320	-4.338	-8.676	3.055

1496599214322	-4.309	-8.676	3.064

1496599214335	-4.252	-8.648	3.265

1496599214343	-4.242	-8.571	3.323

1496599214352	-4.194	-8.542	3.39

1496599214363	-4.175	-8.456	3.438

1496599214372	-4.185	-8.312	3.342

1496599214382	-4.175	-8.169	3.342

1496599214393	-4.213	-7.987	3.17

1496599214403	-4.194	-7.862	3.227

1496599214416	-4.166	-7.776	3.399

1496599214432	-4.156	-7.757	3.495

1496599214433	-4.166	-7.747	3.505

1496599214442	-4.079	-7.7	3.457

1496599214452	-4.06	-7.728	3.428

1496599214462	-4.089	-7.786	3.457

1496599214472	-4.118	-7.814	3.572

1496599214483	-4.175	-7.872	3.648

1496599214492	-4.242	-8.006	3.696

1496599214504	-4.309	-8.083	3.687

1496599214516	-4.348	-8.14	3.687

1496599214544	-4.309	-8.111	3.878

1496599214546	-4.127	-7.881	3.878

1496599214552	-4.031	-7.824	3.85

1496599214562	-4.003	-7.786	3.878

1496599214572	-3.907	-7.757	3.897

1496599214582	-3.926	-7.757	3.85

1496599214592	-3.945	-7.747	3.84

1496599214604	-3.955	-7.786	3.782

1496599214627	-3.955	-7.786	3.735

1496599214634	-3.955	-7.786	3.735

1496599214637	-3.955	-7.738	3.744

1496599214644	-3.888	-7.7	3.821

1496599214668	-3.85	-7.69	3.897

1496599214671	-3.792	-7.68	3.964

1496599214672	-3.859	-7.719	3.993

1496599214685	-3.85	-7.747	4.127

1496599214693	-3.964	-7.786	4.079

1496599214705	-4.07	-7.834	3.917

1496599214726	-4.261	-7.795	3.62

1496599214734	-4.271	-7.776	3.61

1496599214752	-4.395	-7.786	3.668

1496599214753	-4.3	-7.881	3.715

1496599214762	-4.146	-7.91	3.754

1496599214772	-4.022	-7.996	3.792

1496599214783	-3.974	-7.996	3.802

1496599214792	-3.936	-8.044	3.936

1496599214803	-3.859	-8.035	4.012

1496599214813	-3.945	-8.035	4.031

1496599214822	-4.031	-7.968	3.984

1496599214832	-4.156	-7.92	4.041

1496599214842	-4.156	-7.853	4.079

1496599214852	-4.28	-7.872	4.099

1496599214866	-4.271	-7.824	4.041

1496599214872	-4.357	-7.786	3.964

1496599214891	-4.271	-7.738	3.964

1496599214893	-4.127	-7.709	3.993

1496599214904	-4.041	-7.7	3.964

1496599214916	-3.917	-7.728	3.993

1496599214921	-3.993	-7.747	4.089

1496599214933	-3.907	-7.824	4.223

1496599214942	-3.888	-7.814	4.185

1496599214952	-3.964	-7.891	4.156

1496599214966	-3.897	-7.901	4.118

1496599214973	-3.83	-7.757	4.204

1496599215003	-3.811	-7.623	4.175

1496599215007	-3.859	-7.613	4.079

1496599215010	-3.917	-7.594	4.099

1496599215020	-3.869	-7.537	4.146

1496599215032	-3.993	-7.546	4.156

1496599215042	-4.031	-7.575	4.309

1496599215052	-4.012	-7.604	4.348

1496599215062	-4.022	-7.661	4.376

1496599215076	-4.041	-7.7	4.242

1496599215083	-4.099	-7.719	4.29

1496599215092	-4.07	-7.719	4.271

1496599215102	-4.003	-7.728	4.376

1496599215116	-3.993	-7.709	4.424

1496599215124	-3.984	-7.7	4.443

1496599215133	-3.945	-7.661	4.434

1496599215142	-3.936	-7.652	4.472

1496599215152	-3.888	-7.594	4.597

1496599215166	-3.897	-7.556	4.683

1496599215173	-3.859	-7.527	4.75

1496599215182	-3.85	-7.518	4.673

1496599215192	-3.907	-7.527	4.692

1496599215203	-3.936	-7.527	4.721

1496599215213	-3.907	-7.508	4.807

1496599215222	-3.83	-7.518	4.836

1496599215233	-4.099	-7.556	4.846

1496599215242	-4.213	-7.585	4.893

1496599215252	-4.051	-7.537	4.846

