1495980435468	1.398	-4.951	2.604

1495980435476	1.676	-5.669	2.978

1495980435487	1.944	-6.857	3.313

1495980435493	2.346	-8.226	3.476

1495980435511	3.064	-9.749	2.882

1495980435512	4.108	-10.707	1.829

1495980435522	5.066	-10.324	1.005

1495980435537	5.296	-8.763	0.785

1495980435542	5.181	-7.259	0.928

1495980435552	4.721	-5.966	1.312

1495980435569	4.022	-4.836	1.886

1495980435574	3.677	-4.185	2.365

1495980435583	3.457	-4.137	2.47

1495980435607	3.505	-4.635	2.432

1495980435608	3.811	-5.439	3.744

1495980435612	3.658	-7.996	4.079

1495980435622	3.897	-9.941	3.677

1495980435635	4.127	-12.019	2.882

1495980435642	3.955	-14.068	2.777

1495980435652	3.342	-15.39	2.48

1495980435662	2.154	-15.677	2.126

1495980435676	1.072	-14.854	1.34

1495980435683	0.699	-12.852	1.494

1495980435710	0.699	-11.846	2.585

1495980435711	0.517	-11.894	2.94

1495980435712	0.794	-12.115	2.557

1495980435722	1.398	-12.067	2.672

1495980435743	1.781	-12.105	3.754

1495980435744	1.953	-12.316	5.104

1495980435752	2.097	-12.89	5.746

1495980435762	2.518	-13.12	5.909

1495980435776	3.15	-12.977	6.071

1495980435783	3.265	-12.9	6.502

1495980435792	2.93	-13.034	6.292

1495980435808	2.71	-13.015	4.75

1495980435812	2.968	-12.057	4.06

1495980435822	3.083	-11.233	3.352

1495980435840	3.074	-10.084	2.71

1495980435842	2.748	-8.791	2.585

1495980435852	2.547	-7.738	2.662

1495980435862	2.355	-7.154	2.758

1495980435878	2.202	-6.493	3.007

1495980435887	2.106	-6.253	3.102

1495980435892	2.001	-6.359	3.179

1495980435910	1.944	-6.723	3.294

1495980435912	2.039	-7.115	3.428

1495980435922	2.193	-7.345	3.591

1495980435941	2.403	-7.489	3.735

1495980435942	2.528	-7.498	3.802

1495980435952	2.643	-7.422	3.878

1495980435969	2.681	-7.192	3.869

1495980435973	2.652	-6.636	3.754

1495980435982	2.604	-6.081	3.601

1495980435997	2.509	-5.717	3.361

1495980436002	2.355	-5.43	3.16

1495980436012	2.145	-5.478	3.16

1495980436028	2.106	-5.794	3.112

1495980436032	2.097	-6.043	3.093

1495980436042	2.154	-6.435	3.15

1495980436056	2.25	-6.799	3.62

1495980436062	2.355	-7.115	3.945

1495980436085	2.442	-7.249	3.955

1495980436087	2.528	-7.336	3.581

1495980436092	2.624	-7.336	2.988

1495980436102	2.537	-7.307	2.691

1495980436118	2.394	-7.374	3.016

1495980436122	2.26	-7.441	3.064

1495980436132	2.126	-7.527	2.547

1495980436146	1.905	-7.594	2.241

1495980436152	1.589	-7.709	2.106

1495980436162	1.34	-7.824	2.078

1495980436175	1.302	-7.853	2.116

1495980436183	1.379	-7.881	2.241

1495980436202	1.388	-7.939	2.298

1495980436203	1.484	-7.996	2.403

1495980436212	1.618	-7.881	2.49

1495980436229	1.599	-7.575	2.624

1495980436232	1.398	-7.307	2.94

1495980436242	1.12	-6.933	3.179

1495980436261	0.976	-6.704	3.342

1495980436263	0.804	-6.636	3.313

1495980436274	0.823	-6.694	2.921

1495980436286	0.852	-6.809	2.576

1495980436292	1.177	-7.01	2.336

1495980436302	1.417	-7.221	2.308

1495980436316	1.417	-7.623	2.825

1495980436322	1.187	-9.232	3.016

1495980436342	1.676	-11.31	3.122

1495980436343	2.748	-13.944	3.897

1495980436352	3.936	-16.664	2.806

1495980436370	3.581	-18.579	0.814

1495980436374	2.279	-19.451	1.101

1495980436382	1.676	-18.1	1.101

1495980436398	1.848	-17.315	4.98

1495980436402	3.208	-18.321	4.529

1495980436420	7.173	-17.018	-1.379

1495980436422	7.901	-13.704	1.015

1495980436432	8.504	-10.352	3.304

1495980436453	8.092	-7.824	5.229

1495980436455	7.393	-6.349	5.765

1495980436462	7.0	-5.516	4.778

1495980436482	6.953	-5.286	4.271

1495980436483	6.636	-5.803	4.664

1495980436492	5.861	-6.962	4.731

1495980436509	5.181	-7.958	3.792

1495980436512	4.654	-8.743	2.317

1495980436534	4.146	-8.801	1.225

1495980436535	3.677	-8.638	0.747

1495980436542	2.949	-8.332	0.823

1495980436552	2.423	-8.265	1.34

1495980436564	2.269	-8.571	1.838

1495980436574	2.298	-9.059	2.039

1495980436594	2.384	-9.701	2.078

1495980436595	2.566	-10.113	2.106

1495980436602	2.585	-10.305	2.106

1495980436622	2.403	-10.324	2.068

1495980436623	2.432	-9.577	2.183

1495980436632	2.499	-9.194	2.202

1495980436644	2.624	-8.935	2.011

1495980436652	2.767	-8.782	1.733

1495980436662	2.853	-8.619	1.513

1495980436679	2.93	-8.389	1.369

1495980436683	3.055	-7.929	1.417

1495980436692	3.265	-7.613	1.723

1495980436709	3.419	-7.47	2.087

1495980436712	3.581	-7.412	2.26

1495980436722	3.763	-7.451	2.384

1495980436735	4.012	-7.518	2.423

1495980436742	4.367	-7.623	2.499

1495980436752	4.702	-8.044	2.585

1495980436766	5.296	-8.686	2.911

1495980436793	5.19	-8.782	2.729

1495980436794	4.817	-8.81	2.499

1495980436802	4.271	-8.81	2.308

1495980436820	3.562	-8.715	2.26

1495980436822	3.284	-8.676	2.221

1495980436832	3.055	-8.676	2.25

1495980436848	2.882	-8.657	2.221

1495980436852	2.921	-8.629	2.174

1495980436862	2.968	-8.638	2.145

1495980436875	3.15	-8.542	2.059

1495980436883	3.304	-8.399	2.087

1495980436904	3.428	-8.207	2.183

1495980436905	3.543	-8.025	2.269

1495980436912	3.581	-7.853	2.279

1495980436923	3.601	-7.805	2.308

1495980436934	3.495	-7.805	2.394

1495980436942	3.342	-7.929	2.432

1495980436952	3.198	-8.178	2.49

1495980436966	3.122	-8.542	2.365

1495980436974	3.198	-8.715	2.202

1495980436993	3.284	-8.743	2.02

1495980436994	3.208	-8.581	1.819

1495980437002	3.131	-8.15	1.714

1495980437019	2.815	-7.69	1.953

1495980437022	2.672	-7.364	2.212

1495980437032	2.806	-7.403	2.451

1495980437044	3.141	-7.508	2.442

1495980437052	3.371	-7.891	2.298

1495980437070	3.677	-8.475	2.212

1495980437073	3.878	-8.657	2.126

1495980437083	4.07	-8.619	2.039

1495980437102	4.118	-8.341	1.953

1495980437103	4.108	-7.891	1.743

1495980437112	4.06	-7.508	1.628

1495980437125	3.945	-7.202	1.762

1495980437132	3.907	-6.761	2.011

1495980437142	3.897	-6.502	2.231

1495980437158	3.897	-6.512	2.355

1495980437162	3.993	-6.78	2.49

1495980437180	4.108	-7.173	2.499

1495980437183	4.233	-7.431	2.451

1495980437192	4.338	-7.575	2.346

1495980437208	4.434	-7.632	2.193

1495980437212	4.549	-7.556	1.561

1495980437222	4.434	-6.79	1.513

1495980437240	4.204	-6.158	1.541

1495980437242	3.869	-5.707	1.704

1495980437252	3.371	-5.133	1.379

1495980437267	3.39	-4.884	1.455

1495980437274	3.352	-5.095	2.346

1495980437290	3.064	-6.1	3.045

1495980437292	2.585	-7.604	2.672

1495980437302	2.882	-9.308	2.269

1495980437321	2.825	-11.128	2.288

1495980437322	1.934	-12.622	2.432

1495980437332	1.034	-14.222	2.02

1495980437348	0.229	-15.208	0.469

1495980437352	-0.469	-15.304	-1.149

1495980437362	-0.976	-14.384	-0.756

1495980437376	-1.034	-13.187	0.517

1495980437383	-0.383	-12.593	1.13

1495980437403	0.641	-12.239	2.001

1495980437405	1.695	-12.086	2.624

1495980437412	2.355	-12.23	4.501

1495980437431	3.141	-13.599	4.731

1495980437432	3.878	-13.791	4.692

1495980437442	4.328	-13.494	4.989

1495980437458	4.587	-12.823	4.999

1495980437462	4.625	-12.105	4.903

1495980437473	4.405	-11.377	4.597

1495980437486	4.261	-10.563	4.06

1495980437492	3.974	-9.615	3.38

1495980437508	3.744	-8.839	2.739

1495980437512	3.524	-8.351	2.461

1495980437522	3.198	-7.977	2.269

1495980437540	2.825	-7.853	2.241

1495980437542	2.48	-8.035	2.298

1495980437552	2.25	-8.38	2.317

1495980437568	2.068	-8.753	2.231

1495980437574	1.934	-9.031	2.212

1495980437582	1.915	-9.174	2.212

1495980437595	1.934	-9.27	2.279

1495980437602	1.867	-9.261	2.375

1495980437612	1.877	-9.213	2.537

1495980437624	1.704	-8.724	2.643

1495980437632	1.704	-8.293	2.729

1495980437651	1.781	-7.757	2.739

1495980437652	1.857	-7.489	2.892

1495980437662	1.953	-7.278	3.112

1495980437680	2.011	-7.23	3.217

1495980437683	2.049	-7.336	3.198

1495980437692	2.154	-7.498	3.179

1495980437712	2.126	-7.795	3.122

1495980437713	1.992	-8.332	2.949

1495980437722	1.857	-8.676	2.691

1495980437742	1.743	-8.849	2.518

1495980437744	1.685	-8.839	2.442

1495980437752	1.618	-8.734	2.461

1495980437771	1.704	-8.59	2.451

1495980437772	1.743	-8.494	2.499

1495980437783	1.8	-8.427	2.451

1495980437799	1.886	-8.456	2.509

1495980437802	1.925	-8.59	2.624

1495980437820	1.925	-8.743	2.614

1495980437822	1.857	-8.897	2.547

1495980437832	1.79	-9.059	3.102

1495980437852	1.723	-8.983	3.83

1495980437853	1.762	-8.925	4.204

1495980437862	1.877	-8.868	3.85

1495980437880	2.154	-8.715	3.409

1495980437883	2.327	-8.389	3.16

1495980437892	2.49	-7.996	2.921

1495980437904	2.614	-7.738	2.748

1495980437912	2.7	-7.604	3.074

1495980437922	2.681	-7.613	3.055

1495980437935	2.786	-7.594	2.825

1495980437942	2.825	-7.585	2.921

1495980437962	2.7	-7.565	2.997

1495980437963	2.691	-7.527	3.141

1495980437974	2.528	-7.537	3.591

1495980437990	2.375	-7.556	3.658

1495980437992	2.241	-7.613	3.648

1495980438002	2.154	-7.69	3.601

1495980438023	2.097	-7.757	3.629

1495980438024	2.183	-7.881	3.61

1495980438032	2.241	-8.073	3.419

1495980438050	2.26	-7.901	3.227

1495980438052	2.193	-7.632	2.978

1495980438062	2.068	-7.412	2.786

1495980438079	1.819	-7.144	2.863

1495980438082	1.436	-7.077	2.93

1495980438092	1.206	-6.924	2.93

1495980438107	1.043	-6.885	2.882

1495980438112	0.938	-6.809	2.834

1495980438122	0.89	-6.665	2.777

1495980438135	0.909	-6.541	2.844

1495980438142	0.919	-6.426	3.007

1495980438152	0.766	-6.368	2.863

1495980438167	0.679	-6.301	2.585

1495980438172	0.507	-6.234	2.49

1495980438183	0.383	-6.186	2.365

1495980438200	0.287	-6.1	2.336

1495980438202	0.191	-6.196	2.193

1495980438212	0.181	-6.55	1.972

1495980438222	0.143	-7.278	2.078

1495980438234	0.651	-10.803	2.662

1495980438242	1.541	-13.886	3.447

1495980438252	3.323	-16.961	2.394

1495980438266	5.899	-18.637	0.316

1495980438274	7.115	-19.24	-0.957

1495980438282	6.454	-18.627	-1.388

1495980438299	5.755	-16.635	-0.842

1495980438302	4.721	-13.599	3.926

1495980438312	5.391	-12.306	16.97

1495980438331	6.838	-15.888	9.471

1495980438332	8.198	-19.546	-2.509

1495980438342	9.778	-19.604	-3.131

1495980438352	8.255	-17.88	0.162

1495980438364	5.468	-12.507	2.346

1495980438374	2.94	-7.901	3.85

1495980438382	2.135	-5.669	4.156

1495980438396	2.327	-5.219	2.873

1495980438402	3.419	-5.889	2.068

1495980438413	3.888	-7.901	1.647

1495980438429	3.639	-8.581	1.043

1495980438432	3.687	-8.858	0.842

1495980438442	3.878	-8.897	0.976

1495980438461	3.897	-8.858	0.967

1495980438462	3.859	-8.629	1.11

1495980438473	3.648	-8.427	1.599

1495980438494	3.275	-8.351	2.097

1495980438495	2.844	-8.312	2.298

1495980438502	2.7	-8.169	2.384

1495980438512	2.7	-7.968	2.49

1495980438526	2.537	-8.092	2.432

1495980438532	2.423	-8.274	2.279

1495980438542	2.47	-8.437	2.269

1495980438553	2.71	-8.609	2.212

1495980438562	3.179	-8.753	2.116

1495980438573	3.811	-8.897	1.838

1495980438587	4.252	-9.165	1.484

1495980438592	4.75	-9.347	1.436

1495980438602	4.951	-9.577	1.8

1495980438615	4.865	-9.414	2.212

1495980438622	4.472	-8.734	2.336

1495980438632	4.07	-8.312	2.336

1495980438646	3.763	-7.757	2.432

1495980438652	3.533	-7.518	2.48

1495980438662	3.61	-7.565	2.432

1495980438678	3.744	-8.016	2.375

1495980438683	3.869	-8.504	2.221

1495980438692	4.127	-8.763	1.877

1495980438717	4.252	-8.791	1.474

1495980438719	4.252	-8.734	1.254

1495980438722	4.156	-8.705	1.12

1495980438732	4.031	-8.696	1.12

1495980438746	3.869	-8.629	1.197

1495980438752	3.782	-8.609	1.254

1495980438762	3.687	-8.696	1.312

1495980438774	3.668	-8.858	1.312

1495980438783	3.668	-9.107	1.197

1495980438792	3.601	-9.385	1.216

1495980438806	3.39	-9.663	1.245

1495980438812	3.15	-9.759	1.302

1495980438822	2.557	-9.759	1.446

1495980438833	2.413	-9.72	1.628

1495980438842	2.288	-9.73	1.666

1495980438852	2.145	-9.72	1.695

1495980438866	2.059	-9.701	1.781

1495980438874	1.8	-9.586	1.857

1495980438883	1.58	-9.423	1.877

1495980438900	1.494	-9.184	1.762

1495980438902	1.302	-8.935	1.972

1495980438912	1.13	-8.743	2.135

1495980438930	1.034	-8.629	2.202

1495980438932	0.919	-8.571	2.298

1495980438942	0.814	-8.475	2.336

1495980438962	0.785	-8.322	2.48

1495980438963	0.814	-8.226	2.643

1495980438973	0.833	-8.418	3.026

1495980438982	0.938	-8.696	3.438

1495980438995	1.015	-9.079	3.696

1495980439002	1.225	-9.557	3.735

1495980439021	1.656	-9.941	3.581

1495980439023	2.164	-9.941	3.304

1495980439032	2.221	-9.663	3.179

1495980439042	2.241	-9.366	3.141

1495980439055	2.288	-9.155	3.265

1495980439062	2.327	-9.012	3.246

1495980439083	2.336	-8.839	3.237

1495980439084	2.413	-8.772	3.361

1495980439092	2.394	-8.772	3.476

1495980439102	2.355	-8.743	3.581

1495980439116	2.317	-8.667	3.687

1495980439122	2.355	-8.542	3.859

1495980439144	2.384	-8.427	3.993

1495980439145	2.432	-8.36	4.003

1495980439152	2.557	-8.36	3.984

1495980439171	2.662	-8.456	3.955

1495980439174	2.767	-8.638	3.984

1495980439183	2.786	-8.82	3.945

1495980439199	2.777	-8.935	3.696

1495980439202	2.786	-9.088	3.419

1495980439212	2.652	-9.088	3.284

1495980439228	2.26	-9.002	3.371

1495980439232	2.049	-8.983	3.323

1495980439242	1.79	-8.925	3.227

1495980439261	1.494	-8.887	3.131

1495980439262	1.455	-8.782	3.083

1495980439274	1.321	-8.686	2.978

1495980439282	1.206	-8.686	2.901

1495980439294	1.168	-8.763	2.767

1495980439302	1.177	-8.801	2.71

1495980439322	1.177	-8.839	2.672

1495980439323	1.273	-8.887	2.681

1495980439332	1.254	-8.954	2.739

1495980439352	1.225	-8.954	2.911

1495980439354	1.206	-8.964	3.026

1495980439362	1.149	-8.906	3.026

1495980439380	1.101	-8.782	3.055

1495980439383	1.072	-8.734	3.064

1495980439392	1.082	-8.696	3.15

1495980439409	1.11	-8.734	3.131

1495980439412	1.245	-8.906	3.131

1495980439422	1.714	-9.079	2.968

1495980439437	2.049	-9.481	2.93

1495980439442	2.269	-9.625	2.921

1495980439452	2.423	-9.739	2.873

1495980439469	2.461	-9.797	2.825

1495980439473	2.451	-9.644	2.882

1495980439482	2.442	-9.328	2.959

1495980439502	2.375	-8.983	3.026

1495980439503	2.346	-8.763	3.055

1495980439512	2.327	-8.648	3.131

1495980439522	2.269	-8.657	3.189

1495980439535	2.269	-8.667	3.198

1495980439542	2.269	-8.686	3.217

1495980439552	2.279	-8.743	3.198

1495980439569	2.269	-8.83	3.131

1495980439572	2.231	-8.878	3.074

1495980439582	2.241	-8.964	3.064

1495980439600	2.221	-9.012	3.007

1495980439602	2.221	-8.983	2.997

1495980439612	2.231	-8.945	3.016

1495980439634	2.221	-8.887	2.949

1495980439635	2.174	-8.801	2.959

1495980439642	2.145	-8.868	2.921

1495980439652	2.135	-8.887	2.93

1495980439667	2.078	-8.878	2.863

1495980439673	2.02	-8.916	2.825

1495980439684	1.905	-8.973	2.777

1495980439696	1.81	-9.021	2.691

1495980439708	1.8	-8.964	2.585

1495980439712	1.8	-8.916	2.547

1495980439722	1.829	-8.906	2.576

1495980439740	1.953	-8.897	2.604

1495980439742	1.963	-8.878	2.585

1495980439752	2.068	-8.868	2.652

1495980439767	2.164	-8.81	2.739

1495980439772	2.183	-8.81	2.825

1495980439783	2.202	-8.849	2.882

1495980439796	2.174	-8.945	2.959

1495980439802	2.183	-9.012	3.026

1495980439822	2.183	-9.127	3.045

1495980439823	2.25	-9.127	2.949

1495980439832	2.279	-8.973	2.94

1495980439852	2.279	-8.878	2.901

1495980439854	2.288	-8.82	2.911

1495980439862	2.317	-8.791	2.892

1495980439882	2.336	-8.753	2.882

1495980439884	2.346	-8.753	2.911

1495980439893	2.327	-8.743	2.93

1495980439902	2.308	-8.82	2.949

1495980439915	2.308	-8.849	3.016

1495980439922	2.308	-8.887	3.055

1495980439943	2.308	-8.916	3.093

1495980439944	2.288	-8.954	3.074

1495980439952	2.279	-8.964	3.074

1495980439971	2.288	-8.973	3.055

1495980439972	2.269	-8.925	3.026

1495980439983	2.26	-8.868	2.997

1495980440003	2.231	-8.791	2.968

1495980440004	2.25	-8.753	2.921

1495980440012	2.25	-8.782	2.892

1495980440022	2.212	-8.801	2.882

1495980440036	2.193	-8.887	2.844

1495980440042	2.183	-8.954	2.834

1495980440063	2.221	-9.031	2.853

1495980440065	2.193	-9.04	2.758

1495980440072	2.183	-8.973	2.786

1495980440083	2.145	-8.925	2.739

1495980440099	2.126	-8.839	2.739

1495980440102	2.106	-8.839	2.719

1495980440112	2.087	-8.801	2.719

1495980440126	2.097	-8.81	2.719

1495980440132	2.078	-8.868	2.691

1495980440142	2.049	-8.954	2.739

1495980440158	2.078	-9.021	2.719

1495980440162	2.097	-9.088	2.71

1495980440172	2.078	-9.107	2.691

1495980440191	2.097	-9.059	2.7

1495980440193	2.097	-9.012	2.7

1495980440202	2.126	-8.954	2.739

1495980440212	2.135	-8.916	2.719

1495980440224	2.126	-8.887	2.729

1495980440232	2.164	-8.858	2.758

1495980440252	2.183	-8.906	2.825

1495980440253	2.174	-8.935	2.834

1495980440262	2.193	-8.954	2.777

1495980440273	2.174	-8.935	2.767

1495980440286	2.183	-8.945	2.777

1495980440293	2.212	-8.973	2.786

1495980440302	2.202	-8.945	2.748

1495980440314	2.193	-8.906	2.729

1495980440322	2.202	-8.887	2.748

1495980440342	2.212	-8.849	2.758

1495980440343	2.174	-8.849	2.767

1495980440352	2.164	-8.858	2.815

1495980440362	2.116	-8.849	2.777

1495980440374	1.704	-8.418	2.863

1495980440384	2.154	-9.174	2.758

1495980440403	2.001	-9.222	2.93

1495980440404	2.193	-9.117	2.729

1495980440412	2.241	-9.155	2.758

1495980440422	2.183	-9.002	2.777

1495980440436	2.059	-8.782	2.834

1495980440442	2.068	-8.906	2.739

