1498228884881	0.22563	0.06867	9.81981

1498228884889	0.07848	0.06867	9.85905

1498228884906	0.0981	0.0	9.76095

1498228884913	0.14715	0.11771999	9.85905

1498228884925	0.16677	0.12753	9.83943

1498228884934	0.18639	0.04905	9.996389

1498228884951	0.10791	0.14715	9.85905

1498228884956	0.0981	0.00981	9.87867

1498228884964	0.029429998	0.00981	9.79038

1498228884974	0.14715	0.0981	9.81981

1498228884998	0.17658	0.10791	9.81981

1498228884999	0.15696	0.058859996	9.9081

1498228885006	0.08829	0.058859996	9.81981

1498228885014	0.23543999	0.10791	9.809999

1498228885025	0.0981	0.0	9.72171

1498228885034	0.11771999	0.07848	9.88848

1498228885044	0.06867	0.13734	9.81981

1498228885055	0.12753	0.0981	9.829619

1498228885064	0.16677	0.00981	9.88848

1498228885074	0.15696	0.13734	9.849239

1498228885084	0.18639	0.12753	9.83943

1498228885094	0.07848	0.12753	9.80019

1498228885106	0.07848	0.0981	9.83943

1498228885114	0.13734	0.07848	9.83943

1498228885125	0.14715	0.01962	9.702089

1498228885144	0.058859996	0.03924	9.80019

1498228885159	0.06867	0.06867	9.80019

1498228885164	0.06867	0.04905	9.81981

1498228885196	0.11771999	0.04905	9.88848

1498228885199	0.15696	-0.00981	9.78057

1498228885201	0.13734	0.0	9.91791

1498228885206	0.15696	0.0	9.73152

1498228885214	0.16677	0.10791	9.702089

1498228885226	0.10791	0.029429998	9.83943

1498228885244	0.058859996	0.029429998	9.9081

1498228885256	0.14715	0.13734	9.9081

1498228885265	0.04905	-0.03924	9.89829

1498228885275	0.08829	0.00981	9.83943

1498228885285	0.058859996	0.04905	9.85905

1498228885295	0.11771999	-0.029429998	9.809999

1498228885307	0.03924	0.0	9.93753

1498228885316	0.21582	0.029429998	9.829619

1498228885326	0.10791	0.029429998	9.81981

1498228885335	0.13734	0.01962	9.849239

1498228885346	0.20601	0.07848	9.9081

1498228885361	0.04905	0.058859996	9.829619

1498228885366	0.21582	0.01962	9.89829

1498228885376	0.08829	0.06867	9.85905

1498228885403	0.13734	0.08829	9.829619

1498228885406	0.16677	0.10791	9.809999

1498228885409	0.03924	0.0981	9.81981

1498228885416	0.16677	0.058859996	9.76095

1498228885428	0.06867	0.03924	9.76095

1498228885446	0.0981	0.04905	9.91791

1498228885458	0.06867	-0.01962	9.849239

1498228885466	0.12753	0.029429998	9.868859

1498228885476	0.029429998	0.058859996	9.87867

1498228885486	0.12753	0.07848	9.80019

1498228885496	0.20601	0.0	9.73152

1498228885508	0.18639	-0.03924	9.81981

1498228885516	0.03924	0.0	9.868859

1498228885528	0.06867	0.04905	9.85905

1498228885546	0.18639	0.04905	9.9571495

1498228885563	0.03924	0.029429998	9.79038

1498228885567	0.12753	0.029429998	9.73152

1498228885577	0.13734	0.06867	9.87867

1498228885593	0.13734	0.03924	9.88848

1498228885597	0.0	0.0981	9.809999

1498228885609	0.15696	0.01962	9.849239

1498228885617	0.07848	-0.03924	9.89829

1498228885628	0.07848	0.10791	9.76095

1498228885637	0.17658	0.029429998	9.81981

1498228885647	0.13734	0.0981	9.92772

1498228885659	0.14715	0.058859996	9.81981

1498228885667	0.15696	0.10791	9.83943

1498228885677	0.12753	0.06867	9.94734

1498228885687	0.13734	0.04905	9.79038

1498228885697	0.0981	0.03924	9.849239

1498228885709	0.16677	-0.01962	9.91791

1498228885717	0.23543999	0.00981	9.75114

1498228885730	0.08829	0.04905	9.76095

1498228885748	0.07848	0.058859996	9.89829

1498228885765	0.18639	0.08829	9.91791

1498228885771	0.11771999	0.04905	9.91791

1498228885778	0.11771999	0.04905	9.91791

1498228885794	0.13734	0.058859996	9.81981

1498228885798	0.10791	0.0981	9.80019

1498228885810	0.11771999	0.03924	9.88848

1498228885818	0.16677	0.07848	9.829619

1498228885830	0.11771999	0.08829	9.80019

1498228885848	0.11771999	0.0981	9.868859

1498228885860	0.14715	0.058859996	9.83943

1498228885868	0.0	0.058859996	9.81981

1498228885877	0.12753	0.029429998	9.868859

1498228885888	0.17658	0.058859996	9.85905

1498228885898	0.14715	0.08829	9.9081

1498228885909	0.06867	-0.03924	9.83943

1498228885918	0.14715	0.07848	9.83943

1498228885930	0.07848	0.029429998	9.78057

1498228885959	0.13734	0.00981	10.02582

1498228885965	0.1962	0.08829	9.868859

1498228885976	0.03924	0.13734	9.829619

1498228885978	0.03924	0.058859996	9.80019

1498228885992	0.16677	0.00981	9.89829

1498228885999	0.06867	0.07848	9.809999

1498228886010	0.058859996	0.029429998	9.81981

1498228886019	0.06867	0.06867	9.79038

1498228886031	0.029429998	0.04905	9.849239

1498228886049	0.11771999	-0.03924	9.89829

1498228886060	0.0981	0.08829	9.88848

1498228886069	0.058859996	0.06867	9.83943

1498228886079	0.10791	0.03924	9.72171

1498228886090	0.0981	0.029429998	9.76095

1498228886100	0.16677	0.04905	9.69228

1498228886111	0.12753	0.17658	9.83943

1498228886120	0.21582	0.07848	9.702089

1498228886132	0.13734	0.058859996	9.79038

1498228886150	0.11771999	0.06867	9.9081

1498228886161	0.06867	-0.01962	9.79038

1498228886180	0.16677	0.03924	9.83943

1498228886182	0.14715	0.029429998	9.89829

1498228886191	0.12753	0.00981	9.85905

1498228886200	0.14715	0.03924	9.829619

1498228886227	0.14715	0.08829	9.75114

1498228886234	0.12753	0.03924	9.76095

1498228886235	0.06867	0.01962	9.88848

1498228886240	0.11771999	0.12753	9.868859

1498228886251	0.16677	0.01962	9.96696

1498228886263	0.10791	0.0981	9.849239

1498228886271	0.11771999	0.029429998	9.88848

1498228886281	0.10791	0.04905	9.829619

1498228886292	0.14715	0.04905	9.76095

1498228886302	0.0981	0.10791	9.79038

1498228886313	0.13734	0.04905	9.809999

1498228886322	0.14715	0.06867	9.829619

1498228886334	0.07848	0.00981	9.75114

1498228886352	0.12753	0.04905	9.78057

1498228886364	0.18639	0.08829	9.868859

1498228886372	0.16677	0.06867	9.80019

1498228886386	0.058859996	0.15696	9.829619

1498228886393	0.17658	0.15696	9.88848

1498228886403	0.21582	0.04905	9.83943

1498228886426	0.10791	0.08829	9.809999

1498228886435	0.16677	0.08829	9.83943

1498228886437	0.10791	0.08829	9.79038

1498228886444	0.14715	0.14715	9.9571495

1498228886454	0.13734	0.03924	9.83943

1498228886466	0.08829	0.14715	9.849239

1498228886475	0.10791	0.07848	9.81981

1498228886485	0.13734	0.04905	9.849239

1498228886495	0.12753	0.07848	9.87867

1498228886505	0.17658	0.08829	9.78057

1498228886517	0.10791	0.058859996	9.88848

1498228886525	0.20601	0.13734	9.89829

1498228886536	0.10791	0.058859996	9.829619

1498228886546	0.14715	0.11771999	9.94734

1498228886555	0.0981	0.11771999	9.80019

1498228886566	0.11771999	0.029429998	9.96696

1498228886575	0.13734	0.10791	9.85905

1498228886585	0.14715	0.029429998	9.87867

1498228886595	0.14715	0.029429998	9.829619

1498228886605	0.0981	0.029429998	9.78057

1498228886617	0.058859996	0.14715	9.81981

1498228886626	0.14715	0.07848	9.76095

1498228886639	0.16677	0.04905	9.83943

1498228886647	0.0981	0.058859996	9.85905

1498228886657	0.15696	0.0981	9.88848

1498228886668	0.10791	0.07848	9.849239

1498228886677	0.16677	0.058859996	9.77076

1498228886687	0.11771999	0.07848	9.79038

1498228886697	0.06867	0.03924	9.83943

1498228886707	0.12753	-0.04905	9.77076

1498228886719	0.11771999	0.00981	9.83943

1498228886728	0.03924	0.07848	9.80019

1498228886739	0.20601	0.03924	9.829619

1498228886748	0.15696	-0.01962	9.93753

1498228886758	0.16677	0.07848	9.976769

1498228886769	0.07848	0.06867	9.94734

1498228886778	0.07848	0.06867	9.94734

1498228886788	0.10791	-0.029429998	9.868859

1498228886798	0.04905	0.06867	9.809999

1498228886808	0.0981	0.06867	9.809999

1498228886831	0.08829	0.0981	9.80019

1498228886833	0.10791	0.0	9.87867

1498228886843	0.12753	0.04905	9.829619

1498228886875	0.12753	0.00981	9.89829

1498228886876	0.01962	0.08829	9.88848

1498228886880	0.14715	-0.00981	9.81981

1498228886881	0.13734	0.01962	9.80019

1498228886888	0.13734	-0.029429998	9.74133

1498228886898	0.06867	0.04905	9.809999

1498228886908	0.0981	0.0	9.77076

1498228886920	0.07848	0.10791	9.77076

1498228886928	0.10791	0.08829	9.81981

1498228886939	0.17658	0.13734	9.87867

1498228886948	0.14715	0.058859996	10.0062

1498228886958	0.1962	0.058859996	9.868859

1498228886970	0.13734	0.03924	9.83943

1498228886978	0.058859996	0.029429998	9.829619

1498228886988	0.13734	0.04905	9.829619

1498228886998	0.15696	0.058859996	9.78057

1498228887008	0.12753	0.15696	9.87867

1498228887019	0.12753	-0.00981	9.79038

1498228887041	0.07848	0.01962	9.78057

1498228887043	0.0981	0.058859996	9.79038

1498228887058	0.058859996	0.00981	9.89829

1498228887088	0.10791	0.14715	9.77076

1498228887090	0.13734	0.00981	9.829619

1498228887091	0.0981	0.01962	9.78057

1498228887099	0.0981	0.03924	9.809999

1498228887109	0.16677	0.00981	9.829619

1498228887121	0.13734	0.10791	9.92772

1498228887129	0.0981	0.07848	9.829619

1498228887141	0.13734	0.0981	9.868859

1498228887159	0.04905	0.029429998	9.87867

1498228887171	0.13734	0.01962	9.85905

1498228887179	0.04905	0.11771999	9.83943

1498228887189	0.14715	0.08829	9.809999

1498228887200	0.10791	0.058859996	9.83943

1498228887210	0.0981	-0.01962	9.77076

1498228887222	0.14715	0.13734	9.79038

1498228887231	0.15696	0.12753	9.868859

1498228887242	0.08829	0.029429998	9.73152

1498228887266	0.16677	0.029429998	9.85905

1498228887272	0.14715	0.04905	9.80019

1498228887280	0.13734	0.10791	9.829619

1498228887312	0.18639	0.11771999	9.83943

1498228887313	0.10791	0.029429998	9.88848

1498228887314	0.0981	0.07848	9.88848

1498228887322	0.06867	0.12753	9.9571495

1498228887330	0.12753	0.08829	9.79038

1498228887342	0.12753	0.0981	9.83943

1498228887360	0.0	0.029429998	9.85905

1498228887372	0.13734	0.10791	9.88848

1498228887380	0.23543999	0.058859996	9.80019

1498228887391	0.14715	0.08829	9.80019

1498228887401	0.06867	0.06867	9.87867

1498228887411	0.14715	0.08829	9.87867

1498228887423	0.14715	0.04905	9.88848

1498228887431	0.11771999	0.058859996	9.868859

1498228887443	0.1962	0.06867	9.78057

1498228887461	0.16677	0.08829	9.87867

1498228887486	0.13734	0.14715	9.79038

1498228887487	0.029429998	0.06867	9.868859

1498228887492	0.13734	0.04905	9.83943

1498228887502	0.14715	0.06867	9.93753

1498228887517	0.03924	0.06867	9.80019

1498228887524	0.15696	0.07848	9.88848

1498228887532	0.11771999	0.06867	9.92772

1498228887544	0.13734	0.029429998	9.83943

1498228887562	0.12753	0.03924	9.85905

1498228887574	0.12753	0.11771999	9.88848

1498228887582	0.14715	0.01962	9.849239

1498228887592	0.18639	0.07848	9.83943

1498228887602	0.10791	-0.01962	9.809999

1498228887612	0.14715	0.04905	9.809999

1498228887624	0.16677	0.0	9.9081

1498228887632	0.0981	0.07848	9.74133

1498228887644	0.10791	0.07848	9.85905

1498228887662	0.0981	0.03924	9.96696

1498228887673	0.07848	0.10791	9.76095

1498228887682	0.14715	0.13734	9.87867

1498228887692	0.07848	0.029429998	9.849239

1498228887703	0.11771999	0.14715	9.89829

1498228887713	0.10791	0.03924	9.75114

1498228887733	0.12753	0.058859996	9.81981

1498228887735	0.04905	0.058859996	9.73152

1498228887746	0.00981	0.12753	9.74133

1498228887754	0.11771999	-0.058859996	9.87867

1498228887764	0.17658	0.04905	9.80019

1498228887776	0.11771999	0.08829	9.809999

1498228887785	0.15696	0.058859996	9.88848

1498228887795	0.1962	0.08829	9.809999

1498228887805	0.1962	0.00981	9.94734

1498228887815	0.06867	0.03924	9.83943

1498228887826	0.04905	0.07848	9.92772

1498228887835	0.029429998	-0.00981	9.83943

1498228887846	0.08829	0.03924	9.88848

1498228887855	0.11771999	0.01962	9.868859

1498228887866	0.17658	0.00981	9.88848

1498228887878	0.14715	0.10791	9.77076

1498228887886	0.07848	0.04905	9.89829

1498228887896	0.08829	0.00981	9.83943

1498228887906	0.07848	0.04905	9.9081

1498228887921	0.1962	0.10791	9.92772

1498228887928	0.17658	0.03924	9.81981

1498228887937	0.10791	0.058859996	9.85905

1498228887958	0.14715	0.08829	9.85905

1498228887967	0.08829	0.03924	9.92772

1498228887978	0.08829	0.03924	9.85905

1498228887987	0.13734	0.03924	9.809999

1498228887997	0.13734	0.11771999	9.83943

1498228888007	0.12753	0.058859996	9.85905

1498228888018	0.06867	0.14715	9.829619

1498228888029	0.21582	0.04905	9.78057

1498228888038	0.06867	0.0981	9.91791

1498228888050	0.1962	0.029429998	9.87867

1498228888068	0.10791	0.10791	9.89829

1498228888079	0.00981	0.058859996	9.81981

1498228888089	0.03924	0.01962	9.92772

1498228888099	0.17658	0.12753	9.78057

1498228888108	0.08829	0.00981	9.89829

1498228888118	0.08829	0.07848	9.79038

1498228888130	0.13734	0.10791	9.77076

1498228888145	0.0981	0.06867	9.89829

1498228888155	0.17658	0.06867	9.829619

1498228888159	0.14715	0.10791	9.91791

1498228888169	0.0981	0.06867	9.868859

1498228888181	0.14715	0.07848	9.89829

1498228888190	0.12753	0.11771999	9.93753

1498228888200	0.14715	0.0	9.79038

1498228888210	0.07848	0.04905	9.809999

1498228888221	0.13734	0.029429998	9.78057

1498228888232	0.10791	0.08829	9.78057

1498228888240	0.15696	0.06867	9.77076

1498228888252	0.17658	0.058859996	9.80019

1498228888261	0.04905	0.058859996	9.9081

1498228888271	0.14715	0.01962	9.868859

1498228888283	0.13734	0.06867	9.85905

1498228888292	0.14715	0.01962	9.829619

1498228888302	0.11771999	0.01962	9.809999

1498228888312	0.14715	0.04905	9.809999

1498228888322	-0.00981	0.058859996	9.79038

1498228888334	0.11771999	0.058859996	9.9081

1498228888342	0.11771999	0.058859996	9.88848

1498228888359	0.10791	0.08829	9.88848

1498228888366	0.06867	-0.01962	9.92772

1498228888374	0.16677	0.07848	9.93753

1498228888400	0.16677	0.10791	9.9081

1498228888403	0.12753	0.01962	9.94734

1498228888405	0.15696	0.029429998	9.80019

1498228888413	0.17658	0.00981	9.85905

1498228888423	0.10791	0.058859996	9.73152

1498228888434	0.18639	0.0	9.72171

1498228888443	0.0981	0.11771999	9.81981

1498228888454	0.13734	0.10791	9.78057

1498228888463	0.10791	0.06867	9.92772

1498228888473	0.13734	0.0	9.868859

1498228888485	0.17658	0.01962	9.88848

1498228888493	0.15696	0.04905	9.9081

1498228888503	0.16677	0.06867	9.89829

1498228888514	0.17658	0.08829	9.89829

1498228888524	0.16677	0.04905	9.88848

1498228888536	0.06867	0.03924	9.85905

1498228888544	0.16677	-0.01962	9.79038

1498228888556	0.12753	0.10791	9.83943

1498228888575	0.13734	0.058859996	9.809999

1498228888595	0.10791	0.01962	9.79038

1498228888641	0.1962	0.03924	9.83943

1498228888643	0.13734	0.01962	9.849239

1498228888646	0.07848	0.08829	9.79038

1498228888648	0.08829	0.03924	9.829619

1498228888651	0.06867	0.04905	9.809999

1498228888653	0.06867	0.07848	9.76095

1498228888658	0.15696	0.01962	9.849239

1498228888675	0.12753	0.12753	9.9081

1498228888687	0.14715	0.0	9.809999

1498228888695	0.16677	0.04905	9.91791

1498228888705	0.12753	0.10791	9.80019

1498228888715	0.14715	0.08829	9.92772

1498228888725	0.16677	0.0981	9.809999

1498228888737	0.058859996	0.03924	9.829619

1498228888747	0.10791	0.10791	9.849239

1498228888757	0.16677	0.07848	9.79038

1498228888766	0.13734	0.058859996	9.93753

1498228888776	0.13734	0.058859996	9.93753

1498228888787	0.0981	0.04905	9.89829

1498228888808	0.14715	0.04905	9.80019

1498228888809	0.1962	0.04905	9.93753

1498228888817	0.058859996	0.08829	9.829619

1498228888827	0.1962	0.0981	9.77076

1498228888852	0.15696	0.06867	9.88848

1498228888853	0.1962	0.00981	9.88848

1498228888858	0.0981	0.12753	9.80019

1498228888867	0.16677	0.03924	10.04544

1498228888878	0.20601	0.03924	9.96696

1498228888890	0.08829	0.0	9.829619

1498228888898	0.10791	0.058859996	9.87867

1498228888908	0.13734	0.03924	9.9571495

1498228888918	0.07848	0.06867	9.93753

1498228888928	0.18639	-0.00981	9.809999

1498228888940	0.11771999	0.0981	9.91791

1498228888949	0.04905	0.10791	9.85905

1498228888960	0.06867	0.08829	9.81981

1498228888969	0.06867	0.07848	9.94734

1498228888978	0.12753	0.01962	9.85905

1498228888990	0.1962	0.07848	9.74133

1498228888999	0.11771999	0.04905	9.829619

1498228889013	0.12753	0.04905	9.89829

1498228889019	0.07848	0.06867	9.85905

1498228889030	0.13734	0.10791	9.89829

1498228889055	0.12753	0.14715	9.88848

1498228889056	0.10791	0.058859996	9.849239

1498228889060	0.16677	0.10791	9.83943

1498228889069	0.10791	0.0981	10.016009

1498228889079	0.1962	0.04905	9.88848

1498228889091	0.13734	0.04905	9.87867

1498228889100	0.07848	0.10791	9.77076

1498228889110	0.1962	0.029429998	9.87867

1498228889120	0.11771999	0.01962	9.89829

1498228889130	0.18639	0.10791	9.83943

1498228889142	0.15696	0.0981	9.829619

1498228889151	0.13734	0.07848	9.88848

1498228889162	0.11771999	0.07848	9.76095

1498228889171	0.16677	0.01962	9.91791

1498228889181	0.17658	-0.00981	9.88848

1498228889192	0.11771999	0.08829	9.9081

1498228889201	0.12753	0.058859996	9.849239

1498228889216	0.07848	0.08829	9.88848

1498228889221	0.13734	0.08829	9.67266

1498228889231	0.0981	0.0981	9.80019

1498228889266	0.11771999	0.01962	9.9571495

1498228889267	0.06867	0.0981	9.87867

1498228889268	0.11771999	0.08829	9.87867

1498228889272	0.06867	0.0981	9.94734

1498228889282	0.04905	0.058859996	9.85905

1498228889293	0.08829	0.12753	9.93753

1498228889302	0.12753	0.04905	9.9081

1498228889312	0.12753	0.15696	9.83943

1498228889322	0.08829	0.04905	9.73152

1498228889332	0.13734	0.07848	9.88848

1498228889344	0.16677	0.029429998	9.74133

1498228889352	0.04905	0.10791	9.79038

1498228889364	0.15696	0.04905	9.809999

1498228889382	0.0981	0.06867	9.868859

1498228889393	0.15696	0.0	9.868859

1498228889402	0.18639	0.06867	9.829619

1498228889412	0.12753	0.058859996	9.83943

1498228889430	0.22563	0.0981	9.88848

1498228889433	0.10791	0.06867	9.75114

1498228889450	0.08829	0.11771999	9.93753

1498228889467	0.0981	0.0981	9.809999

1498228889468	0.17658	0.07848	9.76095

1498228889483	0.11771999	0.03924	9.9081

1498228889495	0.10791	0.08829	9.81981

1498228889504	0.18639	-0.03924	9.85905

1498228889514	0.15696	0.07848	9.81981

1498228889524	0.12753	0.10791	9.85905

1498228889534	0.13734	0.12753	9.849239

1498228889546	0.11771999	0.06867	9.83943

1498228889554	0.04905	0.03924	9.93753

1498228889565	0.12753	0.058859996	9.80019

1498228889574	0.07848	0.0981	9.93753

1498228889585	0.15696	0.029429998	9.9571495

1498228889596	0.058859996	0.07848	9.85905

1498228889605	0.10791	0.08829	9.94734

1498228889615	0.058859996	0.029429998	9.87867

1498228889625	0.16677	0.029429998	9.85905

1498228889635	0.0981	0.0981	9.9081

1498228889659	0.15696	0.06867	9.702089

1498228889663	0.12753	0.058859996	9.80019

1498228889679	0.13734	0.12753	9.9081

1498228889711	0.18639	0.03924	9.92772

1498228889712	0.16677	0.10791	9.809999

1498228889714	0.0981	0.04905	9.80019

1498228889717	0.21582	0.07848	9.78057

1498228889718	0.10791	0.06867	9.81981

1498228889726	0.03924	0.058859996	9.702089

1498228889736	0.18639	0.10791	9.80019

1498228889749	0.14715	0.06867	9.79038

1498228889757	0.10791	0.16677	9.88848

1498228889769	0.06867	0.10791	9.74133

1498228889778	0.10791	0.0981	9.868859

1498228889788	0.14715	0.029429998	9.9571495

1498228889799	0.07848	0.06867	9.92772

1498228889808	0.16677	-0.04905	9.88848

1498228889818	0.08829	-0.03924	9.79038

1498228889828	0.13734	0.03924	9.87867

1498228889838	0.04905	0.03924	9.849239

1498228889849	0.13734	0.0	9.74133

