1496829414812	35.4	36.6	4.2

1496829414865	-0.48	38.1	-13.02

1496829414920	0.54	37.92	-12.9

1496829415004	-0.66	38.58	-11.04

1496829415123	-1.86	38.64	-10.62

1496829415207	-2.64	38.4	-9.96

1496829415303	-4.14	37.5	-9.54

1496829415404	-3.24	36.0	-10.8

1496829415501	-1.8	36.18	-11.46

1496829415603	-1.98	35.52	-11.16

1496829415702	-2.94	35.16	-10.38

1496829415812	-3.36	34.5	-9.9

1496829415915	-3.3	33.84	-9.66

1496829416013	-3.66	33.66	-8.64

1496829416115	-4.08	33.72	-7.2

1496829416215	-5.22	33.78	-5.52

1496829416328	-6.12	34.32	-4.14

1496829416412	-6.36	34.38	-3.84

1496829416511	-5.76	34.26	-4.14

1496829416612	-5.28	34.14	-4.5

1496829416712	-4.98	34.44	-4.56

1496829416828	-4.68	34.68	-4.38

1496829416914	-4.02	35.04	-4.56

1496829417014	-3.48	35.4	-4.44

1496829417112	-3.36	35.82	-4.02

1496829417212	-3.48	36.18	-2.76

1496829417312	-3.96	36.48	-1.92

1496829417405	-3.78	36.48	-1.74

1496829417511	-3.18	35.94	-2.22

1496829417613	-2.76	35.28	-3.18

1496829417705	-2.7	34.8	-3.66

1496829417813	-2.52	34.56	-3.9

1496829417911	-1.92	34.26	-4.5

1496829418013	-1.62	34.26	-4.98

1496829418112	-1.68	34.08	-5.16

1496829418224	-2.22	34.38	-4.14

1496829418305	-3.42	34.74	-3.18

1496829418422	-4.2	34.74	-2.88

1496829418516	-4.62	34.86	-3.18

1496829418613	-4.98	34.92	-3.96

1496829418713	-5.82	35.16	-3.9

1496829418812	-6.72	35.58	-4.14

1496829418906	-6.96	36.12	-3.54

1496829419012	-7.56	36.3	-2.58

1496829419113	-8.22	36.6	-0.84

1496829419205	-8.82	36.96	1.98

1496829419318	-10.02	37.2	4.8

1496829419417	-10.26	37.62	7.38

1496829419512	-9.6	37.86	9.06

1496829419614	-8.46	37.5	10.86

