1496827949307	-0.046871636	-0.15286545	-0.1635181

1496827949334	-0.08069378	-0.1123854	-0.13182648

1496827949339	0.26738137	-0.12463594	-0.024501082

1496827949346	0.4016047	-0.5768407	0.06870956

1496827949452	0.33768883	-1.2729911	-0.019707393

1496827949455	0.08868326	-1.3598101	-0.03568636

1496827949458	-0.30972564	-0.79894835	-0.16484967

1496827949460	-0.54807854	-0.12516858	-0.29188246

1496827949462	-0.5584649	0.545948	-0.32756883

1496827949465	-0.29188246	1.0013486	-0.28362668

1496827949468	0.11717909	1.0295781	-0.2082592

1496827949470	0.72251564	0.721184	-0.01438107

1496827949473	0.7888283	0.37816888	0.030626353

1496827949475	0.6450176	-0.24021713	-0.16085494

1496827949479	0.56938386	-0.46871635	-0.5866944

1496827949521	0.5049353	-0.056991648	-0.8229168

1496827949524	0.2396845	0.49481535	-0.6016081

1496827949527	5.326322E-4	0.7206514	-0.35659727

1496827949529	-0.013582122	0.6508766	-0.21571605

1496827949551	0.44394895	0.57098174	-0.053263225

1496827949553	0.64821345	0.36751625	0.10546118

1496827949569	0.7406251	-0.120907515	0.2759035

1496827949576	0.8024104	-0.60560286	0.44714475

1496827949587	0.8607337	-0.81705785	0.53795856

1496827949599	0.9129316	-0.5523396	0.5297027

1496827949614	0.902279	0.06018744	0.41998053

1496827949625	0.8522116	0.6359629	0.28442562

1496827949638	0.8314389	0.97897804	0.14807177

1496827949970	0.788562	0.72491246	0.009321064

1496827949974	0.7142598	0.3637878	0.044208474

1496827949975	0.6154565	0.02876214	0.10066749

1496827949978	0.47244477	-0.19867182	0.1536644

1496827949980	0.31851408	-0.17470337	0.19627498

1496827949983	0.2263687	0.10013486	0.20905815

1496827949985	0.1965413	0.4362258	0.20719394

1496827949988	0.23462449	0.48682585	0.23329292

1496827949990	0.2625877	0.23329292	0.26551718

1496827949994	0.2942793	-0.0793622	0.3110572

1496827950013	0.34914044	-0.33182988	0.3390204

1496827950015	0.41252366	-0.41438788	0.3323625

1496827950020	-0.0644485	-0.6466155	-0.06364955

1496827950023	-0.09880328	-0.78989357	-0.11158645

1496827950025	-0.013315806	-0.8149273	-0.14594123

1496827950027	0.15419704	-0.6450176	-0.15393071

1496827950115	0.28975195	-0.37071204	-0.1307612

1496827950124	0.34088463	-0.12037488	-0.11345066

1496827950128	0.14940333	0.35313517	-0.16964336

1496827950182	0.07829694	0.61838603	-0.21385184

1496827950185	0.049801115	0.7797736	-0.25166872

1496827950185	0.030626353	0.8538095	-0.28176245

1496827950186	0.072171666	0.73343456	-0.28122982

1496827950187	0.17417073	0.5699165	-0.2545982

1496827950188	0.21784659	0.60560286	-0.22397186

1496827950189	0.2197108	0.5592638	-0.11611383

1496827950189	0.27350664	0.28229508	-0.098004326

1496827950190	0.41705105	-0.020240024	-0.12330436

1496827950191	0.54914385	-0.23435818	-0.14301175

1496827950192	0.535828	-0.39254996	-0.090014845

1496827950211	0.39707732	-0.49215218	0.005060006

1496827950216	0.22237396	-0.5363607	0.050866377

1496827950228	0.11584751	-0.55127436	0.05486112

1496827950242	0.1685781	-0.45699844	0.02743056

1496827950253	0.18695392	-0.29827404	0.015446335

1496827950265	0.1486044	-0.15073492	0.028495824

1496827950279	0.073236935	-0.05965481	0.05486112

1496827950292	-0.0010652645	-0.0058589545	0.07882957

1496827950304	-0.060453758	0.03195793	0.09081379

1496827950316	-0.080960095	0.030360037	0.1041296

1496827950328	-0.055926383	0.007989483	0.10679276

1496827950340	0.06684534	0.07989483	0.076166406

1496827950352	0.11424961	0.12250541	0.05912218

1496827950364	0.13582122	0.096939065	0.041012682

1496827950376	0.13928333	0.036218993	0.024767399

1496827950389	0.133957	-0.026631612	0.010652645

1496827950410	0.13129385	-0.10013486	0.002396845

1496827950416	0.11797804	-0.15233281	-0.009321064

1496827950434	0.13182648	-0.18002969	-0.01304949

1496827950437	0.15446335	-0.19441076	-0.009853696

1496827950453	0.13502227	-0.21997711	-0.0037284256

1496827950462	0.10918961	-0.2444782	-0.018642128

1496827950474	0.06684534	-0.23116238	-0.03834952

1496827950494	0.021571605	-0.1438107	-0.054594804

1496827950498	0.012516857	-0.04314321	-0.038083203

1496827950510	0.015180019	-0.00479369	0.009853696

1496827950522	-0.017576864	-0.022903185	0.05672533

1496827950535	-0.06764429	-0.04580637	0.11105382

1496827950546	-0.12436963	-0.08042747	0.15393071

1496827950558	-0.16911073	-0.1667139	0.1587244

1496827950573	-0.112119086	-0.21411815	0.049801115

1496827950585	-0.08575379	-0.10226539	0.0061252704

1496827950597	-0.17204021	-0.013315806	-0.01784318

1496827950609	-0.33662358	0.019707393	-0.026897928

1496827950622	-0.5334312	0.058589544	-0.041279

1496827950634	-0.7222493	0.060720075	-0.07483483

1496827950646	-0.89828426	0.043675844	-0.11744541

1496827950668	-1.1518172	0.14966966	-0.16298546

1496827950670	-1.2149341	0.29134983	-0.13528858

1496827950682	-1.274589	0.37230992	-0.092944324

1496827950694	-1.3792511	0.35100463	-0.10759171

1496827950706	-1.568602	0.2412824	-0.15925704

1496827950718	-1.8285265	0.10865697	-0.21891184

1496827950730	-2.0503678	0.020772656	-0.28336033

1496827950742	-2.1225395	0.021837922	-0.34514567

1496827950754	-2.0330572	0.19387813	-0.29241508

1496827950768	-1.9140139	0.2711098	-0.112918034

1496827950778	-1.8445054	0.29294774	0.054594804

1496827950790	-1.8570223	0.22264028	0.18242654

1496827950802	-1.9371834	0.18109496	0.12197278

1496827950814	-2.0263994	0.28176245	0.0055926386

1496827950826	-2.0921793	0.40586576	-0.11984225

1496827950838	-2.1664815	0.5342301	-0.19414444

1496827950850	-2.2386532	0.3930826	-0.33981937

1496827950864	-2.2706113	-0.04261058	-0.4993427

1496827950874	-2.112153	-0.31158987	-0.6018744

1496827950886	-1.9158782	-0.47351006	-0.66818714

1496827950898	-1.8455707	-0.7094661	-0.6783071

1496827950910	-1.8253306	-0.90707266	-0.669785

1496827950922	-1.5219966	-0.6061355	-0.72491246

1496827950934	-0.7395598	0.14966966	-0.97018963

1496827950946	0.44235107	0.83889574	-1.1198592

1496827950958	1.1779162	1.2703278	-1.3502227

1496827950970	1.176052	1.0130665	-1.3273195

1496827950982	1.0226538	0.29827404	-1.107076

1496827950994	1.2104068	-0.03195793	-0.96752644

1496827951009	1.4471618	0.012250541	-0.72677666

1496827951018	1.5768577	0.09161274	-0.5115933

1496827951030	1.6993631	0.22796659	-0.37444046

1496827951042	1.839179	0.30839407	-0.35100463

1496827951054	1.8543591	0.076166406	-0.42051315

1496827951066	1.7033578	-0.21731395	-0.44474792

1496827951078	1.5725967	-0.39840892	-0.44661212

1496827951090	1.5116103	-0.4543353	-0.42903525

1496827951102	1.478587	-0.44847634	-0.42717105

1496827951114	1.371528	-0.54168695	-0.41092578

1496827951126	1.144094	-0.7978831	-0.37257624

1496827951138	0.88496846	-1.0285128	-0.29294774

1496827951150	0.6745787	-1.1084076	-0.1536644

1496827951162	0.49188587	-1.0897655	0.016245283

1496827951175	0.09054748	-0.87618	0.37417415

1496827951196	0.019707393	-0.6306366	0.6000102

1496827951198	0.043409526	-0.38402784	0.82344943

1496827951211	0.10705908	-0.22743396	1.0373013

1496827951223	0.16192019	-0.18002969	1.2287825

1496827951235	0.14221281	-0.28122982	1.4098775

1496827951247	0.07563378	-0.47244477	1.551025

1496827951259	0.030626353	-0.5656554	1.6013588

1496827951272	-0.04527374	-0.50387007	1.5515577

1496827951284	-0.22210763	-0.010120012	1.1893678

1496827951296	-0.29481193	0.19813919	0.96113485

1496827951308	-0.3651194	0.23648871	0.72677666

1496827951320	-0.3797668	0.36005938	0.5422196

1496827951332	-0.40080574	0.5566007	0.38562572

1496827951344	-0.4495416	0.6103965	0.25992453

1496827951356	-0.47510794	0.588026	0.18295917

1496827951368	-0.46365637	0.57790595	0.15339808

1496827951383	-0.42237735	0.55606806	0.1603223

1496827951392	-0.36218992	0.51984906	0.20053603

1496827951404	-0.30253512	0.5075985	0.27084348

1496827951416	-0.20479709	0.41278997	0.37284255

1496827951428	-0.15233281	0.3334278	0.38429415

1496827951440	-0.09454222	0.26897928	0.37763625

1496827951452	-0.036751624	0.20453078	0.34807515

1496827951464	0.021571605	0.13528858	0.30146983

1496827951476	0.077231675	0.07669904	0.24554345

1496827951488	0.12144015	0.03089267	0.18322548

1496827951500	0.15659387	-0.017576864	0.124902256

1496827951512	0.1834918	-0.06178534	0.07084008

1496827951524	0.21012342	-0.07989483	0.019707393

1496827951536	0.24208134	-0.082025364	-0.03089267

1496827951548	0.29933932	-0.10226539	-0.14247912

1496827951561	0.3057309	-0.06924219	-0.15845808

1496827951573	0.29827404	0.00479369	-0.18855181

1496827951585	0.32304144	0.07989483	-0.20053603

1496827951597	0.30626354	0.18375812	-0.23515713

1496827951609	0.27803403	0.20186761	-0.2543319

1496827951622	0.25379926	0.19547603	-0.27457193

1496827951634	0.2181129	0.18109496	-0.30652985

1496827951646	0.16564862	0.16777915	-0.33103094

1496827951658	0.17923075	0.02130529	-0.30812773

1496827951670	0.24767399	-0.101200126	-0.27084348

1496827951682	0.30120352	-0.19281286	-0.22903186

1496827951694	0.31451932	-0.21678132	-0.20373182

1496827951706	0.29507825	-0.18748654	-0.18668759

1496827951718	0.26818034	-0.1571265	-0.18295917

1496827951730	0.25539714	-0.13741912	-0.17869811

1496827951742	0.24314661	-0.12836437	-0.15073492

1496827951755	0.23196134	-0.15659387	-0.109988555

1496827951766	0.22956449	-0.20453078	-0.06657903

1496827951778	0.22690132	-0.24234766	-0.021038974

1496827951790	0.19041602	-0.23861924	0.04660532

1496827951802	0.16591494	-0.21997711	0.068176925

1496827951814	0.13928333	-0.1917476	0.09667275

1496827951826	0.11984225	-0.1667139	0.12463594

1496827951838	0.103863284	-0.15126756	0.14807177

1496827951850	0.09427591	-0.13369069	0.1587244

1496827951862	0.08522116	-0.11824436	0.1603223

1496827951875	0.07057377	-0.1107875	0.15686019

1496827951892	0.05672533	-0.113983296	0.15286545

1496827951898	0.051132694	-0.12144015	0.14514229

1496827951911	0.062051654	-0.12996227	0.1073254

1496827951923	0.06551377	-0.108124346	0.083889574

1496827951935	0.06391586	-0.068176925	0.062051654

1496827951947	0.06258429	-0.01438107	0.043675844

1496827951959	0.06178534	0.022370555	0.035153728

1496827951972	0.063116916	0.054328486	0.036751624

1496827951984	0.062051654	0.10652645	0.053795855

1496827951996	0.058589544	0.17204021	0.08149273

1496827952008	0.049002163	0.2263687	0.11851067

1496827952020	-0.07456851	0.27004454	0.128897

1496827952032	-0.1488707	0.32384038	0.16937704

1496827952044	-0.19014971	0.3339604	0.2082592

1496827952056	-0.21784659	0.28655612	0.2231729

1496827952068	-0.17896444	0.1454086	0.22343922

1496827952086	-0.073236935	-0.06977482	0.22184132

1496827952092	0.013848438	-0.27856666	0.16378441

1496827952104	0.028495824	-0.43729106	0.12809806

1496827952116	-0.046871636	-0.48149952	0.14807177

1496827952128	-0.14114754	-0.39787626	0.19920446

1496827952140	-0.23782028	-0.2796319	0.26818034

1496827952152	-0.4111921	-0.17310548	0.4631237

1496827952168	-0.43995422	-0.19281286	0.53929013

1496827952182	-0.4245079	-0.21997711	0.5992113

1496827952188	-0.4631237	-0.113983296	0.6348976

1496827952200	-0.64794713	0.11717909	0.67511135

1496827952212	-0.82850945	0.11717909	0.7395598

1496827952224	-0.8109326	-0.10759171	0.82398206

1496827952236	-0.62983763	-0.38029942	0.88496846

1496827952248	-0.40746364	-0.5725796	0.9267801

1496827952260	-0.24341293	-0.62371236	0.9329054

1496827952276	-0.14620754	-0.56459016	0.88470215

1496827952284	-0.046072688	-0.30839407	0.66365975

1496827952296	0.034621093	-0.22210763	0.54887754

1496827952308	0.14940333	-0.15659387	0.46179214

1496827952320	0.23329292	-0.077231675	0.34514567

1496827952332	0.1454086	0.23116238	0.24767399

1496827952344	-0.4135889	1.4215955	0.4577974

1496827952356	-0.4612595	1.3662016	0.17656758

1496827952368	-0.1470065	0.55606806	0.022370555

1496827952380	0.14753912	-0.25672874	-0.051665325

1496827952392	0.39468047	-0.7803062	-0.1438107

1496827952404	0.5305017	-0.99069595	-0.20879184

1496827952416	0.2828277	-0.76113147	-0.30945933

1496827952428	0.041279	-0.45912898	-0.34860778

1496827952440	-0.18588865	-0.2034655	-0.386691

1496827952452	-0.36618465	-0.06231797	-0.39228365

1496827952464	-0.5067996	0.03781689	-0.38935417

1496827952476	-0.6428871	0.20293288	-0.4394216

1496827952488	-0.78776306	0.25726137	-0.474309

1496827952500	-0.8793758	0.111852765	-0.45513424

1496827952512	-0.89349055	-0.061252706	-0.4098605

1496827952524	-0.9009474	-0.22210763	-0.37044573

1496827952536	-0.91346425	-0.33822146	-0.37097836

1496827952548	-0.87831056	-0.35153726	-0.5504754

1496827952560	-0.79681784	-0.31478566	-0.6982809

1496827952575	-0.71106404	-0.29880667	-0.8676579

1496827952593	-0.6269081	-0.314253	-1.0554107

1496827952596	-0.5267733	-0.37763625	-1.2101405

1496827952608	-0.40719733	-0.48842376	-1.2934973

1496827952620	-0.2926814	-0.5837649	-1.2506205

1496827952632	-0.19387813	-0.62317973	-1.1936288

1496827952644	-0.092944324	-0.62371236	-1.1318434

1496827952656	0.0018642128	-0.5970807	-1.0831076

1496827952668	0.20852552	-0.48682585	-0.97258645

1496827952680	0.30839407	-0.41864893	-0.93903065

1496827952692	0.41571945	-0.29454562	-0.9110674

1496827952704	0.5067996	-0.14168017	-0.85594

1496827952716	0.5877597	0.020240024	-0.79868203

1496827952728	0.69961244	0.18269286	-0.748082

1496827952741	0.8293084	0.29348037	-0.70866716

1496827952753	0.97232014	0.3323625	-0.68336713

1496827952765	1.1118698	0.28229508	-0.64741445

1496827952777	1.2452941	0.19387813	-0.61598915

1496827952789	1.5899072	-0.09427591	-0.3717773

1496827952802	1.7933728	-0.19068234	-0.11851067

1496827952814	1.9241339	-0.24714136	0.13475595

1496827952826	1.9393139	-0.18162759	0.23861924

1496827952838	1.9510318	-0.010652645	0.2727077

1496827952850	1.9933761	0.31957933	0.39920786

1496827952874	2.2293322	0.78936094	0.572047

1496827952875	2.4916537	1.117995	0.64528394

1496827952886	2.6911244	1.3752564	0.7347662

1496827952898	2.7856665	1.5382419	0.8857674

1496827952910	2.6501117	1.3965617	1.2050804

1496827952922	2.3156185	1.1068097	1.3390374

1496827952934	1.7603495	0.6716492	1.3896375

1496827952945	0.96406436	0.1454086	1.2926984

1496827952958	-0.1784318	-0.35473305	0.89322424

1496827952973	-1.1408982	-0.77444726	0.24607609

1496827952982	-1.3853765	-0.87511474	-0.4213121

1496827952994	-1.3936322	-0.78296936	-1.2133362

1496827953006	-1.5486282	-0.608266	-2.137453

1496827953018	-1.4471618	0.018642128	-2.4615598

1496827953030	-1.1472899	0.9869675	-1.7140105

1496827953042	-1.0575413	1.6112125	-0.6514092

1496827953054	-1.0695255	1.3102753	-0.5917544

1496827953066	-1.0231866	0.81066626	-0.5318333

1496827953078	-1.0839065	0.023435818	-0.47191215

1496827953090	-0.928378	-0.48363006	-0.44661212

1496827953106	-0.62744075	-0.4878911	-0.340352

1496827953124	-0.3587278	-0.5651228	-0.1882855

1496827953126	0.029028457	-0.6924219	-0.08894958

1496827953138	0.5219796	-0.71319455	-0.052464273

1496827953150	0.9824402	-0.64075655	0.03568636

1496827953162	1.2831111	-0.5384912	0.19947077

1496827953174	1.3081448	-0.59122175	0.5115933

1496827953186	1.2767195	-0.5209143	0.67537767

1496827953198	1.2769858	-0.38935417	0.732103

1496827953211	1.2807142	-0.2828277	0.6791061

1496827953223	1.2982911	-0.035153728	0.55953014

1496827953234	1.3837786	0.18908444	0.4066647

1496827953247	1.4671354	0.27004454	0.2314287

1496827953258	1.5203987	0.21518342	0.17976338

1496827953272	1.5369103	0.15819177	0.28229508

1496827953287	1.170193	-0.10013486	0.14141385

1496827953307	0.7283746	-0.16138756	-0.122771725

1496827953308	0.20959078	-0.16884442	-0.52144694

1496827953321	-0.03888215	0.17896444	-0.53769225

1496827953333	-0.04926848	0.5001417	-0.29001826

1496827953345	-0.058056913	0.73822826	-0.11744541

1496827953357	-0.040746365	1.0359697	-0.098004326

1496827953369	-0.042876896	1.293231	-0.092944324

1496827953382	-0.1933455	1.1270498	-0.16058862

1496827953394	-0.26019084	0.8724516	-0.18535602

1496827953406	-0.25513083	0.52624065	-0.20426446

1496827953418	-0.19893813	0.18429075	-0.25246766

1496827953430	-0.10839066	-0.028229509	-0.34408042

1496827953442	-0.008522116	-0.058589544	-0.41971418

1496827953454	0.07882957	0.058589544	-0.44075316

1496827953466	0.15819177	0.24660872	-0.37284255

1496827953478	0.21038973	0.38029942	-0.31798145

1496827953490	0.252734	0.4079963	-0.27057716

1496827953504	0.29481193	0.40586576	-0.22264028

1496827953514	0.41571945	0.38296258	-0.13635385

1496827953526	0.47058058	0.4133226	-0.112918034

1496827953538	0.5001417	0.479369	-0.08016115

1496827953550	0.4878911	0.52837116	-0.046072688

1496827953562	0.44075316	0.53742594	-0.027164243

1496827953574	0.37710363	0.50813115	-0.019973708

1496827953586	0.30812773	0.47351006	-0.015978966

1496827953603	0.2444782	0.4564658	-0.016511599

1496827953611	0.1965413	0.44794372	-0.020772656

1496827953623	0.16165388	0.47191215	-0.020240024

1496827953635	0.09933591	0.5209143	-0.0314253

1496827953647	0.06977482	0.5400891	-0.04181163

1496827953659	0.043675844	0.52837116	-0.046871636

1496827953672	0.00479369	0.49801114	-0.046339005

1496827953684	-0.024234766	0.43409526	-0.038083203

1496827953696	-0.043942157	0.37710363	-0.032756884

1496827953708	-0.047404267	0.314253	-0.043675844

1496827953720	-0.035952676	0.28708878	-0.056459017

1496827953732	-0.019707393	0.28975195	-0.050333746

1496827953744	-0.0077231675	0.28655612	-0.017576864

1496827953756	0.010120012	0.2775014	0.10546118

1496827953768	0.01917476	0.2972088	0.1768339

1496827953780	0.027164243	0.32597092	0.23915187

1496827953792	0.038083203	0.34567833	0.29454562

1496827953804	0.052464273	0.34993938	0.33822146

1496827953816	0.07456851	0.31798145	0.37816888

1496827953828	0.1073254	0.26418558	0.41252366

1496827953840	0.15100123	0.21252026	0.43755737

1496827953852	0.19574234	0.17789917	0.44714475

1496827953864	0.23249397	0.14913702	0.4362258

1496827953876	0.25699505	0.12836437	0.41518682

1496827953888	0.26711506	0.090014845	0.36724994

1496827953900	0.25033715	0.046871636	0.34993938

1496827953912	0.22184132	0.012250541	0.33981937

1496827953923	0.1882855	-0.03355583	0.32463935

1496827953935	0.16112125	-0.09267801	0.32277513

1496827953947	0.14993598	-0.18375812	0.3270362

1496827953959	0.15845808	-0.27803403	0.3336941

1496827953972	0.18375812	-0.36112466	0.33262882

1496827953984	0.21518342	-0.45167214	0.330232

1496827953996	0.23835292	-0.53742594	0.32304144

1496827954008	0.2711098	-0.60720074	0.31318775

1496827954020	0.3616573	-0.7286409	0.29614353

1496827954033	0.39521313	-0.74302197	0.28469193

1496827954044	0.38722363	-0.7707188	0.27031085

1496827954056	0.3683152	-0.8085357	0.2514024

1496827954068	0.3768373	-0.87298423	0.21678132

1496827954079	0.39414784	-1.0029465	0.16937704

1496827954092	0.44208476	-1.1110709	0.15606125

1496827954104	0.49667954	-1.1840415	0.16431704

1496827954116	0.5291701	-1.2735237	0.18961707

1496827954128	0.49774483	-1.3954965	0.2197108

1496827954141	0.4045342	-1.5041534	0.23169503

1496827954153	0.36432046	-1.5760587	0.16777915

1496827954165	0.3472762	-1.6335831	0.08149273

1496827954177	0.34194988	-1.6692694	-0.00958738

1496827954189	0.32117724	-1.7385116	-0.0793622

1496827954202	0.3073288	-1.7752632	-0.14088123

1496827954214	0.26205507	-1.7630126	-0.19867182

1496827954226	0.19574234	-1.6346483	-0.23409186

1496827954238	0.13528858	-1.4429007	-0.2647182

1496827954265	0.06498113	-1.1728562	-0.3270362

1496827954265	0.052464273	-1.099353	-0.37603834

1496827954275	0.04314321	-1.0471549	-0.43329632

1496827954287	0.0314253	-1.0588728	-0.48363006

1496827954299	0.010918961	-1.1574098	-0.5057343

