1495249881011	0.162	-0.143	9.692

1495249881014	0.172	-0.153	9.682

1495249881018	0.181	-0.143	9.672

1495249881028	0.153	-0.105	9.682

1495249881038	0.172	-0.134	9.701

1495249881050	0.172	-0.134	9.672

1495249881059	0.191	-0.134	9.701

1495249881069	0.162	-0.134	9.653

1495249881080	0.172	-0.124	9.663

1495249881089	0.143	-0.124	9.692

1495249881098	0.172	-0.114	9.672

1495249881109	0.172	-0.143	9.672

1495249881121	0.172	-0.134	9.692

1495249881130	0.143	-0.134	9.672

1495249881148	0.181	-0.105	9.663

1495249881159	0.162	-0.143	9.663

1495249881173	0.153	-0.134	9.634

1495249881180	0.181	-0.134	9.692

1495249881189	0.143	-0.143	9.634

1495249881198	0.191	-0.134	9.653

1495249881208	0.153	-0.134	9.653

1495249881219	0.153	-0.143	9.672

1495249881236	0.162	-0.143	9.615

1495249881238	0.134	-0.124	9.634

1495249881248	0.153	-0.143	9.615

1495249881258	0.172	-0.134	9.663

1495249881269	0.134	-0.124	9.644

1495249881280	0.134	-0.114	9.625

1495249881288	0.181	-0.143	9.663

1495249881298	0.172	-0.124	9.653

1495249881308	0.172	-0.124	9.663

1495249881320	0.21	-0.143	9.692

1495249881339	0.153	-0.134	9.663

1495249881348	0.162	-0.153	9.653

1495249881358	0.153	-0.124	9.682

1495249881369	0.124	-0.124	9.625

1495249881379	0.143	-0.134	9.625

1495249881389	0.153	-0.124	9.644

1495249881398	0.143	-0.134	9.653

1495249881409	0.162	-0.134	9.653

1495249881422	0.153	-0.114	9.634

1495249881429	0.162	-0.134	9.663

1495249881439	0.134	-0.134	9.672

1495249881452	0.162	-0.143	9.692

1495249881458	0.201	-0.153	9.72

1495249881469	0.201	-0.134	9.672

1495249881480	0.162	-0.134	9.692

1495249881489	0.162	-0.114	9.653

1495249881498	0.191	-0.153	9.701

1495249881508	0.181	-0.143	9.701

1495249881518	0.172	-0.143	9.663

1495249881529	0.143	-0.105	9.644

1495249881540	0.162	-0.143	9.682

1495249881548	0.162	-0.153	9.644

1495249881558	0.191	-0.153	9.672

1495249881570	0.153	-0.124	9.653

1495249881580	0.143	-0.105	9.644

1495249881589	0.143	-0.134	9.672

1495249881598	0.191	-0.124	9.672

1495249881609	0.172	-0.143	9.682

1495249881623	0.172	-0.124	9.701

1495249881628	0.143	-0.124	9.663

1495249881640	0.162	-0.143	9.663

1495249881649	0.162	-0.114	9.682

1495249881658	0.153	-0.124	9.634

1495249881669	0.181	-0.134	9.653

1495249881679	0.181	-0.162	9.663

1495249881690	0.181	-0.124	9.663

1495249881699	0.162	-0.143	9.634

1495249881708	0.191	-0.143	9.682

1495249881719	0.172	-0.134	9.692

1495249881728	0.172	-0.124	9.672

1495249881738	0.143	-0.124	9.644

1495249881748	0.172	-0.134	9.653

1495249881758	0.162	-0.134	9.653

1495249881769	0.153	-0.124	9.663

1495249881780	0.172	-0.134	9.663

1495249881789	0.162	-0.143	9.634

1495249881799	0.172	-0.134	9.663

1495249881808	0.162	-0.134	9.682

1495249881819	0.172	-0.134	9.653

1495249881829	0.162	-0.124	9.615

1495249881839	0.191	-0.134	9.653

1495249881849	0.181	-0.143	9.682

1495249881859	0.172	-0.114	9.682

1495249881869	0.162	-0.143	9.672

1495249881881	0.172	-0.124	9.711

1495249881888	0.191	-0.153	9.634

1495249881898	0.162	-0.105	9.653

1495249881908	0.181	-0.134	9.739

1495249881921	0.181	-0.143	9.653

1495249881939	0.162	-0.134	9.653

1495249881949	0.143	-0.124	9.653

1495249881958	0.143	-0.114	9.653

1495249881969	0.153	-0.124	9.663

1495249881980	0.201	-0.134	9.711

1495249881994	0.153	-0.124	9.692

1495249881998	0.172	-0.124	9.672

1495249882008	0.153	-0.124	9.644

1495249882019	0.162	-0.124	9.634

1495249882028	0.181	-0.114	9.682

1495249882038	0.172	-0.114	9.653

1495249882048	0.153	-0.114	9.672

1495249882058	0.162	-0.134	9.653

1495249882068	0.153	-0.105	9.644

1495249882080	0.181	-0.134	9.663

1495249882090	0.172	-0.143	9.682

1495249882098	0.191	-0.143	9.72

1495249882108	0.191	-0.162	9.672

1495249882119	0.153	-0.134	9.663

1495249882129	0.181	-0.143	9.634

1495249882138	0.172	-0.134	9.682

1495249882148	0.162	-0.143	9.653

1495249882160	0.134	-0.124	9.615

1495249882173	0.191	-0.153	9.682

1495249882185	0.172	-0.134	9.663

1495249882189	0.153	-0.124	9.644

1495249882201	0.21	-0.143	9.73

1495249882208	0.201	-0.134	9.72

1495249882221	0.153	-0.143	9.653

1495249882228	0.162	-0.134	9.682

1495249882238	0.191	-0.134	9.672

1495249882249	0.162	-0.143	9.711

1495249882259	0.172	-0.153	9.663

1495249882269	0.181	-0.134	9.663

1495249882279	0.162	-0.114	9.653

1495249882288	0.201	-0.162	9.682

1495249882298	0.181	-0.124	9.682

1495249882308	0.172	-0.134	9.653

1495249882318	0.201	-0.143	9.692

1495249882337	0.162	-0.114	9.653

1495249882338	0.181	-0.124	9.634

1495249882348	0.153	-0.124	9.663

1495249882358	0.172	-0.134	9.672

1495249882369	0.181	-0.162	9.692

1495249882380	0.153	-0.124	9.605

1495249882389	0.191	-0.124	9.682

1495249882398	0.153	-0.134	9.634

1495249882408	0.172	-0.134	9.682

1495249882420	0.172	-0.143	9.615

1495249882430	0.153	-0.124	9.663

1495249882450	0.153	-0.134	9.634

1495249882478	0.162	-0.114	9.672

1495249882483	0.181	-0.143	9.701

1495249882499	0.181	-0.134	9.682

1495249882500	0.153	-0.124	9.682

1495249882508	0.201	-0.153	9.653

1495249882519	0.172	-0.134	9.682

1495249882538	0.124	-0.134	9.653

1495249882549	0.191	-0.143	9.701

1495249882558	0.191	-0.143	9.692

1495249882569	0.172	-0.162	9.682

1495249882579	0.162	-0.143	9.72

1495249882588	0.143	-0.134	9.634

1495249882598	0.191	-0.143	9.73

1495249882609	0.162	-0.153	9.634

1495249882619	0.201	-0.153	9.692

1495249882641	0.191	-0.134	9.682

1495249882642	0.162	-0.134	9.682

1495249882648	0.21	-0.153	9.701

1495249882659	0.191	-0.143	9.73

1495249882669	0.191	-0.162	9.692

1495249882680	0.181	-0.143	9.72

1495249882689	0.162	-0.153	9.653

1495249882698	0.191	-0.153	9.701

1495249882708	0.21	-0.162	9.711

1495249882720	0.172	-0.162	9.701

1495249882729	0.172	-0.162	9.73

1495249882741	0.162	-0.134	9.653

1495249882748	0.143	-0.143	9.663

1495249882758	0.153	-0.114	9.653

1495249882770	0.172	-0.143	9.663

1495249882780	0.191	-0.134	9.692

1495249882789	0.172	-0.124	9.711

1495249882799	0.172	-0.143	9.672

1495249882808	0.172	-0.162	9.634

1495249882819	0.162	-0.134	9.663

1495249882829	0.172	-0.134	9.625

1495249882838	0.172	-0.114	9.663

1495249882848	0.162	-0.162	9.644

1495249882859	0.172	-0.143	9.682

1495249882869	0.143	-0.114	9.682

1495249882879	0.162	-0.143	9.644

1495249882897	0.153	-0.134	9.672

1495249882905	0.172	-0.153	9.672

1495249882908	0.191	-0.153	9.72

1495249882919	0.181	-0.134	9.701

1495249882928	0.162	-0.134	9.682

1495249882938	0.181	-0.124	9.653

1495249882948	0.153	-0.134	9.672

1495249882959	0.191	-0.124	9.711

1495249882969	0.162	-0.153	9.653

1495249882980	0.143	-0.143	9.672

1495249882989	0.181	-0.162	9.653

1495249882998	0.162	-0.134	9.672

1495249883009	0.172	-0.143	9.672

1495249883019	0.172	-0.134	9.663

1495249883029	0.191	-0.143	9.72

1495249883038	0.201	-0.162	9.692

1495249883048	0.191	-0.162	9.682

1495249883058	0.201	-0.134	9.663

1495249883070	0.124	-0.124	9.634

1495249883080	0.134	-0.134	9.625

1495249883089	0.143	-0.134	9.653

1495249883099	0.181	-0.153	9.663

1495249883108	0.162	-0.124	9.644

1495249883119	0.153	-0.124	9.634

1495249883128	0.162	-0.134	9.634

1495249883138	0.172	-0.134	9.663

1495249883148	0.172	-0.134	9.653

1495249883158	0.181	-0.143	9.663

1495249883170	0.172	-0.134	9.605

1495249883180	0.172	-0.134	9.653

1495249883193	0.181	-0.143	9.653

1495249883199	0.143	-0.134	9.653

1495249883208	0.181	-0.143	9.653

1495249883219	0.172	-0.134	9.672

1495249883228	0.172	-0.143	9.653

1495249883238	0.181	-0.143	9.701

1495249883248	0.162	-0.134	9.682

1495249883258	0.153	-0.143	9.653

1495249883269	0.153	-0.162	9.701

1495249883281	0.181	-0.153	9.663

1495249883289	0.162	-0.143	9.663

1495249883298	0.162	-0.124	9.72

1495249883308	0.162	-0.153	9.672

1495249883319	0.143	-0.143	9.663

1495249883329	0.162	-0.134	9.663

1495249883348	0.153	-0.124	9.663

1495249883360	0.201	-0.162	9.672

1495249883383	0.172	-0.134	9.692

1495249883403	0.124	-0.134	9.682

1495249883404	0.162	-0.143	9.682

1495249883408	0.143	-0.134	9.615

1495249883419	0.153	-0.124	9.711

1495249883428	0.181	-0.143	9.653

1495249883438	0.162	-0.134	9.644

1495249883448	0.162	-0.143	9.653

1495249883458	0.162	-0.124	9.672

1495249883469	0.153	-0.124	9.615

1495249883480	0.181	-0.124	9.634

1495249883490	0.172	-0.114	9.692

1495249883498	0.172	-0.143	9.682

1495249883508	0.172	-0.143	9.653

1495249883519	0.153	-0.143	9.634

1495249883528	0.153	-0.143	9.663

1495249883538	0.153	-0.134	9.663

1495249883548	0.143	-0.114	9.663

1495249883558	0.172	-0.114	9.653

1495249883569	0.181	-0.153	9.672

1495249883583	0.162	-0.153	9.672

1495249883589	0.143	-0.114	9.653

1495249883598	0.143	-0.114	9.672

1495249883609	0.153	-0.143	9.701

1495249883619	0.124	-0.134	9.625

1495249883629	0.162	-0.124	9.663

1495249883638	0.162	-0.143	9.653

1495249883648	0.172	-0.124	9.663

1495249883661	0.143	-0.114	9.644

1495249883683	0.153	-0.134	9.672

1495249883689	0.162	-0.124	9.701

1495249883699	0.162	-0.153	9.663

1495249883708	0.153	-0.124	9.682

1495249883719	0.172	-0.162	9.653

1495249883729	0.191	-0.162	9.701

1495249883739	0.153	-0.143	9.615

1495249883753	0.172	-0.134	9.701

1495249883758	0.191	-0.124	9.672

1495249883769	0.162	-0.134	9.692

1495249883779	0.172	-0.143	9.653

1495249883788	0.181	-0.134	9.682

1495249883798	0.172	-0.134	9.692

1495249883808	0.181	-0.124	9.634

1495249883819	0.172	-0.134	9.72

1495249883837	0.162	-0.124	9.711

1495249883839	0.153	-0.162	9.692

1495249883850	0.153	-0.153	9.653

1495249883859	0.162	-0.143	9.663

1495249883869	0.172	-0.153	9.682

1495249883880	0.162	-0.143	9.653

1495249883890	0.172	-0.134	9.644

1495249883898	0.143	-0.124	9.634

1495249883908	0.162	-0.134	9.672

1495249883929	0.153	-0.124	9.625

1495249883943	0.162	-0.134	9.692

1495249883948	0.201	-0.153	9.692

1495249883958	0.134	-0.124	9.653

1495249883971	0.172	-0.143	9.701

1495249883979	0.191	-0.143	9.701

1495249883989	0.153	-0.134	9.672

1495249883998	0.143	-0.143	9.653

1495249884008	0.162	-0.153	9.672

1495249884019	0.181	-0.143	9.692

1495249884029	0.162	-0.124	9.663

1495249884039	0.191	-0.134	9.644

1495249884048	0.172	-0.134	9.663

1495249884058	0.162	-0.153	9.634

1495249884069	0.172	-0.124	9.672

1495249884079	0.191	-0.143	9.653

1495249884089	0.181	-0.143	9.663

1495249884098	0.162	-0.124	9.663

1495249884109	0.181	-0.134	9.692

1495249884126	0.153	-0.134	9.701

1495249884129	0.191	-0.134	9.672

1495249884151	0.201	-0.153	9.701

1495249884154	0.162	-0.124	9.663

1495249884159	0.191	-0.162	9.739

1495249884171	0.153	-0.143	9.672

1495249884180	0.153	-0.143	9.653

1495249884189	0.21	-0.162	9.682

1495249884198	0.191	-0.162	9.682

1495249884208	0.191	-0.153	9.663

1495249884221	0.162	-0.134	9.653

1495249884236	0.172	-0.124	9.692

1495249884238	0.162	-0.124	9.672

1495249884248	0.172	-0.153	9.692

1495249884258	0.191	-0.134	9.672

1495249884269	0.191	-0.162	9.682

1495249884280	0.162	-0.162	9.682

1495249884293	0.172	-0.162	9.682

1495249884298	0.172	-0.143	9.682

1495249884308	0.172	-0.162	9.73

1495249884319	0.191	-0.162	9.73

1495249884328	0.201	-0.124	9.711

1495249884338	0.172	-0.153	9.672

1495249884348	0.153	-0.143	9.634

1495249884358	0.181	-0.153	9.711

1495249884368	0.172	-0.134	9.672

1495249884379	0.191	-0.134	9.682

1495249884389	0.153	-0.114	9.692

1495249884398	0.201	-0.134	9.711

1495249884408	0.172	-0.134	9.692

1495249884419	0.153	-0.134	9.672

1495249884428	0.181	-0.162	9.672

1495249884440	0.172	-0.143	9.663

1495249884448	0.201	-0.143	9.72

1495249884459	0.172	-0.134	9.663

1495249884470	0.191	-0.134	9.663

1495249884481	0.172	-0.162	9.672

1495249884498	0.162	-0.134	9.663

1495249884500	0.162	-0.162	9.672

1495249884508	0.172	-0.114	9.653

1495249884521	0.191	-0.153	9.692

1495249884528	0.162	-0.124	9.672

1495249884538	0.191	-0.153	9.739

1495249884548	0.191	-0.153	9.72

1495249884558	0.201	-0.153	9.672

1495249884568	0.172	-0.143	9.653

1495249884580	0.201	-0.162	9.701

1495249884589	0.201	-0.143	9.711

1495249884598	0.172	-0.143	9.682

1495249884609	0.191	-0.143	9.663

1495249884619	0.21	-0.153	9.682

1495249884628	0.201	-0.153	9.682

1495249884638	0.153	-0.143	9.644

1495249884648	0.172	-0.124	9.692

1495249884658	0.162	-0.134	9.711

1495249884669	0.162	-0.114	9.711

1495249884680	0.172	-0.124	9.672

1495249884689	0.172	-0.153	9.682

1495249884699	0.181	-0.143	9.682

1495249884708	0.172	-0.143	9.653

1495249884719	0.201	-0.172	9.644

1495249884728	0.162	-0.143	9.672

1495249884738	0.172	-0.143	9.634

1495249884748	0.172	-0.143	9.672

1495249884758	0.181	-0.134	9.711

1495249884770	0.181	-0.143	9.701

1495249884780	0.172	-0.153	9.682

1495249884789	0.172	-0.124	9.701

1495249884798	0.181	-0.153	9.672

1495249884808	0.162	-0.143	9.663

1495249884820	0.153	-0.134	9.653

1495249884833	0.191	-0.153	9.682

1495249884838	0.172	-0.124	9.701

1495249884849	0.181	-0.134	9.73

1495249884860	0.181	-0.153	9.672

1495249884869	0.162	-0.153	9.682

1495249884880	0.181	-0.162	9.711

1495249884889	0.191	-0.153	9.701

1495249884899	0.172	-0.134	9.701

1495249884908	0.181	-0.134	9.625

1495249884919	0.172	-0.153	9.672

1495249884929	0.153	-0.134	9.73

1495249884939	0.181	-0.153	9.72

1495249884948	0.162	-0.124	9.653

1495249884959	0.172	-0.134	9.672

1495249884969	0.162	-0.143	9.682

1495249884979	0.201	-0.153	9.692

1495249884988	0.181	-0.134	9.701

1495249884998	0.191	-0.153	9.711

1495249885008	0.181	-0.143	9.644

1495249885018	0.172	-0.153	9.653

1495249885028	0.172	-0.143	9.644

1495249885039	0.153	-0.134	9.682

1495249885049	0.181	-0.134	9.711

1495249885058	0.172	-0.134	9.672

1495249885070	0.162	-0.143	9.644

1495249885080	0.143	-0.134	9.653

1495249885089	0.181	-0.153	9.72

1495249885098	0.172	-0.124	9.682

1495249885108	0.162	-0.153	9.663

1495249885124	0.172	-0.153	9.644

1495249885130	0.172	-0.153	9.672

1495249885139	0.201	-0.143	9.672

1495249885149	0.172	-0.153	9.672

1495249885162	0.172	-0.134	9.672

1495249885168	0.181	-0.143	9.692

1495249885181	0.181	-0.153	9.692

1495249885189	0.191	-0.124	9.653

1495249885198	0.143	-0.114	9.663

1495249885208	0.21	-0.134	9.653

1495249885219	0.172	-0.124	9.644

1495249885228	0.143	-0.134	9.663

1495249885238	0.181	-0.134	9.644

1495249885248	0.172	-0.134	9.72

1495249885258	0.181	-0.134	9.701

1495249885268	0.162	-0.143	9.672

1495249885279	0.181	-0.143	9.644

1495249885288	0.172	-0.153	9.672

1495249885299	0.191	-0.134	9.682

1495249885309	0.191	-0.134	9.701

1495249885319	0.162	-0.172	9.663

1495249885328	0.172	-0.124	9.711

1495249885337	0.181	-0.153	9.663

1495249885348	0.162	-0.134	9.663

1495249885358	0.172	-0.162	9.701

1495249885368	0.181	-0.143	9.682

1495249885380	0.162	-0.134	9.644

1495249885392	0.191	-0.162	9.682

1495249885399	0.172	-0.153	9.72

1495249885408	0.181	-0.124	9.653

1495249885421	0.124	-0.114	9.663

1495249885428	0.181	-0.143	9.663

1495249885438	0.172	-0.153	9.663

1495249885448	0.201	-0.153	9.663

1495249885458	0.172	-0.143	9.644

1495249885471	0.162	-0.153	9.653

1495249885480	0.162	-0.153	9.672

1495249885489	0.172	-0.162	9.692

1495249885498	0.162	-0.124	9.682

1495249885508	0.191	-0.134	9.711

1495249885519	0.172	-0.162	9.672

1495249885528	0.162	-0.143	9.692

1495249885538	0.172	-0.143	9.653

1495249885549	0.191	-0.134	9.692

1495249885559	0.172	-0.143	9.692

1495249885571	0.181	-0.143	9.739

1495249885581	0.181	-0.162	9.653

1495249885589	0.172	-0.134	9.701

1495249885598	0.162	-0.143	9.682

1495249885609	0.172	-0.153	9.672

1495249885619	0.181	-0.143	9.72

1495249885628	0.191	-0.143	9.672

1495249885638	0.172	-0.143	9.644

1495249885648	0.162	-0.143	9.653

1495249885658	0.172	-0.134	9.711

1495249885670	0.172	-0.143	9.682

1495249885680	0.172	-0.162	9.682

1495249885696	0.201	-0.134	9.701

1495249885698	0.181	-0.153	9.682

1495249885708	0.201	-0.153	9.711

1495249885720	0.181	-0.162	9.682

1495249885728	0.162	-0.143	9.701

1495249885738	0.191	-0.143	9.682

1495249885750	0.181	-0.134	9.672

1495249885759	0.201	-0.162	9.701

1495249885770	0.162	-0.134	9.692

1495249885780	0.201	-0.124	9.701

1495249885789	0.21	-0.143	9.701

1495249885798	0.181	-0.143	9.672

1495249885808	0.172	-0.124	9.672

1495249885818	0.191	-0.153	9.73

1495249885830	0.191	-0.162	9.672

1495249885838	0.172	-0.134	9.739

1495249885856	0.181	-0.134	9.682

1495249885858	0.21	-0.143	9.711

1495249885872	0.191	-0.143	9.692

1495249885880	0.191	-0.143	9.759

1495249885890	0.162	-0.134	9.644

1495249885898	0.191	-0.153	9.701

1495249885908	0.191	-0.134	9.701

1495249885919	0.172	-0.134	9.663

1495249885928	0.201	-0.143	9.672

1495249885939	0.191	-0.134	9.672

1495249885948	0.162	-0.134	9.653

1495249885958	0.191	-0.153	9.711

1495249885971	0.181	-0.143	9.692

1495249885980	0.181	-0.153	9.701

1495249885989	0.181	-0.162	9.672

