1496003738354	0.019	-0.038	9.529

1496003738368	0.009	-0.028	9.557

1496003738371	0.067	-0.067	9.529

1496003738379	0.038	-0.038	9.529

1496003738391	0.009	-0.019	9.557

1496003738402	0.047	-0.009	9.605

1496003738409	0.028	-0.038	9.567

1496003738420	0.038	-0.019	9.548

1496003738429	0.038	-0.028	9.577

1496003738442	0.057	-0.047	9.538

1496003738451	0.086	-0.057	9.557

1496003738459	0.086	-0.057	9.529

1496003738471	0.105	-0.067	9.577

1496003738481	0.067	-0.057	9.586

1496003738492	0.095	-0.076	9.596

1496003738499	0.057	-0.067	9.605

1496003738509	0.009	-0.038	9.548

1496003738519	0.047	-0.028	9.577

1496003738530	0.019	-0.019	9.538

1496003738542	0.019	-0.047	9.538

1496003738549	0.047	-0.057	9.557

1496003738559	0.0	-0.028	9.529

1496003738569	0.028	-0.067	9.519

1496003738580	0.076	-0.047	9.596

1496003738592	0.047	-0.047	9.596

1496003738599	0.067	-0.028	9.577

1496003738619	0.067	-0.028	9.567

1496003738629	0.057	-0.028	9.548

1496003738643	0.047	-0.009	9.548

1496003738649	0.047	-0.028	9.567

1496003738659	0.076	-0.067	9.529

1496003738669	0.076	-0.076	9.557

1496003738681	0.076	-0.076	9.577

1496003738692	0.057	-0.067	9.519

1496003738699	0.047	-0.076	9.548

1496003738709	0.067	-0.067	9.596

1496003738719	0.067	-0.057	9.577

1496003738731	0.057	-0.067	9.529

1496003738741	0.028	-0.047	9.538

1496003738757	0.038	-0.019	9.529

1496003738759	0.047	0.019	9.567

1496003738769	0.057	-0.019	9.567

1496003738781	0.019	-0.009	9.538

1496003738792	0.028	0.0	9.538

1496003738799	0.028	-0.009	9.567

1496003738809	0.076	-0.038	9.605

1496003738820	0.057	-0.057	9.548

1496003738829	0.057	-0.067	9.538

1496003738842	0.057	-0.067	9.557

1496003738850	0.028	-0.067	9.557

1496003738860	0.086	-0.067	9.577

1496003738872	0.067	-0.076	9.567

1496003738880	0.019	-0.067	9.548

1496003738892	0.067	-0.086	9.567

1496003738899	0.047	-0.047	9.557

1496003738909	0.009	-0.038	9.538

1496003738919	0.0	-0.038	9.567

1496003738929	0.0	-0.009	9.51

1496003738943	0.019	0.0	9.577

1496003738950	0.047	0.009	9.538

1496003738959	0.038	0.0	9.557

1496003738969	0.047	-0.019	9.548

1496003738981	0.086	-0.047	9.586

1496003738993	0.076	-0.057	9.557

1496003738998	0.076	-0.067	9.538

1496003739010	0.076	-0.076	9.577

1496003739019	0.076	-0.086	9.577

1496003739041	0.086	-0.076	9.577

1496003739043	0.076	-0.086	9.548

1496003739050	0.076	-0.076	9.577

1496003739059	0.086	-0.095	9.605

1496003739069	0.047	-0.067	9.548

1496003739081	0.047	-0.038	9.557

1496003739092	0.047	-0.047	9.548

1496003739099	0.038	-0.057	9.529

1496003739109	0.047	-0.067	9.577

1496003739119	0.124	-0.067	9.625

1496003739129	0.124	-0.057	9.577

1496003739141	0.095	-0.028	9.586

1496003739149	0.057	0.0	9.596

1496003739159	0.009	0.028	9.577

1496003739169	-0.028	0.047	9.529

1496003739180	-0.038	0.076	9.519

1496003739195	-0.028	0.028	9.519

1496003739199	0.0	-0.009	9.538

1496003739210	0.009	-0.067	9.538

1496003739219	0.028	-0.086	9.557

1496003739233	0.095	-0.153	9.548

1496003739243	0.124	-0.172	9.605

1496003739254	0.153	-0.191	9.615

1496003739259	0.143	-0.181	9.596

1496003739269	0.134	-0.143	9.586

1496003739280	0.124	-0.076	9.596

1496003739292	0.086	-0.019	9.605

1496003739300	0.019	0.047	9.557

1496003739313	0.0	0.086	9.567

1496003739319	-0.028	0.095	9.567

1496003739329	0.0	0.047	9.548

1496003739341	0.038	0.009	9.567

1496003739349	0.047	-0.038	9.529

1496003739359	0.095	-0.067	9.567

1496003739369	0.095	-0.105	9.586

1496003739380	0.086	-0.143	9.567

1496003739391	0.076	-0.124	9.548

1496003739399	0.038	-0.105	9.548

1496003739409	0.038	-0.086	9.519

1496003739419	0.038	-0.076	9.557

1496003739429	0.038	-0.038	9.567

1496003739441	0.057	-0.047	9.577

1496003739449	0.047	-0.028	9.529

1496003739459	0.057	0.0	9.548

1496003739469	0.038	-0.009	9.567

1496003739480	0.076	-0.009	9.586

1496003739494	0.038	-0.009	9.548

1496003739499	0.114	-0.009	9.577

1496003739510	0.057	-0.009	9.538

1496003739523	0.086	-0.047	9.567

1496003739532	0.038	-0.057	9.538

1496003739557	0.028	-0.038	9.548

1496003739573	0.047	-0.038	9.529

1496003739580	0.019	-0.057	9.538

1496003739581	0.028	-0.028	9.538

1496003739596	0.038	-0.067	9.567

1496003739602	0.067	-0.057	9.577

1496003739606	0.038	-0.028	9.548

1496003739609	0.038	-0.019	9.548

1496003739619	0.057	-0.028	9.538

1496003739630	0.038	-0.028	9.586

1496003739639	0.067	-0.028	9.586

1496003739649	0.086	-0.047	9.538

1496003739660	0.076	-0.047	9.596

1496003739669	0.067	-0.038	9.567

1496003739682	0.047	-0.057	9.557

1496003739689	0.009	-0.057	9.519

1496003739699	0.047	-0.057	9.538

1496003739710	0.028	-0.057	9.567

1496003739719	0.028	-0.038	9.538

1496003739730	0.038	-0.038	9.538

1496003739741	0.009	-0.028	9.548

1496003739749	0.009	-0.019	9.557

1496003739759	0.057	-0.038	9.557

1496003739769	0.057	-0.047	9.557

1496003739779	0.086	-0.067	9.567

1496003739794	0.057	-0.047	9.586

1496003739800	0.057	-0.057	9.548

1496003739809	0.095	-0.057	9.548

1496003739820	0.095	-0.047	9.586

1496003739829	0.067	-0.028	9.548

1496003739841	0.038	-0.028	9.557

1496003739849	0.038	-0.019	9.557

1496003739861	0.038	-0.019	9.586

1496003739869	0.028	-0.009	9.538

1496003739880	0.019	-0.047	9.538

1496003739892	0.038	-0.047	9.5

1496003739899	0.067	-0.067	9.586

1496003739909	0.067	-0.067	9.51

1496003739919	0.057	-0.067	9.548

1496003739930	0.057	-0.057	9.529

1496003739944	0.019	-0.009	9.529

1496003739949	0.095	-0.019	9.548

1496003739960	0.057	-0.019	9.557

1496003739996	0.057	-0.019	9.538

1496003740000	0.067	-0.038	9.538

1496003740004	0.009	0.0	9.519

1496003740004	0.028	-0.028	9.529

1496003740009	0.057	-0.038	9.577

1496003740019	0.028	-0.057	9.519

1496003740029	0.028	-0.038	9.548

1496003740041	0.028	-0.028	9.538

1496003740049	0.028	-0.057	9.567

1496003740072	0.019	-0.047	9.538

1496003740076	0.019	-0.047	9.538

1496003740080	0.028	-0.028	9.557

1496003740092	0.038	-0.047	9.557

1496003740101	0.038	-0.019	9.538

1496003740109	0.038	-0.028	9.519

1496003740119	0.038	-0.038	9.557

1496003740129	0.086	-0.067	9.596

1496003740142	0.038	-0.057	9.548

1496003740149	0.086	-0.067	9.548

1496003740159	0.076	-0.067	9.567

1496003740169	0.076	-0.067	9.529

1496003740180	0.047	-0.047	9.538

1496003740192	0.067	-0.057	9.519

1496003740199	0.057	-0.057	9.567

1496003740209	0.076	-0.038	9.605

1496003740219	0.047	-0.067	9.548

1496003740229	0.057	-0.047	9.538

1496003740241	0.028	-0.057	9.567

1496003740249	0.019	-0.028	9.529

1496003740259	0.019	-0.028	9.557

1496003740269	0.019	0.0	9.557

1496003740280	0.047	-0.028	9.538

1496003740300	0.019	-0.009	9.548

1496003740305	0.047	-0.019	9.586

1496003740310	0.086	-0.057	9.586

1496003740319	0.057	-0.038	9.538

1496003740329	0.086	-0.076	9.596

1496003740342	0.076	-0.057	9.567

1496003740349	0.047	-0.047	9.567

1496003740359	0.067	-0.076	9.577

1496003740369	0.038	-0.076	9.567

1496003740379	0.067	-0.076	9.577

1496003740393	0.057	-0.067	9.567

1496003740399	0.028	-0.047	9.577

1496003740409	0.047	-0.057	9.567

1496003740419	0.038	-0.028	9.548

1496003740429	0.047	-0.047	9.567

1496003740442	0.057	-0.009	9.567

1496003740449	0.038	-0.047	9.548

1496003740459	0.057	-0.028	9.596

1496003740469	0.047	-0.038	9.577

1496003740480	0.038	-0.028	9.538

1496003740491	0.038	-0.047	9.577

1496003740499	0.057	-0.047	9.538

1496003740511	0.086	-0.038	9.548

1496003740519	0.047	-0.067	9.577

1496003740529	0.047	-0.076	9.538

1496003740541	0.047	-0.067	9.586

1496003740549	0.076	-0.067	9.557

1496003740559	0.057	-0.067	9.557

1496003740569	0.076	-0.067	9.567

1496003740580	0.057	-0.057	9.567

1496003740591	0.076	-0.057	9.586

1496003740599	0.067	-0.038	9.557

1496003740609	0.047	-0.038	9.596

1496003740619	0.047	-0.047	9.548

1496003740630	0.047	-0.019	9.538

1496003740641	0.047	-0.057	9.51

1496003740651	0.009	-0.009	9.538

1496003740659	0.057	-0.038	9.529

1496003740670	0.067	-0.028	9.577

1496003740680	0.047	-0.038	9.538

1496003740700	0.086	-0.076	9.605

1496003740701	0.086	-0.076	9.605

1496003740710	0.076	-0.067	9.596

1496003740719	0.067	-0.047	9.577

1496003740729	0.076	-0.057	9.577

1496003740742	0.076	-0.047	9.577

1496003740749	0.067	-0.057	9.577

1496003740759	0.076	-0.067	9.577

1496003740769	0.105	-0.057	9.586

1496003740784	0.038	-0.047	9.548

1496003740792	0.067	-0.047	9.577

1496003740799	0.076	-0.057	9.567

1496003740809	0.057	-0.067	9.586

1496003740819	0.076	-0.047	9.557

1496003740829	0.038	-0.038	9.529

1496003740841	0.009	-0.028	9.529

1496003740849	0.038	-0.028	9.529

1496003740859	0.038	-0.019	9.548

1496003740869	0.047	-0.028	9.548

1496003740881	0.047	-0.038	9.548

1496003740892	0.057	-0.047	9.577

1496003740899	0.028	-0.028	9.548

1496003740909	0.067	-0.038	9.548

1496003740919	0.067	-0.067	9.557

1496003740929	0.057	-0.076	9.557

1496003740941	0.038	-0.047	9.577

1496003740949	0.076	-0.057	9.577

1496003740961	0.076	-0.076	9.557

1496003740969	0.086	-0.067	9.557

1496003740980	0.038	-0.047	9.538

1496003740997	0.076	-0.038	9.596

1496003741000	0.067	-0.047	9.538

1496003741009	0.057	-0.047	9.586

1496003741019	0.057	-0.038	9.586

1496003741029	0.009	-0.009	9.49

1496003741042	0.047	-0.019	9.596

1496003741049	0.028	-0.028	9.529

1496003741059	0.057	-0.038	9.538

1496003741069	0.057	-0.047	9.548

1496003741081	0.047	-0.038	9.586

1496003741092	0.057	-0.067	9.548

1496003741099	0.038	-0.047	9.538

1496003741109	0.028	-0.047	9.567

1496003741119	0.076	-0.067	9.586

1496003741132	0.057	-0.057	9.596

1496003741143	0.067	-0.047	9.538

1496003741150	0.086	-0.067	9.577

1496003741159	0.067	-0.047	9.596

1496003741169	0.057	-0.047	9.557

1496003741180	0.076	-0.067	9.577

1496003741192	0.038	-0.009	9.557

1496003741199	0.009	-0.038	9.529

1496003741209	0.067	-0.057	9.567

1496003741219	0.067	-0.047	9.567

1496003741229	0.038	-0.067	9.548

1496003741241	0.028	-0.057	9.557

1496003741249	0.076	-0.057	9.577

1496003741259	0.019	-0.047	9.557

1496003741269	0.047	-0.028	9.538

1496003741279	0.057	-0.047	9.586

1496003741293	0.028	-0.067	9.529

1496003741299	0.047	-0.047	9.557

1496003741310	0.076	-0.057	9.557

1496003741319	0.057	-0.067	9.557

1496003741329	0.076	-0.067	9.567

1496003741341	0.076	-0.057	9.596

1496003741349	0.076	-0.057	9.586

1496003741359	0.067	-0.057	9.519

1496003741369	0.038	-0.038	9.577

1496003741380	0.086	-0.057	9.567

1496003741392	0.038	-0.047	9.567

1496003741400	0.047	-0.047	9.538

1496003741413	0.057	-0.028	9.557

1496003741419	0.047	-0.038	9.586

1496003741429	0.019	-0.028	9.557

1496003741441	-0.009	-0.038	9.519

1496003741449	0.028	-0.038	9.538

1496003741459	0.047	-0.047	9.577

1496003741469	0.047	-0.028	9.567

1496003741481	0.057	-0.047	9.557

1496003741492	0.047	-0.038	9.538

1496003741499	0.028	-0.038	9.557

1496003741509	0.076	-0.067	9.567

1496003741522	0.047	-0.038	9.567

1496003741530	0.057	-0.028	9.567

1496003741543	0.047	-0.038	9.529

1496003741554	0.047	-0.057	9.567

1496003741558	0.057	-0.057	9.567

1496003741586	0.047	-0.047	9.557

1496003741590	0.047	-0.047	9.557

1496003741594	0.038	-0.057	9.529

1496003741599	0.047	-0.047	9.538

1496003741612	0.038	-0.067	9.538

1496003741619	0.0	-0.019	9.548

1496003741629	0.076	-0.057	9.548

1496003741641	0.057	-0.047	9.577

1496003741649	0.095	-0.057	9.596

1496003741659	0.057	-0.047	9.538

1496003741669	0.028	-0.019	9.548

1496003741681	0.047	-0.028	9.538

1496003741692	0.047	-0.028	9.577

1496003741699	0.067	-0.057	9.548

1496003741709	0.067	-0.047	9.548

1496003741719	0.067	-0.038	9.557

1496003741729	0.047	-0.057	9.548

1496003741741	0.047	-0.047	9.557

1496003741749	0.028	-0.038	9.557

1496003741759	0.019	-0.038	9.548

1496003741770	0.019	-0.038	9.557

1496003741780	0.067	-0.057	9.586

1496003741792	0.038	-0.028	9.548

1496003741799	0.019	-0.028	9.557

1496003741809	0.047	-0.047	9.538

1496003741819	0.028	-0.038	9.519

1496003741829	0.038	-0.038	9.548

1496003741843	0.047	-0.038	9.567

1496003741852	0.067	-0.038	9.548

1496003741859	0.047	-0.038	9.519

1496003741869	0.057	-0.038	9.586

1496003741879	0.047	-0.028	9.548

1496003741892	0.038	-0.028	9.548

1496003741899	0.047	-0.038	9.538

1496003741909	0.076	-0.047	9.557

1496003741919	0.057	-0.057	9.51

1496003741929	0.057	-0.067	9.538

1496003741941	0.047	-0.057	9.548

1496003741949	0.057	-0.076	9.538

1496003741961	0.038	-0.047	9.577

1496003741969	0.038	-0.057	9.567

1496003741981	0.028	-0.047	9.519

1496003741997	0.047	-0.057	9.548

1496003742000	0.057	-0.047	9.586

1496003742009	0.095	-0.067	9.615

1496003742019	0.076	-0.057	9.577

1496003742029	0.076	-0.067	9.557

1496003742042	0.095	-0.067	9.605

1496003742050	0.047	-0.076	9.538

1496003742060	0.076	-0.038	9.567

1496003742069	0.057	-0.047	9.567

1496003742080	0.047	-0.019	9.529

1496003742092	0.038	-0.038	9.596

1496003742099	0.028	-0.038	9.51

1496003742109	0.028	-0.028	9.538

1496003742119	0.038	-0.028	9.548

1496003742129	0.028	-0.047	9.557

1496003742145	0.0	-0.019	9.548

1496003742149	0.019	-0.038	9.529

1496003742160	0.047	-0.047	9.557

1496003742169	0.047	-0.057	9.538

1496003742180	0.047	-0.057	9.596

1496003742192	0.047	-0.057	9.557

1496003742200	0.057	-0.047	9.605

1496003742209	0.047	-0.038	9.557

1496003742219	0.076	-0.038	9.548

1496003742229	0.067	-0.047	9.519

1496003742241	0.067	-0.028	9.548

1496003742249	0.038	-0.009	9.529

1496003742259	0.038	-0.019	9.529

1496003742269	0.009	0.0	9.538

1496003742280	0.038	-0.038	9.586

1496003742291	0.028	-0.038	9.538

1496003742299	0.047	-0.076	9.557

1496003742309	0.047	-0.057	9.557

1496003742319	0.047	-0.067	9.538

1496003742329	0.047	-0.067	9.548

1496003742341	0.038	-0.057	9.529

1496003742349	0.057	-0.057	9.557

1496003742360	0.067	-0.057	9.567

1496003742369	0.038	-0.057	9.557

1496003742381	0.047	-0.047	9.529

1496003742400	0.028	-0.047	9.529

1496003742410	0.038	-0.028	9.538

1496003742420	0.067	-0.038	9.538

1496003742429	0.047	-0.047	9.557

1496003742442	0.047	-0.047	9.596

1496003742450	0.076	-0.067	9.567

1496003742459	0.047	-0.038	9.529

1496003742469	0.038	-0.047	9.548

1496003742479	0.047	-0.047	9.548

1496003742492	0.057	-0.076	9.538

1496003742499	0.057	-0.038	9.567

1496003742509	0.038	-0.028	9.548

1496003742519	0.028	-0.028	9.577

1496003742529	0.057	-0.028	9.596

1496003742541	0.067	-0.057	9.605

1496003742549	0.057	-0.019	9.596

1496003742559	0.086	-0.057	9.567

1496003742569	0.047	-0.047	9.557

1496003742580	0.076	-0.047	9.557

1496003742592	0.057	-0.057	9.577

1496003742599	0.076	-0.057	9.548

1496003742609	0.028	-0.047	9.548

1496003742619	0.076	-0.067	9.567

1496003742629	0.057	-0.057	9.567

1496003742641	0.076	-0.067	9.557

1496003742649	0.086	-0.076	9.586

1496003742659	0.038	-0.038	9.577

1496003742669	0.038	-0.047	9.538

1496003742681	0.019	-0.028	9.567

1496003742692	0.076	-0.047	9.567

1496003742699	0.067	-0.047	9.557

1496003742709	0.057	-0.038	9.567

1496003742719	0.057	-0.038	9.548

1496003742729	0.038	-0.019	9.538

1496003742743	0.067	-0.057	9.548

1496003742749	0.038	-0.057	9.557

1496003742759	0.076	-0.057	9.577

1496003742769	0.076	-0.076	9.557

1496003742780	0.057	-0.057	9.577

1496003742793	0.076	-0.057	9.538

1496003742798	0.047	-0.038	9.557

1496003742809	0.067	-0.047	9.596

1496003742819	0.047	-0.038	9.557

1496003742829	0.057	-0.019	9.605

1496003742844	0.019	-0.038	9.557

1496003742850	0.009	-0.019	9.51

1496003742859	0.047	-0.038	9.548

1496003742869	0.067	-0.057	9.519

1496003742880	0.047	-0.047	9.548

1496003742891	0.038	-0.057	9.519

1496003742899	0.047	-0.028	9.538

1496003742909	0.067	-0.067	9.529

1496003742919	0.057	-0.047	9.548

1496003742931	0.057	-0.057	9.548

1496003742947	0.038	-0.038	9.538

1496003742950	0.028	-0.057	9.548

1496003742961	0.019	-0.028	9.548

1496003742971	0.057	-0.038	9.548

1496003743003	0.038	-0.047	9.519

1496003743005	0.038	-0.038	9.519

1496003743009	0.057	-0.047	9.577

1496003743019	0.028	-0.038	9.529

1496003743029	0.038	-0.028	9.567

1496003743039	0.057	-0.047	9.567

1496003743050	0.047	-0.057	9.577

1496003743062	0.047	-0.057	9.529

1496003743069	0.076	-0.038	9.557

1496003743080	0.047	-0.038	9.51

1496003743091	0.067	-0.047	9.586

1496003743099	0.057	-0.038	9.557

1496003743109	0.019	-0.009	9.557

1496003743119	0.038	-0.057	9.567

1496003743129	0.047	-0.028	9.577

1496003743142	0.047	-0.038	9.567

1496003743149	0.067	-0.057	9.586

1496003743159	0.057	-0.038	9.529

1496003743169	0.067	-0.047	9.529

1496003743180	0.067	-0.067	9.548

1496003743191	0.057	-0.047	9.519

1496003743199	0.038	-0.067	9.538

1496003743211	0.047	-0.057	9.548

1496003743219	0.057	-0.057	9.538

1496003743229	0.009	-0.038	9.519

1496003743241	0.047	-0.038	9.567

1496003743249	0.047	-0.028	9.577

1496003743259	0.028	-0.028	9.529

1496003743269	0.067	-0.038	9.577

1496003743280	0.038	-0.038	9.529

1496003743306	0.047	-0.076	9.538

1496003743312	0.057	-0.076	9.548

1496003743319	0.047	-0.057	9.567

1496003743329	0.057	-0.047	9.548

