1496061892454	18.3	66.479996	-5.58

1496061892459	18.359999	66.24	-5.64

1496061892462	18.119999	66.299995	-5.8199997

1496061892467	18.0	66.36	-5.58

1496061892471	17.94	66.119995	-5.7

1496061892474	17.82	66.06	-5.46

1496061892477	17.76	65.88	-5.3399997

1496061892481	17.88	66.36	-5.58

1496061892484	18.0	66.24	-5.8799996

1496061892488	17.94	66.54	-5.8799996

1496061892492	18.119999	66.36	-5.8799996

1496061892495	18.18	66.299995	-5.8799996

1496061892499	18.3	66.54	-5.7599998

1496061892503	18.3	66.54	-5.7599998

1496061892506	18.359999	66.78	-5.7599998

1496061892509	18.359999	66.659996	-5.52

1496061892513	18.3	66.78	-5.52

1496061892518	18.42	66.54	-5.46

1496061892521	18.3	66.659996	-5.2799997

1496061892524	18.18	66.72	-5.52

1496061892528	18.3	66.78	-5.64

1496061892531	18.42	66.54	-5.64

1496061892575	18.359999	66.36	-5.8199997

1496061892578	18.359999	66.24	-5.64

1496061892581	18.42	66.24	-5.46

1496061892585	18.359999	66.299995	-5.46

1496061892589	18.539999	66.42	-5.4

1496061892592	18.48	66.659996	-5.16

1496061892612	18.359999	66.72	-5.16

1496061892615	18.3	66.96	-5.4

1496061892622	18.3	67.08	-5.22

1496061892632	18.18	67.2	-5.16

1496061892642	18.359999	67.08	-5.16

1496061892653	18.3	67.08	-5.16

1496061892662	18.18	66.96	-5.16

1496061892672	18.3	66.9	-5.16

1496061892679	18.42	66.72	-5.16

1496061892689	18.42	66.78	-5.16

1496061892703	18.3	66.9	-5.16

1496061892712	18.18	66.96	-5.4

1496061892723	18.0	67.14	-5.4

1496061892729	18.06	67.02	-5.16

1496061892742	18.06	66.9	-5.22

1496061892764	17.94	66.72	-5.22

1496061892773	17.88	66.78	-5.04

1496061892810	17.88	66.78	-5.04

1496061892822	18.0	66.72	-4.98

1496061892837	18.06	66.54	-5.04

1496061892842	18.0	66.299995	-5.46

1496061892860	18.18	66.479996	-5.58

1496061892865	18.18	66.54	-5.8199997

1496061892871	18.42	66.479996	-6.06

1496061892878	18.48	66.479996	-6.06

1496061892883	18.539999	66.06	-5.8799996

1496061892903	18.42	65.88	-6.2999997

1496061892919	18.3	65.82	-6.3599997

1496061892928	18.42	65.82	-6.06

1496061892936	18.18	65.64	-6.18

1496061892939	18.18	65.64	-6.24

1496061892942	18.18	65.7	-6.3599997

1496061892945	18.119999	65.64	-6.66

1496061893054	18.06	65.939995	-6.7799997

1496061893057	18.119999	66.119995	-6.54

1496061893061	18.48	66.24	-6.3599997

1496061893064	18.6	66.299995	-6.3599997

1496061893068	18.539999	66.42	-6.12

1496061893072	18.48	66.479996	-5.8799996

1496061893075	18.42	66.42	-5.8199997

1496061893079	18.48	66.42	-5.7599998

1496061893082	18.359999	66.54	-5.7599998

1496061893086	18.3	66.659996	-5.8799996

1496061893089	17.94	66.78	-6.06

1496061893092	17.58	66.96	-6.18

1496061893095	17.58	66.9	-6.3599997

1496061893098	17.58	66.6	-6.48

1496061893101	17.52	66.72	-6.54

1496061893105	17.46	66.72	-6.72

1496061893109	17.82	66.54	-6.72

1496061893145	17.94	66.36	-6.6

1496061893150	18.119999	66.24	-6.66

1496061893154	18.18	65.88	-6.42

1496061893158	18.3	66.0	-6.54

1496061893162	18.3	66.06	-6.72

1496061893176	18.6	66.0	-6.66

1496061893180	18.539999	65.88	-6.48

1496061893191	18.3	65.7	-6.66

1496061893199	18.3	65.7	-6.66

1496061893212	18.3	65.82	-6.54

1496061893224	18.42	66.06	-6.66

1496061893234	18.48	65.939995	-6.48

1496061893244	18.48	65.88	-6.18

1496061893249	18.48	66.0	-6.18

1496061893283	18.48	66.0	-6.06

1496061893302	18.42	66.119995	-5.94

1496061893314	18.3	65.82	-6.18

1496061893320	18.18	65.7	-5.94

1496061893324	18.0	65.7	-6.18

1496061893350	17.94	65.64	-6.0

1496061893355	17.94	65.7	-6.18

1496061893369	17.76	65.64	-6.0

1496061893380	17.76	65.88	-6.18

1496061893394	17.88	66.06	-6.12

1496061893404	17.94	66.299995	-6.18

1496061893407	17.88	66.36	-6.42

1496061893410	18.3	66.24	-6.3599997

1496061893412	18.3	66.36	-6.6

1496061893414	18.359999	66.479996	-6.66

1496061893417	18.42	66.659996	-6.8399997

1496061893420	18.42	66.54	-6.66

1496061893523	18.66	66.299995	-6.66

1496061893526	18.96	66.479996	-6.3599997

1496061893529	19.02	66.659996	-6.24

1496061893533	18.66	66.78	-6.2999997

1496061893536	18.539999	66.659996	-6.2999997

1496061893539	18.42	66.54	-6.2999997

1496061893543	18.3	66.299995	-6.12

1496061893547	18.359999	66.24	-6.12

1496061893551	18.3	66.42	-6.18

1496061893554	18.119999	66.24	-6.42

1496061893558	18.18	65.88	-6.54

1496061893567	18.3	65.82	-6.54

1496061893570	18.359999	65.7	-6.48

1496061893573	18.48	65.82	-6.2999997

1496061893576	18.6	66.0	-6.18

1496061893580	18.539999	66.0	-6.18

1496061893613	18.359999	65.88	-6.12

1496061893617	18.18	65.88	-6.06

1496061893620	18.18	65.82	-6.06

1496061893623	18.18	65.46	-5.94

1496061893635	18.3	65.7	-5.8199997

1496061893643	18.3	65.4	-5.94

1496061893649	18.3	65.46	-6.3599997

1496061893659	18.42	65.28	-6.48

1496061893672	18.42	65.4	-6.48

1496061893683	18.42	65.4	-6.48

1496061893689	18.359999	65.46	-6.3599997

1496061893702	18.42	65.7	-6.42

1496061893712	18.42	65.82	-6.3599997

1496061893721	18.66	66.24	-6.3599997

1496061893729	18.539999	66.119995	-6.18

1496061893739	18.539999	66.119995	-6.18

1496061893752	18.72	66.119995	-6.18

1496061893764	18.66	66.06	-6.2999997

1496061893773	18.6	66.119995	-6.6

1496061893785	18.539999	66.24	-6.54

1496061893799	18.48	66.06	-6.6

1496061893809	18.119999	66.119995	-6.6

1496061893824	18.119999	66.06	-6.66

1496061893848	18.119999	66.119995	-6.66

1496061893872	18.18	65.939995	-6.72

1496061893892	18.42	66.299995	-6.8399997

1496061893910	18.48	66.24	-6.42

1496061893918	18.48	66.299995	-6.42

1496061893920	18.48	66.24	-6.66

1496061893922	18.48	66.0	-6.72

1496061893925	18.48	65.88	-6.96

1496061893928	18.359999	65.939995	-6.96

1496061893931	18.0	65.88	-6.72

1496061893934	17.88	65.52	-6.42

1496061893936	17.94	65.46	-6.72

1496061894044	17.82	65.28	-6.8399997

1496061894048	17.76	65.28	-6.8999996

1496061894051	17.82	65.46	-6.8399997

1496061894055	17.82	65.52	-6.6

1496061894058	17.82	65.4	-6.7799997

1496061894061	17.82	65.4	-7.08

1496061894064	17.88	65.52	-7.2

1496061894069	17.82	65.7	-7.14

1496061894072	17.94	65.88	-7.02

1496061894075	18.0	66.06	-6.8399997

1496061894080	17.94	66.06	-6.8399997

1496061894083	18.0	66.119995	-6.8399997

1496061894086	18.0	66.299995	-6.54

1496061894090	18.119999	66.54	-6.42

1496061894094	18.0	66.54	-6.54

1496061894125	18.0	66.479996	-6.66

1496061894128	18.0	66.24	-6.72

1496061894131	18.3	66.06	-6.72

1496061894135	18.3	65.82	-6.72

1496061894146	18.359999	65.7	-6.66

1496061894154	18.359999	65.64	-6.54

1496061894159	18.3	65.7	-6.42

1496061894169	18.48	65.58	-6.3599997

1496061894181	18.539999	65.58	-6.06

1496061894192	18.6	65.7	-6.06

1496061894202	18.48	65.82	-5.8799996

1496061894209	18.48	65.88	-6.0

1496061894219	18.359999	65.939995	-5.7599998

1496061894229	18.359999	66.119995	-6.0

1496061894239	18.3	65.88	-6.12

1496061894249	18.18	65.88	-6.12

1496061894263	18.06	65.88	-6.42

1496061894272	17.94	65.88	-6.12

1496061894282	17.76	65.939995	-6.24

1496061894292	17.82	65.7	-6.2999997

1496061894301	18.06	65.82	-6.66

1496061894312	18.359999	65.64	-6.66

1496061894321	18.42	65.7	-6.72

1496061894333	18.48	66.0	-6.3599997

1496061894343	18.6	66.0	-6.42

1496061894353	18.66	66.0	-6.42

1496061894362	18.72	66.0	-6.2999997

1496061894372	18.66	66.299995	-5.7

1496061894382	18.48	66.299995	-5.7599998

1496061894392	18.119999	66.36	-5.58

1496061894402	18.119999	66.36	-5.64

1496061894415	18.06	66.24	-5.8199997

1496061894427	17.94	66.24	-5.64

1496061894493	18.0	66.119995	-5.8799996

1496061894502	18.119999	65.88	-6.24

1496061894512	18.119999	65.82	-6.72

1496061894520	18.06	65.58	-6.6

1496061894532	18.18	65.46	-6.54

1496061894557	18.18	65.4	-6.48

1496061894562	18.0	65.46	-6.6

1496061894565	18.0	65.4	-6.72

1496061894568	17.94	65.28	-6.54

1496061894571	17.94	65.64	-6.06

1496061894575	17.94	65.58	-6.06

1496061894580	18.0	65.82	-5.8199997

1496061894584	17.94	66.0	-6.18

1496061894589	17.82	66.0	-6.12

1496061894593	18.06	65.82	-6.18

1496061894598	18.359999	65.88	-5.94

1496061894602	18.3	66.119995	-5.94

1496061894605	18.119999	66.0	-6.18

1496061894708	18.48	66.24	-6.3599997

1496061894712	18.48	65.82	-6.24

1496061894715	18.42	65.82	-5.94

1496061894718	18.6	66.0	-5.94

1496061894722	18.6	66.06	-5.7599998

1496061894725	18.42	66.24	-5.8799996

1496061894728	18.359999	66.06	-6.18

1496061894732	18.42	66.06	-6.06

1496061894735	18.06	65.939995	-5.94

1496061894738	18.119999	66.36	-6.24

1496061894742	18.18	66.299995	-6.42

1496061894745	18.06	66.18	-6.42

1496061894749	17.94	66.36	-6.6

1496061894752	17.88	66.36	-6.6

1496061894756	17.88	66.299995	-6.48

1496061894794	17.82	66.18	-6.72

1496061894806	17.88	66.299995	-6.7799997

1496061894809	17.76	66.299995	-6.7799997

1496061894812	17.88	66.18	-6.66

1496061894815	17.88	66.18	-6.72

1496061894818	18.0	66.119995	-6.8999996

1496061894821	18.0	65.939995	-6.8399997

1496061894836	18.119999	66.119995	-6.66

1496061894899	18.18	66.299995	-6.66

1496061894903	18.18	66.24	-6.66

1496061894907	18.3	66.06	-6.48

1496061894911	18.119999	65.82	-6.72

1496061894915	18.06	65.82	-6.7799997

1496061894920	17.88	65.82	-6.7799997

1496061894925	17.82	65.88	-6.8999996

1496061894930	17.82	65.88	-7.08

1496061894934	17.82	65.82	-6.8399997

1496061894939	18.0	65.7	-6.72

1496061894943	17.88	65.82	-6.72

1496061895024	17.94	66.06	-6.72

1496061895028	18.06	65.939995	-6.66

1496061895031	18.18	65.88	-6.6

1496061895034	18.3	65.7	-6.2999997

1496061895038	18.48	65.7	-6.12

1496061895042	18.66	65.76	-6.12

1496061895045	18.48	65.76	-6.0

1496061895049	18.48	65.76	-6.0

1496061895053	18.359999	65.76	-5.94

1496061895056	18.42	66.06	-5.64

1496061895060	18.48	66.06	-5.64

1496061895064	18.539999	65.88	-5.58

1496061895177	18.359999	65.88	-5.58

1496061895180	18.18	65.88	-5.7

1496061895182	18.3	66.0	-5.64

1496061895184	18.48	65.82	-5.64

1496061895187	18.6	65.88	-5.58

1496061895192	18.359999	65.46	-5.8199997

1496061895197	18.18	65.46	-5.7599998

1496061895201	18.06	65.7	-5.94

1496061895205	18.119999	65.64	-6.18

1496061895209	18.119999	65.64	-5.94

1496061895213	18.0	65.52	-6.0

1496061895218	18.0	65.7	-6.0

1496061895223	18.06	65.88	-6.0

1496061895227	18.359999	66.06	-6.12

1496061895231	18.3	66.24	-5.94

1496061895234	18.48	66.24	-6.12

1496061895266	18.6	66.24	-6.06

1496061895271	18.539999	66.299995	-6.12

1496061895274	18.6	66.36	-6.3599997

1496061895278	18.6	66.479996	-6.3599997

1496061895282	18.6	66.36	-6.3599997

1496061895295	18.539999	66.36	-6.3599997

1496061895303	18.72	66.36	-6.54

1496061895311	18.66	66.479996	-6.3599997

1496061895322	18.48	66.479996	-6.42

1496061895333	18.42	66.24	-6.42

1496061895342	18.42	65.88	-6.42

1496061895352	18.539999	65.64	-6.54

1496061895361	18.48	65.64	-6.54

1496061895371	18.66	65.7	-6.72

1496061895379	18.6	65.28	-6.54

1496061895389	18.6	65.4	-6.3599997

1496061895399	18.539999	65.46	-6.42

1496061895410	18.6	65.46	-6.7799997

1496061895422	18.6	65.64	-6.6

1496061895429	18.359999	65.88	-6.42

1496061895443	18.359999	65.7	-6.48

1496061895449	18.18	65.64	-6.24

1496061895461	18.119999	66.06	-6.42

1496061895470	18.06	66.06	-6.66

1496061895481	18.119999	66.06	-6.3599997

1496061895493	18.06	66.299995	-5.94

1496061895502	18.0	66.299995	-5.94

1496061895513	18.3	66.24	-5.8799996

1496061895522	18.18	66.24	-5.8199997

1496061895532	18.18	66.299995	-5.8799996

1496061895543	18.539999	66.119995	-5.7599998

1496061895551	18.539999	66.06	-5.8799996

1496061895562	18.539999	66.06	-6.18

1496061895572	18.6	66.0	-6.42

1496061895582	18.72	66.0	-6.42

1496061895592	18.72	66.0	-6.72

1496061895601	18.6	66.0	-6.6

1496061895613	18.48	65.82	-6.6

1496061895619	18.3	65.88	-6.72

1496061895632	18.18	65.82	-6.66

1496061895748	18.18	65.82	-6.2999997

1496061895752	18.18	65.64	-6.2999997

1496061895754	18.06	65.82	-6.42

1496061895757	17.64	65.82	-6.18

1496061895761	17.88	65.7	-6.42

1496061895762	18.0	65.7	-6.48

1496061895764	17.88	65.7	-6.54

1496061895767	18.06	65.82	-6.3599997

1496061895769	17.94	65.88	-6.54

1496061895772	17.94	66.06	-6.66

1496061895774	17.94	65.88	-6.66

1496061895777	18.06	65.88	-6.54

1496061895780	18.119999	65.7	-6.48

1496061895783	18.06	66.06	-6.3599997

1496061895786	18.119999	66.299995	-6.24

1496061895791	18.06	66.54	-6.42

1496061895823	18.18	66.72	-6.42

1496061895828	18.18	66.96	-6.24

1496061895831	18.3	67.38	-6.2999997

1496061895835	18.359999	67.619995	-6.48

1496061895844	18.3	68.22	-6.48

1496061895849	18.3	68.22	-6.48

1496061895862	18.3	67.86	-6.48

1496061895872	18.119999	67.619995	-6.6

1496061895882	18.119999	67.56	-6.6

1496061895891	18.359999	67.26	-6.66

1496061895902	18.18	66.72	-6.7799997

1496061895909	18.06	66.119995	-6.96

1496061895919	18.06	65.88	-6.96

1496061895929	18.0	65.64	-6.7799997

1496061895942	17.94	65.52	-6.7799997

1496061895949	18.0	65.4	-6.72

1496061895960	17.94	65.1	-6.8399997

1496061895969	17.76	64.979996	-6.6

1496061895982	17.94	65.22	-6.48

1496061895989	18.119999	65.58	-6.2999997

1496061895999	18.359999	65.64	-6.18

1496061896012	18.42	65.7	-6.3599997

1496061896022	18.48	65.82	-6.3599997

1496061896031	18.539999	65.88	-6.42

1496061896039	18.6	66.0	-6.2999997

1496061896060	18.6	66.06	-6.42

1496061896069	18.42	66.24	-6.54

1496061896079	18.359999	66.24	-6.6

1496061896089	18.0	66.119995	-6.72

1496061896103	18.06	66.06	-6.7799997

1496061896114	18.0	65.939995	-6.66

1496061896123	18.0	65.939995	-6.42

1496061896129	18.06	65.82	-6.24

1496061896143	18.119999	65.88	-6.12

1496061896152	18.3	65.88	-6.06

1496061896163	18.539999	65.82	-5.8199997

1496061896172	18.66	65.88	-6.06

1496061896182	18.539999	65.88	-5.7599998

1496061896192	18.539999	65.88	-5.64

1496061896202	18.6	66.0	-5.8799996

1496061896216	18.539999	66.24	-5.8799996

1496061896221	18.48	66.299995	-5.8799996

1496061896242	18.539999	66.119995	-6.18

1496061896249	18.18	66.24	-6.3599997

1496061896283	18.119999	66.119995	-6.18

1496061896290	18.119999	65.939995	-6.48

1496061896305	18.119999	66.119995	-6.54

1496061896313	18.119999	66.119995	-6.54

1496061896332	18.0	65.939995	-6.72

1496061896335	18.06	65.82	-6.72

1496061896339	17.88	65.82	-6.48

1496061896343	17.82	65.88	-6.6

1496061896345	17.88	65.88	-6.54

1496061896348	17.94	65.939995	-6.66

1496061896350	18.0	65.939995	-6.66

1496061896426	18.0	65.939995	-6.3599997

1496061896430	18.119999	65.939995	-6.12

1496061896433	18.0	65.7	-6.24

1496061896436	18.359999	65.64	-6.2999997

1496061896440	18.42	65.4	-6.18

1496061896444	18.359999	65.46	-6.06

1496061896447	18.42	65.4	-5.8799996

1496061896451	18.48	65.28	-6.12

1496061896454	18.359999	65.22	-6.18

1496061896458	18.359999	65.46	-6.42

1496061896462	18.48	65.7	-6.54

1496061896488	18.119999	65.58	-6.2999997

1496061896492	18.18	65.64	-6.24

1496061896495	18.3	65.46	-6.42

1496061896499	18.42	65.46	-6.48

1496061896514	18.359999	65.46	-6.24

1496061896519	18.42	65.58	-6.42

1496061896529	18.42	65.22	-6.54

1496061896539	18.3	65.46	-6.42

1496061896552	18.18	65.7	-6.42

1496061896563	18.119999	65.7	-6.42

1496061896572	18.06	65.82	-6.42

1496061896581	17.94	65.82	-6.0

1496061896592	17.88	65.82	-6.18

1496061896602	17.82	65.88	-6.0

