1495998314079	28.68	6.06	-27.06

1495998314179	28.56	6.48	-27.24

1495998314279	28.5	6.66	-27.3

1495998314379	28.44	6.72	-27.48

1495998314479	28.62	7.02	-27.48

1495998314581	28.62	7.2	-27.78

1495998314679	28.5	7.32	-28.08

1495998314779	28.44	7.44	-28.02

1495998314879	28.38	7.38	-28.2

1495998314979	28.32	7.26	-28.08

1495998315079	28.2	7.38	-28.26

1495998315191	28.44	7.08	-28.32

1495998315280	28.38	7.14	-28.5

1495998315379	28.44	6.96	-28.32

1495998315480	28.68	7.02	-28.08

1495998315579	28.68	7.2	-28.26

1495998315679	28.86	7.08	-27.96

1495998315779	28.98	6.9	-28.02

1495998315879	29.1	6.72	-27.96

1495998315979	29.04	6.96	-27.84

1495998316079	28.8	6.96	-28.02

1495998316179	28.74	6.96	-28.62

1495998316279	28.74	6.9	-28.68

1495998316394	28.68	6.96	-28.8

1495998316491	28.68	7.02	-28.86

1495998316591	28.68	6.96	-28.8

1495998316698	28.74	7.02	-28.38

1495998316791	28.8	6.96	-28.56

1495998316896	29.1	6.78	-28.32

1495998316998	29.22	6.84	-28.08

1495998317091	29.1	6.78	-28.2

1495998317191	29.1	6.84	-28.08

1495998317294	28.98	6.96	-28.08

1495998317391	28.98	7.02	-28.14

1495998317491	28.92	6.9	-28.44

1495998317626	28.92	6.9	-28.26

1495998317691	28.74	7.02	-28.26

1495998317792	28.62	7.08	-28.14

1495998317892	28.74	7.2	-27.9

1495998317994	28.92	7.26	-27.9

1495998318092	28.92	7.32	-28.02

1495998318192	28.86	7.38	-27.9

1495998318292	28.74	7.62	-28.02

1495998318391	28.44	7.74	-28.2

1495998318492	28.5	7.74	-28.44

1495998318592	28.5	7.74	-28.2

1495998318691	28.32	7.5	-28.26

1495998318792	28.08	7.08	-28.2

1495998318891	28.26	6.84	-28.08

