1496005154131	0.008659739	-0.002131628	0.022781774

1496005154138	0.0119904075	0.0	0.020650147

1496005154150	0.013056221	0.001065814	0.020650147

1496005154158	0.008659739	-0.004263256	0.017452704

1496005154169	0.0075939246	-0.0065281107	0.022781774

1496005154180	0.009725553	-0.001065814	0.026112443

1496005154188	0.0065281107	0.001065814	0.019584332

1496005154199	0.008659739	-0.001065814	0.021715961

1496005154208	0.004263256	-0.00532907	0.019584332

1496005154218	0.004263256	-0.002131628	0.022781774

1496005154228	0.010791367	0.003197442	0.021715961

1496005154238	0.004263256	-0.003197442	0.019584332

1496005154250	0.0075939246	0.002131628	0.019584332

1496005154261	0.008659739	-0.003197442	0.021715961

1496005154268	0.0119904075	-0.003197442	0.020650147

1496005154279	0.0065281107	-0.002131628	0.023980815

1496005154290	0.004263256	-0.004263256	0.026112443

1496005154298	0.008659739	-0.0065281107	0.026112443

1496005154308	0.008659739	-0.001065814	0.022781774

1496005154318	0.0119904075	-0.002131628	0.021715961

1496005154328	0.008659739	-0.00532907	0.026112443

1496005154340	0.009725553	-0.001065814	0.022781774

1496005154350	0.0075939246	-0.002131628	0.016253663

1496005154358	0.002131628	-0.004263256	0.022781774

1496005154368	0.003197442	-0.001065814	0.02504663

1496005154378	0.008659739	-0.003197442	0.021715961

1496005154390	0.0075939246	-0.00532907	0.023980815

1496005154398	0.004263256	0.0	0.027178258

1496005154408	0.009725553	-0.0075939246	0.023980815

1496005154418	0.0075939246	-0.001065814	0.02824407

1496005154428	0.008659739	0.0	0.02824407

1496005154441	0.009725553	-0.003197442	0.022781774

1496005154450	0.0075939246	-0.008659739	0.021715961

1496005154458	0.0065281107	-0.008659739	0.018518519

1496005154468	0.004263256	-0.010791367	0.02504663

1496005154478	0.00532907	-0.003197442	0.019584332

1496005154504	0.009725553	-0.002131628	0.026112443

1496005154509	0.010791367	-0.003197442	0.02504663

1496005154518	0.0075939246	0.0	0.023980815

1496005154528	0.0075939246	-0.003197442	0.023980815

1496005154541	0.009725553	-0.001065814	0.014122035

1496005154549	0.0119904075	-0.00532907	0.019584332

1496005154558	0.010791367	-0.003197442	0.022781774

1496005154568	0.0065281107	-0.003197442	0.02504663

1496005154578	0.0075939246	-0.004263256	0.021715961

1496005154590	0.008659739	-0.004263256	0.027178258

1496005154598	0.0065281107	-0.00532907	0.026112443

1496005154609	0.00532907	-0.00532907	0.030508926

1496005154618	0.014122035	-0.008659739	0.02504663

1496005154628	0.008659739	-0.004263256	0.021715961

1496005154641	0.013056221	-0.004263256	0.020650147

1496005154650	0.009725553	-0.004263256	0.020650147

1496005154658	0.009725553	-0.002131628	0.023980815

1496005154668	0.013056221	-0.00532907	0.021715961

1496005154678	0.008659739	-0.002131628	0.021715961

1496005154690	0.008659739	-0.00532907	0.022781774

1496005154698	0.008659739	0.0	0.022781774

1496005154708	0.009725553	-0.002131628	0.020650147

1496005154718	0.008659739	-0.003197442	0.020650147

1496005154728	0.009725553	-0.00532907	0.021715961

1496005154740	0.0075939246	-0.002131628	0.021715961

1496005154750	0.0075939246	-0.002131628	0.023980815

1496005154758	0.0119904075	-0.001065814	0.02504663

1496005154768	0.014122035	0.0	0.02504663

1496005154778	0.009725553	0.003197442	0.02504663

1496005154793	0.010791367	0.002131628	0.023980815

1496005154798	0.0119904075	0.0	0.018518519

1496005154808	0.009725553	-0.003197442	0.020650147

1496005154819	0.009725553	-0.009725553	0.02504663

1496005154828	0.009725553	-0.004263256	0.022781774

1496005154840	0.00532907	0.0	0.023980815

1496005154849	0.015187849	-0.003197442	0.023980815

1496005154858	0.0119904075	-0.001065814	0.021715961

1496005154868	0.009725553	-0.00532907	0.026112443

1496005154878	0.009725553	-0.001065814	0.022781774

1496005154890	0.0065281107	0.001065814	0.016253663

1496005154898	0.00532907	0.0	0.019584332

1496005154908	0.0065281107	0.0	0.021715961

1496005154918	0.0065281107	0.0	0.026112443

1496005154928	0.010791367	-0.001065814	0.026112443

1496005154940	0.008659739	-0.002131628	0.026112443

1496005154950	0.010791367	-0.0065281107	0.019584332

1496005154958	0.008659739	-0.0065281107	0.022781774

1496005154969	0.004263256	-0.002131628	0.022781774

1496005154978	0.010791367	0.0	0.02504663

1496005154993	0.00532907	-0.00532907	0.017452704

1496005155008	0.0075939246	0.0	0.023980815

1496005155018	0.003197442	0.0	0.02504663

1496005155028	0.009725553	0.0	0.022781774

1496005155041	0.0075939246	-0.001065814	0.017452704

1496005155050	0.0065281107	-0.004263256	0.021715961

1496005155058	0.015187849	0.0	0.019584332

1496005155068	0.0119904075	-0.002131628	0.021715961

1496005155078	0.0075939246	0.0	0.026112443

1496005155091	0.0075939246	-0.001065814	0.020650147

1496005155098	0.013056221	-0.003197442	0.018518519

1496005155133	0.0119904075	-0.001065814	0.016253663

1496005155137	0.008659739	-0.003197442	0.016253663

1496005155150	0.010791367	-0.002131628	0.017452704

1496005155152	0.0075939246	0.001065814	0.015187849

1496005155153	0.010791367	-0.003197442	0.021715961

1496005155158	0.010791367	-0.002131628	0.023980815

1496005155168	0.0075939246	-0.003197442	0.020650147

1496005155178	0.0065281107	0.001065814	0.018518519

1496005155190	0.008659739	-0.0065281107	0.019584332

1496005155199	0.00532907	-0.003197442	0.023980815

1496005155208	0.014122035	-0.002131628	0.019584332

1496005155218	0.008659739	-0.010791367	0.022781774

1496005155228	0.009725553	-0.001065814	0.02504663

1496005155240	0.009725553	0.001065814	0.026112443

1496005155250	0.009725553	-0.002131628	0.019584332

1496005155258	0.00532907	-0.013056221	0.02504663

1496005155268	0.0075939246	-0.0075939246	0.02504663

1496005155278	0.009725553	-0.00532907	0.02504663

1496005155290	0.008659739	0.003197442	0.021715961

1496005155298	0.009725553	-0.002131628	0.021715961

1496005155308	0.013056221	-0.003197442	0.019584332

1496005155318	0.009725553	-0.003197442	0.022781774

1496005155329	0.009725553	-0.00532907	0.020650147

1496005155342	0.003197442	-0.0065281107	0.026112443

1496005155350	0.00532907	0.0	0.020650147

1496005155360	0.009725553	-0.001065814	0.021715961

1496005155369	0.008659739	-0.002131628	0.023980815

1496005155385	0.0075939246	-0.003197442	0.021715961

1496005155392	0.003197442	-0.004263256	0.02504663

1496005155398	0.008659739	-0.00532907	0.021715961

1496005155409	0.008659739	-0.004263256	0.02824407

1496005155418	0.0075939246	-0.0075939246	0.022781774

1496005155428	0.0119904075	-0.003197442	0.023980815

1496005155441	0.013056221	-0.003197442	0.023980815

1496005155449	0.014122035	-0.002131628	0.017452704

1496005155458	0.003197442	-0.001065814	0.020650147

1496005155468	0.0075939246	-0.001065814	0.020650147

1496005155478	0.009725553	-0.004263256	0.020650147

1496005155490	0.0065281107	-0.004263256	0.023980815

1496005155498	0.008659739	-0.003197442	0.023980815

1496005155508	0.008659739	-0.004263256	0.0119904075

1496005155518	0.013056221	-0.002131628	0.015187849

1496005155528	0.0075939246	-0.008659739	0.015187849

1496005155540	0.009725553	-0.0065281107	0.018518519

1496005155550	0.008659739	-0.002131628	0.021715961

1496005155558	0.008659739	-0.001065814	0.021715961

1496005155568	0.0075939246	-0.001065814	0.027178258

1496005155578	0.002131628	-0.003197442	0.021715961

1496005155590	0.0075939246	0.0	0.022781774

1496005155598	0.010791367	0.001065814	0.021715961

1496005155608	0.013056221	0.003197442	0.021715961

1496005155618	0.008659739	-0.003197442	0.019584332

1496005155629	0.0119904075	0.0	0.022781774

1496005155645	0.0075939246	-0.001065814	0.017452704

1496005155651	0.0119904075	-0.0065281107	0.014122035

1496005155660	0.010791367	-0.00532907	0.019584332

1496005155669	0.010791367	0.001065814	0.021715961

1496005155678	0.0119904075	-0.004263256	0.023980815

1496005155692	0.009725553	0.0	0.018518519

1496005155698	0.010791367	-0.001065814	0.026112443

1496005155708	0.008659739	-0.004263256	0.020650147

1496005155718	0.010791367	-0.002131628	0.016253663

1496005155728	0.008659739	-0.004263256	0.015187849

1496005155741	0.0065281107	-0.001065814	0.019584332

1496005155749	0.0065281107	-0.00532907	0.018518519

1496005155758	0.0065281107	-0.0065281107	0.016253663

1496005155768	0.0119904075	-0.0119904075	0.0119904075

1496005155778	0.008659739	-0.001065814	0.021715961

1496005155790	0.009725553	-0.001065814	0.022781774

1496005155798	0.0065281107	-0.003197442	0.02504663

1496005155809	0.004263256	-0.004263256	0.022781774

1496005155819	0.00532907	-0.00532907	0.022781774

1496005155828	0.008659739	-0.004263256	0.021715961

1496005155840	0.009725553	-0.004263256	0.019584332

1496005155850	0.008659739	-0.002131628	0.026112443

1496005155858	0.010791367	0.0	0.022781774

1496005155868	0.0119904075	-0.002131628	0.026112443

1496005155878	0.008659739	-0.001065814	0.027178258

1496005155891	0.0075939246	0.001065814	0.023980815

1496005155898	0.009725553	0.001065814	0.020650147

1496005155908	0.009725553	-0.004263256	0.022781774

1496005155918	0.008659739	-0.0075939246	0.020650147

1496005155928	0.008659739	-0.003197442	0.018518519

1496005155942	0.0065281107	-0.003197442	0.021715961

1496005155950	0.0065281107	-0.008659739	0.020650147

1496005155958	0.00532907	-0.0065281107	0.020650147

1496005155969	0.0075939246	-0.004263256	0.018518519

1496005155980	0.009725553	-0.002131628	0.026112443

1496005155993	0.009725553	0.0	0.021715961

1496005156008	0.010791367	-0.002131628	0.022781774

1496005156018	0.013056221	-0.003197442	0.023980815

1496005156028	0.008659739	-0.002131628	0.02504663

1496005156041	0.004263256	-0.00532907	0.02504663

1496005156049	0.010791367	-0.003197442	0.021715961

1496005156058	0.008659739	-0.002131628	0.02504663

1496005156068	0.008659739	-0.0065281107	0.02504663

1496005156078	0.009725553	-0.002131628	0.02504663

1496005156091	0.008659739	-0.001065814	0.022781774

1496005156098	0.009725553	0.0	0.027178258

1496005156108	0.0065281107	-0.002131628	0.029443111

1496005156118	0.010791367	-0.008659739	0.027178258

1496005156128	0.013056221	-0.0075939246	0.02504663

1496005156147	0.00532907	-0.001065814	0.022781774

1496005156159	0.0075939246	0.002131628	0.022781774

1496005156169	0.008659739	0.0	0.021715961

1496005156178	0.009725553	-0.001065814	0.018518519

1496005156192	0.0119904075	-0.001065814	0.021715961

1496005156199	0.010791367	-0.008659739	0.018518519

1496005156208	0.009725553	-0.0119904075	0.018518519

1496005156218	0.008659739	-0.004263256	0.015187849

1496005156228	0.0119904075	-0.00532907	0.020650147

1496005156242	0.0065281107	-0.002131628	0.021715961

1496005156250	0.009725553	-0.003197442	0.022781774

1496005156258	0.010791367	-0.003197442	0.023980815

1496005156268	0.00532907	-0.004263256	0.022781774

1496005156278	0.0065281107	-0.0065281107	0.021715961

1496005156290	0.0075939246	-0.0075939246	0.019584332

1496005156298	0.008659739	-0.004263256	0.021715961

1496005156308	0.016253663	-0.002131628	0.020650147

1496005156318	0.016253663	-0.001065814	0.02504663

1496005156328	0.0065281107	-0.002131628	0.027178258

1496005156340	0.010791367	-0.004263256	0.021715961

1496005156349	0.010791367	-0.004263256	0.019584332

1496005156358	0.008659739	-0.001065814	0.023980815

1496005156368	0.008659739	-0.002131628	0.020650147

1496005156378	0.0075939246	-0.004263256	0.026112443

1496005156391	0.009725553	-0.0065281107	0.020650147

1496005156398	0.0119904075	0.003197442	0.019584332

1496005156408	0.014122035	0.001065814	0.023980815

1496005156418	0.008659739	-0.003197442	0.026112443

1496005156428	0.009725553	-0.0065281107	0.022781774

1496005156441	0.009725553	0.002131628	0.023980815

1496005156450	0.008659739	-0.001065814	0.017452704

1496005156458	0.009725553	-0.001065814	0.019584332

1496005156469	0.010791367	-0.003197442	0.019584332

1496005156478	0.013056221	-0.0075939246	0.019584332

1496005156490	0.013056221	-0.003197442	0.023980815

1496005156498	0.0065281107	-0.004263256	0.023980815

1496005156508	0.009725553	-0.00532907	0.022781774

1496005156518	0.013056221	-0.003197442	0.018518519

1496005156528	0.010791367	-0.004263256	0.019584332

1496005156542	0.0065281107	-0.002131628	0.021715961

1496005156550	0.008659739	0.0	0.023980815

1496005156558	0.0075939246	-0.0065281107	0.026112443

1496005156568	0.009725553	-0.0075939246	0.023980815

1496005156578	0.0075939246	-0.0065281107	0.020650147

1496005156590	0.004263256	-0.0075939246	0.019584332

1496005156598	0.003197442	-0.002131628	0.021715961

1496005156610	0.00532907	0.003197442	0.021715961

1496005156628	0.003197442	-0.0065281107	0.019584332

1496005156641	0.010791367	-0.00532907	0.016253663

1496005156649	0.008659739	0.0	0.018518519

1496005156658	0.010791367	-0.004263256	0.019584332

1496005156668	0.010791367	-0.002131628	0.021715961

1496005156679	0.008659739	-0.001065814	0.022781774

1496005156690	0.0065281107	0.0	0.021715961

1496005156698	0.004263256	-0.00532907	0.022781774

1496005156708	0.010791367	-0.003197442	0.021715961

1496005156718	0.009725553	-0.004263256	0.019584332

1496005156728	0.0075939246	-0.0065281107	0.019584332

1496005156741	0.003197442	-0.00532907	0.016253663

1496005156750	0.00532907	-0.003197442	0.018518519

1496005156758	0.008659739	0.0	0.016253663

1496005156768	0.004263256	-0.002131628	0.021715961

1496005156780	0.00532907	-0.008659739	0.020650147

1496005156791	0.008659739	-0.00532907	0.019584332

1496005156798	0.0119904075	-0.00532907	0.02504663

1496005156808	0.008659739	-0.00532907	0.021715961

1496005156819	0.0065281107	-0.001065814	0.015187849

1496005156828	0.0075939246	0.004263256	0.017452704

1496005156960	0.010791367	-0.004263256	0.016253663

1496005156965	0.0119904075	-0.001065814	0.021715961

1496005156978	0.0075939246	-0.008659739	0.020650147

1496005156980	0.00532907	-0.008659739	0.013056221

1496005156981	0.009725553	0.001065814	0.013056221

1496005156982	0.008659739	-0.004263256	0.023980815

1496005156985	0.008659739	-0.0065281107	0.016253663

1496005156994	0.010791367	-0.0075939246	0.021715961

1496005156995	0.010791367	-0.004263256	0.022781774

1496005156998	0.010791367	-0.003197442	0.020650147

1496005157008	0.008659739	-0.004263256	0.022781774

1496005157018	0.009725553	-0.001065814	0.020650147

1496005157028	0.010791367	-0.003197442	0.019584332

1496005157041	0.010791367	-0.001065814	0.022781774

1496005157050	0.010791367	-0.010791367	0.020650147

1496005157069	0.010791367	-0.003197442	0.018518519

1496005157074	0.013056221	-0.001065814	0.019584332

1496005157087	0.010791367	0.0	0.022781774

1496005157089	0.008659739	-0.001065814	0.026112443

1496005157098	0.0075939246	0.0	0.022781774

1496005157108	0.010791367	-0.001065814	0.019584332

1496005157121	0.0119904075	-0.002131628	0.017452704

1496005157128	0.010791367	-0.002131628	0.020650147

1496005157138	0.0119904075	-0.004263256	0.021715961

1496005157152	0.010791367	0.0	0.021715961

1496005157158	0.0119904075	-0.003197442	0.016253663

1496005157168	0.013056221	-0.002131628	0.02504663

1496005157178	0.0119904075	-0.001065814	0.019584332

1496005157188	0.009725553	-0.004263256	0.020650147

1496005157198	0.009725553	-0.003197442	0.015187849

1496005157208	0.010791367	0.0	0.018518519

1496005157218	0.0119904075	-0.002131628	0.015187849

1496005157228	0.010791367	0.0	0.027178258

1496005157240	0.009725553	0.002131628	0.023980815

1496005157249	0.0065281107	-0.0075939246	0.02504663

1496005157258	0.0119904075	-0.002131628	0.016253663

1496005157268	0.008659739	-0.002131628	0.020650147

1496005157278	0.0119904075	-0.004263256	0.021715961

1496005157290	0.0119904075	0.0	0.022781774

1496005157298	0.009725553	-0.001065814	0.019584332

1496005157308	0.0119904075	-0.00532907	0.016253663

1496005157318	0.010791367	-0.004263256	0.019584332

1496005157328	0.004263256	0.0	0.023980815

1496005157340	0.0075939246	-0.002131628	0.02824407

1496005157350	0.009725553	-0.002131628	0.020650147

1496005157358	0.0075939246	-0.001065814	0.019584332

1496005157368	0.0065281107	-0.00532907	0.017452704

1496005157378	0.0075939246	-0.003197442	0.018518519

1496005157393	0.0075939246	-0.003197442	0.026112443

1496005157399	0.008659739	-0.001065814	0.030508926

1496005157408	0.010791367	0.002131628	0.027178258

1496005157418	0.014122035	0.001065814	0.022781774

1496005157429	0.013056221	0.003197442	0.021715961

1496005157440	0.009725553	-0.004263256	0.022781774

1496005157450	0.0075939246	-0.0065281107	0.020650147

1496005157458	0.004263256	-0.0065281107	0.021715961

1496005157468	0.00532907	-0.001065814	0.021715961

1496005157478	0.0075939246	-0.0065281107	0.022781774

1496005157490	0.009725553	-0.00532907	0.020650147

1496005157498	0.0065281107	-0.003197442	0.022781774

1496005157508	0.008659739	-0.004263256	0.023980815

1496005157518	0.0075939246	-0.00532907	0.021715961

1496005157528	0.009725553	-0.002131628	0.019584332

1496005157540	0.00532907	-0.004263256	0.02824407

1496005157549	0.004263256	-0.003197442	0.021715961

1496005157558	0.010791367	0.002131628	0.023980815

1496005157568	0.014122035	0.004263256	0.027178258

1496005157578	0.00532907	-0.003197442	0.019584332

1496005157590	0.008659739	-0.008659739	0.018518519

1496005157598	0.009725553	-0.002131628	0.015187849

1496005157608	0.010791367	-0.003197442	0.018518519

1496005157618	0.013056221	-0.001065814	0.021715961

1496005157628	0.010791367	-0.00532907	0.018518519

1496005157640	0.0075939246	0.0	0.015187849

1496005157650	0.013056221	-0.004263256	0.021715961

1496005157658	0.008659739	0.003197442	0.02504663

1496005157668	0.0119904075	-0.002131628	0.023980815

1496005157678	0.010791367	-0.002131628	0.019584332

1496005157693	0.008659739	0.0	0.020650147

1496005157699	0.00532907	-0.001065814	0.02504663

1496005157708	0.00532907	0.003197442	0.022781774

1496005157718	0.0119904075	-0.001065814	0.032640554

1496005157728	0.010791367	-0.003197442	0.02504663

1496005157740	0.0065281107	-0.00532907	0.013056221

1496005157750	0.0075939246	-0.0075939246	0.015187849

1496005157758	0.00532907	-0.0065281107	0.018518519

1496005157768	0.010791367	-0.0065281107	0.014122035

1496005157778	0.010791367	-0.0075939246	0.015187849

1496005157790	0.010791367	0.001065814	0.016253663

1496005157798	0.010791367	-0.003197442	0.017452704

1496005157808	0.009725553	-0.001065814	0.022781774

1496005157819	0.0065281107	-0.0065281107	0.019584332

1496005157828	0.0065281107	-0.010791367	0.023980815

1496005157840	0.009725553	-0.010791367	0.017452704

1496005157849	0.0119904075	-0.004263256	0.016253663

1496005157858	0.0075939246	-0.003197442	0.019584332

1496005157868	0.008659739	0.0	0.021715961

1496005157878	0.009725553	0.001065814	0.020650147

1496005157890	0.009725553	0.00532907	0.017452704

1496005157898	0.0119904075	0.001065814	0.018518519

1496005157908	0.013056221	-0.00532907	0.016253663

1496005157918	0.0065281107	-0.002131628	0.014122035

1496005157928	0.0075939246	-0.003197442	0.016253663

1496005157940	0.010791367	-0.004263256	0.017452704

1496005157950	0.010791367	-0.002131628	0.020650147

1496005157958	0.009725553	0.002131628	0.023980815

1496005157968	0.008659739	-0.0065281107	0.022781774

1496005157978	0.009725553	-0.001065814	0.027178258

1496005157994	0.010791367	-0.002131628	0.027178258

1496005158008	0.0065281107	-0.002131628	0.027178258

1496005158018	0.0119904075	-0.001065814	0.022781774

1496005158028	0.014122035	-0.002131628	0.022781774

1496005158041	0.0075939246	-0.001065814	0.022781774

1496005158051	0.010791367	-0.008659739	0.018518519

1496005158058	0.009725553	0.0	0.019584332

1496005158068	0.0119904075	-0.003197442	0.018518519

1496005158078	0.0119904075	-0.009725553	0.022781774

1496005158090	0.008659739	-0.003197442	0.020650147

1496005158098	0.010791367	-0.003197442	0.021715961

1496005158108	0.0075939246	-0.00532907	0.026112443

1496005158118	0.004263256	-0.008659739	0.02824407

1496005158128	0.009725553	-0.008659739	0.023980815

1496005158141	0.0075939246	-0.0075939246	0.02504663

1496005158149	0.004263256	-0.002131628	0.026112443

1496005158158	0.010791367	-0.001065814	0.02504663

1496005158168	0.009725553	-0.004263256	0.019584332

1496005158178	0.008659739	-0.009725553	0.014122035

1496005158190	0.010791367	-0.0075939246	0.018518519

1496005158198	0.010791367	-0.004263256	0.022781774

1496005158208	0.008659739	-0.004263256	0.021715961

1496005158218	0.008659739	0.0	0.021715961

1496005158228	0.008659739	-0.0065281107	0.022781774

1496005158240	0.008659739	-0.003197442	0.029443111

1496005158250	0.0075939246	-0.001065814	0.018518519

1496005158258	0.008659739	-0.00532907	0.015187849

1496005158269	0.003197442	-0.004263256	0.027178258

1496005158278	0.003197442	-0.004263256	0.022781774

1496005158296	0.010791367	-0.003197442	0.017452704

1496005158298	0.009725553	-0.003197442	0.018518519

1496005158308	0.0119904075	0.0	0.018518519

1496005158318	0.010791367	-0.00532907	0.026112443

1496005158330	0.009725553	-0.003197442	0.02504663

1496005158341	0.0119904075	-0.004263256	0.022781774

1496005158350	0.010791367	-0.003197442	0.019584332

1496005158358	0.008659739	-0.00532907	0.023980815

1496005158368	0.0075939246	-0.00532907	0.02504663

1496005158390	0.013056221	-0.0065281107	0.022781774

1496005158398	0.008659739	-0.0065281107	0.021715961

1496005158408	0.0065281107	-0.004263256	0.019584332

1496005158418	0.0075939246	-0.003197442	0.022781774

1496005158428	0.016253663	0.001065814	0.021715961

1496005158440	0.0065281107	-0.004263256	0.020650147

1496005158449	0.0065281107	-0.003197442	0.016253663

1496005158458	0.0065281107	-0.00532907	0.021715961

1496005158468	0.008659739	-0.009725553	0.021715961

1496005158479	0.014122035	-0.002131628	0.020650147

1496005158491	0.016253663	0.001065814	0.021715961

1496005158498	0.013056221	0.002131628	0.026112443

1496005158509	0.010791367	-0.001065814	0.02504663

1496005158519	0.008659739	-0.0065281107	0.02504663

1496005158528	0.008659739	-0.00532907	0.022781774

1496005158541	0.008659739	-0.003197442	0.020650147

1496005158550	0.009725553	-0.00532907	0.023980815

1496005158558	0.00532907	-0.002131628	0.022781774

1496005158568	0.008659739	0.002131628	0.022781774

1496005158578	0.0075939246	-0.002131628	0.016253663

1496005158592	0.008659739	-0.004263256	0.020650147

1496005158600	0.0075939246	0.001065814	0.021715961

1496005158608	0.0065281107	-0.001065814	0.016253663

1496005158618	0.0065281107	-0.0075939246	0.022781774

1496005158628	0.010791367	0.002131628	0.019584332

1496005158640	0.00532907	-0.004263256	0.026112443

1496005158650	0.004263256	-0.004263256	0.023980815

1496005158658	0.010791367	-0.003197442	0.02504663

1496005158668	0.008659739	0.002131628	0.026112443

1496005158678	0.0119904075	-0.004263256	0.019584332

1496005158691	0.008659739	-0.0065281107	0.021715961

1496005158698	0.0075939246	-0.00532907	0.021715961

1496005158708	0.0065281107	-0.003197442	0.020650147

1496005158719	0.009725553	-0.001065814	0.019584332

1496005158728	0.013056221	0.0	0.020650147

1496005158740	0.0065281107	-0.003197442	0.027178258

1496005158749	0.0075939246	-0.0065281107	0.023980815

1496005158758	0.013056221	-0.001065814	0.019584332

1496005158768	0.0065281107	-0.001065814	0.026112443

1496005158778	0.008659739	-0.001065814	0.016253663

1496005158790	0.009725553	-0.001065814	0.018518519

1496005158798	0.008659739	-0.003197442	0.023980815

1496005158809	0.008659739	-0.00532907	0.021715961

1496005158819	0.0075939246	-0.003197442	0.019584332

1496005158828	0.0075939246	-0.003197442	0.02504663

1496005158846	0.004263256	-0.0075939246	0.019584332

1496005158850	0.004263256	-0.004263256	0.020650147

1496005158860	0.0065281107	-0.003197442	0.019584332

1496005158869	0.0075939246	-0.001065814	0.016253663

1496005158878	0.0075939246	0.001065814	0.018518519

1496005158892	0.0075939246	-0.004263256	0.026112443

1496005158899	0.0075939246	-0.001065814	0.027178258

1496005158908	0.00532907	-0.002131628	0.020650147

1496005158918	0.0065281107	-0.0065281107	0.021715961

1496005158928	0.009725553	-0.002131628	0.017452704

1496005158942	0.010791367	-0.002131628	0.017452704

1496005158948	0.0075939246	-0.00532907	0.020650147

1496005158959	0.0075939246	-0.0075939246	0.016253663

1496005158968	0.0075939246	-0.003197442	0.022781774

1496005158978	0.0119904075	0.003197442	0.019584332

1496005158995	0.008659739	0.004263256	0.020650147

1496005158998	0.0119904075	-0.00532907	0.019584332

1496005159008	0.0075939246	-0.00532907	0.022781774

1496005159018	0.010791367	-0.001065814	0.019584332

1496005159028	0.008659739	-0.27924326	0.020650147

1496005159040	0.0119904075	-0.0065281107	0.020650147

1496005159048	0.014122035	0.0	0.013056221

1496005159061	0.0119904075	0.002131628	0.015187849

1496005159068	0.010791367	-0.001065814	0.020650147

1496005159078	0.010791367	0.004263256	0.023980815

1496005159090	0.008659739	-0.001065814	0.022781774

1496005159098	0.0065281107	-0.004263256	0.026112443

1496005159108	0.008659739	-0.002131628	0.02504663

1496005159118	0.010791367	-0.001065814	0.018518519

