1495706561546	-0.0	0.4708837	10.045519

1495706561547	-0.0	0.4708837	9.967038

1495706561548	-0.0	0.5493643	9.888557

1495706561552	-0.0	0.5493643	9.967038

1495706561553	-0.0	0.5493643	10.045519

1495706561553	-0.0	0.5493643	9.967038

1495706561559	-0.078480616	0.5493643	10.045519

1495706561578	-0.0	0.5493643	10.045519

1495706561580	-0.0	0.5493643	9.967038

1495706561613	-0.0	0.4708837	9.967038

1495706561615	-0.0	0.4708837	10.045519

1495706561620	-0.0	0.5493643	10.045519

1495706561639	-0.0	0.4708837	9.967038

1495706561659	-0.0	0.4708837	9.967038

1495706561698	-0.0	0.5493643	9.967038

1495706561709	-0.0	0.4708837	9.967038

1495706561730	-0.0	0.5493643	9.967038

1495706561750	-0.0	0.5493643	9.967038

1495706561760	-0.0	0.5493643	9.967038

1495706561770	-0.0	0.4708837	9.967038

1495706561784	-0.0	0.5493643	9.967038

1495706561790	0.078480616	0.5493643	9.967038

1495706561800	0.078480616	0.4708837	9.967038

1495706561810	-0.0	0.4708837	10.045519

1495706561830	-0.0	0.5493643	9.967038

1495706561839	-0.0	0.4708837	9.967038

1495706561866	-0.0	0.4708837	9.888557

1495706561870	-0.0	0.5493643	9.888557

1495706561880	-0.0	0.5493643	9.967038

1495706561890	-0.0	0.5493643	10.045519

1495706561913	-0.0	0.4708837	10.045519

1495706561914	-0.0	0.4708837	9.967038

1495706561920	-0.0	0.4708837	9.967038

1495706561930	-0.0	0.4708837	9.967038

1495706561939	-0.0	0.4708837	9.967038

1495706561957	-0.0	0.4708837	10.045519

1495706561960	-0.0	0.4708837	9.967038

1495706561979	-0.0	0.4708837	10.045519

1495706561995	-0.0	0.4708837	10.045519

1495706562000	-0.0	0.5493643	9.967038

1495706562009	-0.0	0.4708837	9.967038

1495706562020	-0.0	0.4708837	9.967038

1495706562029	-0.0	0.4708837	10.045519

1495706562039	-0.0	0.5493643	10.045519

1495706562056	-0.0	0.5493643	9.967038

1495706562059	-0.0	0.4708837	9.967038

1495706562094	-0.0	0.4708837	10.045519

1495706562095	0.078480616	0.4708837	10.045519

1495706562099	-0.0	0.4708837	10.045519

1495706562132	-0.0	0.4708837	9.967038

1495706562140	-0.0	0.5493643	9.967038

1495706562150	-0.0	0.5493643	9.967038

1495706562173	-0.0	0.5493643	9.967038

1495706562179	-0.0	0.4708837	9.967038

1495706562190	-0.0	0.4708837	10.045519

1495706562199	-0.0	0.5493643	10.045519

1495706562218	-0.0	0.5493643	9.967038

1495706562220	-0.0	0.5493643	10.045519

1495706562229	-0.0	0.5493643	10.045519

1495706562239	-0.0	0.5493643	10.045519

1495706562249	-0.0	0.5493643	9.967038

1495706562259	-0.0	0.5493643	10.045519

1495706562274	-0.0	0.5493643	9.967038

1495706562289	-0.0	0.4708837	9.967038

1495706562305	-0.0	0.4708837	10.045519

1495706562310	-0.0	0.4708837	9.967038

1495706562320	-0.0	0.4708837	9.967038

1495706562330	-0.0	0.4708837	9.967038

1495706562339	-0.0	0.5493643	9.967038

1495706562379	-0.0	0.5493643	10.045519

1495706562404	-0.0	0.5493643	9.967038

1495706562410	-0.0	0.5493643	9.967038

1495706562420	-0.0	0.4708837	9.967038

1495706562450	-0.0	0.5493643	9.967038

1495706562470	-0.0	0.4708837	9.967038

1495706562492	-0.0	0.4708837	10.045519

1495706562500	-0.0	0.4708837	10.045519

1495706562510	-0.0	0.5493643	10.045519

1495706562532	-0.0	0.5493643	10.045519

1495706562537	-0.0	0.4708837	10.045519

1495706562540	-0.0	0.4708837	9.967038

1495706562559	-0.0	0.4708837	9.967038

1495706562575	-0.0	0.4708837	9.967038

1495706562590	-0.0	0.4708837	9.967038

1495706562615	-0.0	0.5493643	9.967038

1495706562630	-0.0	0.5493643	9.967038

1495706562639	-0.0	0.4708837	9.967038

1495706562682	-0.0	0.5493643	9.967038

1495706562700	-0.0	0.5493643	9.967038

1495706562710	-0.0	0.5493643	9.967038

1495706562732	-0.0	0.5493643	10.045519

1495706562740	-0.0	0.5493643	9.967038

1495706562749	-0.0	0.4708837	10.045519

1495706562772	-0.0	0.4708837	9.967038

1495706562779	-0.0	0.4708837	10.045519

1495706562789	-0.0	0.4708837	9.967038

1495706562812	-0.0	0.4708837	9.967038

1495706562820	-0.0	0.5493643	9.967038

1495706562830	-0.0	0.5493643	9.967038

1495706562853	-0.0	0.5493643	10.045519

1495706562860	-0.0	0.5493643	9.967038

1495706562879	-0.0	0.4708837	9.967038

1495706562896	-0.0	0.4708837	9.967038

1495706562910	-0.078480616	0.5493643	9.967038

1495706562931	-0.078480616	0.5493643	10.045519

1495706562932	-0.0	0.5493643	10.045519

1495706562940	-0.0	0.4708837	9.967038

1495706562950	-0.0	0.4708837	9.967038

1495706562972	-0.0	0.5493643	9.967038

1495706562973	-0.0	0.5493643	9.967038

1495706562980	-0.0	0.4708837	9.967038

1495706563012	-0.0	0.4708837	9.967038

1495706563013	-0.0	0.4708837	10.045519

1495706563030	-0.0	0.4708837	9.967038

1495706563039	-0.0	0.5493643	9.967038

1495706563058	-0.0	0.5493643	10.045519

1495706563059	-0.0	0.5493643	9.967038

1495706563070	-0.0	0.4708837	10.045519

1495706563080	-0.0	0.4708837	10.045519

1495706563100	-0.0	0.4708837	9.967038

1495706563101	-0.0	0.4708837	10.045519

1495706563110	-0.0	0.5493643	10.045519

1495706563119	-0.0	0.5493643	10.045519

1495706563130	-0.0	0.5493643	9.967038

1495706563143	0.078480616	0.4708837	10.045519

1495706563150	-0.0	0.4708837	10.045519

1495706563175	-0.078480616	0.4708837	9.967038

1495706563175	-0.0	0.5493643	9.967038

1495706563179	-0.0	0.5493643	9.967038

1495706563189	-0.0	0.5493643	9.967038

1495706563211	-0.0	0.4708837	9.967038

1495706563220	-0.0	0.5493643	10.045519

1495706563230	-0.0	0.5493643	10.045519

1495706563254	-0.0	0.4708837	10.045519

1495706563255	-0.0	0.5493643	9.967038

1495706563260	-0.0	0.4708837	10.045519

1495706563319	-0.0	0.5493643	9.967038

1495706563335	-0.0	0.5493643	10.045519

1495706563339	-0.0	0.5493643	9.967038

1495706563359	-0.0	0.5493643	10.045519

1495706563379	-0.0	0.4708837	10.045519

1495706563380	-0.0	0.4708837	9.967038

1495706563389	-0.0	0.5493643	9.967038

1495706563411	-0.0	0.5493643	10.045519

1495706563411	-0.0	0.4708837	10.045519

1495706563419	-0.0	0.4708837	9.967038

1495706563429	-0.0	0.5493643	9.967038

1495706563444	-0.0	0.5493643	10.045519

1495706563450	-0.0	0.4708837	10.045519

1495706563460	-0.0	0.5493643	9.967038

1495706563485	-0.0	0.5493643	10.045519

1495706563491	0.078480616	0.4708837	9.967038

1495706563500	-0.0	0.4708837	9.967038

1495706563536	0.078480616	0.5493643	9.967038

1495706563540	-0.0	0.4708837	10.045519

1495706563550	-0.0	0.4708837	9.967038

1495706563586	-0.0	0.5493643	9.967038

1495706563586	-0.0	0.5493643	10.045519

1495706563587	-0.0	0.5493643	10.045519

1495706563601	-0.0	0.5493643	9.967038

1495706563610	-0.0	0.5493643	9.967038

1495706563624	-0.0	0.4708837	9.967038

1495706563630	-0.0	0.4708837	9.967038

1495706563650	-0.0	0.4708837	9.967038

1495706563666	-0.0	0.4708837	9.967038

1495706563671	-0.0	0.5493643	10.045519

1495706563680	-0.0	0.5493643	9.967038

1495706563699	-0.0	0.4708837	10.045519

1495706563713	-0.0	0.5493643	9.967038

1495706563720	-0.0	0.5493643	10.045519

1495706563730	-0.0	0.5493643	9.967038

1495706563741	-0.0	0.5493643	10.045519

1495706563759	-0.0	0.4708837	10.045519

1495706563779	-0.0	0.4708837	9.967038

1495706563790	-0.0	0.4708837	9.967038

1495706563800	-0.0	0.4708837	9.967038

1495706563830	-0.0	0.5493643	9.888557

1495706563850	-0.0	0.4708837	9.967038

1495706563865	-0.0	0.5493643	9.967038

1495706563870	-0.0	0.5493643	9.967038

1495706563880	-0.0	0.5493643	9.967038

1495706563906	-0.0	0.5493643	10.045519

1495706563920	-0.0	0.4708837	9.888557

1495706563930	-0.0	0.4708837	9.967038

1495706563950	-0.0	0.5493643	9.967038

1495706563951	-0.0	0.4708837	9.967038

1495706563960	-0.078480616	0.4708837	9.967038

1495706563970	-0.0	0.5493643	9.967038

1495706563995	-0.0	0.5493643	9.967038

1495706563996	-0.0	0.4708837	9.967038

1495706564019	-0.0	0.5493643	9.967038

1495706564033	-0.0	0.5493643	9.967038

1495706564040	-0.0	0.5493643	9.967038

1495706564050	-0.0	0.5493643	10.045519

1495706564080	-0.0	0.4708837	10.045519

1495706564090	-0.0	0.5493643	9.967038

1495706564099	-0.0	0.5493643	9.967038

1495706564113	-0.0	0.4708837	9.888557

1495706564120	-0.0	0.5493643	9.967038

1495706564130	-0.0	0.4708837	9.967038

1495706564152	-0.0	0.4708837	9.967038

1495706564160	-0.0	0.4708837	10.045519

1495706564170	-0.0	0.4708837	9.967038

1495706564198	-0.0	0.5493643	9.967038

1495706564199	-0.0	0.5493643	9.967038

1495706564210	-0.0	0.5493643	9.967038

1495706564231	-0.0	0.5493643	9.967038

1495706564239	-0.0	0.5493643	9.967038

1495706564263	-0.0	0.4708837	9.967038

1495706564280	-0.0	0.5493643	9.967038

1495706564290	-0.0	0.4708837	9.967038

1495706564304	-0.0	0.5493643	9.967038

1495706564310	-0.078480616	0.5493643	9.967038

1495706564320	-0.0	0.5493643	9.967038

1495706564330	-0.0	0.4708837	9.967038

1495706564363	-0.0	0.4708837	10.045519

1495706564370	-0.0	0.4708837	10.045519

1495706564406	-0.0	0.5493643	9.967038

1495706564407	-0.0	0.4708837	9.967038

1495706564410	-0.0	0.4708837	10.045519

1495706564430	-0.0	0.4708837	9.967038

1495706564448	-0.0	0.5493643	9.967038

1495706564451	-0.0	0.4708837	10.045519

1495706564460	-0.0	0.4708837	10.045519

1495706564492	-0.0	0.4708837	9.967038

1495706564534	-0.0	0.5493643	9.967038

1495706564539	-0.0	0.5493643	10.045519

1495706564549	-0.0	0.5493643	9.967038

1495706564569	-0.0	0.4708837	9.967038

1495706564609	-0.0	0.5493643	9.967038

1495706564624	-0.0	0.4708837	9.967038

1495706564630	-0.0	0.4708837	10.045519

1495706564640	-0.0	0.5493643	9.967038

1495706564672	-0.0	0.4708837	9.967038

1495706564679	-0.0	0.5493643	9.967038

1495706564700	-0.0	0.5493643	9.967038

1495706564709	-0.0	0.4708837	9.967038

1495706564719	-0.0	0.4708837	9.967038

1495706564738	-0.0	0.5493643	9.967038

1495706564739	-0.0	0.5493643	9.967038

1495706564750	-0.0	0.5493643	10.045519

1495706564770	-0.0	0.4708837	9.967038

1495706564779	-0.0	0.5493643	9.967038

1495706564803	-0.0	0.4708837	9.967038

1495706564811	-0.078480616	0.4708837	9.967038

1495706564820	-0.0	0.5493643	9.888557

1495706564847	-0.0	0.4708837	10.045519

1495706564850	-0.0	0.5493643	9.967038

1495706564893	-0.0	0.4708837	9.967038

1495706564894	-0.0	0.4708837	10.045519

1495706564899	-0.0	0.4708837	9.967038

1495706564933	-0.0	0.5493643	9.967038

1495706564934	-0.0	0.4708837	9.967038

1495706564940	-0.0	0.5493643	9.967038

1495706564973	0.078480616	0.4708837	9.888557

1495706564979	-0.0	0.5493643	9.967038

1495706564989	-0.0	0.4708837	9.967038

1495706565012	-0.0	0.4708837	9.967038

1495706565017	-0.0	0.4708837	10.045519

1495706565020	-0.078480616	0.4708837	9.967038

1495706565030	-0.078480616	0.4708837	9.967038

1495706565039	-0.0	0.5493643	9.967038

1495706565053	-0.078480616	0.5493643	9.967038

1495706565060	-0.0	0.5493643	9.967038

1495706565070	-0.0	0.4708837	9.888557

1495706565093	-0.0	0.4708837	9.967038

1495706565094	-0.0	0.4708837	9.967038

1495706565100	-0.0	0.4708837	9.967038

1495706565120	-0.0	0.5493643	9.967038

1495706565135	-0.0	0.4708837	9.967038

1495706565149	-0.0	0.4708837	10.045519

1495706565171	-0.0	0.5493643	10.045519

1495706565179	-0.0	0.5493643	9.967038

1495706565190	-0.0	0.4708837	9.967038

1495706565215	-0.0	0.5493643	10.045519

1495706565219	-0.0	0.4708837	10.045519

1495706565229	-0.0	0.4708837	9.967038

1495706565259	-0.0	0.4708837	10.045519

1495706565270	-0.0	0.5493643	10.045519

1495706565279	-0.0	0.5493643	9.967038

1495706565299	-0.0	0.5493643	10.045519

1495706565309	-0.0	0.5493643	9.967038

1495706565335	-0.0	0.5493643	9.967038

1495706565339	-0.0	0.5493643	9.967038

1495706565378	-0.0	0.4708837	9.967038

1495706565380	-0.0	0.4708837	9.888557

1495706565390	-0.0	0.4708837	9.967038

1495706565418	-0.0	0.5493643	9.967038

1495706565420	-0.0	0.4708837	9.967038

1495706565429	-0.0	0.4708837	9.888557

1495706565440	-0.0	0.5493643	9.888557

1495706565450	-0.0	0.5493643	9.967038

1495706565463	-0.0	0.4708837	9.967038

1495706565470	-0.0	0.5493643	9.967038

1495706565480	-0.0	0.5493643	9.967038

1495706565498	-0.0	0.5493643	9.967038

1495706565509	-0.0	0.4708837	9.967038

1495706565532	-0.0	0.5493643	9.967038

1495706565533	-0.0	0.4708837	9.967038

1495706565569	-0.078480616	0.4708837	9.967038

1495706565574	-0.0	0.5493643	9.967038

1495706565580	-0.0	0.5493643	9.967038

1495706565590	-0.0	0.4708837	9.888557

1495706565614	-0.0	0.4708837	9.967038

1495706565629	-0.0	0.5493643	9.967038

1495706565659	-0.0	0.4708837	9.967038

1495706565679	-0.0	0.5493643	9.967038

1495706565709	-0.0	0.4708837	10.045519

1495706565726	-0.0	0.4708837	9.967038

1495706565730	-0.0	0.5493643	9.967038

1495706565739	-0.0	0.5493643	9.967038

1495706565750	-0.0	0.5493643	9.967038

1495706565759	-0.0	0.4708837	9.967038

1495706565773	-0.0	0.4708837	9.967038

1495706565780	-0.0	0.5493643	9.967038

1495706565791	-0.0	0.5493643	9.967038

1495706565810	-0.078480616	0.4708837	9.967038

1495706565819	-0.0	0.4708837	10.045519

1495706565838	-0.0	0.5493643	9.967038

1495706565860	-0.0	0.4708837	9.967038

1495706565876	-0.0	0.4708837	10.045519

1495706565880	-0.078480616	0.4708837	9.967038

1495706565889	-0.078480616	0.4708837	9.967038

1495706565899	-0.0	0.4708837	9.967038

1495706565920	-0.0	0.5493643	9.967038

1495706565956	-0.0	0.4708837	9.967038

1495706565970	-0.0	0.4708837	9.967038

1495706565980	-0.0	0.4708837	9.967038

1495706565990	-0.0	0.5493643	9.967038

1495706566038	-0.0	0.4708837	9.967038

1495706566040	-0.0	0.5493643	9.967038

1495706566049	-0.0	0.5493643	9.967038

1495706566060	-0.0	0.5493643	9.967038

1495706566079	-0.0	0.5493643	9.888557

1495706566100	-0.0	0.5493643	9.888557

1495706566110	-0.0	0.4708837	9.888557

1495706566133	-0.078480616	0.4708837	9.888557

1495706566141	-0.0	0.5493643	9.967038

1495706566142	-0.0	0.5493643	9.967038

1495706566150	-0.0	0.5493643	9.967038

1495706566179	-0.0	0.5493643	9.888557

1495706566190	-0.0	0.5493643	9.967038

1495706566210	-0.0	0.5493643	10.045519

1495706566211	-0.0	0.4708837	9.967038

1495706566219	-0.0	0.4708837	10.045519

1495706566244	-0.0	0.5493643	9.967038

1495706566250	-0.0	0.5493643	9.967038

1495706566260	-0.0	0.4708837	9.967038

1495706566270	-0.0	0.4708837	9.888557

1495706566285	-0.0	0.4708837	9.888557

1495706566290	-0.0	0.4708837	9.967038

1495706566299	-0.0	0.4708837	9.967038

1495706566310	-0.0	0.4708837	9.967038

1495706566335	-0.0	0.5493643	9.967038

1495706566339	-0.0	0.4708837	9.967038

1495706566371	-0.0	0.4708837	10.045519

1495706566375	-0.0	0.5493643	9.967038

1495706566389	-0.0	0.5493643	9.967038

1495706566412	-0.0	0.4708837	9.967038

1495706566414	-0.078480616	0.4708837	9.967038

1495706566420	-0.0	0.4708837	9.967038

1495706566430	-0.0	0.4708837	10.045519

1495706566457	-0.0	0.5493643	10.045519

1495706566459	-0.0	0.4708837	9.967038

