1495992142376	-1.0165201	-1.2423395	-0.80602187

1495992142383	-1.0165201	-1.2423395	-0.80602187

1495992142385	-1.8041567	-0.98494536	-1.0623502

1495992142391	-2.5818012	-1.0656807	-1.1212363

1495992142404	-3.161071	-1.6143086	-0.9969358

1495992142411	-3.3650413	-2.1248336	-0.7023714

1495992142437	-3.010525	-2.1618705	0.2813749

1495992142438	-3.010525	-2.1618705	0.2813749

1495992142446	-2.7815082	-1.8248068	0.78417265

1495992142452	-2.5655475	-1.655742	1.398348

1495992142461	-2.431255	-1.444178	1.961231

1495992142471	-2.318945	-1.2063682	2.2982948

1495992142484	-2.1553423	-0.98494536	2.456435

1495992142491	-2.0506263	-0.5572875	2.5403676

1495992142507	-1.9709566	0.8028244	2.0953903

1495992142521	-1.6513456	1.064615	1.512923

1495992142531	-0.8289369	1.0863309	0.287903

1495992142541	-0.6664002	1.1037836	0.101385556

1495992142553	-0.6806555	0.82680523	0.1329603

1495992142570	-0.8419931	0.48427925	0.25086597

1495992142572	-1.1037836	0.3282707	0.36970425

1495992142581	-1.3197442	0.32494006	0.45696777

1495992142591	-1.329603	0.44937384	0.5452971

1495992142601	-1.1223022	0.48747668	0.7776446

1495992142611	-0.8529177	0.44604316	1.0405009

1495992142621	-0.81694645	0.18212096	1.170397

1495992142631	-1.0285106	-0.30868638	1.2379429

1495992142641	-1.3034905	-0.69584334	1.2685851

1495992142651	-1.4986677	-0.75579536	1.3022915

1495992142664	-1.586997	-0.58899546	1.3481215

1495992142672	-1.5249134	-0.39914736	1.360112

1495992142681	-1.3689048	-0.1438849	1.3733014

1495992142692	-1.2118305	0.118838266	1.4364508

1495992142705	-0.8791633	0.40460965	1.564082

1495992142714	-0.70889956	0.38502532	1.534639

1495992142722	-0.70889956	0.38502532	1.4431121

1495992142732	-0.008659739	0.2136957	1.3034905

1495992142743	0.4886757	0.04023448	1.0110579

1495992142753	0.515854	0.26392218	0.50492936

1495992142762	0.3326672	0.41220358	-0.042499334

1495992142773	0.37410071	0.3347988	-0.45483613

1495992142781	0.66320276	0.20943245	-0.71982414

1495992142794	1.0732747	0.11990408	-0.927125

1495992142801	1.4158007	-0.018518519	-1.0907274

1495992142814	1.6088463	-0.15161204	-1.1638689

1495992142821	1.5794032	-0.402478	-1.0579536

1495992142835	1.389555	-0.7569944	-0.7046363

1495992142842	1.5794032	-0.7057021	-0.3446576

1495992142856	2.2688515	-1.2009059	-0.64028776

1495992142874	2.5239809	-1.0591527	-0.75153214

1495992142882	2.8523848	-0.5103917	-0.7166267

1495992142896	2.8763657	-0.19957368	-0.5770051

1495992142908	2.6473489	-0.31734613	-0.5169198

1495992142916	2.2928324	-0.74713564	-0.9445777

1495992142925	1.9185984	-0.95989877	-1.1452172

1495992142935	1.36664	-0.36424193	-1.2848388

1495992142946	1.2053025	-0.08180123	-1.3743671

1495992142952	1.0448974	-0.045696776	-1.4539036

1495992142961	0.88129497	-0.13962163	-1.5881962

1495992142971	0.71982414	-0.12430056	-1.6971756

1495992142981	0.56061816	-0.10245137	-1.7747135

1495992142991	0.379563	-0.12216893	-1.8073541

1495992143001	0.19197975	-0.12430056	-1.7583266

1495992143012	0.06434852	-0.023980815	-1.6754596

1495992143021	0.018518519	0.21702638	-1.5718092

1495992143031	0.093791634	0.59445775	-1.4648281

1495992143041	0.3326672	0.9980016	-1.3361311

1495992143053	0.7973621	1.0667466	-1.2084999

1495992143061	1.467093	0.61191046	-1.2084999

1495992143071	2.0779376	-0.019584332	-1.4256594

1495992143082	2.3910205	-0.45043966	-1.64162

1495992143091	2.440048	-0.89221954	-1.4387157

1495992143101	2.2524648	-1.2827072	-0.89221954

1495992143112	1.8565148	-1.2860378	-0.29882762

1495992143121	1.3535838	-0.6108447	0.117772445

1495992143131	0.6249667	1.3918198	0.5867306

1495992143141	0.59992003	1.0743406	0.6522782

1495992143152	0.8377298	0.38276047	0.59765524

1495992143162	1.3339995	-0.44284573	0.46349588

1495992143171	1.7223555	-0.67292833	0.26392218

1495992143181	1.8150812	-0.36970425	0.035971224

1495992143192	1.7037038	-0.16786571	-0.28350654

1495992143201	1.4583	0.015187849	-0.6205702

1495992143211	1.2336798	0.16786571	-0.79403144

1495992143221	1.0667466	0.19957368	-0.8322675

1495992143231	1.0253131	0.020650147	-0.82240874

1495992143246	1.0688782	-0.36530775	-0.90207833

1495992143252	1.078737	-0.41993073	-0.91513455

1495992143262	1.0972556	-0.55302423	-0.895417

1495992143271	1.1136425	-0.94351184	-0.8518519

1495992143281	1.0678124	-1.069944	-0.92379427

1495992143291	0.99587	-0.88782305	-1.1223022

1495992143301	0.95004	-0.7732481	-1.1823875

1495992143311	0.8377298	-0.63908875	-1.1397549

1495992143322	0.287903	-0.31841195	-0.9990674

1495992143331	-0.029443111	-0.10578204	-0.7732481

1495992143341	-0.4188649	0.046895817	-0.47881696

1495992143352	-0.82134295	-0.055555556	-0.18651745

1495992143362	-1.2084999	-0.28350654	0.10245137

1495992143371	-1.6121769	-0.492939	0.35984546

1495992143382	-2.0157208	-0.6053824	0.59445775

1495992143396	-2.4127364	-0.6064482	0.8377298

1495992143402	-2.7323475	-0.6653344	1.0995203

1495992143412	-2.9428458	-0.80708766	1.2717825

1495992143422	-3.0868638	-1.0612843	1.3001599

1495992143432	-3.2319477	-1.4244604	1.2553957

1495992143448	-3.3759658	-1.6939782	1.2227551

1495992143456	-3.4501731	-1.7463362	1.2118305

1495992143461	-3.3715694	-1.6262989	1.1889155

1495992143471	-3.0923262	-1.4539036	1.1125766

1495992143481	-2.6461496	-1.3907541	1.009992

1495992143491	-2.081135	-1.4179323	1.0013323

1495992143502	-1.5062617	-1.3274714	1.1485479

1495992143513	-1.0242473	-0.96203035	1.3733014

1495992143521	-0.68718356	-0.29882762	1.5543565

1495992143532	-0.5682121	0.84638953	1.3710365

1495992143541	-0.6739941	1.2543299	1.1191047

1495992143552	-0.7689848	1.3798295	0.96642685

1495992143562	-0.7460698	1.1540102	0.9511058

1495992143571	-0.676259	0.6893152	1.0972556

1495992143581	-0.66200376	0.06541433	1.36664

1495992143593	-0.6478817	-0.5965894	1.732081

1495992143602	-0.5518252	-0.9761524	2.0310419

1495992143612	-0.40021315	-0.9555023	2.2175593

1495992143622	-0.2704503	-0.81801224	2.3113508

1495992143641	-0.2136957	-0.6249667	2.2753797

1495992143650	-0.22795098	-0.3217426	2.2753797

1495992143653	-0.3032241	-0.018518519	2.2873702

1495992143661	-0.38169464	0.2759126	2.2600586

1495992143671	-0.46895817	0.6096456	2.2295496

1495992143681	-0.5486278	0.93804955	2.1694643

1495992143691	-0.6064482	1.2139622	2.0931256

1495992143702	-0.6314948	1.421263	1.9928057

1495992143712	-0.6064482	1.4834799	1.664535

1495992143721	-0.5442313	1.4877431	1.4387157

1495992143731	-0.39155343	1.3132161	1.147482

1495992143742	-0.27378097	1.193312	0.81588066

1495992143754	-0.09698907	1.1441513	0.48534507

1495992143761	0.107913665	1.1005862	0.18651745

1495992143772	0.32494006	1.0383693	-0.074074075

1495992143782	0.54316545	0.9401812	-0.29669598

1495992143795	0.7918998	0.82134295	-0.46136424

1495992143803	1.0732747	0.7122302	-0.59339195

1495992143811	1.3852918	0.5736744	-0.7263523

1495992143821	1.6929123	0.35771382	-0.81801224

1495992143831	1.8946177	-0.010791367	-0.82134295

1495992143841	1.9328537	-0.5802025	-0.6969091

1495992143853	1.9993339	-0.8943512	-0.492939

1495992143862	2.3494537	-0.87689847	-0.5824674

1495992143871	2.8839595	-0.77005064	-0.85944575

1495992143882	3.0432987	-1.1191047	-1.1289635

1495992143892	2.77498	-1.5051959	-1.3491874

1495992143901	2.2775114	-1.2936318	-1.4539036

1495992143911	1.7572608	-0.54103386	-1.4692246

1495992143922	0.6239009	0.50932586	-1.1605382

1495992143932	0.39475086	0.6577405	-1.1277645

1495992143942	0.34026113	0.6926459	-1.1485479

1495992143953	0.32494006	0.63908875	-1.1735945

1495992143962	0.2813749	0.49520382	-1.2259526

1495992143972	0.2136957	0.36317614	-1.3405275

1495992143983	0.12216893	0.24207301	-1.5106581

1495992143995	0.049027443	0.15480949	-1.7070343

1495992144001	0.004263256	0.069810815	-1.915401

1495992144011	-0.043565147	-0.035971224	-2.157474

1495992144021	-0.101385556	-0.12323475	-2.4150014

1495992144031	-0.1384226	-0.09925393	-2.614575

1495992144041	-0.1558753	0.09925393	-2.6822543

1495992144052	-0.17226219	0.40900612	-2.621103

1495992144062	-0.14934719	0.80602187	-2.4814816

1495992144071	-0.027178258	1.3426592	-2.324407

1495992144081	0.26179057	1.6677325	-2.1444178

1495992144091	0.67732483	1.5739409	-1.8902211

1495992144102	1.0471623	1.1943778	-1.5750066

1495992144111	1.2499334	0.8028244	-1.2631228

1495992144122	1.3056222	0.58353317	-0.49626964

1495992144132	1.1943778	0.41446844	-0.13189448

1495992144156	0.987077	0.57047695	0.2584599

1495992144191	0.92059684	0.676259	0.3228084

1495992144197	0.86277646	0.71329606	0.3839595

1495992144202	0.7765787	0.70343727	0.43298694

1495992144204	0.69144684	0.7046363	0.45043966

1495992144206	0.6598721	0.7351452	0.4864109

1495992144212	0.7263523	0.7395417	0.5355715

1495992144222	0.87263525	0.66320276	0.58899546

1495992144231	1.0165201	0.6270983	0.6108447

1495992144241	1.0579536	0.6653344	0.5867306

1495992144252	1.0405009	0.59445775	0.51265657

1495992144262	1.0001333	0.37077004	0.46789235

1495992144271	0.85398346	0.3490541	0.4820144

1495992144281	0.6554756	0.22795098	0.47228885

1495992144291	0.44937384	0.067545965	0.46136424

1495992144301	0.24313882	0.14068745	0.41993073

1495992144311	0.20397016	0.15267786	0.492939

1495992144321	0.31734613	-0.111244336	0.5584865

1495992144331	0.45150545	-0.002131628	0.34572342

1495992144355	0.53663737	-0.061017852	0.2017053

1495992144364	0.71329606	-0.35011992	-0.10351719

1495992144381	0.71329606	-0.033706367	-0.46895817

1495992144383	0.7504663	0.11337597	-0.7875033

1495992144391	0.8802292	-0.015187849	-0.94244605

1495992144402	1.0417	-0.3228084	-0.99587

1495992144411	1.0917932	-0.35771382	-1.0951239

1495992144421	1.0983213	-0.22795098	-1.207434

1495992144431	1.1910472	-0.35225153	-1.2172928

1495992144441	1.3306688	-0.53663737	-1.1714628

1495992144452	1.4452438	-0.56608045	-1.3022915

1495992144462	1.511724	-0.40794033	-1.4463096

1495992144471	1.5466293	-0.3784972	-1.4539036

1495992144481	1.5051959	-0.402478	-1.3743671

1495992144491	1.352518	-0.3217426	-1.2063682

1495992144501	1.0417	-0.1613376	-1.0175859

1495992144511	0.58792967	0.15267786	-0.83986145

1495992144522	-0.31841195	0.39261925	-0.6053824

1495992144532	-0.7580602	0.26392218	-0.58899546

1495992144543	-1.1899813	0.19850786	-0.51478815

1495992144553	-1.6338929	0.196243	-0.34572342

1495992144561	-2.0844657	0.19197975	-0.10245137

1495992144571	-2.5174527	0.18212096	0.13522515

1495992144582	-2.894884	0.16466826	0.35331735

1495992144591	-3.1981082	0.16786571	0.55622166

1495992144601	-3.444711	0.1842526	0.75153214

1495992144613	-3.6344259	0.1897149	0.941247

1495992144622	-3.709699	0.07847056	1.101652

1495992144631	-3.6606715	0.069810815	1.1899813

1495992144641	-3.5766053	0.14068745	1.1855849

1495992144652	-3.5210497	0.21596056	1.1060485

1495992144661	-3.4567013	0.37623236	1.0634159

1495992144672	-3.2952304	0.6282974	1.1201705

1495992144681	-3.0639489	0.9773514	1.1790568

1495992144691	-2.8698375	1.3415934	1.1769252

1495992144702	-2.697442	1.6492139	1.1071143

1495992144714	-2.4421797	2.0157208	1.0722089

1495992144722	-1.809619	2.804423	0.9576339

1495992144732	-1.4877431	2.9331203	0.90207833

1495992144741	-1.1769252	2.6341593	1.0808686

1495992144753	-0.87689847	1.9938716	1.4790834

1495992144762	-0.59992003	1.2216893	1.982947

1495992144771	-0.47988275	0.33160138	2.5393019

1495992144781	-0.6009859	-0.5452971	2.9440448

1495992144792	-0.7460698	-1.1638689	2.9766853

1495992144801	-0.7046363	-1.216227	2.7847056

1495992144811	-0.4864109	-0.7721822	2.667999

1495992144822	-0.25086597	-0.29003465	2.5349054

1495992144831	-0.074074075	0.15267786	2.3593125

1495992144841	0.06541433	0.5726086	2.3004262

1495992144852	0.19197975	0.9063416	2.3451905

1495992144861	0.34026113	1.1464162	2.4673595

1495992144872	0.4886757	1.2282175	2.5523582

1495992144882	0.57593924	1.4277911	2.6429522

1495992144891	0.5496936	1.512923	2.7781775

1495992144902	0.50066614	1.4637623	2.6167066

1495992144911	0.45696777	1.6656009	2.6167066

1495992144921	0.37729818	2.1389556	2.432454

1495992144931	0.3511857	2.1706634	2.317879

1495992144952	0.31081802	2.4084733	2.2230215

1495992144962	0.18864909	2.5043964	1.9055423

1495992144976	0.1842526	2.576339	1.7833734

1495992144982	0.2464695	2.516387	1.6262989

1495992145005	0.35438317	2.5655475	1.4321876

1495992145006	0.492939	2.5949907	1.216227

1495992145011	0.6151079	2.5382361	0.941247

1495992145021	0.7231548	2.455369	0.6140421

1495992145031	0.8245404	2.3288035	0.2933653

1495992145041	0.9227285	2.188116	-0.004263256

1495992145055	1.0732747	1.94591	-0.25086597

1495992145062	1.2936318	1.6296296	-0.47228885

1495992145071	1.5259792	1.0602185	-0.61737275

1495992145081	1.6994405	0.42539302	-0.64028776

1495992145092	1.840128	-0.029443111	-0.5103917

1495992145101	1.960032	-0.30748734	-0.38822275

1495992145111	2.2960298	-0.57047695	-0.7809752

1495992145121	3.1785238	-0.759126	-1.0165201

1495992145131	3.2843058	-1.147482	-1.138689

1495992145141	3.1785238	-1.6622702	-1.6132427

1495992145153	2.8000267	-2.1694643	-1.9709566

1495992145162	2.2098322	-1.7234212	-1.9251266

1495992145187	1.5947242	-0.81588066	-1.490008

1495992145189	1.1266986	-0.1384226	-1.055822

1495992145191	0.8387956	0.17013057	-0.87370104

1495992145201	0.63589126	0.29003465	-0.91953105

1495992145211	0.49626964	0.39261925	-1.1626699

1495992145221	0.38169464	0.43192112	-1.4114043

1495992145232	0.2769784	0.42645884	-1.6077805

1495992145241	0.20943245	0.5082601	-1.7735145

1495992145252	0.1624034	0.74713564	-1.9131361

1495992145262	0.09259259	1.0307754	-2.0233147

1495992145272	0.001065814	1.3339995	-2.0626166

1495992145281	-0.1100453	1.59579	-2.0484946

1495992145291	-0.196243	1.7049028	-2.0430322

1495992145302	-0.2126299	1.6580069	-2.0985878

1495992145312	-0.16786571	1.5510259	-2.0920596

1495992145322	0.150413	1.2259526	-1.9317878

1495992145333	0.5507594	1.0471623	-1.5434319

1495992145352	1.0383693	0.92379427	-1.1147082

1495992145356	1.4736211	0.86717296	-0.782041

1495992145362	1.7549961	0.85078603	-0.53330666

1495992145371	1.8029577	0.9172662	-0.379563

1495992145381	1.6807888	1.1354916	-0.2759126

1495992145391	1.4834799	1.3350652	-0.2136957

1495992145401	1.2172928	1.488809	-0.17559285

1495992145412	0.9303224	1.6481482	-0.15161204

1495992145421	0.72861713	1.786704	-0.150413

1495992145431	0.7067679	1.85425	-0.083932854

1495992145441	0.86384225	1.7244871	0.07953637

1495992145452	1.1048495	1.3264055	0.32933652

1495992145461	1.2183586	0.918332	0.47442046

1495992145471	1.2172928	0.46243006	0.42539302

1495992145482	1.1561418	0.22901678	0.22142287

1495992145492	1.0471623	0.19730882	0.023980815

1495992145507	0.6981082	0.31947774	-0.28030908

1495992145512	0.6981082	0.31947774	-0.42752466

1495992145522	0.68172127	0.46682653	-0.45257127

1495992145534	0.84972024	0.1384226	-0.45257127

1495992145542	0.9980016	-0.10031974	-0.53330666

1495992145569	1.0841993	-0.29443112	-0.69584334

1495992145573	1.1321609	-0.9075406	-0.7864375

1495992145577	1.0841993	-1.36664	-0.8617106

1495992145582	0.9315215	-1.2467359	-1.0427657

1495992145592	0.8136158	-0.9685585	-1.1550759

1495992145602	0.7460698	-0.7351452	-1.1420197

1495992145611	0.6653344	-0.42419398	-1.2107648

1495992145622	0.5343725	-0.013056221	-1.2456701

1495992145631	0.3490541	0.36317614	-1.1256329

1495992145641	0.1624034	0.5518252	-0.9816147

1495992145652	-0.0119904075	0.6544098	-0.8333333

1495992145661	-0.26831868	0.59445775	-0.7460698

1495992145671	-0.66853184	0.5071942	-0.7330136

1495992145681	-1.0808686	0.3610445	-0.62283504

1495992145699	-1.4038103	0.053423926	-0.38502532

1495992145708	-1.6231015	-0.24860112	-0.039168663

1495992145713	-2.0484946	-0.7809752	0.75153214

1495992145729	-2.3517187	-0.7296829	1.0808686

1495992145731	-2.6789236	-0.8998135	1.3264055

1495992145741	-2.971223	-1.1201705	1.5095923

1495992145752	-3.1829202	-1.3077538	1.6470823

1495992145761	-3.3038902	-1.389555	1.7528644

1495992145771	-3.2821743	-1.4015454	1.786704

1495992145781	-3.0824673	-1.4168665	1.6971756

1495992145791	-2.713829	-1.3186784	1.5237143

1495992145802	-2.196776	-1.124567	1.4004797

1495992145812	-1.6273648	-1.0688782	1.3285372

1495992145821	-1.1344258	-1.0253131	1.3623768

1495992145831	-0.8202771	-0.6783906	1.5249134

1495992145841	-0.6827871	-0.08499867	1.7026379

1495992145852	-0.6544098	0.47881696	1.7560618

1495992145861	-0.67292833	0.79296565	1.7070343

1495992145871	-0.7296829	0.84638953	1.580469

1495992145881	-0.8485212	0.85398346	1.4015454

1495992145891	-0.9816147	0.93365306	1.315481

1495992145901	-0.99480414	0.82240874	1.3994138

1495992145911	-0.895417	0.59339195	1.9437783

1495992145922	-0.64028776	-0.23114842	2.1793232

1495992145932	-0.57593924	-0.44058087	2.3124168

1495992145941	-0.49733546	-0.34359178	2.3669064

1495992145952	-0.45043966	-0.15814015	2.309086

1495992145962	-0.46456167	-0.004263256	2.189182

1495992145974	-0.53330666	0.11337597	2.082201

1495992145981	-0.6031175	0.17985612	2.0037303

1495992145991	-0.63908875	0.29003465	1.9175327

1495992146001	-0.6205702	0.46243006	1.8193445

1495992146011	-0.5257128	0.6282974	1.7037038

1495992146022	-0.40021315	0.75579536	1.586997

1495992146032	-0.2912337	0.9216627	1.4551026

1495992146042	-0.18651745	1.064615	1.3056222

1495992146052	-0.09046096	1.1235012	1.1125766

1495992146062	0.016253663	1.0808686	0.88569146

1495992146072	0.13629097	1.0034639	0.5911271

1495992146082	0.2977618	0.90527576	0.25512922

1495992146091	0.49626964	0.7918998	-0.08286704

1495992146101	0.71875834	0.68718356	-0.38822275

1495992146111	0.96203035	0.5965894	-0.88675725

1495992146121	1.3264055	0.17452705	-1.0067946

1495992146131	1.4070077	-0.1842526	-0.98387957

1495992146141	1.3950173	-0.5584865	-0.77990943

1495992146152	1.59579	-0.47881696	-0.48534507

1495992146161	1.9448441	-0.3272049	-0.5311751

1495992146171	2.1248336	-0.51918465	-0.8747668

1495992146181	2.3952837	-0.4886757	-1.0547562

1495992146191	2.652811	-0.41993073	-1.0722089

1495992146201	2.6549428	-0.68491876	-1.3569145

1495992146211	2.4957368	-0.89115375	-1.5314416

1495992146221	2.1542766	-1.0732747	-1.5423661

1495992146233	1.7070343	-0.8038902	-1.4364508

1495992146242	1.3100187	-0.12643218	-1.2172928

1495992146265	1.0165201	0.33586463	-1.124567

1495992146285	0.6827871	0.8245404	-1.2707168

1495992146290	0.5595524	0.93365306	-1.3918198

1495992146292	0.44710898	0.91953105	-1.4976019

1495992146304	0.32933652	0.91953105	-1.6067146

1495992146311	0.24966693	0.93365306	-1.922995

1495992146329	0.17452705	0.37077004	-2.0920596

1495992146331	0.06648015	-0.12430056	-2.228484

1495992146341	-0.08606448	-0.34359178	-2.318945

1495992146352	-0.2628564	-0.264988	-2.3429255

1495992146361	-0.45257127	0.051159073	-2.2633893

1495992146371	-0.5900613	0.41766587	-2.082201

1495992146381	-0.5780709	0.6544098	-1.8018918

1495992146391	-0.35771382	0.918332	-1.481215

1495992146401	0.013056221	1.1310952	-1.1550759

1495992146413	0.5027978	0.9980016	-0.80602187

1495992146427	1.0722089	0.5114575	-0.52025044

1495992146432	1.4004797	0.41007194	-0.3097522

1495992146441	1.5674127	0.44604316	-0.1842526

1495992146452	1.5881962	0.3162803	-0.111244336

1495992146461	1.4179323	0.27258193	-0.069810815

1495992146472	1.1310952	0.27804422	-0.06861178

1495992146481	0.78417265	0.47335464	-0.02824407

1495992146491	0.4994671	0.74380493	0.069810815

1495992146502	0.41113776	0.8365308	0.20063949

1495992146512	0.6522782	0.8430589	0.28577137

1495992146522	0.8474554	0.8387956	0.3675726

1495992146532	1.048228	0.745004	0.3784972

1495992146550	1.1899813	0.46789235	0.30202505

1495992146554	1.2946975	0.07300826	0.19304556

1495992146562	1.3252065	0.04796163	0.030508926

1495992146571	1.3252065	0.20823342	-0.22022381

1495992146581	1.3939515	-0.02504663	-0.40674126

1495992146591	1.36664	0.0065281107	-0.538769

1495992146601	1.3514521	0.062083665	-0.74167335

1495992146612	1.4158007	-0.26605383	-0.86384225

1495992146621	1.3863575	-0.47775114	-1.0110579

1495992146631	1.2619238	-0.3228084	-1.2030376

1495992146641	1.1430855	-0.40900612	-1.3264055

1495992146653	1.0045297	-0.48094857	-1.3918198

1495992146661	0.8485212	-0.43405277	-1.451772

1495992146671	0.699174	-0.3860911	-1.4189981

1495992146682	0.55302423	-0.18864909	-1.2521982

1495992146692	0.32933652	0.03810285	-1.071143

1495992146702	-0.001065814	0.14934719	-0.9980016

1495992146712	-0.5824674	0.22022381	-0.73727685

1495992146722	-0.8430589	0.1438849	-0.5223821

1495992146732	-1.1136425	-0.11337597	-0.30535573

1495992146741	-1.3939515	-0.38928857	-0.061017852

1495992146753	-1.6656009	-0.6598721	0.17559285

1495992146761	-1.8836931	-0.99040765	0.48974153

1495992146772	-2.1008527	-1.2740474	0.8932854

1495992146782	-2.3527844	-1.4856116	1.3787637

1495992146791	-2.6091127	-1.7081002	1.7801758

1495992146801	-2.8458567	-1.9808153	2.0342393

1495992146811	-2.9844124	-2.3014922	2.1498802

1495992146821	-2.9680257	-2.516387	2.1793232

1495992146832	-2.8796961	-2.5185184	2.120437

1495992146841	-2.652811	-2.3746336	1.9437783

1495992146852	-2.2447376	-2.2863042	1.7278178

1495992146862	-1.6601386	-2.2087662	1.5249134

1495992146871	-1.0373034	-1.7757794	1.3874234

1495992146881	-0.50066614	-1.0318412	1.421263

1495992146891	-0.19197975	-0.2246203	1.5171863

1495992146901	-0.150413	0.2715161	1.5532907

1495992146911	-0.5921929	0.5169198	1.451772

1495992146921	-1.1266986	0.6510791	1.283773

1495992146931	-1.4845457	0.8474554	1.1801226

1495992146946	-1.68745	0.84532374	1.2019718

1495992146953	-1.6982414	0.598721	1.315481

1495992146962	-1.5390354	0.18864909	1.444178

1495992146972	-1.3100187	-0.22248867	1.4976019

1495992146982	-1.0776712	-0.46789235	1.5586197

1495992146991	-0.84638953	-0.5921929	1.6807888

1495992147001	-0.6325606	-0.6314948	1.8586464

1495992147011	-0.470024	-0.64894754	1.968825

1495992147021	-0.38169464	-0.6293632	1.982947

1495992147031	-0.37623236	-0.5682121	1.961231

