1496006490345	0.004263256	-0.009725553	0.02504663

1496006490350	0.008659739	-0.003197442	0.020650147

1496006490359	0.013056221	0.0	0.02824407

1496006490370	0.009725553	-0.003197442	0.020650147

1496006490380	0.0065281107	-0.002131628	0.0119904075

1496006490388	0.009725553	-0.003197442	0.018518519

1496006490398	0.010791367	-0.002131628	0.017452704

1496006490410	0.0075939246	0.001065814	0.018518519

1496006490420	0.008659739	-0.001065814	0.017452704

1496006490428	0.0075939246	-0.004263256	0.018518519

1496006490440	0.00532907	-0.003197442	0.021715961

1496006490448	0.008659739	0.003197442	0.019584332

1496006490458	0.0065281107	-0.004263256	0.022781774

1496006490471	0.010791367	-0.0075939246	0.022781774

1496006490479	0.008659739	-0.00532907	0.02504663

1496006490490	0.008659739	-0.0065281107	0.029443111

1496006490498	0.0075939246	-0.004263256	0.027178258

1496006490509	0.009725553	-0.001065814	0.02824407

1496006490518	0.009725553	0.0	0.029443111

1496006490528	0.008659739	-0.001065814	0.023980815

1496006490541	0.003197442	-0.001065814	0.023980815

1496006490548	0.004263256	-0.001065814	0.022781774

1496006490559	0.0065281107	0.002131628	0.020650147

1496006490568	0.009725553	-0.002131628	0.020650147

1496006490580	0.0065281107	-0.003197442	0.022781774

1496006490590	0.010791367	-0.001065814	0.02504663

1496006490598	0.010791367	-0.003197442	0.020650147

1496006490608	0.0075939246	-0.002131628	0.026112443

1496006490618	0.008659739	-0.002131628	0.018518519

1496006490628	0.009725553	-0.004263256	0.016253663

1496006490642	0.0119904075	0.002131628	0.023980815

1496006490648	0.0075939246	-0.003197442	0.02824407

1496006490659	0.009725553	-0.002131628	0.02504663

1496006490668	0.013056221	0.003197442	0.020650147

1496006490680	0.009725553	0.002131628	0.02824407

1496006490698	0.0075939246	-0.002131628	0.020650147

1496006490708	0.008659739	-0.001065814	0.023980815

1496006490718	0.0119904075	0.001065814	0.02504663

1496006490728	0.0119904075	-0.002131628	0.021715961

1496006490740	0.003197442	-0.001065814	0.019584332

1496006490748	0.008659739	-0.001065814	0.022781774

1496006490759	0.009725553	-0.002131628	0.014122035

1496006490768	0.0075939246	-0.003197442	0.017452704

1496006490779	0.0075939246	-0.001065814	0.021715961

1496006490790	0.008659739	-0.001065814	0.027178258

1496006490798	0.004263256	-0.00532907	0.017452704

1496006490808	0.0075939246	0.001065814	0.021715961

1496006490819	0.0075939246	0.0	0.019584332

1496006490828	0.009725553	-0.002131628	0.018518519

1496006490840	0.0119904075	-0.003197442	0.016253663

1496006490848	0.014122035	-0.004263256	0.019584332

1496006490859	0.0065281107	-0.002131628	0.018518519

1496006490868	0.0065281107	0.0	0.026112443

1496006490880	0.008659739	-0.004263256	0.016253663

1496006490899	0.0075939246	-0.003197442	0.019584332

1496006490908	0.008659739	-0.00532907	0.017452704

1496006490918	0.009725553	-0.004263256	0.022781774

1496006490928	0.008659739	-0.009725553	0.020650147

1496006490945	0.0075939246	-0.00532907	0.021715961

1496006490948	0.009725553	-0.001065814	0.022781774

1496006490959	0.008659739	-0.003197442	0.020650147

1496006490968	0.0075939246	-0.004263256	0.021715961

1496006490979	0.010791367	-0.003197442	0.022781774

1496006490992	0.0119904075	-0.003197442	0.021715961

1496006491004	0.016253663	-0.00532907	0.019584332

1496006491019	0.009725553	-0.00532907	0.018518519

1496006491020	0.010791367	-0.003197442	0.018518519

1496006491028	0.008659739	-0.004263256	0.017452704

1496006491040	0.008659739	-0.004263256	0.018518519

1496006491049	0.008659739	-0.004263256	0.016253663

1496006491059	0.008659739	-0.001065814	0.015187849

1496006491068	0.0075939246	0.0	0.019584332

1496006491080	0.008659739	-0.0075939246	0.019584332

1496006491100	0.0119904075	-0.0075939246	0.022781774

1496006491108	0.00532907	-0.00532907	0.023980815

1496006491118	0.008659739	0.001065814	0.021715961

1496006491128	0.010791367	-0.002131628	0.022781774

1496006491140	0.010791367	0.003197442	0.021715961

1496006491148	0.0065281107	-0.002131628	0.021715961

1496006491158	0.010791367	0.004263256	0.026112443

1496006491168	0.0119904075	0.004263256	0.018518519

1496006491180	0.010791367	-0.002131628	0.014122035

1496006491191	0.008659739	-0.003197442	0.018518519

1496006491199	0.008659739	-0.002131628	0.017452704

1496006491208	0.008659739	-0.003197442	0.019584332

1496006491219	0.0065281107	-0.004263256	0.020650147

1496006491229	0.009725553	-0.002131628	0.016253663

1496006491246	0.008659739	-0.001065814	0.020650147

1496006491250	0.003197442	-0.0065281107	0.020650147

1496006491259	0.0075939246	-0.008659739	0.017452704

1496006491268	0.010791367	-0.001065814	0.017452704

1496006491280	0.00532907	-0.0065281107	0.023980815

1496006491299	0.004263256	-0.0065281107	0.022781774

1496006491308	0.0119904075	-0.002131628	0.021715961

1496006491318	0.0119904075	-0.010791367	0.020650147

1496006491328	0.013056221	-0.004263256	0.021715961

1496006491340	0.0065281107	-0.002131628	0.02504663

1496006491348	0.010791367	-0.001065814	0.022781774

1496006491358	0.0065281107	-0.004263256	0.020650147

1496006491368	0.0065281107	-0.0075939246	0.018518519

1496006491379	0.0065281107	-0.003197442	0.018518519

1496006491393	0.004263256	-0.008659739	0.023980815

1496006491403	0.00532907	-0.0075939246	0.023980815

1496006491409	0.010791367	-0.004263256	0.018518519

1496006491423	0.013056221	-0.00532907	0.0119904075

1496006491428	0.013056221	-0.0065281107	0.016253663

1496006491440	0.010791367	-0.008659739	0.019584332

1496006491448	0.004263256	-0.010791367	0.023980815

1496006491459	0.008659739	-0.003197442	0.026112443

1496006491468	0.008659739	-0.002131628	0.022781774

1496006491480	0.010791367	-0.008659739	0.017452704

1496006491498	0.010791367	-0.0075939246	0.019584332

1496006491508	0.003197442	-0.009725553	0.02504663

1496006491518	0.0065281107	-0.0065281107	0.019584332

1496006491528	0.0075939246	0.0	0.021715961

1496006491544	0.0119904075	0.001065814	0.017452704

1496006491548	0.009725553	-0.00532907	0.019584332

1496006491560	0.013056221	-0.002131628	0.018518519

1496006491568	0.00532907	-0.00532907	0.022781774

1496006491584	0.0075939246	-0.00532907	0.018518519

1496006491604	0.013056221	0.003197442	0.023980815

1496006491606	0.013056221	0.003197442	0.023980815

1496006491608	0.013056221	0.0	0.020650147

1496006491618	0.008659739	-0.003197442	0.019584332

1496006491628	0.010791367	-0.002131628	0.020650147

1496006491640	0.008659739	-0.003197442	0.016253663

1496006491648	0.013056221	-0.003197442	0.0119904075

1496006491660	0.009725553	-0.004263256	0.020650147

1496006491668	0.013056221	-0.0075939246	0.014122035

1496006491679	0.009725553	-0.00532907	0.015187849

1496006491690	0.0065281107	-0.00532907	0.019584332

1496006491698	0.013056221	-0.004263256	0.022781774

1496006491709	0.009725553	-0.010791367	0.019584332

1496006491718	0.009725553	-0.002131628	0.02824407

1496006491728	0.00532907	-0.0065281107	0.021715961

1496006491745	0.0065281107	-0.00532907	0.020650147

1496006491750	0.0065281107	-0.003197442	0.023980815

1496006491759	0.004263256	0.0	0.023980815

1496006491769	0.00532907	-0.004263256	0.020650147

1496006491780	0.009725553	-0.003197442	0.017452704

1496006491791	0.0075939246	-0.001065814	0.018518519

1496006491798	0.0075939246	0.002131628	0.019584332

1496006491808	0.009725553	-0.00532907	0.016253663

1496006491819	0.0065281107	-0.0075939246	0.017452704

1496006491828	0.009725553	-0.004263256	0.020650147

1496006491841	0.010791367	-0.003197442	0.021715961

1496006491848	0.0065281107	-0.00532907	0.019584332

1496006491858	0.001065814	-0.0075939246	0.023980815

1496006491868	0.008659739	0.001065814	0.019584332

1496006491880	0.013056221	0.001065814	0.019584332

1496006491898	0.008659739	-0.0065281107	0.022781774

1496006491908	0.0075939246	-0.002131628	0.026112443

1496006491918	0.009725553	-0.003197442	0.021715961

1496006491928	0.014122035	0.001065814	0.020650147

1496006491940	0.013056221	0.003197442	0.023980815

1496006491948	0.009725553	-0.002131628	0.019584332

1496006491958	0.009725553	-0.008659739	0.017452704

1496006491968	0.009725553	-0.0065281107	0.021715961

1496006491980	0.008659739	-0.001065814	0.020650147

1496006491993	0.008659739	0.0	0.021715961

1496006491999	0.014122035	-0.002131628	0.018518519

1496006492008	0.009725553	-0.00532907	0.023980815

1496006492018	0.008659739	-0.008659739	0.023980815

1496006492028	0.010791367	-0.004263256	0.018518519

1496006492041	0.0075939246	-0.002131628	0.023980815

1496006492058	0.0119904075	-0.003197442	0.018518519

1496006492068	0.009725553	-0.004263256	0.021715961

1496006492080	0.015187849	-0.003197442	0.018518519

1496006492099	0.008659739	-0.001065814	0.020650147

1496006492108	0.0065281107	-0.0065281107	0.019584332

1496006492118	0.0075939246	-0.010791367	0.021715961

1496006492129	0.0075939246	-0.0065281107	0.023980815

1496006492143	0.010791367	-0.003197442	0.022781774

1496006492148	0.0075939246	-0.004263256	0.023980815

1496006492158	0.008659739	-0.004263256	0.017452704

1496006492168	0.00532907	-0.004263256	0.021715961

1496006492180	0.0065281107	-0.0065281107	0.022781774

1496006492190	0.008659739	-0.009725553	0.016253663

1496006492200	0.0075939246	-0.004263256	0.021715961

1496006492208	0.008659739	0.001065814	0.020650147

1496006492218	0.0119904075	-0.00532907	0.018518519

1496006492228	0.009725553	-0.0065281107	0.021715961

1496006492240	0.010791367	-0.002131628	0.026112443

1496006492249	0.010791367	-0.002131628	0.02824407

1496006492258	0.008659739	0.003197442	0.021715961

1496006492268	0.0075939246	-0.001065814	0.017452704

1496006492280	0.014122035	0.0	0.021715961

1496006492299	0.0065281107	-0.003197442	0.022781774

1496006492309	0.0075939246	-0.004263256	0.021715961

1496006492319	0.0065281107	-0.004263256	0.021715961

1496006492329	0.0119904075	-0.001065814	0.023980815

1496006492341	0.009725553	-0.003197442	0.021715961

1496006492350	0.0065281107	-0.002131628	0.019584332

1496006492358	0.0119904075	-0.002131628	0.020650147

1496006492368	0.0119904075	-0.003197442	0.021715961

1496006492380	0.004263256	-0.003197442	0.02504663

1496006492392	0.0065281107	-0.00532907	0.02504663

1496006492398	0.010791367	0.0	0.019584332

1496006492408	0.010791367	-0.003197442	0.019584332

1496006492418	0.008659739	-0.004263256	0.023980815

1496006492428	0.0075939246	-0.003197442	0.020650147

1496006492441	0.0075939246	0.001065814	0.019584332

1496006492448	0.0075939246	-0.00532907	0.021715961

1496006492458	0.009725553	-0.00532907	0.017452704

1496006492468	0.010791367	-0.004263256	0.015187849

1496006492480	0.003197442	-0.0075939246	0.023980815

1496006492495	0.008659739	-0.0065281107	0.018518519

1496006492504	0.008659739	-0.003197442	0.021715961

1496006492515	0.002131628	-0.00532907	0.023980815

1496006492527	0.014122035	-0.004263256	0.020650147

1496006492529	0.009725553	-0.003197442	0.020650147

1496006492540	0.008659739	-0.00532907	0.02504663

1496006492548	0.0075939246	-0.0065281107	0.020650147

1496006492558	0.0075939246	-0.003197442	0.023980815

1496006492568	0.014122035	0.001065814	0.02504663

1496006492579	0.014122035	-0.001065814	0.02504663

1496006492590	0.013056221	-0.002131628	0.022781774

1496006492598	0.014122035	-0.001065814	0.018518519

1496006492608	0.0119904075	-0.002131628	0.026112443

1496006492618	0.009725553	-0.004263256	0.019584332

1496006492632	0.010791367	-0.00532907	0.017452704

1496006492645	0.009725553	-0.00532907	0.023980815

1496006492648	0.0065281107	-0.0065281107	0.018518519

1496006492659	0.008659739	-0.003197442	0.022781774

1496006492669	0.009725553	0.0	0.02504663

1496006492680	0.00532907	-0.001065814	0.02504663

1496006492698	0.0075939246	-0.002131628	0.022781774

1496006492708	0.008659739	-0.003197442	0.021715961

1496006492718	0.010791367	-0.003197442	0.017452704

1496006492728	0.0065281107	-0.0075939246	0.017452704

1496006492740	0.0065281107	-0.004263256	0.022781774

1496006492748	0.0065281107	-0.0065281107	0.022781774

1496006492758	0.013056221	-0.004263256	0.021715961

1496006492768	0.0075939246	0.0	0.022781774

1496006492780	0.010791367	0.002131628	0.020650147

1496006492792	0.0119904075	-0.00532907	0.016253663

1496006492798	0.010791367	0.001065814	0.019584332

1496006492808	0.010791367	0.0	0.019584332

1496006492819	0.009725553	-0.0075939246	0.019584332

1496006492828	0.0075939246	-0.00532907	0.021715961

1496006492841	0.010791367	-0.002131628	0.014122035

1496006492849	0.010791367	-0.003197442	0.016253663

1496006492859	0.010791367	-0.003197442	0.021715961

1496006492869	0.010791367	-0.008659739	0.018518519

1496006492879	0.0	-0.002131628	0.027178258

1496006492890	0.0	-0.00532907	0.027178258

1496006492898	0.008659739	-0.0065281107	0.021715961

1496006492908	0.0065281107	-0.010791367	0.020650147

1496006492918	0.008659739	0.0	0.020650147

1496006492928	0.0075939246	-0.002131628	0.019584332

1496006492940	0.008659739	-0.0075939246	0.021715961

1496006492948	0.009725553	-0.0065281107	0.023980815

1496006492958	0.0075939246	-0.001065814	0.018518519

1496006492968	0.0119904075	-0.003197442	0.021715961

1496006492980	0.008659739	-0.001065814	0.020650147

1496006492994	0.014122035	-0.003197442	0.019584332

1496006493008	0.016253663	0.001065814	0.020650147

1496006493019	0.013056221	-0.004263256	0.02504663

1496006493029	0.0075939246	-0.00532907	0.018518519

1496006493041	0.0119904075	-0.004263256	0.023980815

1496006493049	0.0119904075	-0.002131628	0.023980815

1496006493058	0.008659739	-0.00532907	0.020650147

1496006493068	0.0075939246	-0.0065281107	0.021715961

1496006493080	0.009725553	0.002131628	0.026112443

1496006493098	0.010791367	-0.004263256	0.021715961

1496006493108	0.00532907	-0.00532907	0.020650147

1496006493118	0.0065281107	-0.0065281107	0.014122035

1496006493128	0.00532907	-0.001065814	0.021715961

1496006493140	0.008659739	-0.002131628	0.021715961

1496006493148	0.010791367	-0.003197442	0.023980815

1496006493159	0.013056221	0.0	0.018518519

1496006493168	0.008659739	-0.003197442	0.016253663

1496006493179	0.003197442	-0.002131628	0.022781774

1496006493190	0.0065281107	0.0	0.015187849

1496006493198	0.0119904075	0.002131628	0.017452704

1496006493208	0.0119904075	0.0	0.017452704

1496006493218	0.0075939246	-0.001065814	0.023980815

1496006493228	0.0075939246	-0.001065814	0.021715961

1496006493240	0.009725553	-0.003197442	0.020650147

1496006493248	0.010791367	-0.004263256	0.021715961

1496006493258	0.009725553	-0.00532907	0.017452704

1496006493268	0.014122035	-0.001065814	0.015187849

1496006493280	0.015187849	-0.002131628	0.018518519

1496006493298	0.0065281107	-0.003197442	0.02504663

1496006493308	0.010791367	-0.003197442	0.022781774

1496006493318	0.0065281107	-0.004263256	0.021715961

1496006493328	0.009725553	-0.002131628	0.022781774

1496006493340	0.008659739	-0.00532907	0.023980815

1496006493348	0.008659739	-0.002131628	0.02504663

1496006493358	0.0119904075	0.001065814	0.022781774

1496006493368	0.010791367	-0.003197442	0.020650147

1496006493380	0.009725553	-0.003197442	0.017452704

1496006493390	0.009725553	-0.001065814	0.014122035

1496006493399	0.008659739	-0.002131628	0.019584332

1496006493408	0.002131628	-0.00532907	0.022781774

1496006493418	0.003197442	-0.002131628	0.023980815

1496006493428	0.0065281107	-0.002131628	0.023980815

1496006493441	0.013056221	0.0	0.019584332

1496006493449	0.013056221	-0.003197442	0.021715961

1496006493458	0.009725553	-0.00532907	0.022781774

1496006493468	0.009725553	-0.004263256	0.019584332

1496006493479	0.009725553	-0.003197442	0.018518519

1496006493491	0.009725553	-0.002131628	0.018518519

1496006493498	0.009725553	-0.001065814	0.023980815

1496006493509	0.0075939246	-0.00532907	0.023980815

1496006493518	0.010791367	-0.004263256	0.018518519

1496006493528	0.0075939246	-0.004263256	0.026112443

1496006493542	0.002131628	-0.004263256	0.026112443

1496006493548	0.008659739	-0.00532907	0.021715961

1496006493558	0.009725553	-0.003197442	0.020650147

1496006493568	0.008659739	0.0	0.019584332

1496006493580	0.009725553	0.001065814	0.022781774

1496006493590	0.014122035	0.001065814	0.022781774

1496006493598	0.009725553	0.0	0.020650147

1496006493608	0.0119904075	-0.001065814	0.022781774

1496006493618	0.013056221	-0.001065814	0.026112443

1496006493628	0.010791367	-0.003197442	0.021715961

1496006493640	0.008659739	-0.00532907	0.022781774

1496006493649	0.009725553	-0.008659739	0.020650147

1496006493658	0.009725553	-0.003197442	0.019584332

1496006493668	0.008659739	-0.003197442	0.016253663

1496006493680	0.010791367	-0.002131628	0.026112443

1496006493691	0.013056221	-0.002131628	0.021715961

1496006493698	0.010791367	-0.002131628	0.020650147

1496006493708	0.008659739	-0.004263256	0.021715961

1496006493718	0.010791367	0.0	0.019584332

1496006493728	0.003197442	-0.00532907	0.020650147

1496006493741	0.008659739	-0.004263256	0.023980815

1496006493749	0.008659739	-0.00532907	0.023980815

1496006493759	0.014122035	-0.003197442	0.027178258

1496006493778	0.009725553	-0.0075939246	0.017452704

1496006493779	0.0119904075	-0.004263256	0.017452704

1496006493790	0.014122035	-0.004263256	0.016253663

1496006493798	0.0119904075	-0.004263256	0.022781774

1496006493808	0.0119904075	-0.00532907	0.020650147

1496006493819	0.0065281107	-0.004263256	0.019584332

1496006493828	0.0065281107	-0.0065281107	0.022781774

1496006493851	0.013056221	-0.00532907	0.021715961

1496006493869	0.010791367	-0.003197442	0.016253663

1496006493880	0.0119904075	-0.003197442	0.019584332

1496006493892	0.0119904075	-0.003197442	0.018518519

1496006493898	0.009725553	-0.009725553	0.016253663

1496006493908	0.009725553	-0.0065281107	0.020650147

1496006493918	0.008659739	-0.0065281107	0.015187849

1496006493928	0.00532907	-0.0065281107	0.027178258

1496006493940	0.003197442	0.003197442	0.019584332

1496006493948	0.008659739	-0.003197442	0.019584332

1496006493959	0.010791367	-0.002131628	0.018518519

1496006493968	0.010791367	-0.002131628	0.022781774

1496006493980	0.0075939246	-0.002131628	0.029443111

1496006493992	0.010791367	-0.001065814	0.02504663

1496006493998	0.008659739	0.004263256	0.021715961

1496006494008	0.00532907	0.0	0.020650147

1496006494018	0.0075939246	-0.004263256	0.027178258

1496006494028	0.008659739	-0.003197442	0.027178258

1496006494042	0.0075939246	-0.003197442	0.021715961

1496006494060	0.009725553	-0.008659739	0.020650147

1496006494068	0.009725553	-0.0075939246	0.018518519

1496006494079	0.0075939246	-0.004263256	0.023980815

1496006494091	0.008659739	0.002131628	0.027178258

1496006494098	0.010791367	-0.002131628	0.021715961

1496006494108	0.009725553	-0.003197442	0.021715961

1496006494118	0.010791367	-0.003197442	0.02504663

1496006494128	0.013056221	-0.002131628	0.023980815

1496006494142	0.010791367	-0.0065281107	0.027178258

1496006494149	0.008659739	-0.002131628	0.019584332

1496006494158	0.010791367	-0.0065281107	0.017452704

1496006494168	0.009725553	-0.00532907	0.017452704

1496006494180	0.009725553	-0.002131628	0.019584332

1496006494190	0.0119904075	-0.003197442	0.015187849

1496006494198	0.008659739	-0.003197442	0.022781774

1496006494208	0.004263256	-0.0075939246	0.019584332

1496006494219	0.0075939246	-0.003197442	0.020650147

1496006494228	0.008659739	-0.004263256	0.018518519

1496006494240	0.009725553	-0.004263256	0.019584332

1496006494248	0.0075939246	-0.003197442	0.019584332

1496006494258	0.00532907	-0.00532907	0.026112443

1496006494268	0.010791367	0.0	0.020650147

1496006494280	0.009725553	-0.0065281107	0.018518519

1496006494299	0.008659739	-0.002131628	0.02824407

1496006494310	0.0065281107	-0.004263256	0.022781774

1496006494318	0.00532907	-0.0065281107	0.021715961

1496006494328	0.008659739	-0.003197442	0.023980815

1496006494340	0.008659739	-0.0075939246	0.018518519

1496006494349	0.00532907	-0.0075939246	0.022781774

1496006494358	0.00532907	-0.00532907	0.018518519

1496006494368	0.008659739	-0.004263256	0.022781774

1496006494379	0.0065281107	-0.002131628	0.019584332

1496006494396	0.009725553	-0.004263256	0.020650147

1496006494402	0.0119904075	-0.004263256	0.020650147

1496006494409	0.0075939246	-0.001065814	0.022781774

1496006494419	0.004263256	-0.001065814	0.021715961

1496006494429	0.0119904075	-0.003197442	0.021715961

1496006494442	0.009725553	-0.0075939246	0.022781774

1496006494458	0.013056221	0.003197442	0.018518519

1496006494470	0.0075939246	-0.0065281107	0.017452704

1496006494480	0.013056221	0.002131628	0.023980815

1496006494490	0.013056221	0.002131628	0.020650147

1496006494499	0.0065281107	-0.004263256	0.018518519

1496006494508	0.0065281107	-0.0065281107	0.017452704

1496006494518	0.0119904075	-0.00532907	0.023980815

1496006494528	0.009725553	-0.003197442	0.019584332

1496006494540	0.010791367	-0.002131628	0.021715961

1496006494548	0.008659739	-0.002131628	0.018518519

1496006494558	0.009725553	0.003197442	0.023980815

1496006494568	0.013056221	-0.002131628	0.02504663

1496006494580	0.008659739	-0.003197442	0.020650147

1496006494590	0.008659739	-0.002131628	0.020650147

1496006494599	0.010791367	-0.001065814	0.019584332

1496006494608	0.0075939246	-0.004263256	0.023980815

1496006494618	0.013056221	-0.003197442	0.020650147

1496006494628	0.008659739	-0.002131628	0.023980815

1496006494640	0.009725553	0.003197442	0.027178258

1496006494648	0.010791367	-0.001065814	0.027178258

1496006494658	0.010791367	-0.003197442	0.022781774

1496006494668	0.0075939246	-0.004263256	0.020650147

1496006494679	0.0065281107	-0.002131628	0.019584332

1496006494690	0.0065281107	-0.001065814	0.019584332

1496006494698	0.009725553	-0.003197442	0.022781774

1496006494708	0.009725553	-0.002131628	0.021715961

1496006494718	0.013056221	0.001065814	0.020650147

1496006494728	0.0119904075	0.001065814	0.018518519

1496006494743	0.010791367	-0.002131628	0.02504663

1496006494748	0.0119904075	-0.004263256	0.026112443

1496006494758	0.009725553	0.0	0.021715961

1496006494768	0.0075939246	-0.002131628	0.018518519

1496006494780	0.009725553	-0.003197442	0.017452704

1496006494790	0.010791367	-0.003197442	0.017452704

1496006494798	0.010791367	-0.0075939246	0.020650147

1496006494808	0.008659739	-0.0075939246	0.023980815

1496006494819	0.009725553	-0.001065814	0.020650147

1496006494829	0.008659739	0.001065814	0.014122035

1496006494841	0.009725553	0.001065814	0.020650147

1496006494848	0.001065814	-0.00532907	0.02504663

1496006494859	0.009725553	-0.0075939246	0.02504663

1496006494869	0.008659739	-0.004263256	0.019584332

1496006494881	0.009725553	-0.004263256	0.026112443

1496006494895	0.009725553	-0.004263256	0.016253663

1496006494918	0.0119904075	0.002131628	0.018518519

1496006494919	0.015187849	0.00532907	0.026112443

1496006494920	0.010791367	0.0	0.023980815

1496006494928	0.0065281107	-0.00532907	0.021715961

1496006494940	0.0075939246	-0.003197442	0.018518519

1496006494948	0.0119904075	0.001065814	0.021715961

1496006494958	0.0119904075	0.001065814	0.018518519

1496006494968	0.010791367	0.001065814	0.021715961

1496006494979	0.0075939246	-0.002131628	0.021715961

1496006494996	0.013056221	0.001065814	0.023980815

1496006495008	0.009725553	0.002131628	0.019584332

1496006495018	0.008659739	-0.002131628	0.019584332

1496006495028	0.0119904075	-0.008659739	0.020650147

1496006495039	0.0075939246	-0.003197442	0.017452704

1496006495048	0.0119904075	-0.003197442	0.019584332

1496006495059	0.0065281107	-0.0065281107	0.022781774

1496006495068	0.0065281107	0.001065814	0.02824407

1496006495080	0.009725553	-0.0065281107	0.013056221

1496006495090	0.009725553	-0.0065281107	0.019584332

1496006495099	0.008659739	-0.004263256	0.021715961

1496006495120	0.008659739	-0.0065281107	0.022781774

1496006495121	0.009725553	-0.008659739	0.016253663

1496006495128	0.008659739	-0.004263256	0.018518519

1496006495138	0.009725553	-0.001065814	0.020650147

1496006495148	0.008659739	-0.002131628	0.022781774

1496006495158	0.010791367	-0.003197442	0.020650147

1496006495168	0.010791367	0.001065814	0.022781774

1496006495180	0.014122035	0.0	0.027178258

1496006495190	0.0119904075	-0.0065281107	0.023980815

1496006495198	0.010791367	-0.003197442	0.017452704

1496006495208	0.014122035	-0.003197442	0.021715961

1496006495218	0.008659739	-0.004263256	0.020650147

1496006495228	0.003197442	-0.00532907	0.020650147

1496006495240	0.0065281107	-0.003197442	0.022781774

1496006495248	0.0119904075	0.00532907	0.019584332

1496006495258	0.0075939246	0.001065814	0.020650147

1496006495268	0.0075939246	-0.003197442	0.021715961

1496006495279	0.009725553	0.003197442	0.023980815

1496006495292	0.0119904075	0.004263256	0.020650147

1496006495298	0.014122035	-0.002131628	0.017452704

1496006495308	0.010791367	-0.003197442	0.021715961

