1495827260775	-9.731596	0.5493643	0.0

1495827260780	-9.731596	0.5493643	0.078480616

1495827260781	-9.731596	0.5493643	0.078480616

1495827260782	-9.731596	0.6278449	0.078480616

1495827260788	-9.810077	0.6278449	0.0

1495827260789	-9.731596	0.5493643	0.0

1495827260790	-9.731596	0.5493643	-0.078480616

1495827260791	-9.731596	0.5493643	0.0

1495827260791	-9.731596	0.5493643	0.078480616

1495827260794	-9.731596	0.5493643	0.0

1495827260810	-9.731596	0.5493643	0.078480616

1495827260819	-9.731596	0.5493643	0.0

1495827260829	-9.731596	0.5493643	0.078480616

1495827260849	-9.810077	0.5493643	0.0

1495827260874	-9.731596	0.5493643	0.078480616

1495827260889	-9.731596	0.5493643	0.0

1495827260912	-9.731596	0.5493643	0.078480616

1495827260919	-9.731596	0.5493643	0.0

1495827260929	-9.731596	0.5493643	0.0

1495827260959	-9.810077	0.5493643	0.0

1495827260969	-9.731596	0.5493643	0.0

1495827260987	-9.810077	0.5493643	0.0

1495827260990	-9.810077	0.5493643	0.078480616

1495827260999	-9.731596	0.5493643	0.078480616

1495827261009	-9.731596	0.5493643	0.0

1495827261032	-9.731596	0.5493643	0.078480616

1495827261049	-9.731596	0.5493643	0.0

1495827261059	-9.731596	0.4708837	0.0

1495827261079	-9.731596	0.5493643	0.078480616

1495827261097	-9.810077	0.5493643	0.0

1495827261099	-9.731596	0.5493643	0.0

1495827261109	-9.731596	0.5493643	0.078480616

1495827261135	-9.731596	0.5493643	0.0

1495827261139	-9.731596	0.5493643	0.078480616

1495827261149	-9.731596	0.5493643	0.0

1495827261159	-9.810077	0.5493643	0.0

1495827261173	-9.731596	0.5493643	0.078480616

1495827261179	-9.731596	0.5493643	0.0

1495827261249	-9.731596	0.5493643	0.0

1495827261259	-9.731596	0.5493643	0.0

1495827261284	-9.810077	0.5493643	0.0

1495827261284	-9.731596	0.5493643	0.0

1495827261289	-9.731596	0.5493643	0.0

1495827261299	-9.731596	0.5493643	0.078480616

1495827261309	-9.731596	0.6278449	0.078480616

1495827261324	-9.731596	0.5493643	0.078480616

1495827261329	-9.731596	0.5493643	0.0

1495827261359	-9.810077	0.5493643	0.0

1495827261391	-9.810077	0.5493643	0.078480616

1495827261399	-9.731596	0.5493643	0.078480616

1495827261426	-9.731596	0.5493643	0.0

1495827261449	-9.810077	0.5493643	0.0

1495827261472	-9.810077	0.4708837	-0.078480616

1495827261479	-9.810077	0.5493643	0.0

1495827261511	-9.731596	0.5493643	0.078480616

1495827261519	-9.731596	0.5493643	0.078480616

1495827261529	-9.731596	0.5493643	0.0

1495827261539	-9.731596	0.6278449	0.0

1495827261549	-9.731596	0.5493643	0.0

1495827261564	-9.731596	0.5493643	0.078480616

1495827261569	-9.731596	0.4708837	0.0

1495827261603	-9.731596	0.5493643	0.0

1495827261604	-9.731596	0.5493643	0.078480616

1495827261605	-9.731596	0.5493643	0.0

1495827261609	-9.810077	0.5493643	0.0

1495827261619	-9.731596	0.5493643	0.0

1495827261640	-9.731596	0.5493643	0.078480616

1495827261649	-9.731596	0.5493643	0.0

1495827261659	-9.731596	0.5493643	0.078480616

1495827261676	-9.731596	0.5493643	0.0

1495827261680	-9.731596	0.5493643	-0.078480616

1495827261689	-9.731596	0.5493643	0.0

1495827261709	-9.810077	0.5493643	0.0

1495827261722	-9.810077	0.5493643	0.0

1495827261729	-9.731596	0.5493643	0.078480616

1495827261739	-9.731596	0.5493643	0.0

1495827261767	-9.731596	0.5493643	0.078480616

1495827261769	-9.731596	0.4708837	0.0

1495827261770	-9.653115	0.5493643	0.0

1495827261779	-9.731596	0.5493643	0.0

1495827261804	-9.731596	0.5493643	0.078480616

1495827261809	-9.810077	0.5493643	0.0

1495827261829	-9.731596	0.5493643	0.0

1495827261843	-9.731596	0.5493643	0.0

1495827261849	-9.731596	0.5493643	0.0

1495827261859	-9.731596	0.5493643	0.078480616

1495827261889	-9.731596	0.5493643	0.0

1495827261899	-9.731596	0.5493643	-0.078480616

1495827261909	-9.731596	0.5493643	0.0

1495827261923	-9.810077	0.5493643	0.0

1495827261949	-9.731596	0.5493643	0.078480616

1495827261971	-9.731596	0.5493643	0.0

1495827261989	-9.731596	0.5493643	0.078480616

1495827262019	-9.731596	0.5493643	0.0

1495827262029	-9.731596	0.4708837	0.0

1495827262039	-9.731596	0.5493643	0.0

1495827262059	-9.731596	0.5493643	0.078480616

1495827262069	-9.731596	0.4708837	0.078480616

1495827262093	-9.810077	0.5493643	0.0

1495827262099	-9.731596	0.6278449	0.0

1495827262109	-9.731596	0.5493643	0.078480616

1495827262149	-9.810077	0.5493643	0.0

1495827262167	-9.731596	0.5493643	0.0

1495827262169	-9.731596	0.5493643	0.078480616

1495827262189	-9.731596	0.5493643	0.0

1495827262219	-9.731596	0.5493643	0.078480616

1495827262249	-9.810077	0.5493643	0.078480616

1495827262250	-9.810077	0.5493643	0.0

1495827262269	-9.731596	0.5493643	0.078480616

1495827262299	-9.810077	0.5493643	0.078480616

1495827262309	-9.731596	0.5493643	0.078480616

1495827262349	-9.731596	0.5493643	0.0

1495827262372	-9.810077	0.5493643	-0.078480616

1495827262379	-9.731596	0.5493643	0.0

1495827262389	-9.731596	0.5493643	0.078480616

1495827262419	-9.731596	0.5493643	0.078480616

1495827262429	-9.731596	0.5493643	0.078480616

1495827262519	-9.731596	0.5493643	0.0

1495827262520	-9.810077	0.5493643	0.0

1495827262529	-9.810077	0.5493643	0.0

1495827262565	-9.731596	0.5493643	0.078480616

1495827262566	-9.810077	0.5493643	0.078480616

1495827262569	-9.810077	0.5493643	0.0

1495827262579	-9.731596	0.5493643	0.078480616

1495827262589	-9.731596	0.5493643	0.078480616

1495827262602	-9.731596	0.5493643	0.0

1495827262609	-9.731596	0.5493643	0.0

1495827262619	-9.731596	0.5493643	0.078480616

1495827262640	-9.731596	0.5493643	0.0

1495827262641	-9.810077	0.5493643	0.0

1495827262649	-9.731596	0.5493643	0.078480616

1495827262659	-9.731596	0.5493643	0.0

1495827262669	-9.731596	0.5493643	-0.078480616

1495827262682	-9.731596	0.5493643	0.0

1495827262689	-9.810077	0.5493643	0.0

1495827262721	-9.810077	0.5493643	0.0

1495827262722	-9.731596	0.5493643	0.0

1495827262723	-9.731596	0.5493643	0.078480616

1495827262729	-9.810077	0.5493643	0.0

1495827262739	-9.810077	0.5493643	-0.078480616

1495827262760	-9.731596	0.6278449	0.0

1495827262761	-9.731596	0.5493643	0.078480616

1495827262779	-9.731596	0.5493643	0.0

1495827262791	-9.810077	0.5493643	0.0

1495827262799	-9.731596	0.5493643	0.078480616

1495827262826	-9.731596	0.4708837	0.0

1495827262829	-9.731596	0.5493643	0.0

1495827262865	-9.731596	0.5493643	0.0

1495827262869	-9.731596	0.5493643	0.078480616

1495827262879	-9.731596	0.5493643	0.0

1495827262889	-9.731596	0.6278449	0.0

1495827262903	-9.731596	0.5493643	0.0

1495827262909	-9.731596	0.5493643	0.0

1495827262919	-9.731596	0.5493643	0.0

1495827262949	-9.731596	0.5493643	0.0

1495827262959	-9.653115	0.5493643	0.0

1495827262969	-9.731596	0.5493643	0.0

1495827262984	-9.731596	0.4708837	0.0

1495827262989	-9.731596	0.5493643	0.0

1495827263019	-9.653115	0.5493643	0.0

1495827263020	-9.653115	0.5493643	0.078480616

1495827263029	-9.731596	0.5493643	0.078480616

1495827263066	-9.731596	0.5493643	0.0

1495827263079	-9.731596	0.5493643	0.078480616

1495827263094	-9.731596	0.5493643	0.0

1495827263128	-9.731596	0.5493643	0.078480616

1495827263130	-9.731596	0.5493643	0.078480616

1495827263139	-9.731596	0.5493643	0.0

1495827263165	-9.731596	0.5493643	0.078480616

1495827263169	-9.731596	0.6278449	0.0

1495827263179	-9.731596	0.5493643	0.0

1495827263189	-9.731596	0.6278449	0.0

1495827263199	-9.731596	0.5493643	0.0

1495827263212	-9.731596	0.5493643	0.078480616

1495827263219	-9.810077	0.5493643	0.0

1495827263249	-9.810077	0.5493643	0.0

1495827263250	-9.731596	0.5493643	0.078480616

1495827263287	-9.731596	0.5493643	0.0

1495827263299	-9.731596	0.5493643	0.078480616

1495827263309	-9.810077	0.5493643	0.078480616

1495827263329	-9.731596	0.5493643	0.078480616

1495827263372	-9.731596	0.5493643	0.0

1495827263373	-9.731596	0.5493643	0.0

1495827263379	-9.731596	0.5493643	0.078480616

1495827263410	-9.810077	0.5493643	0.078480616

1495827263411	-9.731596	0.5493643	0.0

1495827263419	-9.731596	0.5493643	0.0

1495827263429	-9.731596	0.6278449	0.0

1495827263447	-9.731596	0.5493643	0.0

1495827263484	-9.731596	0.5493643	0.078480616

1495827263490	-9.653115	0.6278449	0.0

1495827263509	-9.731596	0.5493643	0.0

1495827263532	-9.731596	0.5493643	0.0

1495827263532	-9.731596	0.5493643	0.0

1495827263539	-9.731596	0.5493643	0.078480616

1495827263567	-9.731596	0.5493643	0.0

1495827263569	-9.731596	0.5493643	0.078480616

1495827263579	-9.731596	0.5493643	0.078480616

1495827263589	-9.731596	0.5493643	0.078480616

1495827263602	-9.731596	0.4708837	0.078480616

1495827263627	-9.731596	0.4708837	0.0

1495827263641	-9.731596	0.5493643	0.0

1495827263641	-9.810077	0.5493643	0.0

1495827263643	-9.731596	0.4708837	0.0

1495827263649	-9.731596	0.4708837	-0.078480616

1495827263659	-9.731596	0.5493643	0.0

1495827263669	-9.731596	0.5493643	0.078480616

1495827263683	-9.731596	0.5493643	0.0

1495827263699	-9.731596	0.4708837	0.0

1495827263722	-9.731596	0.4708837	0.0

1495827263723	-9.731596	0.5493643	0.0

1495827263760	-9.653115	0.5493643	0.078480616

1495827263770	-9.731596	0.5493643	0.078480616

1495827263779	-9.731596	0.4708837	0.0

1495827263791	-9.731596	0.5493643	0.078480616

1495827263799	-9.731596	0.5493643	0.0

1495827263809	-9.731596	0.5493643	0.0

1495827263863	-9.731596	0.5493643	0.078480616

1495827263869	-9.810077	0.6278449	0.078480616

1495827263879	-9.731596	0.5493643	0.0

1495827263889	-9.731596	0.5493643	0.078480616

1495827263906	-9.731596	0.5493643	0.0

1495827263929	-9.731596	0.5493643	0.078480616

1495827263949	-9.731596	0.5493643	0.0

1495827263969	-9.731596	0.4708837	0.0

1495827263985	-9.731596	0.5493643	0.0

1495827263989	-9.731596	0.5493643	0.078480616

1495827263999	-9.731596	0.5493643	0.0

1495827264009	-9.731596	0.5493643	0.078480616

1495827264023	-9.731596	0.5493643	0.0

1495827264029	-9.731596	0.5493643	0.078480616

1495827264039	-9.731596	0.6278449	0.078480616

1495827264049	-9.810077	0.5493643	0.078480616

1495827264067	-9.731596	0.5493643	0.078480616

1495827264079	-9.810077	0.5493643	0.078480616

1495827264107	-9.731596	0.5493643	0.078480616

1495827264119	-9.731596	0.4708837	0.078480616

1495827264129	-9.731596	0.5493643	0.15696123

1495827264149	-9.731596	0.5493643	0.078480616

1495827264199	-9.731596	0.5493643	0.0

1495827264231	-9.731596	0.4708837	0.078480616

1495827264232	-9.731596	0.5493643	0.078480616

1495827264239	-9.731596	0.5493643	0.078480616

1495827264249	-9.731596	0.5493643	0.0

1495827264270	-9.731596	0.5493643	0.078480616

1495827264310	-9.731596	0.5493643	0.0

1495827264311	-9.731596	0.5493643	0.0

1495827264319	-9.810077	0.5493643	0.0

1495827264329	-9.731596	0.5493643	0.0

1495827264349	-9.731596	0.5493643	0.078480616

1495827264369	-9.731596	0.5493643	0.078480616

1495827264379	-9.731596	0.5493643	0.078480616

1495827264392	-9.731596	0.5493643	0.0

1495827264399	-9.731596	0.5493643	0.0

1495827264409	-9.731596	0.5493643	0.0

1495827264511	-9.731596	0.5493643	0.0

1495827264519	-9.731596	0.5493643	0.078480616

1495827264529	-9.731596	0.5493643	0.0

1495827264544	-9.731596	0.5493643	0.078480616

1495827264549	-9.731596	0.5493643	0.0

1495827264571	-9.731596	0.5493643	0.0

1495827264579	-9.731596	0.5493643	0.078480616

1495827264599	-9.731596	0.5493643	0.0

1495827264617	-9.731596	0.5493643	0.0

1495827264629	-9.731596	0.5493643	0.0

1495827264645	-9.731596	0.5493643	0.078480616

1495827264649	-9.731596	0.5493643	0.0

1495827264659	-9.731596	0.5493643	0.0

1495827264669	-9.731596	0.5493643	0.078480616

1495827264682	-9.731596	0.5493643	0.0

1495827264719	-9.731596	0.6278449	0.0

1495827264729	-9.810077	0.5493643	0.0

1495827264739	-9.731596	0.5493643	0.0

1495827264761	-9.731596	0.5493643	0.078480616

1495827264779	-9.731596	0.5493643	0.0

1495827264799	-9.731596	0.5493643	0.078480616

1495827264809	-9.731596	0.6278449	0.078480616

1495827264819	-9.731596	0.6278449	0.0

1495827264829	-9.731596	0.6278449	0.078480616

1495827264850	-9.731596	0.5493643	0.078480616

1495827264859	-9.731596	0.5493643	0.0

1495827264869	-9.731596	0.5493643	0.0

1495827264889	-9.731596	0.5493643	0.078480616

1495827264899	-9.731596	0.5493643	0.0

1495827264939	-9.731596	0.5493643	0.0

1495827264962	-9.731596	0.5493643	0.078480616

1495827264969	-9.810077	0.5493643	0.0

1495827264979	-9.731596	0.5493643	0.078480616

1495827264990	-9.731596	0.5493643	0.15696123

1495827265006	-9.731596	0.5493643	0.078480616

1495827265009	-9.731596	0.5493643	0.078480616

1495827265049	-9.731596	0.4708837	0.078480616

1495827265059	-9.810077	0.5493643	0.078480616

1495827265069	-9.731596	0.5493643	0.0

1495827265087	-9.653115	0.6278449	0.0

1495827265090	-9.731596	0.6278449	0.0

1495827265099	-9.731596	0.5493643	0.0

1495827265128	-9.731596	0.5493643	0.0

1495827265139	-9.731596	0.5493643	0.078480616

1495827265171	-9.731596	0.5493643	0.0

1495827265207	-9.731596	0.5493643	0.078480616

1495827265219	-9.731596	0.5493643	0.0

1495827265229	-9.731596	0.5493643	0.078480616

1495827265253	-9.731596	0.5493643	0.0

1495827265289	-9.731596	0.6278449	0.0

1495827265299	-9.731596	0.6278449	0.078480616

1495827265309	-9.731596	0.5493643	0.0

1495827265331	-9.810077	0.5493643	0.078480616

1495827265333	-9.731596	0.5493643	0.078480616

1495827265339	-9.653115	0.5493643	0.078480616

1495827265349	-9.731596	0.5493643	0.078480616

1495827265372	-9.731596	0.5493643	0.0

1495827265373	-9.810077	0.5493643	0.078480616

1495827265379	-9.731596	0.4708837	0.078480616

1495827265389	-9.731596	0.5493643	0.078480616

1495827265412	-9.810077	0.5493643	0.0

1495827265419	-9.731596	0.5493643	0.0

1495827265429	-9.731596	0.5493643	0.078480616

1495827265450	-9.731596	0.5493643	0.0

1495827265453	-9.731596	0.5493643	0.0

1495827265459	-9.731596	0.5493643	0.0

1495827265469	-9.731596	0.5493643	0.078480616

1495827265499	-9.810077	0.5493643	0.078480616

1495827265509	-9.731596	0.5493643	0.078480616

1495827265559	-9.731596	0.5493643	0.0

1495827265569	-9.731596	0.5493643	0.078480616

1495827265591	-9.810077	0.5493643	0.078480616

1495827265599	-9.731596	0.5493643	0.078480616

1495827265649	-9.731596	0.5493643	0.0

