1495751576628	-2.241	19.614	15.045

1495751576637	-0.45	19.479	9.988

1495751576647	-1.436	16.52	0.143

1495751576657	-3.486	14.787	1.043

1495751576677	-4.118	15.371	4.271

1495751576679	-3.083	15.811	7.259

1495751576688	-2.241	14.873	7.91

1495751576697	-2.106	13.36	5.449

1495751576707	-2.882	11.885	2.834

1495751576718	-4.079	10.601	3.035

1495751576727	-3.725	9.376	5.372

1495751576737	-2.183	8.255	8.81

1495751576749	-0.249	6.378	11.617

1495751576761	1.254	4.52	9.912

1495751576769	1.302	3.217	4.759

1495751576778	0.986	2.384	0.775

1495751576787	0.478	2.02	-1.676

1495751576797	-0.067	1.015	-2.892

1495751576807	0.134	-0.45	-2.988

1495751576817	0.517	-1.905	-3.371

1495751576827	1.206	-2.585	-4.405

1495751576841	2.71	-6.177	-8.523

1495751576848	2.011	-5.028	-2.241

1495751576875	0.612	-4.031	2.126

1495751576878	-0.785	-3.821	11.195

1495751576888	-1.407	-2.375	11.559

1495751576891	-1.426	0.287	-0.861

1495751576897	-1.13	1.743	-3.581

1495751576907	-0.584	1.676	-2.518

1495751576925	-0.296	1.312	-1.388

1495751576927	-0.641	3.055	-1.13

1495751576937	-2.691	15.38	-1.436

1495751576947	-5.487	19.614	2.604

1495751576957	-7.316	19.614	15.572

1495751576968	-8.025	19.614	19.518

1495751576977	-7.316	19.614	15.869

1495751576987	-7.565	19.614	10.965

1495751577003	-8.772	19.614	7.652

1495751577010	-9.05	18.11	6.177

1495751577018	-8.293	13.408	6.426

1495751577027	-6.771	11.166	7.881

1495751577037	-3.294	10.467	9.376

1495751577048	-0.421	11.205	8.044

1495751577057	0.948	11.617	6.32

1495751577069	-0.718	10.793	5.095

1495751577080	-1.532	9.481	4.108

1495751577090	-2.308	7.786	3.955

1495751577098	-2.93	6.11	4.108

1495751577109	-2.241	3.85	3.792

1495751577133	-1.206	1.513	4.434

1495751577136	0.526	-0.43	6.119

1495751577139	1.953	-1.934	6.885

1495751577147	2.403	-3.102	6.579

1495751577157	2.48	-3.428	4.711

1495751577168	2.174	-2.892	1.8

1495751577180	1.513	-2.806	-0.526

1495751577189	1.206	-2.557	-1.838

1495751577198	1.177	-2.221	-2.94

1495751577207	1.225	-1.915	-4.003

1495751577217	1.704	-1.177	-4.616

1495751577229	1.953	-0.296	-5.008

1495751577240	0.928	1.752	-9.232

1495751577249	-0.928	5.037	-16.242

1495751577258	0.9	4.443	-15.716

1495751577272	9.395	1.292	9.395

1495751577281	16.309	7.661	18.321

1495751577290	7.498	8.303	3.495

1495751577297	3.878	7.565	-3.869

1495751577307	2.47	7.757	-5.832

1495751577317	1.177	11.329	-11.147

1495751577327	0.593	13.35	-8.322

1495751577337	-0.603	16.309	-8.791

1495751577351	-4.826	18.129	-8.293

1495751577364	-13.877	18.206	-5.842

1495751577369	-19.585	18.378	-1.273

1495751577378	-19.614	19.412	5.583

1495751577387	-17.516	19.614	18.359

1495751577398	-7.843	19.614	19.604

1495751577407	-3.131	19.25	11.473

1495751577417	-1.197	17.909	-5.449

1495751577427	-0.392	19.163	-7.69

1495751577443	-0.794	19.202	-0.019

1495751577456	0.067	17.765	11.483

1495751577465	0.957	14.729	17.794

1495751577472	0.114	11.923	10.4

1495751577478	0.411	9.969	4.51

1495751577487	0.804	9.462	2.901

1495751577497	1.063	8.887	3.888

1495751577515	1.245	6.177	7.431

1495751577517	0.239	3.581	6.004

1495751577527	-1.082	2.557	2.375

1495751577537	-1.599	2.346	-0.162

1495751577547	-1.561	1.829	-1.752

1495751577559	-1.225	0.498	-2.202

1495751577570	-0.565	-1.005	-2.604

1495751577578	-0.105	-2.154	-3.16

1495751577592	0.0	-2.566	-3.897

1495751577598	-0.45	-3.304	-5.554

1495751577608	-0.229	-4.692	-10.573

1495751577617	-0.775	-4.491	-6.684

1495751577628	-1.992	-4.242	-1.647

1495751577638	-3.055	-3.85	1.704

1495751577647	-3.668	-2.135	8.82

1495751577657	-1.407	1.187	18.072

1495751577668	-1.235	2.853	3.486

1495751577677	-1.455	2.652	-2.193

1495751577687	-1.024	2.365	-2.384

1495751577697	-1.666	6.196	-2.174

1495751577710	-3.744	17.612	-1.426

1495751577718	-4.539	19.614	5.42

1495751577727	-2.672	19.614	18.206

1495751577739	-3.438	19.614	13.302

1495751577747	-4.539	19.614	8.839

1495751577757	-6.043	19.614	6.483

1495751577769	-6.502	18.934	6.292

1495751577777	-6.531	15.294	7.719

1495751577787	-5.583	12.373	9.136

1495751577797	-4.376	10.764	10.123

1495751577807	-2.921	9.567	9.261

1495751577817	-2.308	9.318	7.431

1495751577828	-2.011	9.203	5.162

1495751577838	-1.857	8.648	3.562

1495751577848	-1.79	7.738	3.514

1495751577857	-1.637	6.55	3.754

1495751577867	-0.699	4.529	3.821

1495751577877	0.325	2.509	4.328

1495751577888	1.455	0.67	4.769

1495751577897	2.461	-0.967	4.568

1495751577907	2.49	-2.212	3.802

1495751577917	2.231	-2.691	2.298

1495751577927	1.771	-2.71	0.679

1495751577937	1.197	-2.748	-0.804

1495751577948	0.996	-2.461	-2.633

1495751577957	1.063	-2.413	-3.342

1495751577969	1.235	-2.231	-3.696

1495751577984	1.628	-1.446	-3.897

1495751577990	1.982	-0.411	-3.917

1495751578008	0.067	1.695	-8.37

1495751578017	-2.02	4.127	-18.206

1495751578027	4.846	-0.344	3.591

1495751578037	10.755	3.102	19.604

1495751578047	4.405	2.806	16.137

1495751578057	1.676	4.156	2.47

1495751578069	2.423	10.822	-2.346

1495751578077	2.288	16.367	-4.702

1495751578087	1.254	19.604	-5.899

1495751578097	-1.063	17.756	5.363

1495751578107	-6.818	15.898	11.827

1495751578117	-13.149	14.748	2.672

1495751578127	-18.388	16.242	1.532

1495751578137	-18.962	18.579	3.208

1495751578149	-13.178	19.614	5.832

1495751578158	-5.229	19.614	13.417

1495751578169	0.823	19.614	12.833

1495751578177	-2.116	18.78	2.193

1495751578189	-4.06	16.922	1.436

1495751578198	-4.778	16.07	6.263

1495751578208	-3.131	16.338	10.285

1495751578217	-1.369	16.424	9.443

1495751578227	-0.114	15.333	5.66

1495751578237	-0.162	13.81	2.758

1495751578250	-2.202	12.153	4.29

1495751578257	-3.744	9.586	7.565

1495751578269	-3.342	7.891	9.883

1495751578278	-2.212	6.368	9.663

1495751578288	-1.369	4.74	6.282

1495751578297	-0.823	4.29	1.053

1495751578307	-0.555	4.242	-1.676

1495751578317	-0.996	2.681	-2.643

1495751578327	-0.996	0.249	-2.528

1495751578349	-0.316	-1.743	-2.355

1495751578350	0.45	-2.365	-2.269

1495751578357	1.139	-2.576	-2.825

1495751578369	1.944	-3.38	-5.372

1495751578377	3.428	-6.129	-11.291

1495751578387	2.853	-5.506	-4.664

1495751578399	0.976	-6.186	18.062

1495751578407	0.047	-3.284	1.369

1495751578417	-0.124	-1.666	-5.851

1495751578428	-0.679	0.316	-5.516

1495751578438	-0.9	0.373	-3.993

1495751578448	-0.881	0.718	-2.557

1495751578458	-1.407	4.07	-1.494

1495751578468	-3.984	17.315	0.325

1495751578479	-6.866	19.614	17.238

1495751578514	-8.456	19.614	19.192

1495751578516	-8.619	19.614	13.714

1495751578517	-9.931	19.614	12.45

1495751578518	-13.044	19.614	12.89

1495751578527	-13.302	19.614	11.789

1495751578537	-10.937	19.374	10.237

1495751578547	-7.422	16.415	9.021

1495751578557	-3.246	13.906	9.136

1495751578567	-0.737	12.785	8.226

1495751578579	0.363	11.961	6.943

1495751578589	-0.498	9.308	4.185

1495751578607	-2.164	8.063	4.98

1495751578617	-2.145	6.771	4.491

1495751578627	-1.446	3.237	3.907

1495751578639	-0.574	1.436	4.041

1495751578648	0.747	-0.335	4.213

1495751578662	1.857	-1.781	3.543

1495751578670	2.336	-2.901	2.643

1495751578692	2.585	-3.658	1.704

1495751578695	2.595	-3.85	0.421

1495751578697	2.499	-3.955	-0.967

1495751578707	2.47	-4.06	-1.398

1495751578717	2.585	-4.319	-1.647

1495751578727	2.604	-4.577	-1.915

1495751578737	2.442	-4.664	-2.221

1495751578753	2.327	-4.261	-2.365

1495751578758	2.221	-2.968	-2.815

1495751578768	1.292	-0.766	-6.1

1495751578778	0.114	2.135	-7.814

1495751578789	0.067	4.051	-8.81

1495751578798	1.043	3.237	-7.46

1495751578808	7.479	1.618	19.087

1495751578817	6.684	2.308	19.192

1495751578827	0.402	1.12	19.192

1495751578837	-1.915	0.996	-3.61

1495751578850	0.593	10.774	-4.041

1495751578857	1.762	15.141	-4.989

1495751578867	1.637	19.479	-5.631

1495751578879	-2.806	19.614	-0.756

1495751578891	-12.392	19.614	3.811

1495751578898	-19.518	19.614	5.487

1495751578908	-19.614	19.614	9.28

1495751578918	-17.574	19.614	10.036

1495751578939	-8.427	19.614	8.657

1495751578941	-1.187	19.614	10.084

1495751578948	0.842	19.556	8.973

1495751578958	-0.89	16.941	7.24

1495751578969	-2.518	14.231	5.334

1495751578979	-3.246	14.001	3.936

1495751578996	-2.269	14.892	3.706

1495751579019	-0.555	15.198	4.51

1495751579024	0.708	14.691	5.142

1495751579026	0.641	13.398	4.079

1495751579028	-1.168	11.99	2.681

1495751579037	-3.466	10.161	5.209

1495751579047	-4.261	9.031	8.063

1495751579057	-3.84	8.447	6.541

1495751579068	-3.486	7.01	5.851

1495751579080	-2.93	5.133	6.454

1495751579088	-2.48	3.821	5.602

1495751579097	-1.972	2.806	2.853

1495751579107	-1.264	2.403	0.593

1495751579117	-1.043	1.235	-0.996

1495751579127	-0.488	-0.565	-1.35

1495751579137	0.22	-1.896	-1.369

1495751579149	1.091	-2.288	-2.355

1495751579158	2.451	-4.29	-9.127

1495751579169	3.093	-4.999	-9.021

1495751579180	2.537	-3.562	-2.375

1495751579196	2.317	-2.882	1.953

1495751579225	1.925	-2.308	5.803

1495751579229	-0.268	-0.296	-3.62

1495751579231	-1.082	1.187	-3.658

1495751579238	-0.976	1.273	-1.944

1495751579249	-1.024	1.187	-1.005

1495751579258	-1.264	3.294	-0.421

1495751579269	-5.707	19.614	5.037

1495751579286	-5.707	19.614	16.089

1495751579288	-9.711	19.614	15.486

1495751579297	-9.845	19.614	12.057

1495751579307	-10.257	19.614	9.098

1495751579317	-9.835	19.614	6.809

1495751579327	-8.686	18.436	5.602

1495751579337	-7.91	15.093	5.918

1495751579350	-7.326	12.766	7.087

1495751579358	-5.861	12.009	8.035

1495751579369	-3.907	11.866	8.791

1495751579378	-2.47	11.904	8.111

1495751579389	-2.039	11.664	7.192

1495751579400	-1.944	10.812	5.66

1495751579408	-1.992	9.557	4.242

1495751579417	-2.106	8.37	3.533

1495751579427	-2.059	7.134	2.719

1495751579437	-1.637	5.439	2.241

1495751579450	-0.996	4.022	2.193

1495751579457	-0.565	2.7	3.141

1495751579467	0.411	1.465	6.138

1495751579479	1.379	0.249	7.527

1495751579489	1.685	-0.651	5.028

1495751579497	1.206	-1.312	2.116

1495751579510	0.708	-2.068	-1.168

1495751579518	0.67	-2.106	-2.403

1495751579528	0.66	-2.106	-2.815

1495751579537	0.737	-2.298	-2.892

1495751579547	0.833	-2.394	-2.863

1495751579558	1.053	-2.097	-2.652

1495751579569	1.905	-0.679	-2.624

1495751579578	1.934	0.162	-2.193

1495751579587	1.494	0.603	-1.312

1495751579600	0.009	2.528	-6.914

1495751579610	1.934	5.554	-4.529

1495751579618	14.222	6.301	19.604

1495751579628	12.038	4.539	18.57

1495751579637	5.324	3.715	3.486

1495751579647	1.695	4.913	-4.539

1495751579657	-0.842	14.739	-14.202

1495751579667	-2.672	19.537	-10.429

1495751579677	-4.29	19.585	-3.763

1495751579689	-9.941	19.594	11.511

1495751579698	-17.995	16.281	14.825

1495751579709	-19.144	11.875	0.804

1495751579720	-8.312	11.799	-2.48

1495751579727	-3.179	11.799	0.086

1495751579737	0.842	19.288	9.423

1495751579747	1.455	19.278	19.326

1495751579757	-5.277	17.631	9.605

1495751579767	-9.203	17.085	-1.11

1495751579780	-9.969	16.874	-7.058

1495751579797	-6.493	16.903	-4.118

1495751579800	-3.428	16.846	2.221

1495751579835	-0.258	16.625	11.99

1495751579837	0.22	15.629	9.921

1495751579838	-0.009	15.304	3.926

1495751579839	0.114	15.371	-0.421

1495751579847	1.235	14.672	0.45

1495751579857	2.815	13.072	5.87

1495751579869	2.164	10.439	9.404

1495751579878	0.249	7.518	9.328

1495751579887	-1.369	4.932	8.236

1495751579897	-2.432	4.146	6.799

1495751579907	-2.71	4.003	4.759

1495751579917	-2.001	3.897	2.049

1495751579929	-1.015	4.041	-0.143

1495751579940	-0.421	3.275	-0.143

1495751579948	1.149	1.532	0.373

1495751579983	2.451	-2.241	-1.647

1495751579986	3.332	-3.773	-4.319

1495751579997	2.921	-3.668	-2.537

1495751580000	1.925	-3.007	0.105

1495751580008	-1.177	-1.676	0.833

1495751580017	-2.423	-0.584	-0.162

1495751580027	-3.447	0.45	-0.747

1495751580042	-3.85	1.388	-0.44

1495751580048	-3.821	2.442	0.43

1495751580062	-4.003	5.43	1.398

1495751580068	-5.152	12.344	1.771

1495751580078	-6.665	18.981	3.055

1495751580087	-7.259	19.614	4.903

1495751580098	-7.709	19.614	7.336

1495751580108	-7.431	19.614	6.943

1495751580117	-6.215	19.614	5.746

1495751580127	-6.445	19.614	5.545

1495751580137	-7.077	19.575	5.334

1495751580147	-7.259	17.851	6.387

1495751580157	-7.47	16.08	8.284

1495751580170	-6.972	14.806	10.755

1495751580180	-5.171	14.135	9.979

1495751580192	-3.601	13.455	8.485

1495751580198	-2.317	12.277	6.828

1495751580208	-1.551	10.573	4.711

1495751580218	-0.852	8.906	2.806

1495751580235	-0.718	7.527	1.896

1495751580237	-0.794	6.205	1.647

1495751580247	-0.363	4.865	1.647

1495751580257	0.124	3.447	2.087

1495751580267	0.727	2.154	2.94

1495751580277	1.426	0.938	3.821

1495751580287	2.126	0.019	4.3

1495751580299	2.566	-0.679	4.041

1495751580309	2.576	-1.158	2.844

1495751580317	2.279	-1.494	1.245

1495751580327	1.925	-1.762	-0.44

1495751580339	1.417	-1.972	-1.781

1495751580347	1.283	-2.02	-2.049

1495751580357	1.474	-1.695	-1.953

1495751580368	1.877	-1.187	-2.011

1495751580387	2.039	-0.747	-1.743

1495751580394	2.221	2.413	1.225

1495751580398	2.614	4.778	3.035

1495751580407	4.577	5.727	9.96

1495751580417	5.822	4.328	16.166

1495751580427	2.672	3.16	8.801

1495751580439	0.632	3.256	-0.325

1495751580448	0.105	5.047	-3.476

1495751580458	-0.105	9.251	-4.874

1495751580474	-0.948	15.572	-7.202

1495751580498	-3.447	19.614	-7.546

1495751580502	-4.788	19.614	-6.704

1495751580505	-8.964	19.614	-4.922

1495751580508	-18.541	19.614	1.168

1495751580518	-19.614	17.602	10.324

1495751580528	-19.614	15.85	16.223

1495751580542	-4.223	16.625	12.287

1495751580558	-2.921	15.179	4.07

1495751580572	-3.859	14.48	0.737

1495751580578	-4.826	14.988	0.881

1495751580587	-4.443	15.744	2.279

1495751580597	-3.265	16.309	3.744

1495751580607	0.814	16.108	6.646

1495751580618	2.959	13.273	4.204

1495751580627	4.472	11.818	1.599

1495751580641	5.947	10.448	3.993

1495751580660	6.694	9.289	7.048

1495751580662	5.65	7.7	7.192

1495751580669	2.241	5.286	7.106

1495751580678	-0.861	3.399	7.221

1495751580697	-2.844	2.355	4.529

1495751580710	-1.762	3.342	1.484

1495751580717	-0.526	4.405	-0.306

1495751580727	0.067	3.668	-1.245

1495751580741	-0.038	1.867	-1.666

1495751580759	0.363	-0.028	-1.599

1495751580761	1.57	-1.934	-3.189

1495751580769	2.662	-3.744	-6.397

1495751580779	2.604	-3.821	-3.409

1495751580789	0.679	-3.85	7.929

1495751580807	-1.187	-0.957	2.624

1495751580817	-2.183	1.312	-2.423

1495751580827	-2.978	4.846	-1.838

1495751580840	-5.296	12.421	-0.038

1495751580847	-7.182	19.144	4.893

1495751580857	-7.69	19.614	10.86

1495751580867	-6.78	19.614	8.629

1495751580877	-4.462	19.614	4.156

1495751580887	-4.07	19.614	2.997

1495751580897	-5.669	19.614	4.893

1495751580907	-7.336	19.614	6.311

1495751580918	-8.13	19.614	7.843

1495751580928	-8.006	19.614	9.557

1495751580941	-7.594	19.326	10.486

1495751580946	-6.847	18.225	9.682

1495751580957	-5.458	16.75	8.667

1495751580969	-4.395	14.969	8.13

1495751580978	-3.543	13.254	7.048

1495751580989	-3.323	11.588	5.602

1495751581004	-2.959	9.672	4.185

1495751581007	-2.796	8.063	3.284

1495751581017	-2.576	6.177	2.547

1495751581028	-1.963	4.108	2.106

1495751581038	-1.245	2.336	1.407

1495751581048	0.047	-0.287	1.455

1495751581058	0.842	-1.379	2.423

1495751581069	1.714	-2.126	3.438

1495751581077	2.336	-2.413	3.658

1495751581087	2.719	-2.844	2.7

1495751581097	2.652	-3.428	1.532

1495751581107	2.279	-3.85	-0.622

1495751581117	2.087	-3.964	-2.537

1495751581128	1.781	-3.811	-3.371

1495751581138	1.944	-2.988	-3.16

1495751581147	1.944	-2.624	-3.62

1495751581158	2.011	-1.972	-3.648

1495751581171	1.877	-0.488	-3.514

1495751581180	0.574	0.689	-3.658

1495751581189	-1.426	4.338	-11.281

1495751581197	-2.317	7.546	-16.702

1495751581207	13.589	5.995	19.604

1495751581217	17.478	5.976	19.604

1495751581227	5.018	2.308	7.795

1495751581239	-4.089	2.595	-10.592

1495751581257	-7.383	11.837	-10.592

1495751581270	-8.791	19.527	-6.991

1495751581278	-12.258	19.614	-1.043

1495751581287	-19.259	19.614	11.904

1495751581297	-19.614	19.614	5.88

1495751581307	-18.914	19.614	5.832

1495751581317	-14.001	19.614	9.356

1495751581328	-2.834	19.594	18.943

1495751581339	-0.114	17.305	18.953

1495751581352	-3.122	15.821	7.173

1495751581359	-6.493	16.807	-6.569

1495751581371	-7.144	17.018	-4.75

1495751581378	-6.407	16.558	-0.45

1495751581387	-4.137	16.511	5.918

1495751581398	-1.628	15.831	12.536

1495751581407	-0.277	13.829	9.232

1495751581417	0.354	12.469	3.581

1495751581427	1.302	12.057	-1.359

1495751581437	1.896	11.166	0.316

1495751581450	1.58	9.308	6.32

1495751581457	0.162	7.642	9.969

1495751581468	-1.762	5.966	6.684

1495751581478	-2.202	4.252	6.684

1495751581487	-1.532	2.614	1.867

1495751581497	-0.411	2.413	1.752

1495751581507	0.306	2.729	0.871

1495751581518	0.249	2.193	-0.967

1495751581527	0.201	0.766	-1.283

1495751581546	0.794	-0.651	-1.379

1495751581567	1.58	-1.417	-2.154

1495751581569	2.298	-1.972	-3.246

1495751581574	3.284	-2.949	-6.771

1495751581578	3.323	-3.677	-6.177

1495751581587	2.03	-3.447	-2.174

1495751581597	0.306	-3.323	0.277

1495751581609	-1.446	-2.825	1.819

1495751581618	-2.317	-1.666	0.239

