1495253499349	0.0075939246	0.0	0.018518519

1495253499362	0.010791367	-0.001065814	0.016253663

1495253499377	0.009725553	-0.002131628	0.014122035

1495253499387	0.008659739	-0.004263256	0.016253663

1495253499398	0.008659739	-0.002131628	0.022781774

1495253499410	0.008659739	-0.002131628	0.017452704

1495253499417	0.0065281107	-0.0065281107	0.014122035

1495253499430	0.009725553	0.0	0.016253663

1495253499437	0.0075939246	-0.008659739	0.016253663

1495253499448	0.0075939246	-0.001065814	0.021715961

1495253499458	0.013056221	-0.001065814	0.021715961

1495253499467	0.0119904075	0.0	0.018518519

1495253499480	0.009725553	0.001065814	0.023980815

1495253499488	0.009725553	-0.0075939246	0.02504663

1495253499499	0.00532907	-0.003197442	0.020650147

1495253499508	0.010791367	-0.001065814	0.02504663

1495253499523	0.00532907	-0.002131628	0.026112443

1495253499527	0.0075939246	-0.0065281107	0.017452704

1495253499537	0.004263256	-0.0075939246	0.021715961

1495253499547	0.00532907	-0.004263256	0.02824407

1495253499557	0.0075939246	-0.008659739	0.018518519

1495253499568	0.010791367	-0.00532907	0.019584332

1495253499578	0.010791367	-0.00532907	0.020650147

1495253499588	0.009725553	-0.008659739	0.018518519

1495253499599	0.010791367	-0.002131628	0.022781774

1495253499608	0.003197442	-0.003197442	0.021715961

1495253499618	0.00532907	-0.001065814	0.014122035

1495253499628	0.0065281107	0.0	0.014122035

1495253499637	0.0065281107	-0.0065281107	0.022781774

1495253499647	0.013056221	-0.001065814	0.017452704

1495253499657	0.008659739	-0.001065814	0.016253663

1495253499671	0.008659739	-0.003197442	0.016253663

1495253499678	0.009725553	-0.004263256	0.015187849

1495253499688	0.013056221	-0.00532907	0.015187849

1495253499699	0.00532907	-0.0065281107	0.018518519

1495253499708	0.0065281107	-0.00532907	0.021715961

1495253499718	0.010791367	0.0	0.017452704

1495253499727	0.0065281107	-0.0065281107	0.019584332

1495253499737	0.00532907	-0.001065814	0.021715961

1495253499747	0.0065281107	-0.001065814	0.018518519

1495253499757	0.008659739	-0.003197442	0.013056221

1495253499768	0.013056221	-0.003197442	0.014122035

1495253499777	0.010791367	-0.002131628	0.010791367

1495253499788	0.010791367	-0.003197442	0.017452704

1495253499799	0.0065281107	-0.009725553	0.026112443

1495253499807	0.0119904075	-0.00532907	0.019584332

1495253499818	0.0119904075	-0.004263256	0.019584332

1495253499828	0.0065281107	-0.008659739	0.0119904075

1495253499837	0.010791367	-0.0075939246	0.017452704

1495253499848	0.0075939246	-0.002131628	0.019584332

1495253499858	0.0119904075	0.001065814	0.013056221

1495253499869	0.009725553	0.001065814	0.016253663

1495253499879	0.00532907	-0.002131628	0.016253663

1495253499888	0.009725553	-0.0075939246	0.018518519

1495253499899	0.010791367	-0.003197442	0.017452704

1495253499907	0.009725553	-0.002131628	0.021715961

1495253499918	0.010791367	-0.003197442	0.010791367

1495253499927	0.010791367	-0.00532907	0.013056221

1495253499937	0.0119904075	-0.0065281107	0.015187849

1495253499948	0.009725553	0.001065814	0.020650147

1495253499957	0.008659739	-0.003197442	0.020650147

1495253499971	0.008659739	-0.002131628	0.019584332

1495253499987	0.009725553	-0.003197442	0.018518519

1495253499998	0.013056221	-0.0075939246	0.014122035

1495253500007	0.016253663	-0.002131628	0.022781774

1495253500018	0.008659739	-0.00532907	0.016253663

1495253500028	0.009725553	-0.001065814	0.016253663

1495253500038	0.010791367	-0.004263256	0.016253663

1495253500047	0.0065281107	-0.002131628	0.015187849

1495253500057	0.00532907	-0.0065281107	0.018518519

1495253500068	0.0065281107	-0.00532907	0.021715961

1495253500077	0.0075939246	-0.004263256	0.019584332

1495253500087	0.008659739	-0.00532907	0.018518519

1495253500099	0.0075939246	-0.004263256	0.017452704

1495253500107	0.015187849	-0.001065814	0.015187849

1495253500118	0.013056221	0.001065814	0.015187849

1495253500127	0.0119904075	0.001065814	0.013056221

1495253500137	0.010791367	0.004263256	0.019584332

1495253500148	0.00532907	-0.003197442	0.017452704

1495253500158	0.0075939246	-0.003197442	0.014122035

1495253500169	0.009725553	-0.00532907	0.02504663

1495253500177	0.0065281107	-0.003197442	0.02504663

1495253500187	0.0075939246	-0.0065281107	0.019584332

1495253500199	0.008659739	-0.004263256	0.018518519

1495253500208	0.009725553	-0.00532907	0.018518519

1495253500224	0.008659739	-0.002131628	0.019584332

1495253500228	0.008659739	-0.003197442	0.016253663

1495253500238	0.00532907	-0.003197442	0.019584332

1495253500248	0.008659739	-0.002131628	0.022781774

1495253500258	0.0065281107	-0.002131628	0.020650147

1495253500268	0.008659739	-0.001065814	0.020650147

1495253500277	0.009725553	-0.003197442	0.022781774

1495253500287	0.004263256	-0.0065281107	0.019584332

1495253500298	0.002131628	-0.0119904075	0.021715961

1495253500307	0.004263256	-0.004263256	0.020650147

1495253500319	0.00532907	-0.002131628	0.018518519

1495253500328	0.004263256	-0.009725553	0.017452704

1495253500338	0.009725553	-0.0075939246	0.017452704

1495253500347	0.013056221	-0.004263256	0.019584332

1495253500357	0.009725553	-0.003197442	0.020650147

1495253500368	0.0065281107	-0.003197442	0.017452704

1495253500377	0.0075939246	-0.004263256	0.015187849

1495253500387	0.0065281107	-0.010791367	0.021715961

1495253500399	0.013056221	-0.001065814	0.018518519

1495253500407	0.008659739	-0.004263256	0.019584332

1495253500419	0.0075939246	0.0	0.021715961

1495253500430	0.00532907	0.0	0.020650147

1495253500438	0.00532907	-0.003197442	0.018518519

1495253500448	0.0119904075	0.0	0.015187849

1495253500457	0.009725553	-0.001065814	0.016253663

1495253500468	0.0065281107	-0.003197442	0.017452704

1495253500477	0.0065281107	0.0	0.020650147

1495253500487	0.00532907	0.001065814	0.018518519

1495253500499	0.008659739	-0.001065814	0.018518519

1495253500507	0.0119904075	-0.002131628	0.027178258

1495253500520	0.014122035	-0.002131628	0.016253663

1495253500528	0.008659739	-0.00532907	0.018518519

1495253500537	0.004263256	-0.0065281107	0.021715961

1495253500547	0.0075939246	-0.003197442	0.018518519

1495253500557	0.008659739	0.001065814	0.02504663

1495253500568	0.008659739	-0.003197442	0.020650147

1495253500578	0.00532907	-0.004263256	0.015187849

1495253500588	0.013056221	-0.00532907	0.021715961

1495253500598	0.010791367	-0.002131628	0.020650147

1495253500608	0.008659739	-0.00532907	0.019584332

1495253500618	0.0075939246	-0.0065281107	0.019584332

1495253500628	0.009725553	0.001065814	0.017452704

1495253500637	0.0065281107	0.0	0.019584332

1495253500647	0.0075939246	-0.002131628	0.017452704

1495253500658	0.0075939246	-0.004263256	0.014122035

1495253500670	0.008659739	-0.00532907	0.010791367

1495253500678	0.0119904075	-0.002131628	0.0119904075

1495253500688	0.010791367	0.0	0.018518519

1495253500699	0.009725553	-0.003197442	0.021715961

1495253500708	0.009725553	-0.00532907	0.018518519

1495253500718	0.010791367	-0.002131628	0.016253663

1495253500727	0.0119904075	0.00532907	0.015187849

1495253500737	0.010791367	-0.001065814	0.014122035

1495253500747	0.009725553	-0.00532907	0.016253663

1495253500757	0.0075939246	-0.004263256	0.022781774

1495253500768	0.014122035	-0.001065814	0.018518519

1495253500779	0.009725553	-0.00532907	0.015187849

1495253500788	0.0065281107	-0.009725553	0.016253663

1495253500799	0.008659739	-0.001065814	0.013056221

1495253500808	0.0119904075	-0.002131628	0.015187849

1495253500821	0.013056221	0.001065814	0.023980815

1495253500830	0.0119904075	-0.001065814	0.017452704

1495253500838	0.009725553	-0.004263256	0.014122035

1495253500848	0.010791367	0.0	0.019584332

1495253500858	0.0075939246	-0.003197442	0.020650147

1495253500868	0.010791367	-0.004263256	0.016253663

1495253500877	0.0065281107	-0.003197442	0.017452704

1495253500889	0.0075939246	-0.003197442	0.016253663

1495253500898	0.0065281107	-0.003197442	0.016253663

1495253500908	0.00532907	-0.003197442	0.014122035

1495253500918	0.004263256	-0.003197442	0.016253663

1495253500927	0.008659739	0.0	0.021715961

1495253500937	0.0119904075	-0.002131628	0.016253663

1495253500947	0.009725553	-0.003197442	0.013056221

1495253500957	0.0075939246	-0.002131628	0.022781774

1495253500969	0.0065281107	-0.00532907	0.022781774

1495253500978	0.0075939246	-0.003197442	0.022781774

1495253500988	0.008659739	-0.002131628	0.013056221

1495253500999	0.010791367	-0.001065814	0.015187849

1495253501007	0.009725553	-0.003197442	0.019584332

1495253501018	0.003197442	-0.00532907	0.016253663

1495253501027	0.010791367	-0.004263256	0.019584332

1495253501037	0.014122035	-0.001065814	0.018518519

1495253501048	0.0075939246	-0.001065814	0.022781774

1495253501057	0.0075939246	-0.001065814	0.019584332

1495253501069	0.008659739	-0.004263256	0.017452704

1495253501078	0.009725553	-0.0065281107	0.016253663

1495253501087	0.0075939246	-0.00532907	0.018518519

1495253501099	0.010791367	-0.001065814	0.016253663

1495253501107	0.010791367	-0.004263256	0.015187849

1495253501120	0.0119904075	-0.00532907	0.017452704

1495253501127	0.013056221	-0.004263256	0.018518519

1495253501138	0.015187849	0.002131628	0.020650147

1495253501149	0.009725553	-0.001065814	0.0119904075

1495253501158	0.0075939246	-0.004263256	0.010791367

1495253501168	0.0119904075	-0.001065814	0.017452704

1495253501177	0.010791367	0.0	0.016253663

1495253501187	0.009725553	-0.002131628	0.018518519

1495253501199	0.010791367	-0.0075939246	0.018518519

1495253501208	0.009725553	-0.004263256	0.022781774

1495253501223	0.0119904075	-0.003197442	0.017452704

1495253501228	0.010791367	-0.00532907	0.0119904075

1495253501238	0.010791367	-0.002131628	0.016253663

1495253501248	0.0119904075	-0.001065814	0.015187849

1495253501258	0.013056221	0.002131628	0.0119904075

1495253501269	0.0075939246	-0.001065814	0.019584332

1495253501278	0.008659739	-0.00532907	0.019584332

1495253501287	0.0075939246	-0.00532907	0.018518519

1495253501297	0.009725553	-0.00532907	0.016253663

1495253501309	0.0065281107	-0.0065281107	0.015187849

1495253501318	0.009725553	-0.004263256	0.017452704

1495253501327	0.0075939246	-0.00532907	0.023980815

1495253501338	0.0065281107	-0.001065814	0.023980815

1495253501348	0.009725553	0.001065814	0.016253663

1495253501357	0.00532907	-0.0065281107	0.016253663

1495253501368	0.008659739	-0.003197442	0.020650147

1495253501378	0.0075939246	-0.003197442	0.023980815

1495253501387	0.00532907	-0.001065814	0.021715961

1495253501397	0.0065281107	-0.0065281107	0.015187849

1495253501409	0.0119904075	-0.003197442	0.021715961

1495253501424	0.016253663	-0.004263256	0.015187849

1495253501428	0.008659739	-0.001065814	0.013056221

1495253501438	0.010791367	0.001065814	0.016253663

1495253501448	0.008659739	-0.0065281107	0.018518519

1495253501459	0.009725553	-0.0065281107	0.017452704

1495253501474	0.008659739	-0.003197442	0.016253663

1495253501477	0.0075939246	-0.003197442	0.015187849

1495253501488	0.0075939246	-0.0065281107	0.019584332

1495253501497	0.0065281107	-0.003197442	0.013056221

1495253501509	0.008659739	-0.002131628	0.020650147

1495253501519	0.010791367	-0.004263256	0.022781774

1495253501535	0.0075939246	-0.0075939246	0.021715961

1495253501537	0.008659739	-0.00532907	0.021715961

1495253501547	0.010791367	-0.00532907	0.018518519

1495253501557	0.0065281107	-0.004263256	0.015187849

1495253501568	0.0065281107	-0.003197442	0.021715961

1495253501577	0.009725553	-0.003197442	0.021715961

1495253501588	0.0119904075	-0.002131628	0.020650147

1495253501597	0.0075939246	-0.004263256	0.020650147

1495253501609	0.0065281107	-0.00532907	0.014122035

1495253501620	0.004263256	-0.002131628	0.022781774

1495253501629	0.0065281107	-0.002131628	0.021715961

1495253501639	0.008659739	-0.003197442	0.018518519

1495253501648	0.008659739	-0.001065814	0.021715961

1495253501657	0.008659739	-0.003197442	0.020650147

1495253501670	0.00532907	0.002131628	0.022781774

1495253501677	0.009725553	-0.003197442	0.017452704

1495253501688	0.008659739	-0.008659739	0.016253663

1495253501697	0.008659739	-0.004263256	0.016253663

1495253501709	0.0119904075	-0.002131628	0.015187849

1495253501719	0.0075939246	-0.004263256	0.017452704

1495253501727	0.004263256	0.001065814	0.020650147

1495253501737	0.008659739	0.003197442	0.017452704

1495253501747	0.0065281107	-0.00532907	0.017452704

1495253501757	0.008659739	-0.004263256	0.020650147

1495253501769	0.0075939246	0.004263256	0.017452704

1495253501778	0.0065281107	-0.00532907	0.017452704

1495253501788	0.008659739	-0.003197442	0.019584332

1495253501798	0.0075939246	-0.004263256	0.020650147

1495253501809	0.00532907	-0.00532907	0.016253663

1495253501818	0.009725553	-0.009725553	0.017452704

1495253501828	0.009725553	-0.002131628	0.014122035

1495253501837	0.0075939246	-0.004263256	0.014122035

1495253501848	0.0075939246	-0.0065281107	0.014122035

1495253501858	0.008659739	0.002131628	0.016253663

1495253501868	0.013056221	0.0	0.019584332

1495253501878	0.010791367	0.0	0.023980815

1495253501888	0.0075939246	0.0	0.019584332

1495253501898	0.009725553	-0.002131628	0.016253663

1495253501909	0.008659739	-0.004263256	0.017452704

1495253501918	0.0065281107	-0.003197442	0.026112443

1495253501927	0.008659739	0.001065814	0.020650147

1495253501938	0.0075939246	-0.00532907	0.016253663

1495253501948	0.008659739	-0.004263256	0.010791367

1495253501958	0.009725553	-0.003197442	0.014122035

1495253501970	0.008659739	-0.003197442	0.022781774

1495253501988	0.013056221	-0.010791367	0.019584332

1495253501997	0.010791367	-0.0075939246	0.02504663

1495253502008	0.00532907	0.001065814	0.026112443

1495253502018	0.008659739	0.0	0.021715961

1495253502028	0.009725553	-0.004263256	0.017452704

1495253502037	0.009725553	-0.004263256	0.014122035

1495253502047	0.0065281107	-0.0065281107	0.017452704

1495253502058	0.0119904075	0.001065814	0.017452704

1495253502068	0.010791367	-0.002131628	0.017452704

1495253502078	0.0119904075	-0.004263256	0.019584332

1495253502088	0.013056221	-0.003197442	0.019584332

1495253502097	0.0075939246	-0.002131628	0.018518519

1495253502109	0.010791367	-0.0065281107	0.016253663

1495253502118	0.0065281107	-0.003197442	0.019584332

1495253502128	0.009725553	-0.004263256	0.015187849

1495253502137	0.010791367	-0.0065281107	0.014122035

1495253502148	0.009725553	-0.002131628	0.017452704

1495253502158	0.010791367	-0.002131628	0.013056221

1495253502169	0.004263256	-0.00532907	0.021715961

1495253502178	0.004263256	-0.001065814	0.021715961

1495253502188	0.009725553	-0.00532907	0.009725553

1495253502197	0.008659739	-0.001065814	0.015187849

1495253502209	0.0119904075	-0.002131628	0.014122035

1495253502219	0.004263256	-0.003197442	0.019584332

1495253502227	0.0065281107	-0.004263256	0.021715961

1495253502238	0.009725553	-0.0065281107	0.022781774

1495253502248	0.009725553	0.002131628	0.02504663

1495253502258	0.008659739	0.001065814	0.023980815

1495253502270	0.009725553	-0.003197442	0.020650147

1495253502277	0.008659739	-0.00532907	0.018518519

1495253502288	0.008659739	-0.001065814	0.020650147

1495253502297	0.0065281107	-0.003197442	0.026112443

1495253502308	0.009725553	-0.004263256	0.018518519

1495253502318	0.008659739	-0.0065281107	0.013056221

1495253502329	0.013056221	0.0	0.016253663

1495253502338	0.013056221	-0.001065814	0.013056221

1495253502347	0.0065281107	0.001065814	0.022781774

1495253502357	0.008659739	0.0	0.018518519

1495253502368	0.00532907	0.0	0.013056221

1495253502378	0.0075939246	-0.0075939246	0.013056221

1495253502389	0.0119904075	-0.003197442	0.021715961

1495253502398	0.010791367	-0.0065281107	0.021715961

1495253502409	0.010791367	-0.004263256	0.020650147

1495253502419	0.008659739	-0.0065281107	0.018518519

1495253502431	0.010791367	-0.00532907	0.014122035

1495253502438	0.008659739	0.004263256	0.022781774

1495253502447	0.013056221	-0.002131628	0.014122035

1495253502457	0.0065281107	-0.004263256	0.019584332

1495253502468	0.009725553	-0.002131628	0.019584332

1495253502477	0.0075939246	-0.003197442	0.019584332

1495253502488	0.0075939246	-0.002131628	0.018518519

1495253502497	0.009725553	-0.003197442	0.015187849

1495253502509	0.010791367	-0.00532907	0.021715961

1495253502518	0.009725553	-0.004263256	0.014122035

1495253502528	0.00532907	-0.004263256	0.018518519

1495253502538	0.004263256	0.0	0.021715961

1495253502547	0.009725553	-0.002131628	0.020650147

1495253502557	0.009725553	-0.003197442	0.019584332

1495253502570	0.009725553	-0.001065814	0.017452704

1495253502578	0.009725553	-0.001065814	0.019584332

1495253502588	0.010791367	-0.004263256	0.017452704

1495253502597	0.0075939246	-0.004263256	0.021715961

1495253502609	0.0075939246	-0.003197442	0.018518519

1495253502618	0.010791367	-0.004263256	0.022781774

1495253502627	0.009725553	-0.008659739	0.020650147

1495253502637	0.009725553	0.001065814	0.015187849

1495253502647	0.0075939246	-0.002131628	0.017452704

1495253502657	0.008659739	-0.00532907	0.018518519

1495253502668	0.010791367	-0.004263256	0.021715961

1495253502677	0.0075939246	-0.0075939246	0.018518519

1495253502688	0.008659739	-0.004263256	0.016253663

1495253502698	0.0075939246	-0.00532907	0.013056221

1495253502709	0.002131628	-0.0065281107	0.013056221

1495253502718	0.009725553	-0.002131628	0.016253663

1495253502728	0.014122035	0.0	0.009725553

1495253502738	0.009725553	0.0	0.0119904075

1495253502747	0.0119904075	-0.0075939246	0.014122035

1495253502758	0.00532907	-0.010791367	0.0119904075

1495253502770	0.010791367	-0.001065814	0.016253663

1495253502789	0.009725553	-0.002131628	0.019584332

1495253502798	0.010791367	-0.00532907	0.019584332

1495253502810	0.0065281107	0.001065814	0.019584332

1495253502848	0.010791367	0.0	0.014122035

1495253502851	0.009725553	-0.003197442	0.013056221

1495253502862	0.009725553	-0.003197442	0.014122035

1495253502863	0.009725553	0.0	0.016253663

1495253502868	0.008659739	-0.004263256	0.021715961

1495253502869	0.0075939246	-0.004263256	0.019584332

1495253502878	0.0065281107	0.003197442	0.017452704

1495253502888	0.010791367	0.001065814	0.014122035

1495253502898	0.0065281107	-0.0065281107	0.013056221

1495253502910	0.0065281107	-0.0075939246	0.013056221

1495253502918	0.0075939246	-0.00532907	0.016253663

1495253502928	0.009725553	-0.003197442	0.017452704

1495253502938	0.010791367	-0.003197442	0.020650147

1495253502948	0.014122035	-0.001065814	0.016253663

1495253502957	0.0119904075	-0.0065281107	0.018518519

1495253502968	0.008659739	-0.001065814	0.022781774

1495253502977	0.008659739	0.0065281107	0.026112443

1495253502988	0.00532907	-0.013056221	0.017452704

1495253502998	0.009725553	-0.0075939246	0.018518519

1495253503009	0.0119904075	-0.002131628	0.018518519

1495253503018	0.009725553	-0.002131628	0.019584332

1495253503027	0.0075939246	-0.00532907	0.023980815

1495253503037	0.00532907	-0.004263256	0.020650147

1495253503047	0.0065281107	-0.004263256	0.017452704

1495253503057	0.009725553	-0.0075939246	0.016253663

1495253503068	0.009725553	-0.003197442	0.016253663

1495253503078	0.0065281107	-0.003197442	0.020650147

1495253503088	0.008659739	-0.001065814	0.014122035

1495253503097	0.009725553	-0.004263256	0.016253663

1495253503109	0.013056221	-0.003197442	0.013056221

1495253503119	0.009725553	-0.004263256	0.017452704

1495253503128	0.010791367	-0.003197442	0.014122035

1495253503138	0.0075939246	-0.001065814	0.017452704

1495253503148	0.004263256	0.001065814	0.020650147

1495253503157	0.00532907	-0.004263256	0.019584332

1495253503173	0.0075939246	-0.0075939246	0.013056221

1495253503179	0.010791367	-0.008659739	0.020650147

1495253503188	0.0065281107	-0.00532907	0.020650147

1495253503202	0.008659739	0.001065814	0.018518519

1495253503208	0.003197442	-0.003197442	0.018518519

1495253503218	0.00532907	-0.002131628	0.018518519

1495253503227	0.00532907	-0.00532907	0.015187849

1495253503237	0.008659739	-0.001065814	0.017452704

1495253503248	0.009725553	0.002131628	0.022781774

1495253503258	0.0065281107	-0.002131628	0.018518519

1495253503268	0.008659739	-0.003197442	0.014122035

1495253503277	0.00532907	-0.002131628	0.014122035

1495253503288	0.00532907	-0.002131628	0.016253663

1495253503297	0.0065281107	-0.004263256	0.021715961

1495253503309	0.0119904075	-0.00532907	0.018518519

1495253503318	0.0119904075	-0.003197442	0.017452704

1495253503328	0.008659739	-0.003197442	0.013056221

1495253503337	0.014122035	-0.002131628	0.014122035

1495253503347	0.013056221	-0.00532907	0.015187849

1495253503358	0.009725553	0.001065814	0.016253663

1495253503369	0.0075939246	-0.008659739	0.016253663

1495253503388	0.004263256	-0.003197442	0.017452704

1495253503397	0.010791367	-0.0065281107	0.022781774

1495253503409	0.0119904075	-0.00532907	0.018518519

1495253503420	0.0065281107	-0.009725553	0.014122035

1495253503427	0.009725553	-0.001065814	0.016253663

1495253503438	0.010791367	-0.004263256	0.018518519

1495253503448	0.0075939246	-0.0075939246	0.016253663

1495253503457	0.008659739	-0.002131628	0.016253663

1495253503468	0.013056221	0.002131628	0.016253663

1495253503477	0.009725553	-0.002131628	0.014122035

1495253503487	0.0075939246	-0.004263256	0.018518519

1495253503497	0.008659739	-0.0065281107	0.021715961

1495253503509	0.009725553	-0.003197442	0.016253663

1495253503524	0.008659739	0.0	0.017452704

1495253503539	0.008659739	-0.003197442	0.013056221

1495253503548	0.00532907	-0.00532907	0.015187849

1495253503557	0.010791367	-0.0065281107	0.021715961

1495253503568	0.008659739	-0.003197442	0.018518519

1495253503577	0.009725553	-0.001065814	0.017452704

1495253503587	0.0065281107	-0.002131628	0.021715961

1495253503597	0.004263256	-0.003197442	0.017452704

1495253503609	0.010791367	-0.00532907	0.014122035

1495253503618	0.009725553	-0.009725553	0.014122035

1495253503628	0.009725553	-0.004263256	0.020650147

1495253503639	0.0065281107	-0.003197442	0.020650147

1495253503648	0.010791367	-0.001065814	0.015187849

1495253503657	0.010791367	-0.002131628	0.023980815

1495253503669	0.0119904075	0.0	0.020650147

1495253503677	0.009725553	-0.00532907	0.017452704

1495253503688	0.00532907	-0.00532907	0.017452704

1495253503697	0.014122035	-0.002131628	0.016253663

1495253503709	0.010791367	-0.001065814	0.021715961

1495253503720	0.008659739	-0.003197442	0.02504663

1495253503728	0.0075939246	0.001065814	0.020650147

1495253503738	0.0075939246	-0.004263256	0.020650147

1495253503747	0.009725553	-0.004263256	0.018518519

1495253503758	0.009725553	-0.003197442	0.021715961

1495253503768	0.0075939246	-0.008659739	0.020650147

1495253503779	0.014122035	-0.003197442	0.016253663

1495253503788	0.00532907	-0.004263256	0.019584332

1495253503798	0.0075939246	0.001065814	0.013056221

1495253503808	0.009725553	-0.002131628	0.017452704

1495253503818	0.009725553	0.001065814	0.018518519

1495253503829	0.0075939246	-0.004263256	0.016253663

1495253503838	0.0075939246	-0.004263256	0.010791367

1495253503848	0.0065281107	-0.0065281107	0.015187849

1495253503858	0.009725553	-0.002131628	0.016253663

1495253503869	0.013056221	-0.009725553	0.016253663

1495253503877	0.008659739	-0.003197442	0.018518519

1495253503887	0.010791367	0.003197442	0.020650147

1495253503897	0.013056221	0.0	0.023980815

1495253503909	0.009725553	-0.002131628	0.017452704

1495253503918	0.008659739	-0.004263256	0.013056221

1495253503928	0.0065281107	-0.004263256	0.018518519

1495253503938	0.00532907	-0.003197442	0.023980815

1495253503947	0.0065281107	-0.002131628	0.022781774

1495253503957	0.0075939246	-0.004263256	0.013056221

1495253503968	0.0075939246	-0.0075939246	0.014122035

1495253503977	0.010791367	-0.00532907	0.019584332

1495253503987	0.010791367	-0.001065814	0.017452704

1495253503997	0.0075939246	-0.003197442	0.020650147

1495253504009	0.010791367	-0.001065814	0.027178258

1495253504020	0.008659739	-0.002131628	0.02504663

1495253504029	0.00532907	0.003197442	0.014122035

1495253504037	0.0075939246	-0.001065814	0.014122035

1495253504047	0.010791367	-0.004263256	0.017452704

1495253504057	0.010791367	-0.008659739	0.0119904075

1495253504068	0.009725553	-0.004263256	0.017452704

1495253504078	0.014122035	0.0	0.018518519

1495253504088	0.010791367	-0.003197442	0.019584332

1495253504097	0.00532907	-0.002131628	0.016253663

1495253504108	0.008659739	-0.001065814	0.019584332

1495253504118	0.008659739	-0.003197442	0.020650147

1495253504127	0.0065281107	-0.00532907	0.022781774

1495253504137	0.00532907	-0.003197442	0.019584332

1495253504147	0.004263256	-0.00532907	0.016253663

1495253504157	0.0075939246	-0.003197442	0.009725553

1495253504168	0.0119904075	-0.0065281107	0.020650147

1495253504178	0.0119904075	-0.0065281107	0.021715961

1495253504188	0.0075939246	-0.00532907	0.013056221

1495253504197	0.008659739	-0.001065814	0.017452704

1495253504209	0.008659739	-0.008659739	0.019584332

1495253504218	0.014122035	-0.003197442	0.014122035

1495253504228	0.013056221	-0.003197442	0.013056221

1495253504237	0.0119904075	-0.002131628	0.015187849

1495253504247	0.010791367	-0.0065281107	0.014122035

1495253504258	0.0075939246	-0.003197442	0.015187849

1495253504272	0.0119904075	0.0	0.018518519

1495253504278	0.017452704	-0.004263256	0.017452704

1495253504295	0.010791367	-0.00532907	0.017452704

1495253504304	0.0065281107	0.0	0.018518519

1495253504310	0.0119904075	0.0	0.020650147

1495253504324	0.008659739	-0.004263256	0.018518519

