1496003150347	0.067	-0.067	9.557

1496003150349	0.057	-0.047	9.605

1496003150361	0.067	-0.057	9.605

1496003150369	0.095	-0.057	9.605

1496003150379	0.076	-0.038	9.596

1496003150391	0.076	-0.047	9.586

1496003150403	0.057	-0.057	9.538

1496003150409	0.067	-0.047	9.577

1496003150421	0.057	-0.057	9.538

1496003150429	0.057	-0.057	9.577

1496003150439	0.057	-0.038	9.625

1496003150449	0.076	-0.047	9.567

1496003150459	0.086	-0.076	9.577

1496003150473	0.067	-0.067	9.567

1496003150490	0.076	-0.057	9.577

1496003150501	0.067	-0.067	9.567

1496003150509	0.028	-0.038	9.557

1496003150519	0.086	-0.057	9.577

1496003150529	0.047	-0.047	9.548

1496003150541	0.076	-0.047	9.567

1496003150549	0.076	-0.067	9.586

1496003150559	0.086	-0.076	9.577

1496003150570	0.047	-0.067	9.557

1496003150579	0.095	-0.057	9.577

1496003150593	0.067	-0.067	9.538

1496003150599	0.047	-0.038	9.557

1496003150609	0.028	-0.038	9.557

1496003150619	0.038	-0.038	9.557

1496003150629	0.076	-0.057	9.644

1496003150646	0.028	-0.038	9.577

1496003150649	0.047	-0.047	9.586

1496003150659	0.047	-0.057	9.557

1496003150669	0.105	-0.076	9.605

1496003150679	0.095	-0.067	9.586

1496003150692	0.076	-0.047	9.557

1496003150701	0.105	-0.076	9.577

1496003150709	0.076	-0.057	9.615

1496003150719	0.095	-0.076	9.605

1496003150731	0.086	-0.057	9.586

1496003150760	0.028	-0.057	9.567

1496003150770	0.038	-0.047	9.577

1496003150781	0.076	-0.038	9.615

1496003150791	0.019	-0.028	9.567

1496003150800	0.038	-0.047	9.605

1496003150811	0.057	-0.019	9.567

1496003150820	0.038	-0.047	9.577

1496003150829	0.076	-0.057	9.577

1496003150841	0.076	-0.057	9.596

1496003150849	0.086	-0.067	9.615

1496003150859	0.095	-0.057	9.625

1496003150869	0.105	-0.067	9.548

1496003150879	0.105	-0.076	9.663

1496003150893	0.095	-0.076	9.625

1496003150899	0.124	-0.086	9.577

1496003150909	0.095	-0.076	9.634

1496003150919	0.076	-0.067	9.596

1496003150931	0.095	-0.057	9.567

1496003150942	0.047	-0.057	9.567

1496003150949	0.038	-0.047	9.548

1496003150959	0.067	-0.057	9.615

1496003150969	0.057	-0.038	9.567

1496003150979	0.047	-0.038	9.596

1496003151002	0.076	-0.047	9.567

1496003151004	0.067	-0.067	9.586

1496003151009	0.067	-0.057	9.548

1496003151026	0.067	-0.067	9.615

1496003151029	0.047	-0.047	9.538

1496003151041	0.057	-0.047	9.605

1496003151051	0.057	-0.067	9.519

1496003151060	0.086	-0.057	9.605

1496003151070	0.086	-0.067	9.605

1496003151079	0.076	-0.086	9.577

1496003151092	0.095	-0.076	9.557

1496003151099	0.086	-0.067	9.634

1496003151109	0.095	-0.076	9.653

1496003151119	0.076	-0.057	9.596

1496003151129	0.076	-0.067	9.577

1496003151142	0.086	-0.067	9.567

1496003151149	0.047	-0.038	9.557

1496003151159	0.057	-0.057	9.586

1496003151169	0.076	-0.047	9.548

1496003151179	0.086	-0.057	9.634

1496003151192	0.076	-0.047	9.596

1496003151200	0.086	-0.038	9.577

1496003151213	0.057	-0.057	9.586

1496003151229	0.067	-0.047	9.596

1496003151241	0.067	-0.067	9.605

1496003151249	0.067	-0.057	9.596

1496003151259	0.067	-0.047	9.605

1496003151270	0.095	-0.067	9.605

1496003151279	0.086	-0.057	9.586

1496003151298	0.095	-0.067	9.625

1496003151309	0.095	-0.076	9.634

1496003151319	0.105	-0.076	9.625

1496003151329	0.086	-0.076	9.615

1496003151341	0.076	-0.067	9.605

1496003151349	0.076	-0.057	9.596

1496003151359	0.076	-0.067	9.586

1496003151369	0.067	-0.047	9.596

1496003151379	0.076	-0.067	9.586

1496003151392	0.076	-0.047	9.634

1496003151400	0.067	-0.047	9.625

1496003151409	0.038	-0.028	9.596

1496003151419	0.076	-0.057	9.615

1496003151429	0.086	-0.067	9.615

1496003151441	0.086	-0.057	9.615

1496003151449	0.086	-0.067	9.577

1496003151469	0.067	-0.076	9.605

1496003151480	0.114	-0.086	9.605

1496003151495	0.095	-0.057	9.615

1496003151507	0.095	-0.067	9.557

1496003151524	0.105	-0.086	9.625

1496003151525	0.076	-0.076	9.586

1496003151529	0.095	-0.067	9.625

1496003151546	0.095	-0.086	9.586

1496003151549	0.095	-0.086	9.615

1496003151559	0.057	-0.057	9.548

1496003151572	0.067	-0.028	9.586

1496003151579	0.076	-0.047	9.634

1496003151593	0.067	-0.038	9.586

1496003151600	0.086	-0.076	9.644

1496003151616	0.057	-0.057	9.596

1496003151619	0.086	-0.086	9.605

1496003151629	0.086	-0.038	9.615

1496003151641	0.086	-0.076	9.615

1496003151649	0.086	-0.067	9.634

1496003151659	0.057	-0.067	9.596

1496003151669	0.095	-0.076	9.615

1496003151679	0.086	-0.086	9.625

1496003151691	0.057	-0.047	9.586

1496003151700	0.086	-0.067	9.615

1496003151709	0.134	-0.095	9.605

1496003151719	0.057	-0.086	9.567

1496003151729	0.076	-0.047	9.596

1496003151741	0.095	-0.076	9.605

1496003151749	0.076	-0.057	9.605

1496003151759	0.086	-0.047	9.577

1496003151769	0.095	-0.076	9.577

1496003151780	0.067	-0.057	9.634

1496003151793	0.086	-0.076	9.596

1496003151801	0.076	-0.038	9.586

1496003151810	0.076	-0.038	9.634

1496003151819	0.076	-0.038	9.605

1496003151829	0.076	-0.038	9.596

1496003151841	0.076	-0.047	9.605

1496003151849	0.086	-0.067	9.596

1496003151861	0.086	-0.086	9.577

1496003151869	0.057	-0.067	9.615

1496003151879	0.114	-0.076	9.605

1496003151894	0.067	-0.067	9.615

1496003151899	0.086	-0.086	9.625

1496003151909	0.076	-0.086	9.625

1496003151919	0.124	-0.086	9.577

1496003151929	0.114	-0.057	9.577

1496003151942	0.086	-0.047	9.586

1496003151949	0.067	-0.067	9.577

1496003151959	0.086	-0.057	9.605

1496003151969	0.076	-0.057	9.615

1496003151979	0.067	-0.038	9.625

1496003151995	0.076	-0.057	9.596

1496003152001	0.076	-0.028	9.586

1496003152010	0.076	-0.038	9.577

1496003152019	0.086	-0.057	9.615

1496003152035	0.105	-0.095	9.615

1496003152042	0.095	-0.095	9.615

1496003152048	0.076	-0.095	9.596

1496003152059	0.086	-0.086	9.615

1496003152069	0.124	-0.105	9.644

1496003152079	0.086	-0.105	9.634

1496003152091	0.105	-0.076	9.605

1496003152100	0.114	-0.086	9.615

1496003152110	0.095	-0.086	9.644

1496003152121	0.095	-0.067	9.596

1496003152130	0.105	-0.086	9.644

1496003152141	0.095	-0.047	9.577

1496003152149	0.076	-0.067	9.586

1496003152160	0.086	-0.047	9.586

1496003152169	0.076	-0.038	9.577

1496003152179	0.057	-0.028	9.596

1496003152194	0.019	-0.047	9.548

1496003152199	0.019	-0.028	9.548

1496003152210	0.028	-0.028	9.577

1496003152224	0.076	-0.057	9.625

1496003152229	0.047	-0.057	9.577

1496003152241	0.086	-0.076	9.615

1496003152249	0.114	-0.105	9.615

1496003152259	0.143	-0.124	9.615

1496003152269	0.162	-0.124	9.653

1496003152279	0.114	-0.095	9.605

1496003152297	0.114	-0.076	9.557

1496003152302	0.076	0.0	9.653

1496003152312	0.047	0.0	9.586

1496003152321	0.076	0.009	9.605

1496003152329	0.057	0.019	9.605

1496003152341	0.038	0.028	9.605

1496003152349	0.057	0.009	9.586

1496003152359	0.047	-0.038	9.567

1496003152369	0.047	-0.057	9.577

1496003152379	0.047	-0.057	9.529

1496003152391	0.019	-0.067	9.529

1496003152401	0.028	-0.047	9.567

1496003152410	0.0	-0.047	9.5

1496003152419	0.019	-0.009	9.567

1496003152429	0.076	-0.047	9.596

1496003152441	0.057	-0.047	9.586

1496003152449	0.095	-0.057	9.567

1496003152459	0.114	-0.076	9.605

1496003152469	0.105	-0.076	9.625

1496003152479	0.114	-0.076	9.605

1496003152493	0.105	-0.067	9.577

1496003152503	0.105	-0.076	9.586

1496003152519	0.086	-0.086	9.557

1496003152520	0.067	-0.095	9.577

1496003152530	0.105	-0.095	9.557

1496003152541	0.095	-0.114	9.577

1496003152549	0.086	-0.105	9.577

1496003152559	0.076	-0.114	9.557

1496003152571	0.095	-0.114	9.596

1496003152581	0.076	-0.067	9.586

1496003152592	0.076	-0.038	9.577

1496003152601	0.047	0.019	9.596

1496003152610	0.028	0.028	9.586

1496003152619	0.0	0.038	9.548

1496003152629	-0.009	0.028	9.567

1496003152642	0.0	0.038	9.519

1496003152650	0.028	0.009	9.567

1496003152659	0.009	-0.047	9.557

1496003152670	0.057	-0.067	9.548

1496003152682	0.067	-0.076	9.538

1496003152691	0.076	-0.086	9.605

1496003152701	0.095	-0.124	9.625

1496003152709	0.095	-0.105	9.567

1496003152719	0.105	-0.105	9.567

1496003152729	0.143	-0.124	9.634

1496003152743	0.124	-0.076	9.605

1496003152749	0.134	-0.095	9.586

1496003152759	0.095	-0.076	9.519

1496003152769	0.095	-0.047	9.596

1496003152779	0.047	-0.047	9.538

1496003152792	0.009	-0.019	9.557

1496003152799	0.028	-0.028	9.567

1496003152809	0.019	-0.038	9.567

1496003152819	-0.028	-0.009	9.519

1496003152831	0.0	-0.028	9.586

1496003152847	-0.028	-0.009	9.529

1496003152850	-0.028	-0.019	9.577

1496003152864	0.038	-0.038	9.586

1496003152871	0.067	-0.095	9.605

1496003152882	0.095	-0.086	9.605

1496003152897	0.134	-0.114	9.605

1496003152901	0.162	-0.114	9.653

1496003152909	0.162	-0.124	9.625

1496003152919	0.172	-0.105	9.644

1496003152929	0.172	-0.124	9.663

1496003152941	0.134	-0.086	9.615

1496003152949	0.105	-0.067	9.596

1496003152959	0.086	-0.047	9.586

1496003152969	0.0	-0.028	9.557

1496003152979	0.019	-0.019	9.577

1496003152994	0.0	-0.028	9.51

1496003153010	0.0	-0.009	9.567

1496003153013	-0.009	-0.019	9.529

1496003153019	-0.028	-0.009	9.577

1496003153030	0.019	-0.028	9.567

1496003153043	0.047	-0.047	9.577

1496003153049	0.076	-0.067	9.567

1496003153059	0.086	-0.067	9.567

1496003153069	0.105	-0.047	9.605

1496003153088	0.153	-0.076	9.615

1496003153093	0.153	-0.095	9.634

1496003153114	0.134	-0.105	9.625

1496003153116	0.162	-0.095	9.644

1496003153120	0.143	-0.105	9.596

1496003153130	0.095	-0.086	9.586

1496003153139	0.086	-0.076	9.605

1496003153149	0.067	-0.067	9.548

1496003153159	0.047	-0.038	9.577

1496003153170	0.019	-0.028	9.538

1496003153183	0.009	-0.009	9.567

1496003153189	-0.009	0.009	9.577

1496003153201	-0.009	-0.009	9.529

1496003153209	0.047	-0.038	9.596

1496003153219	0.028	-0.009	9.567

1496003153229	0.038	-0.038	9.567

1496003153244	0.057	-0.028	9.586

1496003153249	0.095	-0.057	9.605

1496003153263	0.067	-0.057	9.586

1496003153269	0.086	-0.086	9.605

1496003153280	0.124	-0.095	9.605

1496003153291	0.162	-0.086	9.634

1496003153301	0.134	-0.105	9.596

1496003153310	0.114	-0.114	9.586

1496003153321	0.105	-0.114	9.586

1496003153329	0.114	-0.095	9.586

1496003153343	0.067	-0.086	9.567

1496003153349	0.028	-0.057	9.529

1496003153359	0.028	-0.038	9.548

1496003153369	0.009	-0.019	9.548

1496003153379	0.0	-0.028	9.567

1496003153391	0.0	0.0	9.557

1496003153404	0.028	-0.019	9.567

1496003153414	0.028	0.009	9.557

1496003153419	0.057	-0.038	9.577

1496003153429	0.047	-0.047	9.577

1496003153441	0.057	-0.028	9.605

1496003153449	0.086	-0.057	9.577

1496003153459	0.057	-0.057	9.567

1496003153468	0.095	-0.086	9.596

1496003153478	0.067	-0.095	9.577

1496003153491	0.086	-0.095	9.663

1496003153502	0.086	-0.086	9.615

1496003153512	0.057	-0.076	9.596

1496003153522	0.095	-0.076	9.557

1496003153529	0.076	-0.086	9.577

1496003153540	0.047	-0.038	9.596

1496003153549	0.086	-0.076	9.577

1496003153559	0.105	-0.057	9.605

1496003153568	0.076	-0.057	9.596

1496003153578	0.038	-0.019	9.557

1496003153589	0.019	-0.047	9.529

1496003153602	0.047	-0.038	9.577

1496003153610	0.047	-0.038	9.548

1496003153619	0.038	-0.038	9.548

1496003153629	0.019	-0.047	9.548

1496003153641	0.076	-0.057	9.577

1496003153653	0.067	-0.057	9.596

1496003153660	0.086	-0.057	9.605

1496003153669	0.076	-0.057	9.557

1496003153679	0.076	-0.047	9.577

1496003153690	0.047	-0.038	9.567

1496003153700	0.038	-0.028	9.586

1496003153709	0.047	-0.038	9.586

1496003153718	0.047	-0.047	9.548

1496003153728	0.076	-0.047	9.577

1496003153739	0.067	-0.076	9.625

1496003153749	0.067	-0.086	9.557

1496003153762	0.057	-0.076	9.557

1496003153769	0.105	-0.076	9.596

1496003153779	0.114	-0.105	9.615

1496003153789	0.076	-0.067	9.567

1496003153799	0.105	-0.057	9.615

1496003153809	0.086	-0.047	9.605

1496003153820	0.057	-0.047	9.567

1496003153829	0.038	-0.019	9.557

1496003153839	0.019	0.0	9.548

1496003153850	0.019	-0.019	9.538

1496003153860	0.019	-0.009	9.567

1496003153870	0.019	-0.009	9.538

1496003153883	0.038	-0.038	9.538

1496003153897	0.038	-0.047	9.529

1496003153912	0.067	-0.057	9.625

1496003153916	0.057	-0.067	9.548

1496003153920	0.086	-0.086	9.548

1496003153930	0.047	-0.057	9.577

1496003153943	0.047	-0.047	9.557

1496003153949	0.076	-0.067	9.596

1496003153962	0.105	-0.067	9.605

1496003153969	0.086	-0.038	9.586

1496003153979	0.047	-0.038	9.538

1496003153992	0.028	-0.057	9.548

1496003154001	0.105	-0.067	9.596

1496003154010	0.095	-0.076	9.596

1496003154019	0.076	-0.076	9.577

1496003154029	0.095	-0.086	9.625

1496003154039	0.076	-0.095	9.548

1496003154051	0.047	-0.067	9.577

1496003154059	0.067	-0.057	9.567

1496003154069	0.057	-0.067	9.577

1496003154079	0.047	-0.038	9.538

1496003154089	0.028	-0.038	9.557

1496003154100	0.047	0.0	9.557

1496003154109	0.067	-0.009	9.596

1496003154121	0.038	-0.009	9.577

1496003154129	0.047	-0.019	9.538

1496003154139	0.028	-0.019	9.538

1496003154153	0.057	-0.028	9.586

1496003154159	0.057	-0.057	9.605

1496003154169	0.057	-0.067	9.567

1496003154179	0.086	-0.076	9.586

1496003154189	0.124	-0.134	9.586

1496003154201	0.095	-0.114	9.529

1496003154212	0.086	-0.105	9.586

1496003154220	0.086	-0.076	9.596

1496003154229	0.067	-0.067	9.548

1496003154239	0.047	-0.047	9.529

1496003154249	0.076	-0.047	9.596

1496003154259	0.047	-0.028	9.596

1496003154269	0.0	-0.019	9.51

1496003154278	0.038	-0.009	9.567

1496003154289	0.047	-0.028	9.548

1496003154311	0.057	-0.057	9.567

1496003154320	0.057	-0.067	9.586

1496003154329	0.095	-0.086	9.586

1496003154343	0.067	-0.076	9.586

1496003154353	0.067	-0.076	9.557

1496003154360	0.067	-0.076	9.548

1496003154370	0.067	-0.067	9.586

1496003154380	0.057	-0.057	9.557

1496003154391	0.057	-0.057	9.538

1496003154399	0.086	-0.057	9.596

1496003154409	0.067	-0.038	9.586

1496003154419	0.067	-0.028	9.596

1496003154428	0.067	0.0	9.577

1496003154442	0.028	-0.028	9.548

1496003154450	0.067	-0.028	9.605

1496003154459	0.076	-0.057	9.586

1496003154469	0.028	-0.067	9.557

1496003154480	0.038	-0.057	9.557

1496003154490	0.057	-0.076	9.596

1496003154500	0.067	-0.076	9.557

1496003154510	0.114	-0.057	9.605

1496003154522	0.057	-0.057	9.577

1496003154529	0.057	-0.028	9.538

1496003154540	0.067	-0.019	9.577

1496003154549	0.057	-0.009	9.615

1496003154559	0.038	0.009	9.548

1496003154569	0.038	-0.009	9.567

1496003154579	0.076	-0.067	9.596

1496003154589	0.067	-0.086	9.577

1496003154603	0.095	-0.105	9.577

1496003154617	0.114	-0.143	9.605

1496003154620	0.162	-0.162	9.644

1496003154629	0.095	-0.124	9.538

1496003154640	0.105	-0.134	9.577

1496003154649	0.076	-0.105	9.548

1496003154659	0.038	-0.067	9.538

1496003154669	0.0	0.0	9.51

1496003154679	0.0	0.028	9.529

1496003154689	0.028	0.019	9.519

1496003154701	0.009	0.038	9.567

1496003154710	0.028	-0.009	9.538

1496003154719	0.028	-0.019	9.567

1496003154729	0.057	-0.038	9.557

1496003154739	0.095	-0.086	9.557

1496003154749	0.076	-0.067	9.548

1496003154759	0.067	-0.086	9.577

1496003154768	0.095	-0.086	9.586

1496003154781	0.095	-0.095	9.596

1496003154791	0.067	-0.057	9.567

1496003154800	0.067	-0.047	9.567

1496003154812	0.057	-0.038	9.548

1496003154833	0.0	0.0	9.557

1496003154841	-0.067	0.019	9.51

1496003154849	-0.047	-0.038	9.51

1496003154864	0.0	-0.038	9.529

1496003154869	0.105	-0.105	9.567

1496003154879	0.114	-0.124	9.577

1496003154891	0.153	-0.153	9.596

1496003154900	0.143	-0.134	9.634

1496003154911	0.191	-0.162	9.653

1496003154919	0.172	-0.095	9.634

1496003154930	0.134	-0.076	9.586

1496003154941	0.086	-0.047	9.577

1496003154949	0.076	-0.009	9.596

1496003154959	0.038	0.019	9.567

1496003154968	0.019	0.047	9.596

1496003154978	0.038	0.009	9.557

1496003154994	0.028	-0.019	9.577

1496003155001	0.0	-0.019	9.538

1496003155010	0.009	-0.057	9.567

1496003155019	0.047	-0.114	9.567

1496003155029	0.047	-0.086	9.586

1496003155039	0.076	-0.095	9.557

1496003155050	0.067	-0.086	9.577

1496003155059	0.067	-0.057	9.548

1496003155069	0.086	-0.047	9.596

1496003155083	0.095	-0.038	9.596

1496003155108	0.114	-0.009	9.625

1496003155111	0.114	-0.009	9.625

1496003155115	0.095	-0.028	9.577

1496003155122	0.124	-0.047	9.605

1496003155130	0.124	-0.057	9.605

1496003155140	0.105	-0.057	9.586

1496003155149	0.047	-0.057	9.519

1496003155159	0.057	-0.086	9.586

1496003155169	0.057	-0.086	9.596

1496003155179	0.0	-0.067	9.615

1496003155189	0.028	-0.076	9.567

1496003155200	0.028	-0.076	9.596

1496003155209	0.028	-0.076	9.529

1496003155219	0.057	-0.076	9.625

1496003155231	0.057	-0.019	9.577

1496003155241	0.105	-0.047	9.577

1496003155250	0.114	-0.047	9.644

1496003155274	0.105	-0.028	9.605

1496003155277	0.124	-0.057	9.615

1496003155281	0.124	-0.086	9.548

1496003155290	0.143	-0.095	9.634

1496003155300	0.114	-0.076	9.605

1496003155309	0.086	-0.086	9.577

