1496003096797	-25.26	2.1	-26.34

1496003096799	-25.019999	2.34	-26.46

1496003096805	-25.08	2.58	-26.519999

1496003096819	-25.199999	2.58	-26.519999

1496003096831	-25.199999	2.58	-26.58

1496003096835	-25.26	2.34	-26.64

1496003096855	-25.26	2.52	-26.34

1496003096868	-25.26	2.3999999	-26.46

1496003096875	-25.14	2.52	-26.22

1496003096888	-25.5	2.3999999	-26.279999

1496003096898	-25.5	2.3999999	-26.099998

1496003096905	-25.439999	2.6399999	-25.98

1496003096915	-25.5	2.82	-25.98

1496003096925	-25.56	2.82	-25.92

1496003096938	-25.5	2.82	-25.92

1496003096947	-25.5	3.1799998	-25.98

1496003096956	-25.5	2.9399998	-25.98

1496003096970	-25.32	2.58	-25.68

1496003096978	-25.32	2.52	-25.619999

1496003096985	-25.019999	2.34	-25.5

1496003096999	-24.96	2.58	-25.439999

1496003097008	-25.14	2.6399999	-25.439999

1496003097015	-25.26	2.6399999	-25.439999

1496003097029	-25.32	2.34	-25.5

1496003097035	-25.38	2.28	-25.8

1496003097052	-25.26	2.34	-25.98

1496003097055	-24.9	2.1	-26.039999

1496003097065	-24.9	1.9799999	-26.22

1496003097078	-24.84	1.92	-26.16

1496003097087	-24.66	2.1599998	-26.46

1496003097095	-24.72	2.28	-26.699999

1496003097107	-24.72	2.52	-26.58

1496003097118	-24.779999	2.52	-26.46

1496003097130	-25.08	2.3999999	-26.34

1496003097137	-25.26	2.52	-26.46

1496003097145	-25.439999	2.58	-26.519999

1496003097158	-25.56	2.28	-26.64

1496003097167	-25.5	1.9799999	-26.4

1496003097175	-25.439999	1.74	-26.22

1496003097189	-25.439999	1.62	-26.22

1496003097195	-25.38	1.68	-26.279999

1496003097209	-25.38	1.9799999	-26.34

1496003097217	-25.439999	2.1599998	-26.279999

1496003097227	-25.5	2.34	-26.16

1496003097236	-25.5	2.3999999	-26.34

1496003097246	-25.5	2.3999999	-26.4

1496003097255	-25.5	2.58	-26.519999

1496003097266	-25.56	2.3999999	-26.279999

1496003097275	-25.619999	2.58	-26.279999

1496003097285	-25.5	2.28	-26.279999

1496003097295	-25.5	2.34	-26.279999

1496003097305	-25.5	2.34	-26.34

1496003097318	-25.38	2.58	-26.22

1496003097330	-25.38	2.58	-26.16

1496003097338	-25.38	2.3999999	-26.039999

1496003097349	-25.32	2.76	-26.279999

1496003097356	-25.26	2.58	-26.22

1496003097365	-25.26	3.06	-26.279999

1496003097380	-25.199999	2.82	-26.34

1496003097385	-24.84	2.58	-26.46

1496003097395	-24.96	2.58	-26.46

1496003097405	-24.9	2.76	-26.519999

1496003097415	-24.96	2.76	-26.46

1496003097425	-24.96	2.58	-26.46

1496003097435	-25.019999	2.76	-26.46

1496003097445	-25.38	2.3999999	-26.519999

1496003097456	-25.439999	2.58	-26.58

1496003097465	-25.74	2.9399998	-26.519999

1496003097475	-25.619999	2.6399999	-26.519999

1496003097485	-25.5	2.52	-26.34

1496003097500	-25.439999	2.52	-26.4

1496003097507	-25.439999	2.3999999	-26.519999

1496003097593	-25.38	2.52	-26.4

1496003097596	-25.019999	2.7	-26.22

1496003097599	-24.9	2.3999999	-26.039999

1496003097603	-25.019999	1.9799999	-25.98

1496003097610	-25.08	2.34	-25.859999

1496003097614	-25.32	2.34	-25.74

1496003097617	-25.26	2.34	-25.74

1496003097620	-25.26	2.3999999	-25.74

1496003097622	-25.38	2.1	-25.68

1496003097625	-25.26	1.92	-25.619999

1496003097628	-25.32	2.28	-25.619999

1496003097632	-25.08	2.58	-25.619999

1496003097663	-25.14	2.34	-25.859999

1496003097666	-25.08	2.34	-26.16

1496003097669	-25.26	2.58	-26.22

1496003097675	-25.32	2.6399999	-26.34

1496003097680	-25.26	2.46	-26.58

1496003097695	-25.439999	2.6399999	-26.82

1496003097698	-25.5	2.34	-26.88

1496003097709	-25.5	2.04	-26.939999

1496003097715	-25.199999	2.22	-26.88

1496003097725	-25.26	2.1	-26.76

1496003097737	-25.14	1.68	-26.939999

1496003097745	-24.96	1.5	-26.82

1496003097758	-24.84	1.9799999	-27.0

1496003097767	-24.779999	1.74	-26.88

1496003097777	-24.66	1.92	-27.0

1496003097787	-24.72	1.86	-26.82

1496003097797	-24.9	1.5	-26.82

1496003097805	-24.84	1.62	-26.88

1496003097816	-24.84	1.86	-26.699999

1496003097827	-24.84	1.74	-26.519999

1496003097838	-24.72	1.38	-26.16

1496003097847	-24.72	1.5	-26.279999

1496003097855	-24.72	1.38	-26.16

1496003097865	-24.779999	1.68	-26.22

1496003097875	-24.779999	1.74	-26.16

1496003097885	-24.84	1.74	-26.22

1496003097897	-25.019999	1.5	-26.099998

1496003097907	-25.199999	1.56	-26.34

1496003097916	-25.38	1.86	-26.58

1496003097924	-25.5	1.68	-26.519999

1496003097937	-25.38	1.68	-26.34

1496003097946	-25.439999	1.56	-26.22

1496003097955	-25.5	1.5	-26.22

1496003097967	-25.439999	1.3199999	-26.039999

1496003097975	-25.26	1.68	-26.099998

1496003097989	-25.08	1.86	-26.039999

1496003097995	-24.9	1.9799999	-26.039999

1496003098006	-24.66	2.34	-26.099998

1496003098023	-24.66	2.6399999	-26.279999

1496003098034	-24.6	2.34	-26.46

1496003098037	-24.48	2.6399999	-26.46

1496003098051	-24.48	3.06	-26.46

1496003098057	-24.539999	2.76	-26.64

1496003098065	-24.6	2.46	-26.699999

1496003098076	-24.779999	2.04	-26.82

1496003098085	-25.019999	1.62	-26.939999

1496003098099	-25.26	1.3199999	-26.76

1496003098105	-25.26	1.5	-26.699999

1496003098115	-25.26	1.38	-26.699999

1496003098130	-25.26	1.0799999	-26.76

1496003098135	-25.199999	1.0799999	-26.64

1496003098145	-25.439999	1.3199999	-26.64

1496003098159	-25.439999	1.3199999	-26.58

1496003098165	-25.439999	1.3199999	-26.519999

1496003098175	-25.32	1.3199999	-26.82

1496003098185	-25.26	1.5	-27.119999

1496003098197	-25.26	1.5	-27.18

1496003098209	-25.32	1.5	-27.3

1496003098215	-25.199999	1.56	-27.3

1496003098225	-24.96	1.4399999	-27.24

1496003098242	-25.019999	1.5	-27.24

1496003098245	-25.019999	1.56	-27.18

1496003098257	-25.08	1.5	-27.0

1496003098265	-25.14	1.5	-26.88

1496003098279	-24.96	1.5	-26.88

1496003098285	-24.9	1.62	-26.64

1496003098297	-24.9	1.62	-26.76

1496003098312	-24.9	1.62	-26.58

1496003098397	-24.84	1.62	-26.4

1496003098399	-24.66	1.5	-26.519999

1496003098401	-24.779999	1.62	-26.519999

1496003098404	-24.72	1.62	-26.519999

1496003098408	-24.84	1.3199999	-26.58

1496003098412	-24.72	1.3199999	-26.76

1496003098415	-24.9	1.26	-26.64

1496003098418	-24.84	1.4399999	-26.82

1496003098421	-24.84	1.68	-26.939999

1496003098425	-25.019999	1.68	-26.88

1496003098429	-24.96	1.68	-27.06

1496003098433	-24.84	1.3199999	-26.939999

1496003098439	-25.019999	1.26	-26.699999

1496003098458	-25.14	1.0799999	-26.64

1496003098463	-24.96	1.3199999	-26.76

1496003098470	-25.08	1.14	-26.64

1496003098475	-25.32	1.0799999	-26.58

1496003098486	-25.199999	1.14	-26.58

1496003098495	-25.14	1.14	-26.64

1496003098505	-25.199999	1.5	-26.76

1496003098527	-25.08	1.68	-26.82

1496003098537	-25.08	2.1	-26.88

1496003098548	-25.199999	1.8	-26.939999

1496003098557	-25.14	1.9799999	-27.119999

1496003098565	-24.779999	1.74	-27.119999

1496003098579	-24.96	1.68	-27.119999

1496003098585	-24.84	1.5	-26.88

1496003098597	-24.66	1.5	-26.88

1496003098607	-24.779999	1.5	-27.0

1496003098621	-24.779999	1.02	-26.939999

1496003098629	-24.96	0.9	-27.06

1496003098635	-25.019999	1.02	-27.119999

1496003098649	-25.14	1.0799999	-27.18

1496003098657	-25.14	1.5	-27.24

1496003098666	-25.14	1.92	-27.359999

1496003098676	-25.38	1.74	-27.48

1496003098689	-25.32	1.9799999	-27.539999

1496003098695	-25.199999	2.46	-27.539999

1496003098708	-25.14	2.58	-27.24

1496003098715	-24.84	2.52	-27.0

1496003098729	-24.72	2.52	-26.88

1496003098738	-24.84	2.1599998	-26.76

1496003098747	-24.96	1.86	-26.76

1496003098758	-24.779999	1.9799999	-26.58

1496003098767	-24.72	1.68	-26.58

1496003098785	-24.84	1.3199999	-26.46

1496003098797	-24.66	1.4399999	-26.34

1496003098809	-24.96	1.1999999	-26.64

1496003098815	-24.96	1.1999999	-26.88

1496003098825	-24.84	1.3199999	-26.88

1496003098839	-25.019999	1.3199999	-26.82

1496003098847	-25.019999	1.0799999	-26.82

1496003098855	-25.08	1.1999999	-26.699999

1496003098867	-25.14	1.26	-27.06

1496003098875	-25.439999	1.0799999	-27.24

1496003098888	-25.439999	1.0799999	-27.18

1496003098895	-25.56	1.0799999	-27.0

1496003098908	-25.68	0.9	-27.18

1496003098918	-25.56	1.14	-27.24

1496003098925	-25.56	1.26	-27.3

1496003098937	-25.56	1.26	-27.3

1496003098945	-25.5	1.0799999	-27.06

1496003098958	-25.439999	1.14	-27.0

1496003098968	-25.32	1.4399999	-26.939999

1496003098978	-25.199999	1.68	-27.0

1496003098985	-25.08	1.92	-27.119999

1496003098999	-24.96	1.9799999	-27.18

1496003099005	-24.96	2.28	-27.24

1496003099018	-24.96	2.1599998	-27.18

1496003099025	-25.019999	2.28	-27.119999

1496003099037	-24.84	2.28	-27.18

1496003099047	-24.84	2.04	-27.18

1496003099055	-25.019999	1.74	-27.06

1496003099066	-25.14	1.4399999	-26.939999

1496003099075	-25.26	1.0799999	-26.88

1496003099087	-25.26	0.84	-26.88

1496003099095	-25.38	0.9	-27.119999

1496003099107	-25.32	1.26	-27.24

1496003099120	-25.32	1.56	-27.24

1496003099131	-25.32	1.92	-27.24

1496003099136	-25.199999	2.1599998	-27.359999

1496003099145	-25.199999	2.1599998	-27.24

1496003099156	-25.199999	2.22	-27.24

1496003099173	-25.5	2.1599998	-27.119999

1496003099180	-25.68	2.04	-26.939999

1496003099188	-25.98	1.74	-26.82

1496003099204	-26.039999	1.3199999	-26.76

1496003099207	-26.039999	0.96	-26.58

1496003099229	-26.16	0.65999997	-26.46

1496003099236	-25.92	0.9	-26.519999

1496003099241	-25.859999	0.9	-26.46

1496003099281	-25.619999	0.96	-26.64

1496003099284	-25.32	1.0799999	-26.64

1496003099286	-25.08	1.0799999	-26.82

1496003099289	-25.14	1.26	-27.0

1496003099292	-25.199999	1.3199999	-27.119999

1496003099296	-25.14	1.3199999	-27.119999

1496003099310	-25.38	1.14	-27.06

1496003099317	-25.38	1.14	-27.0

1496003099328	-25.26	1.3199999	-26.939999

1496003099338	-25.32	1.3199999	-26.939999

1496003099345	-25.14	1.56	-26.939999

1496003099365	-24.84	1.86	-26.82

1496003099378	-24.779999	1.86	-26.939999

1496003099385	-24.84	1.92	-27.18

1496003099395	-24.779999	1.86	-27.119999

1496003099405	-24.84	1.68	-27.359999

1496003099419	-24.84	1.5	-27.18

1496003099425	-24.84	1.68	-27.3

1496003099436	-25.14	1.74	-27.119999

1496003099449	-25.26	1.68	-27.06

1496003099457	-25.38	1.68	-26.88

1496003099465	-25.32	1.92	-26.88

1496003099478	-25.32	1.92	-26.939999

1496003099490	-25.32	2.22	-26.82

1496003099495	-25.38	2.1	-26.88

1496003099505	-25.38	2.1599998	-26.88

1496003099517	-25.26	2.1	-26.939999

1496003099529	-25.38	1.56	-27.119999

1496003099545	-25.32	1.74	-27.18

1496003099555	-25.26	1.4399999	-27.0

1496003099565	-25.26	1.5	-26.88

1496003099575	-25.199999	1.3199999	-26.82

1496003099589	-25.14	1.5	-26.64

1496003099597	-25.14	1.26	-26.4

1496003099607	-24.96	1.0799999	-26.34

1496003099617	-24.9	1.4399999	-26.039999

1496003099631	-24.9	1.4399999	-25.98

1496003099638	-24.9	1.4399999	-26.099998

1496003099645	-24.9	1.62	-26.279999

1496003099659	-24.84	1.62	-26.22

1496003099665	-24.96	1.74	-26.46

1496003099675	-24.96	1.68	-26.58

1496003099686	-25.199999	1.68	-26.46

1496003099698	-25.14	1.86	-26.58

1496003099708	-25.26	1.86	-26.46

1496003099715	-25.32	2.1	-26.34

1496003099727	-25.26	1.92	-26.34

1496003099736	-25.38	1.86	-26.4

1496003099745	-25.32	1.92	-26.34

1496003099755	-25.26	1.92	-26.34

1496003099765	-25.26	1.86	-26.64

1496003099776	-25.38	1.9799999	-26.64

1496003099788	-25.199999	1.9799999	-26.82

1496003099798	-25.019999	1.86	-26.76

1496003099805	-25.14	1.8	-26.76

1496003099820	-24.96	1.92	-26.76

1496003099828	-25.019999	1.86	-26.82

1496003099835	-25.08	1.86	-26.76

1496003099845	-25.019999	1.74	-26.46

1496003099859	-24.779999	1.1999999	-26.519999

1496003099867	-24.9	1.1999999	-26.58

1496003099875	-25.14	1.4399999	-26.64

1496003099885	-25.14	1.26	-26.58

1496003099900	-25.199999	1.68	-26.64

1496003099908	-25.26	1.5	-26.64

1496003099915	-25.199999	1.56	-26.76

1496003099927	-25.14	1.74	-26.939999

1496003099935	-25.38	1.9799999	-26.939999

1496003099948	-25.14	1.9799999	-26.82

1496003099960	-25.14	1.92	-26.64

1496003099965	-25.08	2.22	-26.58

1496003099978	-25.08	1.9799999	-26.699999

1496003099985	-25.019999	2.1599998	-26.699999

1496003099997	-25.08	1.9799999	-26.76

1496003100008	-25.199999	1.92	-26.76

1496003100023	-25.14	2.1	-26.76

1496003100036	-25.14	1.68	-26.82

1496003100052	-24.96	1.26	-26.88

1496003100058	-24.96	1.3199999	-26.88

1496003100079	-24.9	1.4399999	-26.76

1496003100092	-24.96	1.26	-26.58

1496003100122	-25.019999	1.4399999	-26.46

1496003100124	-25.14	1.5	-26.34

1496003100132	-24.9	1.3199999	-26.279999

1496003100134	-24.9	1.62	-26.279999

1496003100137	-24.9	1.9799999	-26.279999

1496003100140	-24.72	1.92	-26.4

1496003100223	-24.66	1.86	-26.279999

1496003100228	-24.66	1.86	-26.279999

1496003100232	-24.539999	1.9799999	-26.22

1496003100235	-24.18	2.28	-26.16

1496003100240	-24.359999	2.1	-26.099998

1496003100243	-24.48	2.1	-26.039999

1496003100246	-24.66	1.92	-25.8

1496003100249	-24.779999	1.92	-25.68

1496003100252	-24.9	1.92	-25.92

1496003100255	-24.84	1.92	-25.98

1496003100259	-24.9	1.74	-26.279999

1496003100283	-25.26	1.4399999	-26.4

1496003100286	-25.14	1.74	-26.46

1496003100289	-25.26	1.74	-26.519999

1496003100302	-25.32	1.68	-26.699999

1496003100306	-25.38	1.74	-26.699999

1496003100318	-25.439999	1.5	-26.699999

1496003100328	-25.26	1.68	-26.76

1496003100338	-25.26	1.68	-26.519999

1496003100357	-25.14	1.92	-26.34

1496003100365	-25.26	1.74	-26.58

1496003100376	-25.32	1.92	-26.58

1496003100388	-25.32	1.9799999	-26.58

1496003100395	-25.32	1.9799999	-26.58

1496003100408	-25.32	2.1	-26.4

1496003100419	-25.439999	1.86	-26.34

1496003100427	-25.5	1.74	-26.46

1496003100436	-25.439999	1.56	-26.46

1496003100445	-25.38	1.56	-26.58

1496003100459	-25.32	1.56	-26.699999

1496003100465	-25.26	1.5	-26.699999

1496003100479	-25.26	1.5	-26.64

1496003100488	-25.199999	1.4399999	-26.699999

1496003100498	-25.32	1.68	-26.82

1496003100510	-25.199999	1.9799999	-26.76

1496003100520	-25.019999	1.86	-26.76

1496003100528	-25.019999	1.86	-26.58

1496003100537	-25.019999	1.68	-26.519999

1496003100555	-25.14	1.68	-26.58

1496003100565	-25.14	1.56	-26.88

1496003100575	-24.84	1.86	-26.88

1496003100588	-24.96	1.68	-26.88

1496003100598	-24.96	1.4399999	-27.0

1496003100606	-25.199999	1.5	-27.06

1496003100618	-25.32	1.38	-27.119999

1496003100628	-25.32	1.38	-27.119999

1496003100637	-25.26	1.5	-27.119999

1496003100646	-25.199999	1.3199999	-26.939999

1496003100655	-25.38	1.26	-26.88

1496003100668	-25.199999	1.26	-26.88

1496003100676	-25.199999	1.3199999	-26.88

1496003100690	-25.08	1.4399999	-26.88

1496003100696	-24.96	1.74	-26.88

1496003100708	-25.019999	1.74	-26.939999

1496003100715	-24.779999	1.86	-26.82

1496003100729	-24.779999	1.92	-26.76

1496003100738	-24.6	2.1599998	-26.76

1496003100748	-24.66	2.52	-26.76

1496003100755	-24.779999	2.52	-26.699999

1496003100765	-24.84	2.76	-26.76

1496003100777	-24.84	2.58	-26.46

1496003100788	-24.9	2.7	-26.22

1496003100797	-25.199999	2.6399999	-26.34

1496003100820	-25.32	2.6399999	-26.46

1496003100825	-25.32	2.6399999	-26.46

1496003100838	-25.32	2.58	-26.64

1496003100846	-25.199999	2.58	-26.76

1496003100860	-25.26	2.3999999	-26.88

1496003100865	-25.32	2.34	-27.24

1496003100875	-25.019999	2.52	-27.42

1496003100896	-24.9	2.34	-27.42

1496003100913	-24.84	2.34	-27.539999

1496003100919	-25.019999	2.1	-27.599998

1496003100932	-25.019999	2.1599998	-27.42

1496003100950	-25.08	1.9799999	-27.359999

1496003100957	-24.779999	1.9799999	-27.24

1496003100962	-24.6	2.04	-27.06

1496003100988	-24.6	1.74	-27.06

1496003100996	-24.48	1.86	-27.06

1496003100999	-24.24	1.74	-27.06

1496003101002	-24.24	1.74	-27.06

1496003101069	-24.18	1.4399999	-27.0

1496003101075	-24.48	1.74	-27.119999

1496003101078	-24.9	1.92	-27.18

1496003101081	-25.08	1.86	-27.06

1496003101085	-25.26	2.1	-26.939999

1496003101089	-25.439999	2.1599998	-26.88

1496003101093	-25.8	2.1599998	-26.88

1496003101096	-25.92	2.04	-26.939999

1496003101100	-26.099998	2.04	-27.0

1496003101122	-25.98	1.8	-26.939999

1496003101125	-25.859999	1.56	-26.88

1496003101129	-25.68	1.74	-26.82

1496003101138	-25.619999	1.56	-26.699999

1496003101145	-25.56	1.5	-26.939999

1496003101161	-25.26	1.74	-26.939999

1496003101166	-25.14	1.74	-26.939999

1496003101175	-25.14	1.56	-26.939999

1496003101190	-25.019999	1.86	-27.0

1496003101195	-24.779999	1.92	-26.82

1496003101205	-25.08	1.92	-27.06

1496003101218	-25.199999	1.86	-27.06

1496003101226	-25.32	1.92	-26.64

1496003101237	-25.5	1.68	-26.58

1496003101247	-25.619999	1.74	-26.58

1496003101269	-25.439999	2.22	-26.4

1496003101278	-25.38	2.22	-26.4

1496003101288	-25.38	2.52	-26.58

1496003101298	-25.439999	2.6399999	-26.64

1496003101308	-25.38	2.6399999	-26.699999

1496003101315	-25.14	2.6399999	-26.88

1496003101329	-25.199999	2.76	-26.88

1496003101337	-25.08	2.9399998	-26.82

1496003101348	-24.9	2.6399999	-27.0

1496003101355	-24.96	2.34	-27.119999

1496003101365	-25.14	2.22	-27.119999

1496003101378	-24.96	2.28	-26.88

1496003101386	-25.14	2.22	-26.82

1496003101395	-25.32	2.58	-26.76

1496003101405	-25.199999	2.52	-26.699999

1496003101416	-25.14	2.22	-26.76

1496003101425	-25.32	2.1599998	-26.58

1496003101437	-25.38	2.22	-26.34

1496003101444	-25.38	2.1	-26.34

1496003101458	-25.32	1.92	-26.519999

1496003101467	-24.96	2.1599998	-26.519999

1496003101475	-24.779999	1.9799999	-26.519999

1496003101485	-24.84	2.1	-26.699999

1496003101497	-24.84	2.1599998	-26.58

1496003101505	-24.84	2.52	-26.58

1496003101515	-24.72	2.3999999	-26.519999

1496003101526	-24.6	2.34	-26.4

1496003101539	-24.66	2.34	-26.22

1496003101545	-24.84	2.3999999	-26.279999

1496003101555	-25.019999	2.28	-26.279999

1496003101565	-24.96	2.1	-26.22

1496003101575	-24.96	2.28	-26.22

1496003101585	-24.779999	1.92	-26.34

1496003101597	-24.779999	2.34	-26.46

1496003101605	-24.66	2.34	-26.519999

1496003101619	-24.72	2.34	-26.76

1496003101625	-24.72	2.28	-26.82

1496003101635	-24.72	2.52	-26.88

1496003101649	-24.9	2.9399998	-26.76

1496003101657	-24.9	3.0	-26.76

1496003101665	-25.14	3.06	-26.82

1496003101676	-25.019999	3.06	-26.76

1496003101685	-25.32	3.0	-26.76

1496003101698	-25.38	3.0	-26.64

1496003101705	-25.199999	3.06	-26.58

1496003101715	-25.32	3.0	-26.58

1496003101728	-25.32	2.6399999	-26.82

1496003101735	-25.32	2.3999999	-26.88

1496003101749	-25.26	2.58	-26.88

1496003101755	-25.439999	2.58	-26.88

