1498224078898	0.058859996	0.06867	9.85905

1498224078900	0.13734	0.0981	9.849239

1498224078915	0.10791	0.00981	9.83943

1498224078927	0.11771999	0.06867	9.80019

1498224078950	0.08829	0.07848	9.849239

1498224078956	0.14715	0.04905	9.9571495

1498224078965	0.14715	0.08829	9.849239

1498224078977	0.01962	0.14715	9.809999

1498224078987	0.08829	0.058859996	9.76095

1498224078995	0.11771999	0.058859996	9.77076

1498224079006	-0.04905	0.11771999	9.829619

1498224079016	0.10791	0.0981	9.829619

1498224079027	0.11771999	0.0	9.80019

1498224079037	0.03924	0.0981	9.9081

1498224079046	0.08829	0.058859996	9.80019

1498224079056	0.08829	0.14715	9.849239

1498224079066	0.0981	0.01962	9.809999

1498224079076	0.058859996	0.06867	9.83943

1498224079087	0.15696	0.0981	9.83943

1498224079096	0.11771999	0.0981	9.76095

1498224079106	0.11771999	0.03924	9.81981

1498224079116	0.01962	0.06867	9.73152

1498224079128	0.08829	0.12753	9.94734

1498224079150	0.0981	0.0981	9.9081

1498224079156	0.00981	0.11771999	9.77076

1498224079167	0.03924	0.06867	9.77076

1498224079177	0.11771999	0.07848	9.75114

1498224079189	0.06867	0.07848	9.85905

1498224079197	0.08829	0.07848	9.89829

1498224079207	0.0981	0.08829	9.88848

1498224079217	0.10791	-0.01962	9.85905

1498224079230	0.13734	0.10791	9.79038

1498224079240	0.10791	0.01962	9.89829

1498224079248	0.07848	0.01962	9.89829

1498224079258	0.07848	0.07848	9.809999

1498224079268	0.04905	0.10791	9.809999

1498224079278	0.13734	0.10791	9.85905

1498224079289	0.15696	0.0	9.85905

1498224079298	0.07848	0.14715	9.809999

1498224079308	0.07848	0.07848	9.89829

1498224079318	0.03924	0.029429998	9.809999

1498224079330	0.03924	-0.01962	9.89829

1498224079352	0.058859996	0.03924	9.88848

1498224079356	0.10791	0.029429998	9.829619

1498224079359	0.08829	0.15696	9.88848

1498224079370	0.14715	0.0981	9.88848

1498224079384	0.16677	0.029429998	9.809999

1498224079391	0.17658	0.10791	9.83943

1498224079400	0.07848	0.04905	9.79038

1498224079410	0.13734	0.0981	9.78057

1498224079421	0.03924	0.04905	9.74133

1498224079432	0.0	0.07848	9.89829

1498224079443	0.20601	0.10791	9.93753

1498224079451	0.07848	0.06867	9.809999

1498224079461	0.18639	-0.029429998	9.87867

1498224079471	0.10791	0.03924	9.78057

1498224079481	0.0981	0.07848	9.9571495

1498224079492	0.12753	0.10791	9.78057

1498224079501	0.06867	0.01962	9.83943

1498224079511	0.14715	0.07848	9.829619

1498224079521	0.11771999	0.01962	9.72171

1498224079535	0.14715	0.058859996	9.76095

1498224079544	0.10791	0.03924	9.91791

1498224079552	0.11771999	0.07848	9.92772

1498224079563	0.058859996	0.0981	9.849239

1498224079583	0.058859996	0.0981	9.849239

1498224079584	0.10791	0.11771999	9.87867

1498224079593	0.11771999	0.03924	9.76095

1498224079602	0.00981	0.10791	9.829619

1498224079612	0.08829	0.01962	9.89829

1498224079622	0.058859996	0.11771999	9.79038

1498224079634	0.18639	0.04905	9.74133

1498224079645	0.22563	0.10791	9.9571495

1498224079653	0.12753	0.07848	9.87867

1498224079664	0.12753	0.01962	9.9081

1498224079674	0.0981	0.11771999	9.87867

1498224079684	0.07848	0.12753	9.868859

1498224079696	0.058859996	0.04905	9.85905

1498224079704	-0.03924	0.03924	9.94734

1498224079714	0.15696	0.10791	9.94734

1498224079725	0.03924	0.00981	9.88848

1498224079739	0.0981	0.07848	9.87867

1498224079749	0.14715	0.11771999	9.9571495

1498224079755	0.17658	0.0981	9.93753

1498224079765	0.058859996	0.0981	9.9081

1498224079787	0.058859996	0.0981	9.9081

1498224079788	0.029429998	0.06867	9.87867

1498224079796	0.08829	0.06867	9.77076

1498224079805	0.06867	0.0981	9.81981

1498224079815	0.14715	0.12753	9.89829

1498224079825	0.08829	0.04905	9.829619

1498224079837	0.11771999	0.06867	9.92772

1498224079849	0.11771999	0.029429998	9.89829

1498224079856	0.18639	0.058859996	9.88848

1498224079866	0.07848	0.13734	9.93753

1498224079876	0.10791	-0.03924	9.83943

1498224079886	0.17658	0.11771999	9.868859

1498224079898	0.029429998	0.10791	9.89829

1498224079906	0.058859996	0.03924	9.81981

1498224079916	0.17658	0.10791	9.81981

1498224079927	0.10791	0.058859996	9.79038

1498224079941	0.06867	0.08829	9.85905

1498224079956	0.03924	0.06867	9.83943

1498224079966	0.0981	0.04905	9.74133

1498224079976	0.12753	0.04905	9.92772

1498224079986	0.06867	0.03924	9.868859

1498224079998	0.06867	0.07848	9.9081

1498224080006	0.04905	0.058859996	9.849239

1498224080016	0.07848	0.00981	9.92772

1498224080026	0.12753	-0.058859996	9.87867

1498224080038	0.07848	0.03924	9.849239

1498224080049	0.12753	0.10791	10.02582

1498224080057	0.11771999	0.04905	9.91791

1498224080067	0.00981	0.08829	9.809999

1498224080078	0.15696	0.08829	9.69228

1498224080088	0.15696	0.07848	9.78057

1498224080099	0.07848	0.06867	9.92772

1498224080108	0.16677	0.01962	9.80019

1498224080118	0.13734	0.03924	9.81981

1498224080128	0.08829	0.04905	9.868859

1498224080140	0.058859996	0.04905	9.80019

1498224080157	0.14715	0.00981	9.868859

1498224080170	0.14715	0.13734	9.976769

1498224080172	0.12753	0.06867	9.81981

1498224080181	0.1962	-0.029429998	9.868859

1498224080213	0.10791	0.10791	9.92772

1498224080216	0.11771999	0.0981	9.80019

1498224080217	0.08829	0.10791	9.77076

1498224080220	0.1962	-0.01962	9.91791

1498224080230	0.15696	0.08829	9.78057

1498224080242	0.13734	0.04905	9.849239

1498224080260	0.0981	0.03924	10.016009

1498224080270	0.14715	0.06867	9.88848

1498224080280	0.15696	0.10791	9.80019

1498224080291	0.13734	0.14715	9.849239

1498224080302	0.14715	0.029429998	9.87867

1498224080311	0.10791	0.029429998	9.88848

1498224080321	0.06867	0.04905	9.88848

1498224080331	0.07848	0.00981	9.81981

1498224080343	0.07848	0.08829	9.89829

1498224080361	0.11771999	0.0981	9.83943

1498224080375	0.08829	0.06867	9.80019

1498224080382	0.0981	0.07848	9.868859

1498224080392	0.14715	0.06867	9.868859

1498224080415	0.14715	0.10791	9.87867

1498224080418	0.10791	0.10791	9.829619

1498224080422	0.16677	0.10791	9.88848

1498224080432	0.058859996	0.10791	9.83943

1498224080444	0.07848	0.0981	9.809999

1498224080455	0.15696	0.0981	9.91791

1498224080464	0.12753	0.058859996	10.0062

1498224080474	0.12753	0.12753	9.809999

1498224080484	0.029429998	0.06867	9.89829

1498224080494	0.0	0.04905	9.79038

1498224080506	0.13734	0.12753	9.87867

1498224080514	0.0981	0.07848	9.87867

1498224080524	0.12753	0.13734	9.89829

1498224080534	0.07848	0.12753	9.85905

1498224080546	0.058859996	-0.04905	9.76095

1498224080564	0.11771999	0.07848	9.868859

1498224080574	0.1962	0.07848	9.9571495

1498224080584	0.07848	0.0981	9.87867

1498224080598	0.07848	0.06867	9.93753

1498224080606	0.13734	0.06867	9.73152

1498224080614	0.07848	0.0981	9.81981

1498224080641	0.15696	0.07848	9.75114

1498224080642	0.11771999	0.00981	9.88848

1498224080647	0.17658	0.0981	9.88848

1498224080664	0.14715	0.058859996	9.849239

1498224080674	0.0981	0.10791	9.809999

1498224080684	0.12753	0.0981	9.809999

1498224080694	0.01962	0.06867	9.89829

1498224080706	0.01962	0.058859996	9.868859

1498224080715	0.11771999	0.0	9.868859

1498224080725	0.07848	0.00981	9.809999

1498224080735	0.14715	0.07848	9.809999

1498224080749	0.18639	0.04905	9.92772

1498224080757	0.14715	0.12753	9.868859

1498224080766	0.04905	0.07848	9.94734

1498224080776	0.04905	0.07848	9.94734

1498224080786	0.13734	0.06867	9.94734

1498224080807	0.15696	0.10791	9.88848

1498224080812	0.0981	0.08829	9.9081

1498224080816	0.10791	0.03924	9.809999

1498224080826	0.10791	0.07848	9.81981

1498224080854	0.01962	0.07848	9.829619

1498224080857	0.18639	0.10791	9.9081

1498224080867	0.10791	0.058859996	9.94734

1498224080877	0.20601	0.0981	9.88848

1498224080887	0.17658	0.04905	9.89829

1498224080897	0.03924	0.029429998	9.79038

1498224080909	0.12753	0.00981	9.809999

1498224080917	0.029429998	0.0981	9.73152

1498224080927	-0.06867	0.03924	9.80019

1498224080937	0.058859996	0.08829	9.87867

1498224080949	0.10791	0.10791	9.92772

1498224080967	0.24524999	0.01962	9.94734

1498224080977	0.22563	-0.029429998	9.85905

1498224080987	0.08829	0.029429998	9.80019

1498224080997	0.04905	-0.029429998	9.7119

1498224081009	0.06867	0.01962	9.849239

1498224081017	0.07848	0.07848	9.80019

1498224081033	0.058859996	0.17658	9.78057

1498224081037	0.08829	0.11771999	9.74133

1498224081049	0.04905	0.06867	9.75114

1498224081081	0.01962	0.07848	9.92772

1498224081082	0.06867	0.01962	9.87867

1498224081087	0.10791	0.10791	9.79038

1498224081097	0.07848	0.01962	9.92772

1498224081108	0.16677	0.13734	9.81981

1498224081117	0.01962	0.029429998	9.87867

1498224081127	0.01962	0.10791	9.81981

1498224081137	0.029429998	0.01962	9.868859

1498224081149	0.12753	0.03924	9.78057

1498224081167	0.13734	0.0981	9.93753

1498224081177	0.1962	0.13734	9.92772

1498224081187	0.10791	0.00981	9.868859

1498224081197	0.0981	0.07848	9.76095

1498224081209	0.058859996	0.03924	9.93753

1498224081218	0.03924	0.03924	9.88848

1498224081229	0.0981	0.15696	9.80019

1498224081251	0.07848	0.06867	9.868859

1498224081253	0.20601	0.08829	9.849239

1498224081263	0.04905	0.15696	9.89829

1498224081309	0.08829	0.07848	10.0062

1498224081310	0.18639	0.0981	9.9081

1498224081311	0.15696	0.058859996	9.88848

1498224081312	0.1962	0.0981	9.92772

1498224081314	0.06867	0.10791	9.81981

1498224081318	-0.01962	0.14715	9.829619

1498224081328	0.15696	0.029429998	9.83943

1498224081338	0.10791	0.08829	9.79038

1498224081350	0.058859996	0.0981	9.78057

1498224081368	0.07848	0.07848	9.87867

1498224081378	0.15696	0.0	9.80019

1498224081388	0.10791	0.01962	9.93753

1498224081398	0.12753	0.0	9.85905

1498224081410	0.14715	0.11771999	9.79038

1498224081419	0.13734	0.00981	9.92772

1498224081429	0.07848	0.15696	9.79038

1498224081439	0.10791	-0.04905	9.73152

1498224081451	0.14715	0.03924	9.88848

1498224081469	0.12753	0.058859996	9.96696

1498224081479	0.10791	0.0981	9.92772

1498224081501	0.08829	0.14715	9.868859

1498224081509	0.07848	0.11771999	9.9081

1498224081511	0.14715	0.07848	9.868859

1498224081519	0.17658	0.08829	9.88848

1498224081529	0.0981	0.10791	9.85905

1498224081539	0.14715	0.04905	9.85905

1498224081551	0.0981	0.06867	9.7119

1498224081569	0.15696	0.07848	9.80019

1498224081579	0.14715	0.029429998	9.849239

1498224081589	0.13734	0.08829	9.88848

1498224081599	0.10791	0.03924	9.81981

1498224081611	0.07848	0.03924	9.81981

1498224081620	0.0981	0.0981	9.83943

1498224081630	0.16677	0.04905	9.79038

1498224081640	0.12753	0.06867	9.80019

1498224081651	0.11771999	0.03924	9.849239

1498224081661	0.11771999	0.10791	9.868859

1498224081670	0.1962	0.01962	9.89829

1498224081686	0.0981	0.10791	9.868859

1498224081690	0.15696	0.00981	9.87867

1498224081700	0.029429998	0.06867	9.87867

1498224081712	0.07848	0.07848	9.87867

1498224081735	0.16677	0.12753	9.77076

1498224081736	0.10791	0.01962	9.9081

1498224081741	0.06867	0.0981	9.88848

1498224081753	0.16677	0.04905	9.80019

1498224081762	0.1962	0.01962	9.93753

1498224081771	0.1962	0.01962	9.93753

1498224081781	0.03924	0.058859996	9.829619

1498224081791	0.11771999	0.058859996	9.94734

1498224081801	0.07848	0.058859996	9.849239

1498224081813	0.17658	0.10791	9.89829

1498224081821	0.03924	0.07848	9.849239

1498224081832	0.06867	0.03924	9.94734

1498224081842	0.16677	0.10791	9.9571495

1498224081853	0.06867	0.029429998	9.809999

1498224081864	0.10791	0.0981	9.87867

1498224081873	0.13734	0.04905	9.89829

1498224081883	0.08829	0.058859996	9.829619

1498224081893	0.04905	0.06867	9.76095

1498224081909	0.14715	0.06867	9.88848

1498224081915	0.13734	0.04905	9.868859

1498224081925	0.14715	0.10791	9.77076

1498224081935	0.10791	0.08829	9.809999

1498224081949	0.11771999	0.04905	9.809999

1498224081956	0.10791	0.10791	9.87867

1498224081974	0.11771999	0.13734	9.9081

1498224081984	0.12753	0.0981	9.93753

1498224081994	0.15696	0.0981	9.809999

1498224082005	-0.06867	0.08829	9.78057

1498224082016	0.17658	0.10791	9.83943

1498224082025	0.12753	0.029429998	9.849239

1498224082035	0.06867	0.08829	9.88848

1498224082045	0.10791	0.03924	9.77076

1498224082057	0.14715	0.0981	9.849239

1498224082075	0.0981	0.14715	9.996389

1498224082085	0.15696	0.07848	9.849239

1498224082095	0.10791	0.06867	9.87867

1498224082105	0.08829	0.07848	9.87867

1498224082116	0.11771999	0.06867	9.88848

1498224082130	0.13734	0.058859996	9.87867

1498224082136	0.08829	0.07848	9.829619

1498224082145	0.03924	0.03924	9.87867

1498224082158	0.07848	0.06867	9.88848

1498224082168	0.06867	0.0981	9.98658

1498224082176	0.10791	0.03924	9.96696

1498224082186	0.04905	0.14715	9.9081

1498224082197	0.06867	0.0981	9.85905

1498224082207	0.11771999	0.03924	9.868859

1498224082219	0.10791	0.12753	9.94734

1498224082227	0.04905	0.058859996	9.85905

1498224082237	0.17658	0.12753	9.868859

1498224082247	0.14715	0.06867	9.829619

1498224082258	0.21582	0.03924	9.85905

1498224082269	0.17658	0.07848	9.89829

1498224082277	0.07848	0.0981	9.93753

1498224082287	0.12753	0.0981	9.91791

1498224082297	0.13734	0.029429998	9.81981

1498224082308	0.01962	0.11771999	9.77076

1498224082319	0.15696	0.06867	9.809999

1498224082336	0.12753	0.08829	9.85905

1498224082339	0.058859996	0.03924	9.809999

1498224082348	0.12753	0.13734	9.83943

1498224082360	0.13734	0.04905	9.9081

1498224082385	0.11771999	0.03924	9.96696

1498224082386	0.17658	0.10791	9.85905

1498224082389	0.18639	0.03924	9.88848

1498224082400	0.14715	0.04905	9.83943

1498224082410	0.13734	0.04905	9.829619

1498224082421	0.11771999	0.0981	9.868859

1498224082430	0.17658	0.11771999	9.85905

1498224082440	0.16677	0.12753	9.83943

1498224082450	0.14715	0.0	9.77076

1498224082462	0.15696	0.0981	9.829619

1498224082473	0.14715	0.058859996	9.89829

1498224082481	0.12753	0.06867	9.9571495

1498224082491	0.08829	0.03924	9.88848

1498224082502	0.058859996	0.058859996	9.829619

1498224082512	0.15696	0.0981	9.79038

1498224082524	0.10791	0.07848	9.849239

1498224082533	0.07848	0.0981	9.80019

1498224082541	0.14715	0.10791	9.976769

1498224082559	0.10791	0.029429998	9.83943

1498224082564	0.13734	0.11771999	9.83943

1498224082575	0.14715	0.058859996	9.91791

1498224082603	0.13734	0.03924	9.868859

1498224082605	0.16677	0.00981	9.868859

1498224082606	0.16677	0.07848	9.9081

1498224082613	0.20601	0.12753	9.89829

1498224082624	0.18639	0.10791	9.87867

1498224082633	0.15696	0.00981	9.849239

1498224082643	0.058859996	0.17658	9.93753

1498224082653	0.06867	0.03924	9.85905

1498224082665	0.14715	0.03924	9.81981

1498224082683	0.058859996	0.06867	9.9081

1498224082693	0.10791	0.12753	9.94734

1498224082704	0.11771999	0.08829	9.88848

1498224082714	0.07848	0.10791	9.829619

1498224082726	0.20601	0.08829	9.92772

1498224082734	0.06867	0.07848	9.80019

1498224082744	0.10791	0.058859996	9.91791

1498224082755	0.07848	0.0981	9.77076

1498224082766	0.08829	0.15696	9.83943

1498224082786	0.18639	0.03924	9.98658

1498224082801	0.08829	0.0	9.9081

1498224082805	0.11771999	0.0981	9.9081

1498224082815	0.08829	0.0981	9.80019

1498224082827	0.15696	0.058859996	9.829619

1498224082835	0.07848	0.058859996	9.74133

1498224082845	0.04905	0.10791	9.9081

1498224082855	0.14715	0.0	9.849239

1498224082866	0.10791	0.11771999	9.849239

1498224082877	0.13734	0.08829	9.85905

1498224082886	0.10791	0.06867	9.9081

1498224082896	0.16677	0.06867	9.9081

1498224082906	0.0981	0.07848	9.849239

1498224082916	0.16677	0.029429998	9.868859

1498224082928	0.14715	0.08829	9.87867

1498224082937	0.11771999	0.07848	9.81981

1498224082947	0.03924	0.11771999	9.78057

1498224082957	0.12753	0.03924	9.829619

1498224082968	0.25506	0.0981	9.81981

1498224082991	0.01962	0.10791	9.88848

1498224082997	0.16677	0.06867	9.91791

1498224083007	0.0981	0.0	9.89829

1498224083031	0.00981	0.01962	9.94734

1498224083033	0.04905	0.10791	9.809999

1498224083038	0.0981	0.01962	9.83943

1498224083048	0.12753	0.10791	9.81981

1498224083058	0.0981	0.06867	9.92772

1498224083070	0.11771999	0.07848	9.849239

1498224083088	0.0981	0.08829	9.85905

1498224083098	0.10791	0.10791	9.93753

1498224083108	0.058859996	0.04905	9.849239

1498224083118	0.16677	0.01962	9.849239

1498224083130	0.13734	0.029429998	9.868859

1498224083138	0.16677	0.10791	9.868859

1498224083148	0.10791	0.04905	9.85905

1498224083159	0.10791	0.06867	9.88848

1498224083170	0.08829	0.0981	9.94734

1498224083181	0.24524999	0.16677	9.98658

1498224083189	0.0981	0.10791	9.83943

1498224083203	0.0981	0.12753	9.85905

1498224083210	0.12753	0.08829	9.83943

1498224083220	0.17658	0.06867	9.76095

1498224083233	0.12753	0.0981	9.87867

1498224083255	0.14715	0.058859996	9.80019

1498224083256	0.06867	0.12753	9.702089

1498224083261	0.11771999	-0.01962	9.87867

1498224083272	0.10791	0.10791	9.85905

1498224083283	0.15696	0.03924	9.93753

1498224083291	0.13734	0.01962	9.88848

1498224083301	0.14715	0.03924	9.94734

1498224083311	0.13734	0.058859996	9.77076

1498224083321	0.16677	0.029429998	9.829619

1498224083332	0.16677	0.03924	9.849239

1498224083341	0.08829	0.01962	9.81981

1498224083351	0.11771999	0.04905	9.79038

1498224083362	0.06867	0.17658	9.74133

1498224083373	0.11771999	0.058859996	9.809999

1498224083384	0.16677	0.10791	9.9081

1498224083392	0.06867	0.06867	9.849239

1498224083401	0.18639	0.0981	9.809999

1498224083412	0.13734	0.0	9.849239

1498224083422	0.04905	0.12753	9.76095

1498224083434	0.12753	0.07848	9.87867

1498224083442	0.10791	0.0981	9.89829

1498224083452	0.03924	0.04905	9.829619

1498224083462	0.04905	0.07848	9.83943

1498224083473	0.16677	0.07848	9.88848

1498224083484	0.11771999	0.11771999	9.91791

1498224083492	0.16677	0.00981	9.96696

1498224083502	0.0981	0.10791	9.9081

1498224083512	0.08829	0.12753	9.83943

1498224083522	0.0	0.04905	9.85905

1498224083534	0.11771999	0.00981	9.81981

1498224083543	0.15696	0.10791	9.83943

1498224083551	0.07848	0.04905	9.9081

1498224083562	0.058859996	-0.04905	9.829619

1498224083573	0.04905	0.06867	9.79038

1498224083584	0.12753	0.07848	9.94734

1498224083591	0.08829	0.07848	9.9081

1498224083602	0.12753	0.03924	9.809999

1498224083612	0.0981	0.11771999	9.79038

1498224083622	0.06867	0.03924	9.83943

1498224083644	0.10791	0.11771999	9.83943

1498224083646	0.07848	0.04905	9.809999

1498224083655	0.07848	0.0981	9.809999

1498224083687	0.10791	0.0981	9.85905

1498224083688	0.029429998	0.08829	9.88848

1498224083692	0.15696	0.06867	9.94734

1498224083693	0.16677	0.04905	9.829619

1498224083702	0.1962	0.04905	9.96696

1498224083712	0.08829	0.08829	9.829619

1498224083722	0.14715	0.07848	9.868859

1498224083734	0.11771999	0.058859996	9.849239

1498224083742	0.11771999	0.06867	9.76095

1498224083752	0.14715	0.03924	9.80019

1498224083763	0.17658	0.08829	9.77076

1498224083774	0.17658	0.08829	9.77076

1498224083785	0.16677	0.13734	9.96696

1498224083793	0.14715	0.08829	9.9081

1498224083803	0.13734	0.029429998	9.79038

1498224083813	0.17658	0.11771999	9.92772

1498224083823	0.13734	0.03924	9.87867

1498224083835	0.10791	0.0981	9.868859

1498224083844	0.1962	0.07848	9.829619

1498224083859	0.12753	0.029429998	9.849239

1498224083864	0.07848	0.0981	9.87867

