1495996897333	26.94	5.52	-33.12

1495996897429	26.82	5.58	-33.3

1495996897529	26.64	5.82	-33.48

1495996897629	26.58	5.82	-33.84

1495996897729	26.46	6.0	-34.02

1495996897829	26.7	6.12	-34.2

1495996897929	26.58	5.82	-34.2

1495996898029	26.4	5.88	-34.38

1495996898129	26.4	6.06	-34.56

1495996898229	26.52	6.3	-34.62

1495996898329	26.52	6.42	-34.5

1495996898431	26.52	6.42	-34.38

1495996898529	26.46	6.54	-34.5

1495996898629	26.4	6.48	-34.44

1495996898729	26.4	6.78	-34.62

1495996898829	26.4	6.66	-34.86

1495996898929	26.28	6.42	-34.56

1495996899029	26.1	6.24	-34.62

1495996899135	26.22	6.06	-34.68

1495996899229	26.46	6.0	-34.8

1495996899330	26.4	5.82	-34.62

1495996899429	26.34	6.06	-34.74

1495996899531	26.46	6.06	-34.32

1495996899631	26.52	6.06	-34.08

1495996899729	26.7	6.42	-34.44

1495996899831	26.82	6.42	-34.14

1495996899930	26.82	6.3	-33.9

1495996900029	26.94	6.48	-33.9

1495996900128	27.0	6.48	-33.78

1495996900229	27.06	6.18	-33.66

1495996900330	27.12	6.18	-33.66

1495996900429	27.06	6.0	-33.72

1495996900530	27.06	5.82	-33.18

1495996900629	27.06	5.7	-33.42

1495996900729	27.0	5.76	-33.54

1495996900833	26.76	5.64	-33.48

1495996900929	26.64	5.64	-33.54

1495996901029	26.46	6.0	-34.02

1495996901129	26.4	5.94	-34.02

1495996901221	26.4	5.94	-33.84

1495996901328	26.46	6.0	-34.14

1495996901429	26.4	6.18	-34.2

1495996901539	26.22	6.36	-34.14

1495996901629	26.46	6.18	-33.96

1495996901729	26.46	6.42	-34.2

1495996901836	26.7	5.94	-33.6

1495996901930	26.64	6.0	-33.84

1495996902031	26.76	6.18	-34.2

1495996902120	26.7	6.3	-34.32

1495996902229	26.82	6.24	-34.26

