1495821905054	16.4375	-7.1875	68.5

1495821905133	16.875	-7.375	67.75

1495821905248	17.25	-7.4375	67.9375

1495821905333	17.5625	-7.4375	67.9375

1495821905434	17.8125	-7.8125	67.75

1495821905534	17.4375	-8.0	67.9375

1495821905642	17.625	-7.5	67.875

1495821905741	18.25	-7.8125	68.0625

1495821905834	18.0	-7.4375	68.0

1495821905934	18.0625	-7.5	68.375

1495821906044	17.625	-7.75	68.0625

1495821906134	17.3125	-7.5	67.4375

1495821906240	17.0625	-7.9375	67.625

1495821906346	16.9375	-7.875	68.3125

1495821906435	17.3125	-7.5	69.0

1495821906537	17.1875	-7.1875	69.4375

1495821906635	17.5	-7.0625	69.125

1495821906735	17.875	-6.875	68.4375

1495821906835	17.625	-6.9375	68.0625

1495821906935	17.0625	-7.0625	68.5

1495821907035	16.25	-6.5625	68.75

1495821907136	15.875	-6.625	68.8125

1495821907236	15.6875	-6.625	68.375

1495821907336	16.3125	-7.1875	67.625

1495821907459	16.8125	-7.4375	67.1875

1495821907538	16.9375	-7.125	67.0625

1495821907638	16.5	-7.4375	67.375

1495821907751	15.875	-6.9375	67.75

1495821907838	16.0	-7.375	67.4375

1495821907938	16.0	-7.375	67.4375

1495821908039	16.4375	-6.75	67.3125

1495821908146	17.375	-6.875	67.375

1495821908241	17.0625	-5.4375	67.75

1495821908349	16.8125	-5.25	67.375

1495821908440	16.6875	-5.375	67.6875

1495821908552	16.625	-5.125	68.375

1495821908641	17.25	-5.8125	68.3125

1495821908740	17.3125	-5.75	68.5

1495821908851	17.875	-5.375	68.25

1495821908940	17.6875	-4.9375	67.6875

1495821909049	17.75	-4.875	68.1875

1495821909146	17.75	-5.1875	68.5

1495821909242	17.5	-5.3125	68.9375

1495821909352	17.625	-5.0	69.5625

1495821909446	17.3125	-4.75	69.125

1495821909541	17.5	-4.875	69.25

1495821909642	17.5625	-4.9375	69.0625

1495821909753	17.625	-5.3125	68.375

