1496869540853	0.39808154	-3.2701838	3.2821743

1496869540860	0.5223821	-3.4260592	2.1706634

1496869540871	0.6108447	-3.4108713	1.1725286

1496869540880	0.62163603	-3.3509192	0.52784437

1496869540890	0.5289102	-3.1522782	0.2071676

1496869540902	0.36530775	-2.8763657	0.0119904075

1496869540910	0.06541433	-2.6091127	-0.27924326

1496869540920	-0.39261925	-2.196776	-0.722089

1496869540930	-0.8289369	-1.4768186	-1.2139622

1496869540940	-1.0285106	-0.5921929	-1.632827

1496869540950	-0.9128697	-0.018518519	-1.7964295

1496869540960	-0.5257128	-0.080602184	-1.6470823

1496869540970	-0.21476153	-0.26059154	-1.329603

1496869540980	-0.196243	0.43951505	-1.7430056

1496869540990	-0.2704503	0.7057021	-2.2371435

1496869541010	-0.3784972	0.9925393	-2.7378097

1496869541020	-0.379563	0.9773514	-2.9297895

1496869541030	-0.26392218	0.79949373	-3.0770051

1496869541040	0.055555556	0.51372236	-3.0508926

1496869541050	0.36530775	0.087263525	-2.6538768

1496869541060	0.13415934	-0.7176925	-1.7223555

1496869541070	-0.5911271	-1.2227551	-0.50492936

1496869541080	-1.2434052	-0.7765787	0.3097522

1496869541090	-1.5663469	-0.30202505	0.57913667

1496869541102	-1.6830536	-0.71982414	0.6838529

1496869541110	-1.664535	-1.1529443	0.7078337

1496869541120	-1.0471623	0.020650147	0.30202505

1496869541130	-0.30868638	1.3438582	-0.72422063

1496869541140	-0.31734613	0.82560617	-1.7331468

1496869541151	0.05009326	-0.3141487	-1.9654943

1496869541161	0.31081802	-3.0650146	-0.44604316

1496869541170	0.85078603	-4.4275246	1.732081

1496869541180	-3.7065015	7.5460963	0.46895817

1496869541190	-1.2204902	7.482814	-1.0055956

1496869541201	0.70343727	4.607514	-1.9219291

1496869541211	-0.2715161	-0.023980815	-2.5905943

1496869541220	0.33040234	-2.5666134	-3.1446843

1496869541230	1.4408473	-3.1534772	-3.3661072

1496869541241	1.4768186	-3.695577	-3.3387957

1496869541250	1.6546763	-3.7119637	-3.2799094

1496869541260	1.4725553	-3.0126565	-3.1686652

1496869541270	0.8649081	-1.4223288	-3.0824673

1496869541281	0.1951772	0.49733546	-3.0977883

1496869541291	-0.5584865	1.9219291	-3.09992

1496869541302	-1.1823875	2.1193712	-3.07927

1496869541310	-1.3089528	1.4038103	-3.1534772

1496869541320	-1.0013323	0.58792967	-3.3705037

1496869541330	-0.07633893	0.8485212	-3.5133226

1496869541340	1.1005862	1.315481	-3.442446

1496869541350	1.5663469	0.3206768	-3.4348521

1496869541360	1.4583	-1.2728484	-3.4926724

1496869541370	0.8943512	-2.226219	-3.490541

1496869541380	-0.34359178	-1.831335	-3.1949108

1496869541390	-0.66320276	-1.7517985	-2.6232347

1496869541402	-0.97948307	-1.9774847	-1.9654943

1496869541410	-1.1910472	-2.3963497	-1.2860378

1496869541423	-0.86823875	-2.8633094	-0.5103917

1496869541430	0.0065281107	-3.3900878	0.43844923

1496869541440	0.85944575	-3.9704237	1.2379429

1496869541450	1.092859	-4.2605915	1.6971756

1496869541461	0.83000267	-3.807887	1.9906741

1496869541470	0.7252864	-2.2501998	2.0844657

1496869541480	1.1376232	0.16906475	1.846656

1496869541491	1.6088463	2.0996537	1.5968559

1496869541502	1.6502798	2.6887822	1.7463362

1496869541510	1.4834799	2.5502264	2.1477485

1496869541520	1.3405275	2.7378097	2.6581402

1496869541530	1.1180389	3.5145216	3.2592592

1496869541542	0.7330136	4.226752	3.839595

1496869541552	0.35331735	4.1001863	4.295497

1496869541560	0.23661071	3.428324	4.6161737

1496869541570	0.6554756	3.5374367	5.1877165

1496869541580	0.7569944	4.5442314	4.955369

1496869541597	-0.13735679	3.8646417	4.211431

1496869541602	-0.83000267	2.5251799	3.2418065

1496869541610	-0.9816147	1.2848388	2.5087929

1496869541620	-0.8136158	0.29549694	2.424727

1496869541630	-0.5955236	-0.42645884	2.720357

1496869541642	-0.36424193	-1.0591527	2.9581668

1496869541651	0.004263256	-1.7463362	2.894884

1496869541660	0.44604316	-2.5807354	2.585132

1496869541670	0.736211	-3.1217692	2.1171062

1496869541680	0.6794564	-2.7792432	1.5390354

1496869541690	0.34026113	-1.8128164	0.9674927

1496869541701	-0.010791367	-0.93698376	0.5486278

1496869541710	-0.20277111	-0.5071942	0.34785506

1496869541720	-0.35225153	-0.3381295	0.2475353

1496869541730	-0.73834264	0.10351719	0.08286704

1496869541740	-1.4048761	1.1060485	-0.23554489

1496869541751	-1.7855049	1.7168932	-0.68172127

1496869541760	-1.5510259	1.2030376	-1.094058

1496869541770	-1.0459633	0.09485745	-1.3241407

1496869541780	-0.16027178	-0.5726086	-1.3022915

1496869541790	0.10471623	0.16906475	-1.2576605

1496869541802	0.057687182	0.46029842	-1.1365575

1496869541810	-0.20943245	-0.08606448	-0.9357847

1496869541820	-0.7166267	-1.2204902	-0.5802025

1496869541830	-1.4070077	-2.0647483	0.077404745

1496869541840	-2.0201173	-2.294964	0.8943512

1496869541850	-2.2840395	-2.599254	1.4561684

1496869541860	-1.2532641	-0.7624567	1.3535838

1496869541870	1.0656807	5.7200904	0.42539302

1496869541880	0.09925393	6.049427	-0.13415934

1496869541890	-0.6108447	-0.32387424	0.1558753

1496869541901	0.27924326	-2.6822543	0.52464694

1496869541910	-0.44284573	-1.0983213	0.51478815

1496869541920	-1.2652545	2.0582201	0.12643218

1496869541930	-0.7307487	4.164535	-0.6806555

1496869541940	-0.35011992	2.6877165	-1.6241673

1496869541950	-0.48534507	-1.3775647	-2.6625366

1496869541960	0.46349588	-3.2494004	-3.7839062

1496869541970	0.86823875	-4.810285	-4.503864

1496869541980	0.27258193	-5.0961895	-4.643485

1496869541990	-0.26831868	-3.293099	-4.645617

1496869542003	-0.66853184	-0.9816147	-4.5496936

1496869542010	-0.8202771	0.81148416	-4.3457236

1496869542020	-0.81148416	1.3994138	-4.0762057

1496869542030	-0.7732481	0.90421	-3.844924

1496869542040	-0.7525979	-0.07300826	-3.7446043

1496869542050	-0.55302423	-0.56501466	-3.6737278

1496869542060	0.26831868	0.25632828	-3.3606448

1496869542070	1.1779909	0.77005064	-2.9571009

1496869542080	1.6001865	0.083932854	-2.803224

1496869542095	1.6393552	-1.0067946	-2.8927524

1496869542103	1.3470557	-1.9034106	-2.9789503

1496869542110	0.73727685	-2.4040768	-2.8622437

1496869542120	-0.027178258	-2.666933	-2.4520383

1496869542130	-0.7492673	-3.1719956	-1.7724487

1496869542140	-1.3852918	-3.741407	-1.0448974

1496869542151	-1.41247	-3.5319743	-0.27258193

1496869542160	-0.54103386	-3.131628	0.7067679

1496869542170	0.36970425	-3.444711	2.2066348

1496869542180	0.9630962	-3.1185718	2.1923795

1496869542190	0.49733546	-1.3264055	2.1073809

1496869542202	0.21809219	0.96642685	2.0245137

1496869542211	0.57154274	3.3726351	1.8521183

1496869542220	1.0471623	4.615108	1.6699973

1496869542230	1.1420197	4.735012	1.6961098

1496869542240	0.9860112	5.0503597	2.007061

1496869542251	0.89661604	5.5161204	2.5098588

1496869542261	1.1060485	5.007727	3.2340794

1496869542270	1.5663469	3.5231814	4.114442

1496869542280	1.8902211	1.7735145	4.934719

1496869542290	1.421263	0.067545965	5.456035

1496869542301	0.82134295	0.67732483	5.717826

1496869542311	0.5398348	3.297362	5.6185718

1496869542320	0.25406343	4.7088995	4.887823

1496869542330	-0.08939515	4.096989	3.9300559

1496869542340	-0.44058087	2.5840662	3.3082867

1496869542352	-0.745004	1.0438316	2.9996004

1496869542361	-0.8791633	-0.001065814	2.8229415

1496869542370	-0.76458836	-0.41007194	2.697442

1496869542380	0.11670663	-1.216227	2.3669064

1496869542391	0.54636294	-1.8565148	2.0680788

1496869542403	0.68491876	-2.0855315	1.6458833

1496869542410	0.4820144	-1.6819878	1.1790568

1496869542420	0.16906475	-0.99360514	0.76019186

1496869542430	-0.083932854	-0.49520382	0.46136424

1496869542440	-0.3391953	-0.22795098	0.21156408

1496869542450	-0.79949373	0.25512922	-0.12643218

1496869542460	-1.4048761	0.9467093	-0.58899546

1496869542470	-1.64162	1.0754063	-1.1212363

1496869542481	-1.3306688	0.38062882	-1.6536105

1496869542492	-0.77111644	-0.63482547	-2.120437

1496869542501	-0.11444178	-1.3459898	-2.5119903

1496869542510	0.6064482	-1.3045564	-2.7346122

1496869542520	1.1954436	-0.53330666	-2.7312818

1496869542531	1.4147348	0.2759126	-2.3996801

1496869542541	1.4147348	0.3511857	-1.7331468

1496869542550	1.0067946	-0.44497734	-0.6947775

1496869542560	0.057687182	-1.5827339	0.7635225

1496869542570	-1.1506795	-1.1561418	2.6593392

1496869542582	-3.5929923	0.767919	2.6702638

1496869542590	-3.322542	-0.14281908	2.188116

1496869542602	-0.07633893	3.9693577	1.124567

1496869542610	2.6570745	8.907408	0.019584332

1496869542620	-0.40460965	4.3991475	-0.538769

1496869542630	-1.1681322	-0.470024	-0.6129763

1496869542640	-0.6554756	-1.8073541	-0.61737275

1496869542650	-0.26059154	-0.40354383	-0.93258727

1496869542660	0.02824407	1.9480416	-1.4233946

1496869542670	-0.9805489	1.4103384	-1.6994405

1496869542680	-1.9469757	-1.2673861	-1.7070343

1496869542691	-0.093791634	-1.1376232	-1.7964295

1496869542712	1.2717825	-2.256728	-2.6898482

1496869542720	1.8226752	-1.7474021	-3.2723155

1496869542730	1.6284306	-1.678657	-3.7446043

1496869542743	1.1965095	-1.2030376	-4.0490274

1496869542751	0.53330666	-0.55302423	-4.236611

1496869542760	-0.14614974	-0.35664803	-4.340261

1496869542770	-0.49840128	-0.7624567	-4.3053555

1496869542780	-1.0743406	-1.94591	-4.6172395

1496869542790	-0.94897413	-1.1735945	-4.6620035

1496869542801	0.31947774	1.0253131	-4.0631495

1496869542810	1.4845457	1.6044497	-3.2941647

1496869542821	1.7059685	0.11231015	-2.858913

1496869542830	1.428857	-1.564082	-2.7148948

1496869542840	0.86823875	-2.356115	-2.6341593

1496869542850	0.14614974	-2.5600853	-2.4160671

1496869542860	-0.59445775	-2.826139	-1.9949374

1496869542880	-1.6284306	-3.6945112	-0.9532374

1496869542895	-0.94897413	-2.660405	-0.074074075

1496869542900	0.12323475	-2.386624	1.0524913

1496869542910	0.6827871	-3.322542	1.8270717

1496869542920	0.7122302	-4.0566216	1.9732214

1496869542930	0.49840128	-3.806821	1.7953637

1496869542940	0.6510791	-2.8414602	1.5935252

1496869542950	1.2107648	-1.2030376	1.3775647

1496869542960	1.5947242	0.6544098	1.2597922

1496869542970	1.4921396	2.0026646	1.7146283

1496869542980	1.2347455	4.623768	2.218625

1496869542990	1.3449241	4.9303226	2.6887822

1496869543001	1.535838	4.2463365	3.2962964

1496869543010	1.603384	3.0050626	3.938849

1496869543020	1.5815347	1.961231	4.467892

1496869543030	1.846656	1.9425793	4.9118037

1496869543040	2.0331736	2.6429522	5.261924

1496869543050	1.9709566	3.1806555	5.328404

1496869543060	1.7735145	3.2112975	4.921663

1496869543070	1.4179323	2.5142553	4.1939783

1496869543080	0.88782305	1.512923	3.4916067

1496869543090	0.31188384	0.87370104	3.1131096

1496869543101	-0.14175327	0.84425795	2.9614975

1496869543110	-0.3555822	1.1464162	2.8675725

1496869543121	-0.35664803	1.2402078	2.6690648

1496869543130	-0.23114842	0.7721822	2.3855581

1496869543140	-0.013056221	0.008659739	2.0560884

1496869543150	0.19304556	-0.5770051	1.6807888

1496869543161	0.31521448	-0.7907008	1.2816414

1496869543170	0.32933652	-0.8028244	0.86823875

1496869543180	0.12216893	-0.8617106	0.06541433

1496869543190	-0.023980815	-0.91953105	-0.20277111

1496869543201	-0.23554489	-0.6981082	-0.4014122

1496869543210	-0.57474023	-0.017452704	-0.68718356

1496869543220	-0.98494536	0.7721822	-1.0754063

1496869543230	-1.1899813	1.0089262	-1.4561684

1496869543240	-1.1594725	0.7330136	-1.7408739

1496869543250	-0.9816147	0.54209965	-1.9011457

1496869543260	-0.736211	0.6434852	-1.9110045

1496869543270	-0.50932586	0.84532374	-1.7942979

1496869543280	-0.3206768	1.0219824	-1.5968559

1496869543290	-0.19957368	1.0089262	-1.283773

1496869543301	-0.15161204	0.6981082	-0.87689847

1496869543310	-0.13629097	0.029443111	-0.34239274

1496869543320	-0.40567547	-0.9914735	0.35011992

1496869543330	-1.116973	-1.710365	1.032907

1496869543340	-1.9219291	-1.5532907	1.4376498

1496869543350	-2.3069544	-1.4528377	1.5478284

1496869543360	-1.7452705	-0.51372236	1.2499334

1496869543370	0.4940048	4.0456967	0.31521448

1496869543380	-0.64028776	5.4986677	0.18864909

1496869543390	-0.6282974	-0.3675726	0.52464694

1496869543402	-0.42965627	0.8518519	0.3839595

1496869543410	-0.35771382	3.1131096	-0.10471623

1496869543420	-0.26831868	4.4656277	-0.7525979

1496869543430	-1.4702904	2.1029842	-1.405942

1496869543440	-1.3230748	-0.5572875	-1.9535038

1496869543450	0.1842526	-1.3285372	-2.4487078

1496869543460	0.79296565	-2.258993	-3.0847323

1496869543470	1.5205169	-2.5655475	-3.564615

1496869543481	2.0003996	-2.8294697	-3.8602452

1496869543490	1.7877698	-3.085798	-4.051159

1496869543501	1.0863309	-2.6341593	-4.1634693

1496869543510	0.20503597	-1.6481482	-4.206102

1496869543521	-0.4886757	-0.7961631	-4.144951

1496869543530	-0.941247	-0.44391152	-4.0860643

1496869543540	-1.4027444	-0.40674126	-4.1079135

1496869543550	-1.6851852	-0.50066614	-4.064215

1496869543560	-1.1048495	0.26711965	-3.7740474

1496869543570	0.5496936	1.9425793	-3.206901

1496869543580	1.6950439	1.6372236	-2.6265655

1496869543590	1.3306688	-0.9521716	-2.7411404

1496869543602	0.5824674	-1.5150546	-2.8513188

1496869543610	-0.30642152	-1.9372503	-2.8250732

1496869543620	-1.2042366	-2.4869437	-2.6244338

1496869543630	-1.8193445	-2.9396484	-2.142286

1496869543640	-1.4692246	-2.3527844	-1.0820677

1496869543650	-0.35011992	-1.6971756	0.5486278

1496869543660	0.42419398	-2.1629362	1.9492406

1496869543674	0.6239009	-3.1654677	2.5359712

1496869543680	0.5355715	-3.861311	2.4902744

1496869543700	0.9292566	-2.3462563	1.9143353

1496869543710	1.3558487	-0.16466826	1.6448175

1496869543720	1.3285372	1.5913936	1.6656009

1496869543731	0.9914735	2.279643	1.9896083

1496869543740	0.9826805	2.9211297	2.302558

1496869543751	1.1714628	4.0249133	2.5491607

1496869543760	1.3306688	4.6412206	2.8534505

1496869543770	1.5019984	4.302025	3.4304557

1496869543780	1.8662404	3.2853718	4.7307487

1496869543790	1.7278178	0.6926459	5.0285106

1496869543802	1.4976019	1.2783107	5.160538

1496869543810	1.3022915	2.5185184	5.122302

1496869543820	1.2860378	3.0050626	4.62923

1496869543830	1.2565948	2.767253	3.8755662

1496869543840	0.9990674	2.0430322	3.2733812

1496869543850	0.5343725	1.0297096	2.8763657

1496869543860	0.087263525	0.4188649	2.6440182

1496869543870	-0.06648015	0.43631762	2.4531043

1496869543880	0.087263525	0.4886757	2.2709832

1496869543890	0.39808154	0.20397016	2.0636823

1496869543900	0.68598455	-0.2693845	1.7844391

1496869543910	0.81694645	-0.515854	1.4114043

1496869543920	0.76019186	-0.35331735	0.93698376

1496869543930	0.56061816	0.051159073	0.44830802

1496869543940	0.29882762	0.42645884	0.055555556

1496869543950	-0.12976286	0.84972024	-0.24313882

1496869543961	-0.76125765	1.4790834	-0.5540901

1496869543970	-1.3012257	1.9219291	-0.9128697

1496869543980	-1.193312	1.7081002	-1.5390354

