1495833026305	0.75	-11.6875	19.25

1495833026372	1.125	-11.4375	19.5

1495833026490	1.1875	-12.0	19.6875

1495833026574	0.75	-11.5	20.3125

1495833026666	0.9375	-11.375	20.3125

1495833026766	0.8125	-11.3125	19.625

1495833026867	0.1875	-11.375	19.875

1495833026973	0.375	-11.5625	19.3125

1495833027067	0.4375	-12.125	19.25

1495833027167	0.8125	-12.3125	19.0

1495833027272	1.5	-12.6875	18.3125

1495833027369	1.375	-13.0625	18.6875

1495833027468	1.25	-12.75	19.3125

1495833027569	1.125	-12.9375	19.3125

1495833027670	1.0	-12.625	19.9375

1495833027768	0.5625	-12.1875	19.625

1495833027870	0.4375	-12.5625	19.25

1495833027981	-0.0625	-12.9375	19.3125

1495833028069	-0.125	-12.6875	18.9375

1495833028170	0.375	-12.75	18.875

1495833028270	0.25	-12.5	18.6875

1495833028372	0.3125	-12.4375	18.8125

1495833028470	0.4375	-12.4375	18.8125

1495833028570	0.4375	-12.5625	19.25

1495833028670	0.8125	-12.75	18.875

1495833028778	0.625	-12.5625	19.125

1495833028872	-0.0625	-13.0625	18.4375

1495833028971	-0.25	-12.5625	17.4375

1495833029072	-0.9375	-12.3125	17.8125

1495833029189	-0.9375	-12.75	17.8125

1495833029272	-0.625	-12.5	18.375

1495833029372	-0.8125	-13.375	18.5625

1495833029472	-0.4375	-13.5625	18.3125

1495833029584	-0.25	-13.4375	18.1875

1495833029672	-0.375	-13.3125	17.625

1495833029783	0.0	-13.25	17.75

1495833029875	0.1875	-13.4375	17.25

1495833029975	0.3125	-12.8125	16.9375

1495833030075	0.125	-12.3125	16.875

1495833030189	-0.125	-11.8125	16.8125

1495833030275	-0.75	-11.4375	17.1875

1495833030375	-0.9375	-11.5625	17.625

1495833030475	-1.375	-12.0625	18.125

1495833030578	-1.3125	-12.125	18.1875

1495833030686	-1.25	-11.625	17.8125

1495833030775	-1.5	-11.3125	17.5

1495833030886	-0.9375	-11.3125	17.5

1495833030976	-1.1875	-11.375	17.25

1495833031076	-1.0	-11.5	16.9375

1495833031178	-1.125	-12.375	16.8125

