1498226994482	0.0981	0.08829	9.829619

1498226994491	0.03924	0.01962	9.79038

1498226994502	0.15696	0.08829	9.85905

1498226994509	0.07848	0.03924	9.78057

1498226994520	0.16677	0.16677	9.849239

1498226994536	0.16677	0.06867	9.809999

1498226994540	0.058859996	0.03924	9.81981

1498226994552	0.07848	0.07848	9.829619

1498226994587	0.10791	0.03924	9.809999

1498226994588	0.01962	0.04905	9.73152

1498226994590	0.10791	-0.01962	9.77076

1498226994592	-0.029429998	0.03924	9.91791

1498226994602	-0.01962	0.08829	9.849239

1498226994611	0.11771999	0.11771999	9.75114

1498226994621	0.12753	0.058859996	9.87867

1498226994631	0.16677	0.04905	9.88848

1498226994641	0.11771999	0.00981	9.91791

1498226994653	0.01962	0.03924	9.83943

1498226994661	0.18639	0.11771999	9.849239

1498226994671	0.08829	0.04905	9.94734

1498226994682	0.13734	0.04905	9.81981

1498226994691	0.10791	0.0	9.976769

1498226994703	0.14715	0.08829	9.85905

1498226994712	0.13734	0.06867	9.83943

1498226994722	0.058859996	0.0	9.87867

1498226994732	0.029429998	0.01962	9.79038

1498226994748	0.10791	0.058859996	9.809999

1498226994754	0.13734	0.06867	9.85905

1498226994763	0.11771999	0.058859996	9.79038

1498226994772	0.11771999	0.058859996	9.79038

1498226994784	0.1962	0.04905	9.88848

1498226994804	0.16677	0.12753	9.87867

1498226994812	0.11771999	0.07848	9.80019

1498226994822	0.12753	0.06867	9.829619

1498226994832	0.16677	0.03924	9.79038

1498226994842	0.029429998	0.07848	9.80019

1498226994854	0.12753	0.029429998	9.83943

1498226994861	0.15696	0.01962	9.76095

1498226994872	0.06867	0.08829	9.81981

1498226994883	0.16677	0.03924	9.85905

1498226994892	0.07848	0.06867	10.016009

1498226994904	0.10791	0.06867	9.92772

1498226994912	0.08829	0.10791	9.85905

1498226994922	0.0981	0.00981	9.78057

1498226994940	0.16677	0.01962	9.88848

1498226994944	0.08829	0.11771999	9.77076

1498226994954	0.13734	0.01962	9.849239

1498226994962	0.08829	0.03924	9.91791

1498226994987	0.058859996	0.06867	9.77076

1498226994988	0.12753	-0.029429998	9.829619

1498226994992	0.0981	0.00981	9.94734

1498226995003	0.17658	0.058859996	9.868859

1498226995012	0.10791	0.03924	9.88848

1498226995022	0.08829	0.058859996	9.849239

1498226995032	0.07848	0.10791	9.87867

1498226995042	0.13734	0.08829	9.88848

1498226995054	0.16677	0.07848	9.809999

1498226995063	0.10791	0.07848	9.868859

1498226995073	0.12753	0.13734	9.85905

1498226995084	0.08829	0.08829	9.81981

1498226995093	0.15696	0.08829	9.92772

1498226995105	0.16677	0.11771999	9.88848

1498226995115	0.13734	0.0981	9.88848

1498226995124	0.14715	0.058859996	9.83943

1498226995134	-0.00981	0.08829	9.91791

1498226995149	0.18639	0.07848	9.85905

1498226995156	0.13734	0.03924	9.702089

1498226995164	0.12753	0.0	9.829619

1498226995174	0.15696	0.07848	9.81981

1498226995194	0.07848	0.08829	9.80019

1498226995206	0.058859996	0.029429998	9.89829

1498226995214	0.12753	0.03924	9.85905

1498226995224	0.04905	0.00981	9.81981

1498226995234	0.13734	0.058859996	9.9081

1498226995244	0.0981	0.058859996	9.77076

1498226995256	0.1962	0.08829	9.849239

1498226995265	0.12753	0.01962	9.80019

1498226995275	0.17658	0.10791	9.73152

1498226995287	0.16677	0.03924	9.78057

1498226995306	0.13734	0.06867	9.83943

1498226995315	0.16677	0.058859996	9.79038

1498226995325	0.10791	0.01962	9.89829

1498226995335	0.08829	0.01962	9.7119

1498226995349	0.13734	0.04905	9.81981

1498226995356	0.15696	0.08829	9.849239

1498226995365	0.00981	0.04905	9.868859

1498226995375	0.15696	0.06867	9.80019

1498226995392	0.15696	0.13734	9.83943

1498226995406	0.15696	0.10791	9.91791

1498226995415	0.10791	-0.00981	9.829619

1498226995425	0.16677	0.00981	9.74133

1498226995435	0.14715	0.03924	9.83943

1498226995446	0.029429998	0.058859996	9.75114

1498226995457	0.15696	0.058859996	9.85905

1498226995466	0.13734	0.00981	9.87867

1498226995476	0.13734	0.17658	9.809999

1498226995488	0.0981	0.07848	9.78057

1498226995508	0.0981	0.01962	9.83943

1498226995516	0.13734	0.03924	9.89829

1498226995526	0.13734	0.06867	9.75114

1498226995542	0.13734	0.04905	9.809999

1498226995547	0.08829	0.13734	9.87867

1498226995559	0.0	0.10791	9.72171

1498226995568	0.17658	0.08829	9.91791

1498226995582	0.058859996	0.06867	9.80019

1498226995589	0.0981	-0.03924	9.77076

1498226995598	0.08829	0.14715	9.88848

1498226995610	0.16677	-0.00981	9.94734

1498226995619	0.16677	0.00981	9.9081

1498226995630	0.1962	0.04905	9.9081

1498226995639	0.14715	0.03924	9.81981

1498226995649	0.10791	0.04905	9.85905

1498226995661	0.13734	0.11771999	9.81981

1498226995669	0.12753	0.0981	9.74133

1498226995680	0.058859996	0.06867	9.809999

1498226995691	0.14715	0.04905	9.849239

1498226995700	0.11771999	0.029429998	9.88848

1498226995712	0.08829	0.06867	9.829619

1498226995721	0.10791	0.07848	9.87867

1498226995731	0.12753	0.11771999	9.92772

1498226995741	0.20601	0.058859996	9.81981

1498226995755	0.10791	0.04905	9.85905

1498226995764	0.14715	0.11771999	9.849239

1498226995771	0.14715	0.11771999	9.849239

1498226995786	0.16677	0.029429998	9.88848

1498226995792	0.13734	0.0981	9.87867

1498226995801	0.13734	0.04905	9.88848

1498226995812	0.12753	0.029429998	9.87867

1498226995821	0.16677	0.10791	9.89829

1498226995831	0.13734	0.06867	9.868859

1498226995841	0.12753	0.10791	9.83943

1498226995851	0.12753	0.11771999	9.89829

1498226995863	0.18639	0.00981	9.88848

1498226995871	0.18639	0.0981	9.829619

1498226995882	0.07848	0.04905	9.809999

1498226995893	0.10791	0.01962	9.849239

1498226995903	0.10791	0.03924	9.9571495

1498226995913	0.08829	0.058859996	9.92772

1498226995922	0.10791	0.10791	9.80019

1498226995932	0.18639	0.029429998	9.868859

1498226995942	0.06867	0.058859996	9.92772

1498226995952	0.16677	0.029429998	9.74133

1498226995964	0.10791	0.03924	9.83943

1498226995973	0.13734	0.11771999	9.76095

1498226995983	0.14715	-0.00981	9.85905

1498226995994	0.08829	0.14715	9.829619

1498226996003	0.14715	0.0981	9.868859

1498226996014	0.058859996	-0.029429998	9.81981

1498226996023	0.07848	0.03924	9.809999

1498226996033	0.12753	0.07848	9.83943

1498226996043	0.07848	0.04905	9.77076

1498226996052	-0.00981	0.058859996	9.77076

1498226996064	0.14715	0.12753	9.81981

1498226996073	0.07848	0.0	9.829619

1498226996083	0.08829	0.08829	9.72171

1498226996095	0.14715	0.11771999	9.87867

1498226996116	0.10791	0.029429998	9.83943

1498226996123	0.04905	0.00981	9.829619

1498226996134	0.14715	-0.00981	9.94734

1498226996143	0.06867	0.029429998	9.81981

1498226996153	0.13734	0.0981	9.78057

1498226996165	0.14715	0.11771999	9.849239

1498226996173	0.17658	0.03924	9.849239

1498226996199	0.11771999	0.12753	9.79038

1498226996201	0.14715	0.058859996	9.78057

1498226996217	0.12753	0.06867	9.868859

1498226996225	-0.00981	0.04905	9.81981

1498226996256	0.16677	0.08829	9.78057

1498226996257	0.10791	0.08829	9.809999

1498226996259	0.0981	0.07848	9.74133

1498226996268	0.08829	0.01962	9.809999

1498226996276	0.03924	0.058859996	9.83943

1498226996286	0.0981	0.029429998	9.76095

1498226996298	0.14715	0.04905	9.76095

1498226996307	0.07848	-0.00981	10.02582

1498226996319	0.07848	0.11771999	9.9081

1498226996326	0.12753	-0.00981	9.81981

1498226996337	0.14715	0.00981	9.809999

1498226996347	0.08829	0.10791	9.829619

1498226996357	0.08829	0.07848	9.829619

1498226996369	0.0981	0.0	9.868859

1498226996377	0.10791	0.03924	9.80019

1498226996387	0.14715	0.13734	9.81981

1498226996409	0.07848	0.06867	9.829619

1498226996410	0.18639	0.03924	9.9571495

1498226996420	0.12753	0.01962	9.91791

1498226996428	0.04905	0.06867	9.829619

1498226996442	0.14715	0.08829	9.87867

1498226996448	0.06867	0.03924	9.80019

1498226996458	0.01962	0.03924	9.829619

1498226996470	0.0981	0.08829	9.809999

1498226996478	0.10791	0.029429998	9.85905

1498226996488	0.12753	0.0981	9.829619

1498226996499	0.21582	-0.00981	9.83943

1498226996508	0.12753	0.07848	9.94734

1498226996520	0.11771999	0.03924	9.9081

1498226996527	0.0981	0.0981	9.868859

1498226996538	0.14715	0.0981	9.88848

1498226996548	0.18639	0.058859996	9.87867

1498226996558	0.07848	0.00981	9.809999

1498226996569	0.07848	0.06867	9.83943

1498226996578	0.11771999	0.08829	9.829619

1498226996588	0.18639	0.029429998	9.81981

1498226996600	0.06867	0.00981	9.702089

1498226996609	0.16677	0.01962	9.96696

1498226996621	0.13734	0.0981	9.98658

1498226996630	0.14715	0.08829	9.849239

1498226996639	0.0981	0.10791	9.88848

1498226996649	0.12753	0.12753	9.85905

1498226996659	0.11771999	0.01962	9.83943

1498226996671	0.18639	0.07848	9.87867

1498226996679	0.13734	-0.04905	9.809999

1498226996690	0.01962	0.11771999	9.868859

1498226996701	0.07848	0.01962	9.78057

1498226996710	0.058859996	0.04905	9.9081

1498226996721	0.13734	0.13734	9.96696

1498226996730	0.16677	0.00981	9.849239

1498226996740	0.17658	0.03924	9.92772

1498226996750	0.10791	0.07848	9.849239

1498226996760	0.00981	0.07848	9.85905

1498226996771	0.11771999	0.06867	9.77076

1498226996781	0.0981	0.0981	9.94734

1498226996791	0.12753	0.07848	9.77076

1498226996803	0.0981	0.06867	9.809999

1498226996812	0.11771999	0.058859996	9.88848

1498226996824	0.06867	0.07848	9.88848

1498226996838	0.12753	0.12753	9.94734

1498226996842	0.17658	0.07848	9.77076

1498226996852	0.058859996	0.08829	9.83943

1498226996885	0.17658	0.06867	9.76095

1498226996887	0.18639	0.11771999	9.868859

1498226996888	0.12753	0.07848	9.75114

1498226996891	0.16677	0.04905	9.81981

1498226996903	0.06867	0.03924	9.829619

1498226996912	0.13734	0.06867	9.829619

1498226996924	0.08829	0.01962	9.83943

1498226996933	0.04905	0.12753	9.9081

1498226996943	0.12753	0.06867	9.74133

1498226996953	0.14715	0.10791	9.868859

1498226996963	0.07848	0.0	9.89829

1498226996975	0.01962	0.00981	9.80019

1498226996984	0.15696	0.07848	9.809999

1498226996994	0.14715	0.08829	9.868859

1498226997006	0.16677	0.029429998	9.87867

1498226997026	0.03924	0.07848	9.85905

1498226997034	0.14715	0.10791	9.88848

1498226997044	0.13734	0.058859996	9.849239

1498226997058	0.11771999	0.0981	9.80019

1498226997064	0.058859996	0.06867	9.85905

1498226997091	0.08829	0.03924	9.91791

1498226997092	0.08829	0.01962	9.75114

1498226997095	0.18639	0.03924	9.80019

1498226997106	0.10791	0.03924	9.80019

1498226997115	0.15696	0.08829	9.92772

1498226997126	0.12753	0.0981	9.94734

1498226997135	0.11771999	0.0981	9.829619

1498226997145	0.12753	0.08829	9.849239

1498226997155	0.06867	0.04905	9.80019

1498226997165	0.15696	0.16677	9.809999

1498226997177	0.10791	0.07848	9.74133

1498226997185	0.10791	0.058859996	9.829619

1498226997195	0.08829	0.0	9.76095

1498226997206	0.12753	0.01962	9.809999

1498226997226	0.14715	0.07848	9.87867

1498226997235	0.13734	0.07848	9.83943

1498226997245	0.03924	0.03924	9.868859

1498226997255	0.14715	0.01962	9.85905

1498226997265	0.12753	0.03924	9.87867

1498226997277	0.12753	0.08829	9.89829

1498226997285	0.10791	0.058859996	9.80019

1498226997313	0.07848	0.03924	9.849239

1498226997315	0.06867	0.08829	9.849239

1498226997326	0.06867	0.08829	9.9571495

1498226997335	0.01962	0.04905	9.81981

1498226997345	0.10791	0.07848	9.83943

1498226997355	0.11771999	0.04905	9.89829

1498226997365	0.0981	0.01962	9.849239

1498226997376	0.16677	0.12753	9.702089

1498226997385	0.10791	0.06867	9.75114

1498226997395	0.13734	0.07848	9.849239

1498226997406	0.10791	0.04905	9.75114

1498226997427	-0.029429998	0.058859996	9.79038

1498226997435	0.18639	0.10791	9.81981

1498226997445	0.17658	0.04905	9.80019

1498226997455	0.11771999	-0.00981	9.77076

1498226997464	0.04905	0.07848	9.89829

1498226997476	0.18639	0.029429998	9.88848

1498226997495	0.12753	0.06867	9.829619

1498226997503	0.17658	0.0981	9.849239

1498226997526	0.029429998	0.06867	9.83943

1498226997528	0.18639	0.04905	9.92772

1498226997530	0.11771999	0.07848	9.868859

1498226997536	0.12753	0.03924	9.809999

1498226997546	0.13734	0.10791	9.809999

1498226997556	0.11771999	0.08829	9.87867

1498226997567	0.10791	0.10791	9.83943

1498226997578	0.0981	0.13734	9.85905

1498226997587	0.21582	0.07848	9.83943

1498226997597	0.16677	-0.00981	9.849239

1498226997609	0.08829	0.04905	9.77076

1498226997630	0.11771999	0.08829	9.88848

1498226997637	0.0	0.07848	9.92772

1498226997647	0.10791	0.06867	9.91791

1498226997657	0.058859996	0.07848	9.83943

1498226997667	0.11771999	0.0981	9.79038

1498226997679	0.17658	0.058859996	9.81981

1498226997688	0.0981	0.058859996	9.868859

1498226997704	0.06867	0.058859996	9.87867

1498226997709	0.10791	0.07848	9.809999

1498226997718	0.14715	0.029429998	10.0062

1498226997729	0.16677	0.07848	9.94734

1498226997740	0.13734	0.058859996	9.88848

1498226997748	0.06867	0.08829	9.78057

1498226997758	0.15696	0.03924	9.87867

1498226997768	0.0981	0.01962	9.87867

1498226997780	0.0981	0.07848	10.016009

1498226997789	0.20601	0.08829	9.77076

1498226997799	0.0981	0.06867	9.849239

1498226997810	0.08829	0.10791	9.75114

1498226997830	0.11771999	0.08829	9.92772

1498226997839	0.13734	0.03924	9.849239

1498226997849	0.12753	0.07848	9.83943

1498226997859	0.15696	0.04905	9.83943

1498226997869	0.14715	0.10791	9.89829

1498226997880	0.0981	0.14715	9.809999

1498226997889	0.04905	0.01962	9.75114

1498226997899	0.03924	0.01962	9.87867

1498226997910	0.15696	-0.00981	9.93753

1498226997918	0.17658	0.03924	9.87867

1498226997942	0.18639	0.06867	9.85905

1498226997945	0.06867	0.04905	9.868859

1498226997949	0.18639	0.01962	9.81981

1498226997981	0.12753	0.06867	9.81981

1498226997982	0.15696	0.0981	9.85905

1498226997985	0.15696	0.058859996	9.76095

1498226997989	0.11771999	0.0981	9.73152

1498226997999	0.08829	0.16677	9.9081

1498226998010	0.16677	0.04905	9.83943

1498226998019	0.16677	0.029429998	9.87867

1498226998031	0.11771999	0.06867	9.85905

1498226998040	0.16677	0.06867	9.94734

1498226998050	0.029429998	0.03924	9.83943

1498226998060	0.15696	-0.029429998	9.92772

1498226998070	0.14715	0.01962	9.91791

1498226998082	0.15696	0.0	9.849239

1498226998090	0.12753	0.029429998	9.78057

1498226998101	0.11771999	0.10791	9.9081

1498226998113	0.06867	0.07848	9.88848

1498226998121	0.12753	0.00981	9.9571495

1498226998132	0.0981	0.0981	9.809999

1498226998151	0.11771999	0.06867	9.80019

1498226998153	0.20601	0.0	9.85905

1498226998161	0.16677	0.03924	9.849239

1498226998171	0.18639	0.0	9.92772

1498226998196	0.10791	0.07848	9.74133

1498226998198	0.11771999	0.058859996	9.85905

1498226998203	0.13734	0.07848	9.78057

1498226998214	0.21582	0.15696	9.83943

1498226998233	0.13734	0.10791	9.868859

1498226998242	0.12753	0.01962	9.83943

1498226998252	0.16677	0.04905	9.868859

1498226998263	0.16677	0.07848	9.83943

1498226998272	0.07848	0.06867	9.78057

1498226998284	0.058859996	0.15696	9.83943

1498226998293	0.15696	0.00981	9.79038

1498226998303	0.10791	0.058859996	9.79038

1498226998315	0.15696	0.01962	9.78057

1498226998324	0.13734	0.01962	9.88848

1498226998336	0.00981	0.13734	9.81981

1498226998344	0.18639	0.03924	9.83943

1498226998354	0.11771999	0.029429998	9.80019

1498226998368	0.058859996	0.13734	9.75114

1498226998374	0.14715	0.11771999	9.85905

1498226998400	0.20601	0.058859996	9.868859

1498226998402	0.12753	0.058859996	9.809999

1498226998405	0.11771999	0.04905	9.81981

1498226998416	0.01962	0.10791	9.809999

1498226998425	0.07848	0.07848	9.89829

1498226998437	0.18639	-0.00981	9.93753

1498226998446	0.16677	0.0981	9.89829

1498226998456	0.08829	0.03924	9.93753

1498226998466	0.16677	0.06867	9.829619

1498226998476	0.11771999	0.08829	9.829619

1498226998488	0.13734	0.058859996	9.81981

1498226998497	0.13734	0.12753	9.87867

1498226998507	0.08829	0.00981	9.849239

1498226998518	0.10791	0.04905	9.809999

1498226998538	0.14715	0.0981	9.89829

1498226998547	0.20601	0.06867	9.83943

1498226998557	0.0981	0.03924	9.91791

1498226998567	0.16677	0.00981	9.85905

1498226998577	0.20601	0.11771999	9.88848

1498226998592	0.13734	0.029429998	9.81981

1498226998597	0.13734	0.029429998	9.83943

1498226998631	0.12753	0.03924	9.81981

1498226998632	0.0981	0.08829	9.868859

1498226998634	0.04905	0.06867	9.92772

1498226998640	0.20601	0.08829	9.9081

1498226998649	0.08829	0.0981	9.83943

1498226998659	0.15696	0.03924	9.89829

1498226998669	0.0981	0.04905	9.809999

1498226998679	0.03924	0.0981	9.80019

1498226998691	0.10791	0.08829	9.77076

1498226998699	0.18639	0.07848	9.98658

1498226998709	0.06867	0.10791	9.81981

1498226998721	0.058859996	0.01962	9.849239

1498226998730	0.16677	0.029429998	9.87867

1498226998742	0.10791	0.10791	9.73152

1498226998751	0.11771999	0.10791	9.81981

1498226998761	0.11771999	0.00981	9.85905

1498226998771	0.11771999	0.00981	9.85905

1498226998781	0.16677	0.0981	9.80019

1498226998798	0.10791	0.08829	9.868859

1498226998807	0.23543999	0.13734	9.83943

1498226998811	0.16677	0.04905	9.85905

1498226998824	0.14715	-0.00981	9.809999

1498226998835	0.14715	0.058859996	9.92772

1498226998844	0.13734	0.00981	9.9081

1498226998852	0.11771999	0.03924	9.809999

1498226998862	0.11771999	0.04905	9.76095

1498226998872	0.0981	0.04905	9.73152

1498226998882	0.14715	0.06867	9.976769

1498226998894	0.18639	0.04905	9.76095

1498226998903	0.10791	0.07848	9.77076

1498226998913	0.13734	0.01962	9.868859

1498226998924	0.20601	0.04905	9.80019

1498226998934	0.07848	0.04905	9.91791

1498226998945	-0.00981	0.0	9.77076

1498226998954	0.15696	0.07848	9.79038

1498226998964	0.06867	0.01962	9.87867

1498226998974	0.0981	0.04905	9.85905

1498226998984	0.12753	0.04905	9.78057

1498226998996	0.08829	0.11771999	9.83943

1498226999005	0.12753	0.07848	9.829619

1498226999019	0.04905	0.029429998	9.87867

1498226999027	0.14715	0.04905	9.87867

1498226999058	0.13734	0.0	9.91791

1498226999059	0.06867	0.07848	9.79038

1498226999066	0.10791	0.07848	9.87867

1498226999076	0.1962	0.01962	9.81981

1498226999086	0.18639	0.0981	9.81981

1498226999097	0.15696	0.06867	9.9081

1498226999106	0.08829	0.04905	9.85905

1498226999116	0.18639	0.058859996	9.809999

1498226999128	0.23543999	0.06867	9.88848

1498226999148	0.12753	0.058859996	9.9571495

1498226999156	0.15696	0.06867	9.868859

1498226999166	0.16677	0.058859996	9.88848

1498226999177	0.11771999	0.10791	9.89829

1498226999187	0.14715	0.10791	9.809999

1498226999199	0.06867	0.00981	9.809999

1498226999207	0.11771999	0.01962	9.80019

1498226999217	0.13734	0.08829	9.829619

1498226999237	0.14715	0.08829	9.829619

1498226999249	0.16677	0.01962	9.87867

1498226999257	0.11771999	0.03924	9.88848

1498226999278	0.16677	0.01962	9.81981

1498226999280	-0.00981	0.07848	9.849239

1498226999287	0.0981	0.01962	9.83943

1498226999299	0.0981	0.07848	9.75114

1498226999307	0.15696	0.08829	9.79038

1498226999317	0.14715	0.058859996	9.809999

1498226999329	0.07848	0.0981	9.829619

1498226999348	0.11771999	0.06867	9.849239

1498226999357	0.14715	0.07848	9.81981

1498226999367	0.06867	0.08829	9.79038

1498226999378	0.15696	0.058859996	9.87867

1498226999387	0.14715	0.058859996	9.829619

1498226999398	0.12753	0.03924	9.809999

1498226999407	0.18639	0.058859996	9.829619

1498226999417	0.058859996	0.058859996	9.79038

1498226999429	0.11771999	0.00981	9.849239

1498226999448	0.18639	0.058859996	9.85905

