1496213116983	0.008659739	-0.026112443	-0.04796163

1496213116998	0.010791367	-0.032640554	-0.04023448

1496213117016	0.0065281107	-0.018518519	-0.033706367

1496213117034	0.0075939246	-0.022781774	-0.044630963

1496213117036	-0.001065814	-0.016253663	-0.03810285

1496213117039	0.0065281107	-0.021715961	-0.04023448

1496213117047	0.002131628	-0.027178258	-0.037037037

1496213117057	-0.010791367	-0.015187849	-0.04023448

1496213117067	-0.00532907	-0.016253663	-0.037037037

1496213117077	-0.0065281107	-0.008659739	-0.033706367

1496213117087	-0.015187849	-0.020650147	-0.042499334

1496213117097	-0.02504663	-0.016253663	-0.04143352

1496213117107	-0.02824407	-0.020650147	-0.03810285

1496213117117	-0.030508926	-0.0119904075	-0.03810285

1496213117127	-0.023980815	-0.004263256	-0.03157474

1496213117137	-0.004263256	-0.017452704	-0.035971224

1496213117147	-0.017452704	-0.0075939246	-0.04143352

1496213117157	-0.019584332	-0.009725553	-0.03810285

1496213117168	-0.016253663	-0.026112443	-0.03810285

1496213117177	-0.037037037	-0.013056221	-0.030508926

1496213117187	-0.037037037	-0.008659739	-0.029443111

1496213117197	-0.029443111	-0.017452704	-0.034905408

1496213117208	-0.015187849	0.0	-0.035971224

1496213117219	-0.008659739	-0.009725553	-0.04143352

1496213117227	-0.008659739	-0.0119904075	-0.035971224

1496213117237	-0.013056221	-0.0065281107	-0.032640554

1496213117247	-0.016253663	-0.002131628	-0.03810285

1496213117258	-0.019584332	-0.008659739	-0.042499334

1496213117267	-0.0119904075	-0.013056221	-0.04143352

1496213117277	-0.021715961	0.00532907	-0.042499334

1496213117287	-0.004263256	-0.004263256	-0.030508926

1496213117297	-0.014122035	0.002131628	-0.03157474

1496213117307	-0.009725553	0.003197442	-0.035971224

1496213117318	-0.002131628	0.003197442	-0.034905408

1496213117327	-0.0075939246	0.004263256	-0.03810285

1496213117337	-0.013056221	0.001065814	-0.03157474

1496213117347	-0.027178258	0.0075939246	-0.03157474

1496213117364	-0.0119904075	0.0075939246	-0.03157474

1496213117377	-0.010791367	0.010791367	-0.029443111

1496213117387	-0.009725553	0.010791367	-0.029443111

1496213117398	-0.00532907	0.017452704	-0.035971224

1496213117408	-0.010791367	0.0065281107	-0.03157474

1496213117418	-0.013056221	0.016253663	-0.035971224

1496213117427	-0.014122035	0.0075939246	-0.02824407

1496213117437	-0.018518519	0.014122035	-0.02504663

1496213117447	0.001065814	0.010791367	-0.035971224

1496213117458	0.0075939246	0.0119904075	-0.034905408

1496213117467	0.0065281107	0.0065281107	-0.032640554

1496213117477	0.016253663	0.003197442	-0.03810285

1496213117487	0.0075939246	0.010791367	-0.04023448

1496213117497	0.014122035	0.013056221	-0.030508926

1496213117508	0.009725553	0.014122035	-0.034905408

1496213117519	0.014122035	0.022781774	-0.037037037

1496213117528	0.013056221	0.008659739	-0.034905408

1496213117537	0.002131628	0.013056221	-0.039168663

1496213117547	-0.001065814	0.0119904075	-0.03810285

1496213117557	0.023980815	-0.004263256	-0.035971224

1496213117567	0.020650147	0.004263256	-0.030508926

1496213117577	0.022781774	0.003197442	-0.029443111

1496213117587	0.019584332	-0.002131628	-0.037037037

1496213117597	-0.001065814	0.0	-0.033706367

1496213117611	-0.016253663	-0.002131628	-0.033706367

1496213117619	-0.03157474	0.001065814	-0.029443111

1496213117636	-0.00532907	-0.013056221	-0.029443111

1496213117640	-0.00532907	0.0065281107	-0.02824407

1496213117647	0.0065281107	-0.004263256	-0.029443111

1496213117664	0.022781774	-0.004263256	-0.02824407

1496213117667	0.0	-0.002131628	-0.030508926

1496213117677	-0.003197442	-0.010791367	-0.033706367

1496213117687	-0.017452704	-0.0119904075	-0.034905408

1496213117698	-0.0119904075	-0.009725553	-0.034905408

1496213117708	-0.001065814	-0.015187849	-0.034905408

1496213117719	0.0075939246	-0.00532907	-0.030508926

1496213117727	0.004263256	-0.013056221	-0.035971224

1496213117737	0.015187849	-0.00532907	-0.034905408

1496213117747	0.021715961	-0.010791367	-0.030508926

1496213117758	0.013056221	0.003197442	-0.030508926

1496213117767	0.021715961	-0.009725553	-0.03157474

1496213117777	0.030508926	-0.0065281107	-0.034905408

1496213117787	0.016253663	-0.0075939246	-0.029443111

1496213117798	0.020650147	-0.018518519	-0.027178258

1496213117808	0.022781774	-0.003197442	-0.029443111

1496213117819	0.017452704	-0.015187849	-0.022781774

1496213117827	0.019584332	-0.014122035	-0.03157474

1496213117837	0.015187849	-0.010791367	-0.032640554

1496213117847	0.018518519	-0.016253663	-0.029443111

1496213117858	0.017452704	-0.015187849	-0.026112443

1496213117867	0.013056221	-0.019584332	-0.02824407

1496213117877	0.014122035	-0.0075939246	-0.030508926

1496213117887	0.0119904075	-0.013056221	-0.030508926

1496213117897	0.016253663	-0.019584332	-0.026112443

1496213117909	0.015187849	-0.016253663	-0.035971224

1496213117918	0.020650147	-0.018518519	-0.029443111

1496213117927	0.019584332	-0.015187849	-0.027178258

1496213117937	-0.003197442	-0.0065281107	-0.026112443

1496213117947	0.021715961	-0.020650147	-0.027178258

1496213117958	0.013056221	-0.0119904075	-0.02504663

1496213117967	0.004263256	-0.00532907	-0.02824407

1496213117977	0.030508926	-0.022781774	-0.03157474

1496213117987	0.008659739	-0.00532907	-0.03157474

1496213117997	0.019584332	-0.018518519	-0.030508926

1496213118008	0.013056221	-0.0075939246	-0.027178258

1496213118017	0.016253663	-0.0075939246	-0.02504663

1496213118027	0.013056221	-0.0119904075	-0.026112443

1496213118037	0.008659739	0.003197442	-0.026112443

1496213118047	0.017452704	-0.0065281107	-0.027178258

1496213118058	0.010791367	0.008659739	-0.023980815

1496213118067	0.018518519	-0.0065281107	-0.022781774

1496213118077	0.010791367	-0.001065814	-0.015187849

1496213118087	0.003197442	0.0	-0.023980815

1496213118097	0.0075939246	0.0	-0.020650147

1496213118108	0.004263256	0.003197442	-0.026112443

1496213118119	0.004263256	-0.001065814	-0.027178258

1496213118127	0.008659739	-0.00532907	-0.027178258

1496213118137	0.002131628	0.0	-0.018518519

1496213118147	0.013056221	-0.0065281107	-0.02504663

1496213118158	0.003197442	0.0	-0.022781774

1496213118167	-0.0065281107	0.004263256	-0.026112443

1496213118177	0.002131628	0.001065814	-0.017452704

1496213118187	-0.015187849	0.009725553	-0.017452704

1496213118197	0.004263256	-0.0065281107	-0.020650147

1496213118214	0.002131628	0.014122035	-0.026112443

1496213118219	0.017452704	-0.001065814	-0.016253663

1496213118227	-0.004263256	0.013056221	-0.019584332

1496213118237	0.00532907	0.0119904075	-0.019584332

1496213118258	0.0119904075	-0.002131628	-0.023980815

1496213118260	-0.0065281107	0.0075939246	-0.018518519

1496213118267	0.013056221	-0.004263256	-0.020650147

1496213118277	-0.002131628	0.0075939246	-0.019584332

1496213118287	-0.0075939246	0.0065281107	-0.026112443

1496213118297	-0.00532907	-0.001065814	-0.022781774

1496213118308	0.004263256	-0.004263256	-0.027178258

1496213118317	0.0119904075	-0.001065814	-0.018518519

1496213118327	0.003197442	0.002131628	-0.020650147

1496213118337	0.0	0.00532907	-0.021715961

1496213118347	0.0065281107	-0.00532907	-0.021715961

1496213118357	-0.0075939246	0.004263256	-0.020650147

1496213118367	0.001065814	-0.008659739	-0.018518519

1496213118378	-0.003197442	-0.014122035	-0.016253663

1496213118387	-0.017452704	-0.004263256	-0.017452704

1496213118399	0.00532907	-0.0065281107	-0.010791367

1496213118415	-0.0065281107	-0.0065281107	-0.008659739

1496213118419	-0.004263256	-0.017452704	-0.023980815

1496213118429	-0.019584332	-0.0119904075	-0.020650147

1496213118447	-0.0075939246	-0.014122035	-0.014122035

1496213118448	-0.008659739	-0.016253663	-0.023980815

1496213118458	-0.0119904075	-0.0075939246	-0.014122035

1496213118467	0.004263256	-0.021715961	-0.018518519

1496213118477	-0.00532907	-0.00532907	-0.019584332

1496213118487	0.015187849	-0.015187849	-0.0119904075

1496213118497	-0.0119904075	-0.019584332	-0.016253663

1496213118510	-0.009725553	-0.008659739	-0.020650147

1496213118518	-0.002131628	-0.009725553	-0.00532907

1496213118527	-0.021715961	0.014122035	-0.014122035

1496213118537	-0.010791367	0.010791367	-0.016253663

1496213118547	0.0119904075	-0.003197442	-0.013056221

1496213118558	-0.008659739	0.008659739	-0.013056221

1496213118567	0.0065281107	0.004263256	-0.010791367

1496213118577	0.0075939246	0.003197442	-0.009725553

1496213118587	0.0	0.0075939246	-0.014122035

1496213118597	0.010791367	-0.013056221	-0.0075939246

1496213118608	-0.015187849	0.0065281107	-0.013056221

1496213118618	0.013056221	-0.014122035	-0.00532907

1496213118627	-0.0065281107	0.002131628	0.0

1496213118637	0.0075939246	-0.018518519	-0.004263256

1496213118647	0.0119904075	-0.002131628	-0.00532907

1496213118661	0.008659739	-0.00532907	-0.008659739

1496213118674	0.022781774	-0.014122035	-0.002131628

1496213118686	0.001065814	0.003197442	-0.0065281107

1496213118688	0.021715961	-0.0075939246	-0.003197442

1496213118699	0.017452704	-0.0065281107	-0.009725553

1496213118710	0.010791367	-0.001065814	-0.0065281107

1496213118719	0.017452704	-0.009725553	-0.010791367

1496213118727	0.019584332	-0.002131628	-0.0065281107

1496213118737	0.014122035	0.00532907	-0.00532907

1496213118748	0.029443111	-0.010791367	-0.008659739

1496213118758	0.015187849	-0.003197442	-0.0065281107

1496213118767	0.009725553	-0.002131628	-0.004263256

1496213118777	0.019584332	-0.010791367	0.0

1496213118787	0.004263256	0.008659739	-0.003197442

1496213118797	0.022781774	-0.0065281107	-0.00532907

1496213118811	0.010791367	0.003197442	-0.003197442

1496213118819	0.030508926	-0.0119904075	0.00532907

1496213118827	-0.009725553	0.009725553	0.002131628

1496213118837	0.0065281107	-0.001065814	0.004263256

1496213118847	0.003197442	0.0	-0.004263256

1496213118858	0.0	0.009725553	-0.0065281107

1496213118867	0.014122035	0.003197442	-0.002131628

1496213118877	0.0075939246	0.0075939246	0.0

1496213118887	-0.002131628	0.017452704	-0.00532907

1496213118897	0.010791367	0.002131628	-0.0075939246

1496213118908	-0.004263256	0.010791367	-0.0065281107

1496213118918	-0.002131628	0.0065281107	-0.008659739

1496213118927	0.0	0.0065281107	-0.003197442

1496213118939	-0.00532907	-0.002131628	-0.00532907

1496213118947	0.003197442	0.002131628	-0.0075939246

1496213118958	-0.008659739	0.002131628	-0.0065281107

1496213118967	-0.0075939246	-0.001065814	0.0

1496213118977	-0.004263256	-0.0075939246	-0.0119904075

1496213118987	-0.010791367	0.008659739	0.003197442

1496213118997	-0.008659739	0.0	0.0

1496213119008	-0.022781774	-0.001065814	0.001065814

1496213119019	-0.009725553	-0.00532907	-0.002131628

1496213119028	-0.026112443	0.004263256	-0.002131628

1496213119037	-0.0075939246	0.0	-0.001065814

1496213119047	-0.0065281107	-0.00532907	-0.003197442

1496213119058	-0.026112443	-0.001065814	-0.001065814

1496213119067	-0.00532907	-0.0075939246	-0.001065814

1496213119077	-0.0065281107	0.001065814	-0.003197442

1496213119087	-0.0119904075	0.009725553	-0.001065814

1496213119097	0.013056221	-0.001065814	-0.008659739

1496213119115	0.001065814	-0.002131628	0.001065814

1496213119127	0.0	0.004263256	0.0

1496213119145	0.002131628	0.003197442	0.004263256

1496213119148	0.009725553	-0.002131628	-0.003197442

1496213119159	0.018518519	0.001065814	-0.0065281107

1496213119177	0.027178258	-0.0119904075	-0.0065281107

1496213119187	0.003197442	0.004263256	-0.001065814

1496213119197	0.022781774	-0.004263256	-0.004263256

1496213119208	0.013056221	0.004263256	-0.004263256

1496213119217	0.037037037	-0.009725553	-0.001065814

1496213119227	0.023980815	-0.0065281107	-0.003197442

1496213119237	0.02504663	-0.004263256	0.004263256

1496213119247	0.03810285	-0.013056221	-0.004263256

1496213119258	0.026112443	-0.002131628	0.004263256

1496213119267	0.034905408	-0.017452704	0.0

1496213119277	0.03810285	-0.014122035	0.0

1496213119287	0.020650147	-0.0065281107	0.004263256

1496213119297	0.02504663	-0.0119904075	0.0065281107

1496213119308	0.001065814	-0.0075939246	0.004263256

1496213119318	0.0065281107	-0.004263256	0.004263256

1496213119327	0.016253663	-0.016253663	0.0065281107

1496213119337	0.003197442	0.0	0.004263256

1496213119347	0.023980815	-0.010791367	0.0

1496213119357	0.022781774	-0.013056221	0.002131628

1496213119367	0.0	0.0	0.003197442

1496213119377	0.015187849	-0.004263256	0.008659739

1496213119387	-0.0075939246	0.0065281107	0.004263256

1496213119397	0.00532907	-0.0065281107	-0.001065814

1496213119410	-0.001065814	0.003197442	0.0065281107

1496213119418	0.003197442	-0.014122035	0.003197442

1496213119427	0.008659739	-0.010791367	-0.004263256

1496213119437	-0.019584332	0.009725553	0.004263256

1496213119447	0.017452704	-0.002131628	0.002131628

1496213119458	0.0075939246	0.0	0.013056221

1496213119467	-0.004263256	-0.004263256	0.008659739

1496213119477	0.010791367	-0.015187849	0.001065814

1496213119487	0.0119904075	-0.013056221	0.010791367

1496213119497	0.001065814	-0.009725553	0.003197442

1496213119508	0.02504663	-0.020650147	0.00532907

1496213119518	0.009725553	-0.008659739	0.008659739

1496213119527	0.02824407	-0.010791367	0.0065281107

1496213119537	0.013056221	-0.004263256	0.013056221

1496213119547	0.003197442	-0.0065281107	0.004263256

1496213119561	0.013056221	-0.009725553	0.004263256

1496213119579	0.018518519	0.004263256	0.0119904075

1496213119587	0.027178258	-0.001065814	0.0075939246

1496213119597	0.008659739	0.004263256	0.003197442

1496213119608	0.023980815	-0.004263256	0.001065814

1496213119618	0.029443111	0.0065281107	0.009725553

1496213119627	0.019584332	0.0	0.00532907

1496213119637	0.00532907	0.0065281107	0.008659739

1496213119647	0.010791367	0.003197442	0.0065281107

1496213119660	0.016253663	-0.002131628	0.003197442

1496213119667	0.010791367	0.004263256	0.00532907

1496213119677	0.02824407	-0.009725553	0.00532907

1496213119687	0.015187849	0.008659739	0.0

1496213119698	0.018518519	-0.002131628	0.004263256

1496213119708	0.022781774	-0.0119904075	0.0075939246

1496213119719	0.0	0.013056221	0.002131628

1496213119727	0.023980815	-0.00532907	0.008659739

1496213119737	0.018518519	-0.009725553	0.0075939246

1496213119747	0.019584332	0.0065281107	0.0075939246

1496213119758	0.03157474	-0.004263256	0.0065281107

1496213119767	0.010791367	0.002131628	0.010791367

1496213119778	0.015187849	0.009725553	0.0075939246

1496213119787	0.039168663	-0.0065281107	0.014122035

1496213119797	-0.009725553	0.019584332	0.0119904075

1496213119808	0.019584332	0.004263256	0.00532907

1496213119817	-0.0075939246	0.017452704	0.0065281107

1496213119827	0.027178258	-0.009725553	0.009725553

1496213119837	0.015187849	-0.003197442	0.0065281107

1496213119847	0.014122035	0.0065281107	0.008659739

1496213119858	0.045696776	-0.013056221	0.00532907

1496213119867	0.010791367	0.0075939246	0.008659739

1496213119877	0.013056221	0.0075939246	0.013056221

1496213119887	0.010791367	-0.010791367	0.009725553

1496213119897	-0.00532907	0.0065281107	0.013056221

1496213119908	0.014122035	-0.001065814	0.015187849

1496213119918	0.0119904075	0.0065281107	0.017452704

1496213119927	-0.001065814	0.017452704	0.017452704

1496213119938	0.014122035	0.002131628	0.013056221

1496213119947	-0.008659739	0.00532907	0.018518519

1496213119968	0.0075939246	0.0075939246	0.00532907

1496213119977	0.0065281107	0.0075939246	0.014122035

1496213119987	0.018518519	0.003197442	0.014122035

1496213119997	0.004263256	0.0065281107	0.014122035

1496213120008	0.014122035	-0.009725553	0.014122035

1496213120019	-0.002131628	0.013056221	0.015187849

1496213120027	0.013056221	0.0075939246	0.014122035

1496213120037	0.018518519	0.00532907	0.015187849

1496213120047	0.015187849	0.008659739	0.010791367

1496213120058	0.017452704	0.00532907	0.008659739

1496213120067	0.03157474	-0.009725553	0.009725553

1496213120077	0.00532907	0.0119904075	0.016253663

1496213120087	0.026112443	0.001065814	0.010791367

1496213120097	0.023980815	0.003197442	0.014122035

1496213120108	0.015187849	0.00532907	0.015187849

1496213120117	0.016253663	0.0	0.019584332

1496213120127	0.013056221	-0.00532907	0.022781774

1496213120137	0.009725553	-0.010791367	0.0119904075

1496213120147	0.009725553	-0.004263256	0.010791367

1496213120160	0.020650147	-0.014122035	0.0075939246

1496213120177	0.008659739	-0.010791367	0.0119904075

1496213120187	0.016253663	-0.00532907	0.010791367

1496213120197	0.019584332	-0.017452704	0.014122035

1496213120208	0.001065814	-0.001065814	0.013056221

1496213120218	-0.0075939246	-0.016253663	0.009725553

1496213120227	-0.030508926	0.00532907	0.02504663

1496213120237	-0.013056221	-0.0075939246	0.018518519

1496213120249	0.002131628	-0.023980815	0.015187849

1496213120260	-0.001065814	-0.001065814	0.010791367

1496213120269	0.042499334	-0.016253663	0.014122035

1496213120277	0.0119904075	-0.002131628	0.010791367

1496213120287	-0.019584332	0.013056221	0.009725553

1496213120297	0.004263256	-0.0119904075	0.010791367

1496213120308	-0.022781774	0.013056221	0.016253663

1496213120319	-0.008659739	0.0075939246	0.010791367

1496213120327	0.008659739	-0.002131628	0.021715961

1496213120337	-0.001065814	0.013056221	0.014122035

1496213120347	0.022781774	0.003197442	0.014122035

1496213120358	0.020650147	-0.0075939246	0.015187849

1496213120367	0.010791367	-0.0075939246	0.00532907

1496213120377	0.018518519	-0.016253663	0.013056221

1496213120387	0.0075939246	-0.0075939246	0.018518519

1496213120397	0.02504663	-0.004263256	0.0119904075

1496213120409	0.02504663	0.0	0.015187849

1496213120417	0.03810285	-0.013056221	0.019584332

1496213120427	0.008659739	0.008659739	0.016253663

1496213120437	0.02824407	-0.008659739	0.014122035

1496213120447	0.02824407	-0.0119904075	0.018518519

1496213120458	0.009725553	0.003197442	0.020650147

1496213120467	0.023980815	-0.003197442	0.018518519

1496213120477	0.035971224	-0.017452704	0.016253663

1496213120487	0.014122035	0.001065814	0.015187849

1496213120497	0.04143352	-0.009725553	0.018518519

1496213120509	0.017452704	-0.0065281107	0.022781774

1496213120519	0.001065814	0.002131628	0.019584332

1496213120528	0.021715961	-0.009725553	0.02504663

1496213120537	0.016253663	-0.0065281107	0.023980815

1496213120548	0.004263256	-0.002131628	0.014122035

1496213120559	0.022781774	-0.010791367	0.018518519

1496213120567	0.003197442	0.0119904075	0.019584332

1496213120577	0.0119904075	-0.001065814	0.019584332

1496213120587	0.021715961	-0.016253663	0.013056221

1496213120597	0.018518519	0.0075939246	0.022781774

1496213120608	0.017452704	0.001065814	0.021715961

1496213120619	-0.00532907	0.020650147	0.020650147

1496213120627	0.014122035	-0.008659739	0.013056221

1496213120637	-0.003197442	0.009725553	0.015187849

1496213120647	0.00532907	0.0065281107	0.019584332

1496213120658	0.017452704	-0.004263256	0.019584332

1496213120669	0.016253663	-0.002131628	0.016253663

1496213120677	0.0075939246	0.002131628	0.016253663

1496213120687	0.013056221	0.001065814	0.013056221

1496213120699	0.013056221	0.0075939246	0.021715961

1496213120708	0.017452704	-0.0065281107	0.016253663

1496213120717	0.02504663	-0.00532907	0.014122035

1496213120727	0.021715961	-0.0065281107	0.019584332

1496213120737	0.016253663	0.002131628	0.017452704

1496213120748	0.009725553	-0.00532907	0.016253663

1496213120758	0.014122035	-0.00532907	0.023980815

1496213120767	0.017452704	-0.009725553	0.019584332

1496213120777	0.002131628	0.002131628	0.013056221

1496213120787	0.03157474	-0.0075939246	0.023980815

1496213120797	0.0075939246	0.009725553	0.013056221

1496213120808	0.017452704	0.002131628	0.021715961

1496213120818	0.0	0.0075939246	0.018518519

1496213120827	0.0119904075	0.003197442	0.021715961

1496213120837	0.00532907	0.001065814	0.018518519

1496213120847	-0.003197442	0.016253663	0.023980815

1496213120859	0.008659739	0.017452704	0.014122035

1496213120867	0.002131628	0.0065281107	0.027178258

1496213120877	-0.015187849	0.004263256	0.018518519

1496213120887	0.00532907	-0.0119904075	0.022781774

1496213120897	-0.0065281107	-0.0075939246	0.020650147

1496213120908	0.0	-0.003197442	0.018518519

1496213120919	0.013056221	-0.019584332	0.019584332

1496213120927	-0.003197442	-0.002131628	0.016253663

1496213120937	0.003197442	-0.014122035	0.018518519

1496213120947	0.014122035	-0.039168663	0.017452704

1496213120958	-0.020650147	-0.0119904075	0.015187849

1496213120967	-0.016253663	-0.0065281107	0.018518519

1496213120977	-0.0075939246	-0.015187849	0.017452704

1496213120988	0.001065814	-0.0065281107	0.023980815

1496213120997	0.0	-0.00532907	0.018518519

1496213121012	-0.010791367	0.004263256	0.020650147

1496213121018	0.019584332	-0.014122035	0.030508926

1496213121027	-0.004263256	0.0	0.020650147

1496213121037	-0.00532907	0.010791367	0.026112443

1496213121047	0.015187849	-0.0075939246	0.020650147

1496213121058	0.001065814	-0.0075939246	0.014122035

1496213121067	0.010791367	-0.0119904075	0.020650147

1496213121077	0.016253663	-0.008659739	0.017452704

1496213121087	0.0075939246	-0.00532907	0.003197442

1496213121097	0.019584332	-0.014122035	0.010791367

1496213121110	0.014122035	-0.014122035	0.009725553

1496213121118	0.015187849	-0.014122035	0.015187849

1496213121127	0.0065281107	-0.014122035	0.0119904075

1496213121137	0.009725553	-0.003197442	0.014122035

1496213121147	0.016253663	-0.010791367	0.0065281107

1496213121158	0.008659739	0.003197442	0.009725553

1496213121167	-0.003197442	-0.0075939246	0.0119904075

1496213121177	0.0065281107	-0.010791367	0.0075939246

1496213121187	0.003197442	-0.009725553	0.008659739

1496213121197	0.00532907	0.002131628	0.013056221

1496213121211	-0.013056221	0.0075939246	0.009725553

1496213121219	-0.014122035	0.001065814	0.009725553

1496213121239	0.019584332	-0.021715961	0.0065281107

1496213121242	-0.004263256	-0.00532907	0.0119904075

1496213121247	0.0	-0.004263256	0.0119904075

1496213121260	0.0119904075	-0.004263256	0.0119904075

1496213121267	0.001065814	0.0119904075	0.013056221

1496213121277	0.002131628	-0.013056221	0.014122035

1496213121287	-0.008659739	-0.008659739	0.015187849

1496213121297	-0.026112443	0.0065281107	0.010791367

1496213121308	0.002131628	-0.018518519	0.009725553

1496213121317	-0.009725553	-0.010791367	0.010791367

1496213121327	-0.016253663	0.010791367	0.009725553

1496213121337	0.009725553	-0.0075939246	0.013056221

1496213121347	-0.002131628	-0.0065281107	0.009725553

1496213121358	-0.0065281107	-0.0065281107	0.008659739

1496213121367	0.003197442	-0.013056221	0.0119904075

1496213121377	-0.010791367	0.008659739	0.014122035

1496213121387	-0.002131628	0.003197442	0.0119904075

1496213121397	0.004263256	0.0075939246	0.0119904075

1496213121410	0.014122035	0.003197442	0.0065281107

1496213121418	0.0075939246	0.001065814	0.00532907

1496213121427	0.0065281107	0.0065281107	0.009725553

1496213121437	0.010791367	0.0075939246	0.008659739

1496213121447	0.0065281107	0.0119904075	0.014122035

1496213121458	0.016253663	0.0065281107	0.008659739

1496213121467	0.026112443	0.0	0.008659739

1496213121477	0.0075939246	0.014122035	0.0119904075

1496213121487	0.020650147	0.0075939246	0.0119904075

1496213121497	0.019584332	0.0075939246	0.0075939246

1496213121508	0.0065281107	0.015187849	0.008659739

1496213121518	0.027178258	0.004263256	0.010791367

1496213121527	0.029443111	0.008659739	0.019584332

1496213121537	0.018518519	0.008659739	0.016253663

1496213121547	0.021715961	0.004263256	0.0065281107

1496213121558	0.009725553	0.0119904075	0.010791367

1496213121567	0.0	0.010791367	0.015187849

1496213121577	0.015187849	0.009725553	0.010791367

1496213121587	0.004263256	0.0119904075	0.002131628

1496213121597	0.023980815	0.001065814	0.00532907

1496213121608	0.020650147	-0.003197442	0.0119904075

1496213121618	0.001065814	0.00532907	0.0075939246

1496213121627	0.00532907	-0.001065814	0.015187849

1496213121637	0.001065814	-0.001065814	0.018518519

1496213121647	0.018518519	-0.009725553	0.015187849

1496213121661	0.0	0.0119904075	0.021715961

1496213121667	0.004263256	-0.003197442	0.0119904075

1496213121679	-0.002131628	-0.014122035	0.008659739

1496213121687	0.0	-0.0119904075	0.008659739

1496213121698	0.00532907	-0.013056221	0.013056221

1496213121709	0.008659739	-0.016253663	0.010791367

1496213121719	-0.009725553	0.0	0.009725553

1496213121727	0.004263256	-0.010791367	0.013056221

1496213121737	-0.0119904075	0.0	0.014122035

1496213121748	-0.015187849	-0.003197442	0.0119904075

1496213121758	-0.009725553	-0.002131628	0.018518519

1496213121767	-0.009725553	-0.00532907	0.015187849

1496213121777	-0.010791367	-0.00532907	0.014122035

1496213121787	-0.00532907	-0.010791367	0.0119904075

1496213121797	-0.0075939246	-0.009725553	0.0119904075

1496213121808	-0.0065281107	-0.014122035	0.0119904075

1496213121819	-0.017452704	-0.00532907	0.010791367

1496213121827	0.001065814	-0.0119904075	0.018518519

1496213121837	-0.0065281107	-0.0065281107	0.013056221

1496213121847	-0.014122035	0.001065814	0.009725553

1496213121858	-0.001065814	-0.013056221	0.013056221

1496213121867	-0.019584332	0.002131628	0.015187849

1496213121877	-0.010791367	-0.0075939246	0.018518519

1496213121887	-0.002131628	-0.004263256	0.013056221

1496213121897	-0.009725553	0.0	0.014122035

1496213121909	-0.009725553	-0.004263256	0.018518519

1496213121918	-0.0065281107	-0.0075939246	0.009725553

1496213121927	-0.010791367	0.001065814	0.0119904075

1496213121937	-0.00532907	-0.0065281107	0.017452704

1496213121947	0.001065814	-0.002131628	0.023980815

1496213121958	-0.016253663	0.004263256	0.022781774

1496213121967	-0.009725553	0.003197442	0.022781774

