1495429519904	0.21	-0.181	9.797

1495429519910	0.181	-0.153	9.778

1495429519919	0.191	-0.162	9.759

1495429519931	0.191	-0.153	9.816

1495429519939	0.191	-0.153	9.787

1495429519952	0.181	-0.153	9.797

1495429519964	0.191	-0.143	9.797

1495429519970	0.162	-0.124	9.778

1495429519981	0.162	-0.134	9.73

1495429520001	0.172	-0.124	9.739

1495429520013	0.21	-0.153	9.759

1495429520019	0.162	-0.124	9.73

1495429520029	0.162	-0.143	9.768

1495429520039	0.21	-0.162	9.826

1495429520049	0.21	-0.143	9.816

1495429520059	0.181	-0.162	9.797

1495429520073	0.201	-0.143	9.845

1495429520080	0.21	-0.162	9.759

1495429520089	0.181	-0.124	9.778

1495429520099	0.162	-0.143	9.778

1495429520109	0.181	-0.143	9.749

1495429520119	0.181	-0.162	9.72

1495429520131	0.21	-0.153	9.826

1495429520139	0.191	-0.143	9.739

1495429520149	0.172	-0.153	9.768

1495429520161	0.172	-0.143	9.797

1495429520170	0.162	-0.134	9.759

1495429520179	0.172	-0.143	9.759

1495429520189	0.191	-0.153	9.759

1495429520199	0.21	-0.172	9.778

1495429520209	0.153	-0.143	9.739

1495429520219	0.181	-0.143	9.768

1495429520230	0.172	-0.143	9.749

1495429520240	0.191	-0.162	9.749

1495429520252	0.191	-0.162	9.73

1495429520261	0.191	-0.153	9.768

1495429520270	0.172	-0.143	9.778

1495429520279	0.191	-0.153	9.778

1495429520289	0.191	-0.143	9.759

1495429520299	0.172	-0.143	9.759

1495429520309	0.191	-0.143	9.749

1495429520319	0.191	-0.153	9.768

1495429520332	0.181	-0.153	9.778

1495429520340	0.201	-0.162	9.768

1495429520349	0.201	-0.162	9.797

1495429520360	0.172	-0.143	9.768

1495429520379	0.191	-0.172	9.787

1495429520390	0.162	-0.143	9.768

1495429520399	0.191	-0.153	9.73

1495429520409	0.153	-0.143	9.749

1495429520420	0.172	-0.134	9.768

1495429520438	0.172	-0.143	9.759

1495429520450	0.181	-0.134	9.749

1495429520461	0.201	-0.172	9.768

1495429520469	0.181	-0.134	9.749

1495429520479	0.172	-0.114	9.768

1495429520489	0.191	-0.143	9.749

1495429520499	0.172	-0.134	9.778

1495429520509	0.162	-0.153	9.739

1495429520519	0.191	-0.153	9.768

1495429520530	0.172	-0.134	9.739

1495429520540	0.172	-0.143	9.768

1495429520549	0.181	-0.124	9.797

1495429520561	0.191	-0.153	9.778

1495429520570	0.162	-0.143	9.759

1495429520580	0.201	-0.143	9.759

1495429520589	0.191	-0.134	9.759

1495429520599	0.201	-0.153	9.797

1495429520610	0.191	-0.143	9.768

1495429520619	0.181	-0.143	9.768

1495429520650	0.181	-0.153	9.768

1495429520670	0.21	-0.143	9.739

1495429520671	0.191	-0.143	9.778

1495429520673	0.21	-0.153	9.787

1495429520680	0.181	-0.153	9.759

1495429520689	0.191	-0.162	9.787

1495429520699	0.181	-0.153	9.768

1495429520763	0.181	-0.143	9.778

1495429520764	0.172	-0.162	9.768

1495429520765	0.172	-0.153	9.787

1495429520766	0.201	-0.162	9.787

1495429520767	0.21	-0.153	9.807

1495429520768	0.162	-0.153	9.787

1495429520775	0.181	-0.134	9.768

1495429520779	0.191	-0.134	9.826

1495429520792	0.153	-0.143	9.778

1495429520799	0.181	-0.134	9.768

1495429520809	0.201	-0.172	9.768

1495429520819	0.191	-0.153	9.749

1495429520830	0.162	-0.172	9.749

1495429520840	0.201	-0.162	9.739

1495429520849	0.162	-0.172	9.787

1495429520861	0.201	-0.153	9.768

1495429520869	0.162	-0.134	9.72

1495429520880	0.162	-0.153	9.72

1495429520889	0.172	-0.124	9.739

1495429520900	0.162	-0.134	9.759

1495429520909	0.172	-0.134	9.759

1495429520919	0.181	-0.162	9.797

1495429520929	0.181	-0.143	9.778

1495429520939	0.172	-0.143	9.739

1495429520949	0.191	-0.153	9.778

1495429520960	0.162	-0.143	9.759

1495429520970	0.191	-0.143	9.749

1495429520980	0.181	-0.134	9.778

1495429520997	0.181	-0.153	9.759

1495429521000	0.181	-0.162	9.768

1495429521010	0.201	-0.162	9.778

1495429521020	0.153	-0.124	9.759

1495429521031	0.201	-0.143	9.759

1495429521039	0.162	-0.143	9.778

1495429521049	0.172	-0.134	9.768

1495429521061	0.172	-0.153	9.72

1495429521069	0.172	-0.162	9.749

1495429521080	0.172	-0.153	9.807

1495429521090	0.181	-0.134	9.749

1495429521099	0.191	-0.134	9.768

1495429521109	0.172	-0.143	9.759

1495429521119	0.181	-0.143	9.768

1495429521129	0.181	-0.172	9.797

1495429521140	0.191	-0.134	9.807

1495429521149	0.162	-0.143	9.73

1495429521161	0.191	-0.153	9.797

1495429521171	0.172	-0.143	9.778

1495429521185	0.172	-0.153	9.749

1495429521190	0.191	-0.162	9.768

1495429521210	0.172	-0.143	9.759

1495429521212	0.21	-0.153	9.816

1495429521220	0.181	-0.134	9.749

1495429521232	0.191	-0.153	9.787

1495429521239	0.22	-0.143	9.778

1495429521250	0.181	-0.162	9.768

1495429521259	0.162	-0.143	9.787

1495429521269	0.21	-0.153	9.807

1495429521282	0.21	-0.162	9.759

1495429521299	0.181	-0.143	9.759

1495429521309	0.172	-0.172	9.759

1495429521319	0.162	-0.162	9.759

1495429521329	0.172	-0.134	9.739

1495429521340	0.191	-0.143	9.778

1495429521350	0.172	-0.143	9.778

1495429521361	0.172	-0.134	9.739

1495429521369	0.172	-0.153	9.759

1495429521379	0.162	-0.162	9.759

1495429521389	0.191	-0.143	9.749

1495429521399	0.153	-0.114	9.787

1495429521409	0.21	-0.162	9.768

1495429521419	0.181	-0.143	9.72

1495429521429	0.172	-0.134	9.739

1495429521439	0.172	-0.143	9.711

1495429521450	0.162	-0.134	9.759

1495429521461	0.181	-0.153	9.73

1495429521469	0.201	-0.153	9.787

1495429521479	0.172	-0.143	9.749

1495429521489	0.162	-0.143	9.787

1495429521500	0.172	-0.143	9.768

1495429521509	0.191	-0.143	9.759

1495429521519	0.181	-0.153	9.768

1495429521534	0.191	-0.153	9.807

1495429521540	0.191	-0.162	9.778

1495429521550	0.181	-0.153	9.749

1495429521567	0.201	-0.162	9.787

1495429521570	0.191	-0.172	9.768

1495429521581	0.201	-0.153	9.787

1495429521590	0.21	-0.153	9.797

1495429521599	0.201	-0.153	9.787

1495429521609	0.21	-0.153	9.778

1495429521619	0.22	-0.172	9.778

1495429521643	0.172	-0.143	9.797

1495429521647	0.201	-0.153	9.778

1495429521649	0.191	-0.134	9.787

1495429521661	0.191	-0.172	9.72

1495429521670	0.181	-0.143	9.749

1495429521680	0.181	-0.124	9.807

1495429521690	0.201	-0.153	9.759

1495429521699	0.181	-0.143	9.759

1495429521709	0.191	-0.153	9.797

1495429521719	0.22	-0.153	9.778

1495429521730	0.181	-0.134	9.759

1495429521739	0.181	-0.153	9.787

1495429521749	0.22	-0.153	9.768

1495429521761	0.201	-0.162	9.787

1495429521769	0.181	-0.143	9.787

1495429521779	0.181	-0.134	9.768

1495429521789	0.21	-0.143	9.768

1495429521799	0.201	-0.153	9.759

1495429521809	0.21	-0.153	9.787

1495429521819	0.21	-0.143	9.807

1495429521830	0.191	-0.162	9.778

1495429521845	0.162	-0.143	9.759

1495429522295	0.181	-0.134	9.768

1495429522296	0.201	-0.143	9.749

1495429522301	0.201	-0.181	9.778

1495429522302	0.191	-0.143	9.759

1495429522302	0.153	-0.143	9.739

1495429522303	0.181	-0.153	9.768

1495429522304	0.191	-0.153	9.759

1495429522305	0.181	-0.162	9.739

1495429522308	0.181	-0.134	9.787

1495429522310	0.162	-0.114	9.739

1495429522319	0.181	-0.162	9.787

1495429522320	0.153	-0.124	9.759

1495429522322	0.181	-0.143	9.787

1495429522323	0.181	-0.134	9.778

1495429522323	0.191	-0.134	9.749

1495429522327	0.191	-0.153	9.768

1495429522328	0.191	-0.153	9.759

1495429522329	0.162	-0.134	9.787

1495429522330	0.229	-0.153	9.749

1495429522331	0.201	-0.143	9.711

1495429522332	0.181	-0.143	9.778

1495429522333	0.181	-0.153	9.73

1495429522338	0.181	-0.143	9.759

1495429522339	0.181	-0.134	9.768

1495429522346	0.201	-0.143	9.768

1495429522351	0.181	-0.124	9.759

1495429522352	0.201	-0.162	9.759

1495429522353	0.229	-0.153	9.797

1495429522354	0.201	-0.153	9.797

1495429522355	0.21	-0.153	9.797

1495429522356	0.162	-0.162	9.749

1495429522357	0.191	-0.153	9.778

1495429522358	0.172	-0.143	9.787

1495429522359	0.181	-0.153	9.778

1495429522360	0.229	-0.181	9.835

1495429522361	0.201	-0.191	9.797

1495429522365	0.181	-0.153	9.787

1495429522366	0.191	-0.153	9.768

1495429522368	0.21	-0.162	9.807

1495429522378	0.201	-0.162	9.787

1495429522379	0.201	-0.162	9.797

1495429522380	0.172	-0.134	9.787

1495429522382	0.201	-0.153	9.759

1495429522383	0.201	-0.124	9.807

1495429522384	0.162	-0.143	9.759

1495429522385	0.181	-0.134	9.73

1495429522386	0.162	-0.124	9.778

1495429522387	0.21	-0.162	9.778

1495429522388	0.181	-0.153	9.749

1495429522389	0.172	-0.143	9.768

1495429522393	0.162	-0.134	9.826

1495429522394	0.153	-0.153	9.749

1495429522404	0.21	-0.143	9.778

1495429522405	0.134	-0.143	9.768

1495429522406	0.201	-0.134	9.816

1495429522407	0.191	-0.153	9.816

1495429522409	0.201	-0.143	9.778

1495429522419	0.201	-0.162	9.768

1495429522438	0.181	-0.153	9.787

1495429522439	0.191	-0.153	9.73

1495429522449	0.191	-0.172	9.807

1495429522459	0.191	-0.143	9.787

1495429522469	0.162	-0.162	9.768

1495429522479	0.191	-0.143	9.787

1495429522489	0.162	-0.134	9.759

1495429522500	0.191	-0.162	9.759

1495429522509	0.181	-0.124	9.768

1495429522519	0.191	-0.162	9.749

1495429522529	0.172	-0.143	9.787

1495429522539	0.191	-0.134	9.759

1495429522549	0.201	-0.143	9.797

1495429522560	0.201	-0.114	9.807

1495429522569	0.181	-0.162	9.759

1495429522579	0.172	-0.153	9.739

1495429522590	0.162	-0.134	9.749

1495429522599	0.153	-0.143	9.73

1495429522609	0.172	-0.162	9.787

1495429522619	0.22	-0.172	9.778

1495429522632	0.162	-0.143	9.739

1495429522639	0.162	-0.124	9.768

1495429522649	0.143	-0.105	9.739

1495429522659	0.181	-0.143	9.759

1495429522670	0.162	-0.153	9.72

1495429522693	0.22	-0.153	9.749

1495429522696	0.22	-0.153	9.749

1495429522706	0.162	-0.143	9.739

1495429522709	0.191	-0.143	9.787

1495429522719	0.191	-0.153	9.759

1495429522732	0.162	-0.143	9.739

1495429522739	0.22	-0.172	9.797

1495429522749	0.191	-0.134	9.787

1495429522760	0.162	-0.114	9.739

1495429522772	0.181	-0.143	9.759

1495429522781	0.181	-0.143	9.797

1495429522789	0.191	-0.143	9.778

1495429522799	0.191	-0.162	9.739

1495429522810	0.181	-0.181	9.73

1495429522819	0.181	-0.143	9.749

1495429522832	0.162	-0.143	9.778

1495429522839	0.153	-0.134	9.73

1495429522849	0.191	-0.124	9.797

1495429522859	0.172	-0.134	9.778

1495429522869	0.181	-0.143	9.778

1495429522888	0.172	-0.134	9.749

1495429522891	0.181	-0.162	9.759

1495429522899	0.181	-0.134	9.778

1495429522909	0.191	-0.124	9.778

1495429522919	0.172	-0.134	9.749

1495429522929	0.21	-0.153	9.778

1495429522939	0.201	-0.124	9.759

1495429522949	0.201	-0.153	9.759

1495429522960	0.201	-0.153	9.797

1495429522970	0.191	-0.181	9.749

1495429522981	0.191	-0.143	9.778

1495429522995	0.172	-0.134	9.759

1495429522999	0.201	-0.143	9.759

1495429523009	0.191	-0.162	9.787

1495429523019	0.181	-0.172	9.778

1495429523032	0.172	-0.162	9.73

1495429523039	0.191	-0.134	9.768

1495429523049	0.153	-0.143	9.739

1495429523060	0.181	-0.162	9.759

1495429523069	0.201	-0.143	9.768

1495429523089	0.153	-0.134	9.73

1495429523099	0.153	-0.134	9.749

1495429523110	0.201	-0.153	9.797

1495429523119	0.172	-0.143	9.778

1495429523132	0.162	-0.134	9.73

1495429523154	0.191	-0.153	9.759

1495429523162	0.172	-0.143	9.739

1495429523172	0.172	-0.143	9.797

1495429523179	0.153	-0.134	9.787

1495429523189	0.172	-0.153	9.787

1495429523199	0.181	-0.153	9.787

1495429523209	0.162	-0.134	9.768

1495429523219	0.191	-0.172	9.768

1495429523231	0.191	-0.143	9.778

1495429523240	0.172	-0.162	9.797

1495429523256	0.172	-0.143	9.759

1495429523261	0.181	-0.143	9.768

1495429523269	0.21	-0.143	9.807

1495429523279	0.191	-0.143	9.759

1495429523289	0.162	-0.124	9.739

1495429523299	0.172	-0.134	9.759

1495429523309	0.162	-0.143	9.787

1495429523319	0.21	-0.143	9.797

1495429523332	0.172	-0.143	9.787

1495429523349	0.162	-0.134	9.72

1495429523360	0.181	-0.172	9.759

1495429523369	0.201	-0.153	9.797

1495429523382	0.191	-0.153	9.739

1495429523391	0.21	-0.134	9.797

1495429523400	0.181	-0.162	9.73

1495429523410	0.143	-0.134	9.749

1495429523419	0.181	-0.153	9.749

1495429523429	0.162	-0.134	9.768

1495429523441	0.162	-0.134	9.787

1495429523449	0.172	-0.153	9.749

1495429523459	0.181	-0.153	9.768

1495429523470	0.181	-0.153	9.759

1495429523483	0.201	-0.143	9.787

1495429523488	0.21	-0.162	9.787

1495429523499	0.172	-0.153	9.768

1495429523509	0.181	-0.124	9.778

1495429523519	0.201	-0.153	9.787

1495429523533	0.162	-0.114	9.711

1495429523551	0.191	-0.162	9.759

1495429523562	0.172	-0.153	9.759

1495429523569	0.172	-0.162	9.768

1495429523579	0.22	-0.153	9.778

1495429523589	0.201	-0.172	9.787

1495429523599	0.201	-0.143	9.759

1495429523609	0.201	-0.143	9.807

1495429523619	0.191	-0.134	9.768

1495429523635	0.162	-0.143	9.749

1495429523642	0.172	-0.162	9.797

1495429523652	0.162	-0.143	9.768

1495429523661	0.172	-0.153	9.778

1495429523671	0.191	-0.143	9.768

1495429523680	0.181	-0.134	9.739

1495429523688	0.191	-0.143	9.807

1495429523699	0.181	-0.153	9.768

1495429523709	0.191	-0.134	9.778

1495429523719	0.172	-0.143	9.778

1495429523730	0.201	-0.162	9.759

1495429523739	0.201	-0.162	9.768

1495429523850	0.21	-0.172	9.787

1495429523851	0.172	-0.134	9.759

1495429523852	0.191	-0.153	9.768

1495429523853	0.21	-0.143	9.759

1495429523857	0.191	-0.143	9.778

1495429523858	0.191	-0.143	9.739

1495429523860	0.181	-0.162	9.759

1495429523867	0.181	-0.153	9.778

1495429523868	0.191	-0.143	9.749

1495429523869	0.181	-0.162	9.759

1495429523870	0.21	-0.143	9.739

1495429523871	0.201	-0.172	9.749

1495429523872	0.181	-0.153	9.778

1495429523879	0.191	-0.153	9.739

1495429523889	0.21	-0.162	9.768

1495429523899	0.181	-0.143	9.759

1495429523909	0.143	-0.134	9.72

1495429523919	0.229	-0.162	9.826

1495429523940	0.181	-0.143	9.749

1495429523942	0.191	-0.162	9.749

1495429523949	0.21	-0.134	9.797

1495429523960	0.191	-0.143	9.749

1495429523969	0.181	-0.143	9.778

1495429523980	0.181	-0.153	9.778

1495429523989	0.181	-0.153	9.768

1495429523999	0.191	-0.162	9.778

1495429524009	0.201	-0.153	9.759

1495429524019	0.201	-0.153	9.807

1495429524030	0.201	-0.134	9.797

1495429524040	0.172	-0.143	9.759

1495429524049	0.191	-0.143	9.759

1495429524061	0.22	-0.153	9.768

1495429524072	0.181	-0.153	9.787

1495429524085	0.21	-0.153	9.759

1495429524089	0.162	-0.134	9.787

1495429524101	0.201	-0.143	9.807

1495429524124	0.191	-0.153	9.797

1495429524129	0.191	-0.153	9.787

1495429524134	0.181	-0.143	9.711

1495429524149	0.181	-0.162	9.711

1495429524159	0.191	-0.143	9.739

1495429524169	0.153	-0.124	9.739

1495429524179	0.181	-0.153	9.768

1495429524190	0.201	-0.143	9.807

1495429524199	0.172	-0.134	9.787

1495429524209	0.191	-0.153	9.749

1495429524220	0.191	-0.162	9.778

1495429524236	0.21	-0.162	9.787

1495429524238	0.191	-0.143	9.768

1495429524251	0.181	-0.134	9.778

1495429524260	0.162	-0.134	9.749

1495429524270	0.181	-0.143	9.759

1495429524292	0.201	-0.162	9.807

1495429524293	0.191	-0.181	9.787

1495429524300	0.201	-0.181	9.787

1495429524309	0.21	-0.172	9.854

1495429524319	0.201	-0.162	9.778

1495429524330	0.22	-0.153	9.787

1495429524339	0.21	-0.153	9.759

1495429524349	0.181	-0.143	9.787

1495429524359	0.21	-0.153	9.787

1495429524381	0.191	-0.162	9.797

1495429524390	0.201	-0.153	9.787

1495429524401	0.201	-0.153	9.739

1495429524404	0.201	-0.153	9.778

1495429524410	0.201	-0.162	9.778

1495429524420	0.172	-0.143	9.749

1495429524435	0.191	-0.153	9.759

1495429524439	0.191	-0.162	9.749

1495429524450	0.201	-0.162	9.73

1495429524460	0.21	-0.134	9.768

1495429524469	0.191	-0.143	9.778

1495429524487	0.181	-0.153	9.768

1495429524493	0.172	-0.153	9.787

1495429524499	0.191	-0.143	9.787

1495429524509	0.162	-0.134	9.73

1495429524519	0.191	-0.172	9.768

1495429524530	0.201	-0.143	9.787

1495429524539	0.201	-0.172	9.759

1495429524549	0.201	-0.153	9.759

1495429524559	0.201	-0.172	9.768

1495429524571	0.21	-0.124	9.778

1495429524581	0.181	-0.143	9.749

1495429524599	0.181	-0.143	9.759

1495429524609	0.191	-0.162	9.768

1495429524619	0.162	-0.153	9.768

1495429524632	0.201	-0.162	9.778

1495429524641	0.172	-0.153	9.739

1495429524650	0.181	-0.153	9.797

1495429524664	0.201	-0.153	9.759

1495429524670	0.191	-0.153	9.778

1495429524679	0.181	-0.162	9.73

1495429524689	0.181	-0.143	9.787

1495429524699	0.21	-0.162	9.768

1495429524762	0.181	-0.143	9.759

1495429524763	0.201	-0.162	9.787

1495429524764	0.172	-0.143	9.778

1495429524765	0.181	-0.153	9.797

1495429524766	0.201	-0.153	9.749

1495429524774	0.181	-0.162	9.768

1495429524779	0.181	-0.162	9.778

1495429524782	0.191	-0.162	9.778

1495429524799	0.162	-0.143	9.759

1495429524809	0.181	-0.143	9.768

1495429524819	0.191	-0.153	9.749

1495429524829	0.191	-0.153	9.778

1495429524842	0.162	-0.153	9.72

1495429524849	0.191	-0.172	9.711

1495429524860	0.22	-0.143	9.807

1495429524869	0.239	-0.172	9.797

