1495487339959	0.31734613	1.4267253	0.79509723

1495487339972	0.41660005	1.1452172	0.7166267

1495487339977	0.48094857	0.8377298	0.61617374

1495487339986	0.54103386	0.6009859	0.5114575

1495487339996	0.6151079	0.44284573	0.38502532

1495487340006	0.7023714	0.2715161	0.24207301

1495487340043	0.99360514	-0.22022381	-0.032640554

1495487340044	1.2336798	-0.34239274	-0.12536637

1495487340045	1.5390354	-0.47228885	-0.17226219

1495487340048	1.8619771	-0.54209965	-0.17559285

1495487340056	2.112843	-0.4886757	-0.17559285

1495487340070	2.180389	-0.22142287	-0.173328

1495487340076	2.0266454	0.17119637	-0.173328

1495487340089	1.7146283	0.45696777	-0.22901678

1495487340096	1.2379429	0.40354383	-0.3839595

1495487340107	0.4765521	0.3217426	-0.61737275

1495487340116	-0.41766587	0.6009859	-0.47228885

1495487340127	-1.0656807	0.85944575	-0.034905408

1495487340136	-1.3110845	0.7057021	0.3490541

1495487340148	-1.1693312	0.41007194	0.46789235

1495487340161	-0.82240874	0.2704503	0.52358115

1495487340166	-0.4820144	0.150413	0.57593924

1495487340176	-0.1842526	0.019584332	0.598721

1495487340187	0.15267786	-0.18651745	0.56501466

1495487340196	0.44710898	-0.37623236	0.39155343

1495487340206	0.64028776	-0.41766587	0.033706367

1495487340219	0.7330136	-0.59445775	-0.7078337

1495487340235	0.2410072	-1.1594725	-0.79509723

1495487340237	-0.29549694	-0.9467093	-0.5584865

1495487340247	-0.5540901	0.06314948	0.150413

1495487340256	-0.19957368	0.12643218	0.42965627

1495487340266	0.052358113	-0.22142287	0.2912337

1495487340277	-0.033706367	-0.6554756	-0.039168663

1495487340299	0.037037037	-0.8365308	-0.33160138

1495487340301	0.33693045	-0.89221954	-0.6325606

1495487340307	0.7166267	-1.2368772	-0.92379427

1495487340316	1.0438316	-1.710365	-1.0873967

1495487340327	1.338396	-2.0245137	-1.1975753

1495487340336	1.5903277	-2.097522	-1.4147348

1495487340350	1.6143086	-1.7364775	-1.6197709

1495487340356	1.535838	-1.2805755	-1.7430056

1495487340366	1.5194511	-1.0547562	-1.7505995

1495487340376	1.4179323	-1.0754063	-1.6382893

1495487340386	1.1529443	-1.1910472	-1.398348

1495487340396	0.9467093	-1.1300293	-1.1649348

1495487340406	0.972955	-0.8016254	-0.9630962

1495487340420	1.2871037	-0.22248867	-0.46456167

1495487340427	1.4092726	-0.22142287	-0.27378097

1495487340436	1.4539036	-0.34026113	-0.1897149

1495487340448	1.4551026	-0.52025044	-0.19197975

1495487340456	1.3939515	-0.6838529	-0.24540368

1495487340466	1.3481215	-0.8038902	-0.3141487

1495487340476	1.3329337	-0.76458836	-0.38928857

1495487340490	1.3077538	-0.5540901	-0.49187317

1495487340496	1.3100187	-0.2475353	-0.55622166

1495487340509	1.3110845	0.003197442	-0.56501466

1495487340519	1.2673861	0.115507595	-0.60751396

1495487340527	1.1855849	0.029443111	-0.7078337

1495487340536	1.094058	-0.23994137	-0.81801224

1495487340547	0.97508657	-0.5671463	-0.93698376

1495487340556	0.8617106	-0.82134295	-1.0492939

1495487340571	0.8190781	-0.89221954	-1.138689

1495487340576	0.79842794	-0.64028776	-1.1725286

1495487340586	0.8038902	-0.2868372	-1.1834532

1495487340596	0.77871037	-0.003197442	-1.1409539

1495487340606	0.67732483	0.08499867	-1.0459633

1495487340616	0.49080735	-0.41007194	-0.6653344

1495487340626	0.30642152	-0.31521448	-0.47335464

1495487340636	0.1329603	-0.18531841	-0.34785506

1495487340650	-0.0065281107	-0.03157474	-0.2410072

1495487340656	-0.12323475	0.062083665	-0.13629097

1495487340666	-0.24860112	0.07953637	-0.027178258

1495487340676	-0.35771382	0.029443111	0.09485745

1495487340686	-0.4820144	-0.010791367	0.19957368

1495487340696	-0.66200376	0.035971224	0.27804422

1495487340706	-0.9162004	0.10471623	0.38822275

1495487340721	-1.2270184	0.17452705	0.56501466

1495487340727	-1.5772715	0.34572342	0.78310686

1495487340736	-1.8935518	0.5398348	1.0383693

1495487340748	-2.2196908	0.5770051	1.3034905

1495487340756	-2.6036503	0.44391152	1.4845457

1495487340766	-2.9297895	0.30535573	1.5608846

1495487340776	-3.0977883	0.25952572	1.5848655

1495487340791	-2.9461763	0.35877964	1.5466293

1495487340796	-2.431255	0.45696777	1.3623768

1495487340806	-1.8073541	0.50612843	0.90207833

1495487340816	-1.2728484	0.37623236	1.0492939

1495487340827	-1.071143	-0.030508926	1.1921129

1495487340836	-0.9630962	-0.28350654	1.5194511

1495487340847	-1.2379429	-0.107913665	1.7354116

1495487340856	-1.8161471	0.24966693	1.6350919

1495487340871	-2.1990407	0.48094857	1.4201971

1495487340877	-2.2382095	0.82134295	1.2248868

1495487340887	-1.9774847	1.1529443	1.1005862

1495487340896	-1.6470823	1.337197	1.0373034

1495487340906	-1.4637623	1.3655742	0.9357847

1495487340916	-1.3394618	1.2194245	0.77551293

1495487340927	-1.1965095	1.0841993	0.6096456

1495487340937	-1.0885957	1.0242473	0.44391152

1495487340949	-0.9826805	0.9773514	0.30748734

1495487340957	-0.8714362	0.85398346	0.22901678

1495487340980	-0.767919	0.7395417	0.23994137

1495487340981	-0.653344	0.64894754	0.30535573

1495487340987	-0.47548628	0.5627498	0.39701572

1495487340997	-0.24860112	0.5540901	0.48094857

1495487341007	-0.043565147	0.50492936	0.5584865

1495487341019	0.2715161	0.40460965	0.51811886

1495487341027	0.3610445	0.28030908	0.4416467

1495487341038	0.42099655	0.11444178	0.3097522

1495487341048	0.5301092	-0.034905408	0.17452705

1495487341056	0.68598455	-0.12216893	0.08180123

1495487341073	0.88129497	-0.17226219	0.046895817

1495487341076	1.1037836	-0.23341326	0.03810285

1495487341086	1.3535838	-0.3162803	0.020650147

1495487341096	1.5827339	-0.38715693	0.019584332

1495487341106	1.6939782	-0.32494006	0.05009326

1495487341116	1.6296296	-0.042499334	0.09259259

1495487341128	1.4027444	0.287903	0.12216893

1495487341136	0.964162	0.53663737	0.077404745

1495487341148	0.36970425	0.7176925	0.043565147

1495487341156	-0.19078071	0.8005596	0.18318678

1495487341166	-0.70023984	0.7275513	0.34678924

1495487341177	-0.98387957	0.49733546	0.38822275

1495487341187	-0.95656806	0.2868372	0.31734613

1495487341196	-0.7580602	0.18212096	0.22901678

1495487341207	-0.43631762	-0.14068745	-0.150413

1495487341223	-0.38502532	-0.22022381	-0.35664803

1495487341227	-0.38715693	-0.43405277	-0.3490541

1495487341249	-0.60751396	-0.767919	-0.1100453

1495487341251	-0.86277646	-0.6565414	0.16679989

1495487341257	-0.75153214	-0.1951772	0.51265657

1495487341269	-0.23887557	-0.46789235	0.8005596

1495487341276	0.17119637	-0.8998135	0.7492673

1495487341291	0.1842526	-0.9816147	0.38822275

1495487341296	0.14614974	-0.8932854	-0.0065281107

1495487341306	0.40794033	-0.78963494	-0.41113776

1495487341316	0.918332	-0.86717296	-0.767919

1495487341327	1.41247	-1.0438316	-1.101652

1495487341336	1.5543565	-1.2412736	-1.4834799

1495487341348	1.5543565	-1.3733014	-1.8346657

1495487341359	1.5598189	-1.3274714	-2.1652012

1495487341366	1.5161204	-1.1005862	-2.4072742

1495487341376	1.4746869	-0.86277646	-2.3473222

1495487341386	1.4790834	-0.5780709	-1.9547029

1495487341396	1.5478284	-0.19078071	-1.3350652

1495487341406	1.535838	0.043565147	-0.598721

1495487341424	1.4103384	0.51372236	-0.42645884

1495487341428	1.3787637	0.69144684	-0.3446576

1495487341437	1.3721023	0.7918998	-0.33693045

1495487341457	1.3907541	0.87689847	-0.34572342

1495487341458	1.4244604	0.83986145	-0.39475086

1495487341466	1.3994138	0.6239009	-0.46456167

1495487341476	1.3077538	0.3511857	-0.5213163

1495487341486	1.2685851	0.033706367	-0.53330666

1495487341502	1.2740474	-0.12323475	-0.49080735

1495487341506	1.2467359	-0.017452704	-0.44284573

1495487341516	1.1758593	0.14614974	-0.4765521

1495487341526	1.0873967	0.16027178	-0.58353317

1495487341536	1.0242473	0.00532907	-0.64894754

1495487341548	1.0001333	-0.22688515	-0.66200376

1495487341556	0.9761524	-0.402478	-0.66320276

1495487341571	0.9773514	-0.46682653	-0.70889956

1495487341576	1.0154543	-0.5257128	-0.8038902

1495487341586	1.0732747	-0.5955236	-0.9063416

1495487341597	1.1125766	-0.57593924	-1.0110579

1495487341606	1.115774	-0.47775114	-1.0110579

1495487341616	0.9674927	-0.2715161	-0.98494536

1495487341627	0.804956	-0.2584599	-0.9555023

1495487341637	0.63589126	-0.25086597	-0.827871

1495487341648	0.47548628	-0.098054886	-0.6468159

1495487341657	0.31294963	0.17985612	-0.49520382

1495487341672	0.16360246	0.40674126	-0.38822275

1495487341676	0.02824407	0.45043966	-0.29443112

1495487341686	-0.08606448	0.35664803	-0.2017053

1495487341696	-0.20063949	0.2704503	-0.1100453

1495487341706	-0.2977618	0.17665868	-0.00532907

1495487341716	-0.38822275	0.04023448	0.1100453

1495487341727	-0.5486278	-0.051159073	0.2126299

1495487341740	-0.8038902	-0.04796163	0.30868638

1495487341747	-1.1529443	0.009725553	0.4188649

1495487341756	-1.5291767	0.10351719	0.59339195

1495487341766	-1.8510525	0.29882762	0.8365308

1495487341777	-2.0834	0.52464694	1.1081802

1495487341786	-2.3113508	0.5867306	1.3230748

1495487341805	-2.5895283	0.47228885	1.467093

1495487341807	-2.8610444	0.29003465	1.5291767

1495487341816	-2.59166	0.29549694	1.4507061

1495487341826	-2.1073809	0.25632828	1.2553957

1495487341836	-1.6077805	0.23994137	1.1081802

1495487341848	-1.3329337	0.11231015	1.0405009

1495487341856	-1.2248868	-0.13629097	1.0743406

1495487341871	-1.1518785	-0.37077004	1.2543299

1495487341876	-1.2576605	-0.38715693	1.4572343

1495487341886	-1.7190248	-0.19197975	1.4856116

1495487341896	-2.325473	-0.087263525	1.3491874

1495487341906	-2.554623	0.107913665	1.1867839

1495487341919	-2.3876898	0.55302423	1.0067946

1495487341926	-2.0015988	0.81148416	0.9162004

1495487341937	-1.7234212	1.071143	0.93258727

1495487341951	-1.5848655	1.092859	0.9162004

1495487341956	-1.4593658	1.071143	0.84425795

1495487341966	-1.2892352	1.0013323	0.71009856

1495487341976	-1.1048495	0.84972024	0.57474023

1495487341986	-0.93911535	0.7111644	0.49733546

1495487341996	-0.82680523	0.5812683	0.47988275

1495487342006	-0.42645884	0.52464694	0.5572875

1495487342021	-0.3381295	0.51478815	0.598721

1495487342026	-0.10031974	0.5038636	0.63362646

1495487342036	0.118838266	0.50612843	0.6249667

1495487342047	0.25512922	0.48321342	0.5595524

1495487342056	0.34785506	0.39475086	0.47442046

1495487342066	0.44710898	0.27924326	0.35984546

1495487342077	0.5736744	0.17119637	0.2475353

1495487342095	0.7296829	0.09152678	0.17226219

1495487342098	0.91953105	0.022781774	0.09046096

1495487342107	1.1354916	-0.06541433	0.02504663

1495487342116	1.3699707	-0.20823342	-0.05009326

1495487342126	1.609912	-0.38822275	-0.118838266

1495487342136	1.8161471	-0.53224087	-0.18531841

1495487342147	1.9023448	-0.5301092	-0.22568612

1495487342159	1.8378631	-0.2813749	-0.2136957

1495487342166	1.6590728	0.054489743	-0.15267786

1495487342176	1.421263	0.28244072	-0.07300826

1495487342186	1.048228	0.23887557	-0.2071676

1495487342196	0.3347988	0.13522515	-0.38502532

1495487342206	-1.1801226	0.22568612	0.48534507

1495487342219	-1.3634425	0.6413536	0.71436185

1495487342226	-1.207434	0.40794033	0.60751396

1495487342241	-0.927125	0.150413	0.40794033

1495487342248	-0.6697309	-0.027178258	0.14721556

1495487342256	-0.55302423	0.070876636	-0.23767653

1495487342266	-0.6794564	0.13962163	-0.5038636

1495487342276	-1.0285106	-0.12536637	-0.33586463

1495487342286	-1.2990941	-0.30868638	0.12430056

1495487342296	-1.071143	-0.14175327	0.598721

1495487342308	-0.3326672	-0.54636294	0.84532374

1495487342316	0.30202505	-1.0896616	0.9031442

1495487342326	0.492939	-1.3264055	0.6151079

1495487342336	0.50932586	-1.3852918	0.15920597

1495487342347	0.74820143	-1.3165468	-0.36211032

1495487342356	1.1954436	-1.3361311	-0.81694645

1495487342366	1.6382893	-1.4364508	-1.3121502

1495487342376	1.8073541	-1.5979216	-1.7986944

1495487342388	1.7255529	-1.7146283	-2.1782575

1495487342396	1.4877431	-1.5369039	-2.4978683

1495487342406	1.0143884	-0.95989877	-2.5830002

1495487342416	1.0383693	-0.7275513	-1.9328537

1495487342435	1.1201705	-0.47775114	-1.1714628

1495487342437	1.069944	-0.515854	-0.7689848

1495487342448	1.1115108	-0.46349588	-0.6129763

1495487342456	1.1561418	-0.19304556	-0.43192112

1495487342470	1.170397	0.027178258	-0.2998934

1495487342476	1.1998401	0.18318678	-0.28350654

1495487342486	1.2915001	0.31841195	-0.29669598

1495487342497	1.3962164	0.40900612	-0.30748734

1495487342508	1.4485744	0.3839595	-0.38502532

1495487342516	1.4332534	0.2715161	-0.48427925

1495487342526	1.3918198	0.14934719	-0.5584865

1495487342536	1.3132161	0.11231015	-0.57154274

1495487342548	1.2204902	0.25086597	-0.5267786

1495487342556	1.1332268	0.37729818	-0.4820144

1495487342566	1.0339729	0.28030908	-0.4886757

1495487342585	0.95004	0.015187849	-0.4820144

1495487342587	0.8758327	-0.2300826	-0.44830802

1495487342596	0.81588066	-0.31294963	-0.42965627

1495487342606	0.7744471	-0.39155343	-0.538769

1495487342616	0.8333333	-0.46136424	-0.6947775

1495487342626	0.90527576	-0.5114575	-0.87370104

1495487342636	0.9477751	-0.470024	-1.0067946

1495487342647	0.94897413	-0.3675726	-1.0722089

1495487342658	0.88236076	-0.30868638	-1.0688782

1495487342666	0.7330136	-0.33693045	-1.0209166

1495487342676	0.5507594	-0.3347988	-0.93258727

1495487342686	0.39368504	-0.25952572	-0.782041

1495487342696	0.27924326	-0.06648015	-0.5627498

1495487342706	0.17665868	0.20610179	-0.4188649

1495487342716	0.09485745	0.32933652	-0.33373302

1495487342735	0.05662137	0.3261391	-0.19078071

1495487342737	0.010791367	0.24860112	-0.083932854

1495487342748	-0.057687182	0.13522515	0.013056221

1495487342756	-0.15814015	0.029443111	0.08180123

1495487342766	-0.3141487	-0.045696776	0.12536637

1495487342776	-0.5169198	-0.10351719	0.1842526

1495487342786	-0.7961631	-0.12869704	0.26831868

1495487342796	-1.1125766	-0.10245137	0.7013056

1495487342806	-1.8891554	0.11337597	0.7809752

1495487342820	-2.273115	0.24207301	0.97508657

1495487342826	-2.6822543	0.23554489	1.2139622

1495487342836	-3.0225153	0.22568612	1.4223288

1495487342848	-3.14575	0.25512922	1.54996

1495487342856	-2.9985344	0.40354383	1.6176392

1495487342866	-2.5426326	0.63589126	1.5543565

1495487342876	-1.9480416	0.47335464	1.3491874

1495487342900	-1.6590728	0.12536637	1.2303491

1495487342901	-1.4136691	-0.07300826	1.1899813

1495487342906	-0.95656806	0.004263256	1.2270184

1495487342921	-0.66746604	0.13962163	1.36664

1495487342926	-0.9063416	0.19197975	1.4561684

1495487342937	-1.3721023	0.32387424	1.481215

1495487342948	-1.7156941	0.35011992	1.4070077

1495487342962	-1.885958	0.44391152	1.2652545

1495487342966	-1.7932321	0.699174	1.2227551

1495487342976	-1.5695443	0.9401812	1.2282175

1495487342986	-1.3438582	1.055822	1.170397

1495487342996	-1.1779909	1.1464162	0.97188914

1495487343006	-0.9990674	1.2915001	0.84532374

1495487343016	-0.89768183	1.2467359	0.77551293

1495487343030	-0.8028244	1.2631228	0.699174

1495487343036	-0.71009856	1.2084999	0.6184386

1495487343048	-0.59765524	1.1103117	0.58459896

1495487343056	-0.4537703	1.048228	0.5955236

1495487343066	-0.25512922	1.0198507	0.63042897

1495487343076	-0.010791367	1.0307754	0.6893152

1495487343092	0.22248867	1.0219824	0.71982414

1495487343096	0.3959499	0.99480414	0.6937117

1495487343106	0.47122303	0.92819077	0.6239009

1495487343116	0.50066614	0.7460698	0.5027978

1495487343127	0.5496936	0.5114575	0.36424193

1495487343137	0.6718625	0.29882762	0.2628564

1495487343148	0.8659739	0.1100453	0.17665868

1495487343157	1.1081802	-0.069810815	0.12430056

1495487343172	1.3939515	-0.25086597	0.10351719

1495487343176	1.6731948	-0.4014122	0.08180123

1495487343186	1.8565148	-0.46682653	0.05009326

1495487343196	1.9066081	-0.38502532	0.053423926

1495487343206	1.5772715	0.13189448	0.043565147

1495487343221	1.1310952	0.2912337	-0.10031974

1495487343226	0.43405277	0.50066614	-0.21049827

1495487343236	-0.33586463	0.804956	-0.033706367

1495487343251	-0.9347189	0.90967226	0.31188384

1495487343256	-1.1681322	0.6554756	0.54316545

1495487343266	-1.0634159	0.31081802	0.5856648

1495487343276	-0.80602187	0.1842526	0.56608045

1495487343286	-0.53330666	0.08180123	0.5301092

1495487343296	-0.24540368	-0.057687182	0.46895817

1495487343307	0.016253663	-0.07953637	0.3490541

1495487343327	0.24966693	-0.0075939246	0.17559285

1495487343329	0.5540901	-0.046895817	0.0075939246

1495487343337	0.8714362	-0.29443112	-0.12643218

1495487343348	0.99040765	-0.82560617	-0.2071676

1495487343356	0.6598721	-1.6219025	-0.21049827

1495487343366	0.042499334	-2.035305	-0.19197975

1495487343376	-0.3381295	-0.987077	0.22248867

1495487343391	-0.22568612	-0.18318678	0.5540901

1495487343396	0.029443111	-0.101385556	0.115507595

1495487343406	-0.004263256	-0.3141487	-0.28350654

1495487343416	0.07194245	-0.32387424	-0.653344

1495487343427	0.3206768	-0.5572875	-0.96522784

1495487343437	0.59339195	-1.0536904	-1.1321609

1495487343448	0.86717296	-1.6262989	-1.2608579

1495487343457	1.1735945	-2.0255795	-1.4321876

1495487343471	1.3001599	-1.984146	-1.5989875

1495487343476	1.306688	-1.6929123	-1.6939782

1495487343486	1.3089528	-1.5379696	-1.6929123

1495487343496	1.2652545	-1.5760725	-1.5783373

1495487343506	1.1987743	-1.7234212	-1.3186784

1495487343516	1.1638689	-1.5598189	-1.0732747

1495487343526	1.2030376	-0.9031442	-0.85398346

1495487343539	1.3481215	-0.3261391	-0.5921929

1495487343547	1.5171863	-0.13962163	-0.3730349

1495487343556	1.5707434	-0.15374367	-0.29443112

1495487343566	1.5019984	-0.2977618	-0.34026113

1495487343585	1.3775647	-0.5770051	-0.4014122

1495487343587	1.2412736	-0.84532374	-0.41553423

1495487343597	1.1092459	-1.0230483	-0.4765521

1495487343606	1.1071143	-0.78963494	-0.52784437

1495487343616	1.0896616	-0.5955236	-0.598721

1495487343626	1.064615	-0.48321342	-0.7330136

1495487343642	1.0230483	-0.46136424	-0.8649081

1495487343648	0.98387957	-0.58353317	-0.95004

1495487343656	0.95989877	-0.76458836	-0.987077

1495487343670	0.9128697	-0.94351184	-1.0373034

1495487343676	0.86717296	-1.0427657	-1.0907274

1495487343686	0.8846256	-0.9544364	-1.1191047

1495487343696	0.92819077	-0.598721	-1.0885957

1495487343706	0.94244605	-0.14068745	-1.0143884

1495487343720	0.92059684	0.1384226	-0.9555023

1495487343727	0.81254995	0.04796163	-0.9128697

1495487343746	0.66746604	-0.2519318	-0.73834264

1495487343748	0.49733546	-0.3860911	-0.44604316

1495487343756	0.23767653	-0.22795098	-0.32387424

1495487343769	-0.001065814	0.04023448	-0.34132695

1495487343776	-0.1613376	0.2475353	-0.3665068

1495487343786	-0.28350654	0.36530775	-0.36530775

1495487343796	-0.36970425	0.39914736	-0.09046096

1495487343806	-0.6064482	0.18758327	0.053423926

1495487343816	-0.81254995	0.03810285	0.2136957

1495487343826	-1.0820677	-0.098054886	0.42312816

1495487343839	-1.405942	-0.10471623	0.6739941

1495487343847	-1.7135625	0.06541433	0.9674927

1495487343856	-1.9698907	0.2759126	1.2488676

1495487343866	-2.212097	0.38502532	1.4997336

1495487343891	-2.5022647	0.30535573	1.663336

1495487343892	-2.7792432	0.1384226	1.732081

1495487343896	-2.9461763	0.15480949	1.6885159

1495487343907	-2.7836397	0.22022381	1.5466293

1495487343916	-2.218625	0.29443112	1.3329337

1495487343927	-1.5171863	0.38715693	1.1801226

1495487343938	-1.1430855	0.23767653	1.161604

1495487343948	-1.048228	-0.18212096	1.3176125

1495487343961	-1.1147082	-0.52784437	1.5532907

1495487343969	-1.527045	-0.49187317	1.6044497

1495487343976	-2.242606	-0.17559285	1.4179323

1495487343987	-2.6789236	0.101385556	1.2107648

1495487343996	-2.1749268	0.52358115	0.918332

1495487344007	-1.8335998	1.0776712	0.91073805

1495487344016	-1.6601386	1.0514256	0.86384225

1495487344039	-1.564082	0.8529177	0.7624567

1495487344041	-1.4692246	0.7569944	0.63362646

1495487344058	-1.1813216	0.7122302	0.3381295

1495487344064	-1.1813216	0.7122302	0.3381295

1495487344070	-1.0034639	0.5856648	0.26711965

1495487344079	-0.8104183	0.46789235	0.30642152

1495487344086	-0.6718625	0.41446844	0.41993073

1495487344096	-0.5213163	0.43844923	0.54756194

1495487344110	-0.3347988	0.43844923	0.66200376

1495487344116	-0.12869704	0.44604316	0.7460698

1495487344127	0.053423926	0.55302423	0.759126

1495487344136	0.196243	0.5692779	0.7122302

1495487344153	0.31947774	0.4886757	0.62603253

1495487344156	0.46243006	0.3860911	0.5103917

1495487344166	0.63362646	0.2933653	0.3839595

1495487344176	0.82240874	0.19957368	0.26711965

1495487344187	1.3209432	-0.042499334	0.033706367

1495487344196	1.6023182	-0.042499334	-0.08499867

1495487344206	1.8281375	-0.28244072	-0.18651745

1495487344221	1.9644284	-0.3228084	-0.24966693

1495487344226	1.9633627	-0.17452705	-0.22795098

1495487344236	1.8150812	0.1842526	-0.12869704

1495487344248	1.5455636	0.58353317	-0.034905408

1495487344256	1.069944	0.7776446	-0.10351719

1495487344266	0.3675726	0.7580602	-0.25632828

1495487344276	-0.43192112	0.6642686	-0.083932854

1495487344286	-1.0427657	0.58899546	0.2977618

1495487344296	-1.2292832	0.35664803	0.43951505

1495487344306	-1.0798029	0.19730882	0.40567547

1495487344316	-0.82680523	0.09046096	0.31521448

1495487344331	-0.58353317	-0.11990408	0.1613376

1495487344336	-0.39368504	-0.24540368	-0.117772445

1495487344348	-0.28457233	-0.1613376	-0.45257127

1495487344356	-0.27804422	-0.12643218	-0.5682121

1495487344366	-0.42965627	-0.38502532	-0.39914736

1495487344376	-0.57913667	-0.63482547	-0.06648015

1495487344391	-0.4940048	-0.46682653	0.6129763

1495487344396	0.3610445	-0.8714362	0.6653344

1495487344406	0.35225153	-1.2009059	0.33160138

1495487344416	0.18758327	-1.2183586	-0.117772445

1495487344426	0.2529976	-1.1681322	-0.61191046

1495487344436	0.5736744	-1.2412736	-1.0089262

1495487344451	1.0045297	-1.4299227	-1.3209432

1495487344456	1.2587264	-1.7070343	-1.6895816

1495487344466	1.3077538	-1.8760991	-1.9972023

1495487344476	1.3220091	-1.7364775	-2.2360778

1495487344486	1.3121502	-1.2980282	-2.363709

1495487344496	1.3721023	-0.94897413	-2.2470024

1495487344507	1.4856116	-0.7525979	-1.9110045

1495487344516	1.5881962	-0.6195044	-1.398348

1495487344536	1.6372236	-0.57913667	-0.8758327

1495487344537	1.5543565	-0.561684	-0.5726086

1495487344548	1.4702904	-0.47122303	-0.43405277

1495487344556	1.4267253	-0.37183586	-0.3555822

1495487344566	1.4136691	-0.18758327	-0.3490541

1495487344576	1.428857	-0.001065814	-0.35011992

1495487344591	1.4528377	-0.004263256	-0.44937384

1495487344596	1.3950173	-0.2584599	-0.5071942

1495487344606	1.383027	-0.35664803	-0.53663737

1495487344616	1.4158007	-0.35771382	-0.55622166

1495487344626	1.4233946	-0.20823342	-0.561684

1495487344636	1.3623768	-0.06434852	-0.60751396

1495487344648	1.2673861	-0.04143352	-0.70889956

1495487344657	1.1943778	-0.12216893	-0.7875033

1495487344681	1.1660005	-0.28457233	-0.8202771

1495487344682	1.1212363	-0.4188649	-0.8562483

1495487344687	1.0524913	-0.48747668	-0.9075406

1495487344696	0.97948307	-0.57913667	-0.9914735

1495487344706	0.92819077	-0.6806555	-1.071143

1495487344716	0.8779643	-0.64575005	-1.1235012

1495487344730	0.8562483	-0.5082601	-1.1027179

1495487344736	0.827871	-0.3261391	-1.0219824

1495487344747	0.7580602	-0.2126299	-0.9292566

1495487344756	0.66200376	-0.2410072	-0.81694645

1495487344766	0.5452971	-0.26179057	-0.64575005

1495487344776	0.39155343	-0.17226219	-0.42539302

1495487344786	0.16360246	0.00532907	-0.021715961

1495487344796	-0.23447908	0.2246203	-0.19197975

1495487344807	-0.32387424	0.2246203	-0.1384226

1495487344816	-0.40354383	0.19304556	-0.06648015

1495487344836	-0.47548628	0.12976286	0.002131628

1495487344838	-0.5540901	0.04023448	0.052358113

1495487344848	-0.7208899	-0.03810285	0.12430056

1495487344856	-0.9555023	-0.09485745	0.2410072

1495487344866	-1.2565948	-0.1329603	0.41220358

1495487344876	-1.6132427	-0.118838266	0.6270983

1495487344886	-1.9906741	0.014122035	0.85837996

1495487344896	-2.3538504	0.127498	1.0667466

