1495699556011	-0.0	0.4708837	10.045519

1495699556012	-0.0	0.5493643	10.045519

1495699556013	-0.0	0.4708837	9.967038

1495699556014	-0.0	0.4708837	9.967038

1495699556014	-0.0	0.4708837	10.045519

1495699556015	-0.0	0.5493643	10.045519

1495699556016	0.078480616	0.4708837	10.045519

1495699556074	-0.0	0.4708837	10.045519

1495699556076	-0.0	0.4708837	10.045519

1495699556077	-0.0	0.5493643	10.045519

1495699556077	-0.0	0.5493643	9.967038

1495699556080	-0.0	0.4708837	10.045519

1495699556110	0.078480616	0.4708837	10.045519

1495699556119	0.078480616	0.4708837	10.124

1495699556130	0.078480616	0.4708837	10.045519

1495699556150	0.078480616	0.5493643	10.045519

1495699556160	0.078480616	0.5493643	10.045519

1495699556170	-0.0	0.5493643	10.045519

1495699556192	-0.0	0.5493643	9.967038

1495699556199	-0.0	0.4708837	9.967038

1495699556219	-0.0	0.4708837	10.045519

1495699556240	-0.0	0.4708837	9.967038

1495699556261	-0.0	0.4708837	9.888557

1495699556269	-0.0	0.4708837	9.967038

1495699556279	-0.0	0.4708837	10.045519

1495699556299	-0.0	0.5493643	10.045519

1495699556301	-0.0	0.5493643	10.045519

1495699556337	-0.0	0.5493643	10.045519

1495699556339	0.078480616	0.4708837	10.045519

1495699556359	-0.0	0.5493643	10.045519

1495699556370	-0.0	0.5493643	10.045519

1495699556383	-0.0	0.4708837	10.045519

1495699556400	-0.0	0.5493643	10.045519

1495699556410	-0.0	0.5493643	10.045519

1495699556425	-0.0	0.5493643	9.967038

1495699556430	-0.0	0.4708837	10.045519

1495699556450	-0.0	0.5493643	10.045519

1495699556466	-0.0	0.4708837	10.045519

1495699556470	0.078480616	0.5493643	10.045519

1495699556480	0.078480616	0.5493643	10.045519

1495699556490	-0.0	0.5493643	10.045519

1495699556513	-0.0	0.4708837	10.045519

1495699556554	-0.0	0.4708837	10.045519

1495699556559	-0.0	0.4708837	10.045519

1495699556588	-0.0	0.5493643	10.045519

1495699556591	-0.0	0.4708837	10.045519

1495699556600	0.078480616	0.4708837	10.045519

1495699556632	-0.0	0.4708837	9.967038

1495699556633	-0.0	0.4708837	9.967038

1495699556640	-0.0	0.4708837	9.967038

1495699556675	-0.0	0.4708837	9.967038

1495699556676	0.078480616	0.4708837	9.967038

1495699556680	0.078480616	0.5493643	9.967038

1495699556690	0.078480616	0.4708837	9.967038

1495699556712	0.078480616	0.4708837	10.045519

1495699556713	0.078480616	0.5493643	10.045519

1495699556720	0.078480616	0.4708837	9.967038

1495699556754	-0.0	0.5493643	9.967038

1495699556755	-0.0	0.5493643	10.045519

1495699556760	-0.0	0.5493643	9.967038

1495699556770	-0.0	0.4708837	9.967038

1495699556779	0.078480616	0.4708837	9.967038

1495699556793	-0.0	0.4708837	9.967038

1495699556799	-0.0	0.4708837	10.045519

1495699556810	-0.0	0.4708837	10.045519

1495699556833	-0.0	0.4708837	9.967038

1495699556839	0.078480616	0.4708837	10.045519

1495699556850	-0.0	0.4708837	10.045519

1495699556859	0.078480616	0.4708837	10.045519

1495699556880	-0.0	0.5493643	9.967038

1495699556905	-0.0	0.4708837	10.045519

1495699556910	0.078480616	0.4708837	10.045519

1495699556920	0.078480616	0.4708837	9.967038

1495699556959	-0.0	0.4708837	10.045519

1495699556969	-0.0	0.5493643	10.045519

1495699556995	-0.0	0.4708837	9.967038

1495699556996	-0.0	0.5493643	9.967038

1495699557000	0.078480616	0.4708837	10.045519

1495699557009	-0.0	0.4708837	9.967038

1495699557019	-0.0	0.4708837	10.045519

1495699557036	-0.0	0.5493643	10.045519

1495699557039	-0.0	0.4708837	10.045519

1495699557049	0.078480616	0.4708837	10.045519

1495699557061	0.078480616	0.4708837	9.967038

1495699557069	-0.0	0.4708837	10.045519

1495699557079	-0.0	0.5493643	10.045519

1495699557094	-0.0	0.4708837	10.045519

1495699557128	-0.0	0.4708837	10.045519

1495699557131	-0.0	0.4708837	10.045519

1495699557159	-0.0	0.4708837	9.967038

1495699557179	-0.0	0.4708837	10.045519

1495699557190	-0.0	0.5493643	10.045519

1495699557213	-0.0	0.5493643	10.045519

1495699557215	-0.0	0.4708837	10.045519

1495699557220	-0.0	0.4708837	9.967038

1495699557230	0.078480616	0.4708837	9.967038

1495699557239	0.078480616	0.5493643	10.045519

1495699557255	-0.0	0.4708837	10.124

1495699557259	-0.0	0.4708837	10.045519

1495699557292	-0.0	0.5493643	10.045519

1495699557292	0.078480616	0.5493643	10.045519

1495699557293	-0.0	0.4708837	9.967038

1495699557299	-0.0	0.5493643	9.967038

1495699557310	-0.0	0.5493643	10.045519

1495699557332	0.078480616	0.5493643	10.045519

1495699557333	-0.0	0.5493643	10.045519

1495699557340	-0.0	0.4708837	9.967038

1495699557359	-0.0	0.4708837	10.045519

1495699557369	-0.0	0.5493643	10.045519

1495699557379	-0.0	0.5493643	10.045519

1495699557395	-0.0	0.4708837	10.045519

1495699557399	0.078480616	0.5493643	9.967038

1495699557427	-0.0	0.5493643	9.967038

1495699557430	-0.0	0.4708837	10.045519

1495699557431	0.078480616	0.4708837	9.967038

1495699557439	0.078480616	0.4708837	10.045519

1495699557450	-0.0	0.4708837	10.045519

1495699557480	0.078480616	0.4708837	9.967038

1495699557506	0.078480616	0.4708837	9.967038

1495699557510	-0.0	0.5493643	9.888557

1495699557519	-0.0	0.5493643	9.967038

1495699557530	-0.0	0.5493643	9.967038

1495699557539	0.078480616	0.5493643	9.967038

1495699557553	-0.0	0.5493643	10.045519

1495699557559	-0.0	0.4708837	10.045519

1495699557569	-0.0	0.4708837	9.967038

1495699557583	-0.0	0.4708837	10.045519

1495699557589	0.078480616	0.4708837	10.045519

1495699557599	-0.0	0.4708837	10.045519

1495699557618	-0.0	0.5493643	10.045519

1495699557630	-0.0	0.5493643	9.967038

1495699557650	0.078480616	0.4708837	9.967038

1495699557659	0.078480616	0.4708837	9.967038

1495699557669	0.078480616	0.4708837	10.045519

1495699557690	0.078480616	0.4708837	10.045519

1495699557700	0.078480616	0.4708837	9.967038

1495699557726	0.078480616	0.5493643	9.967038

1495699557727	-0.0	0.4708837	10.045519

1495699557730	-0.0	0.5493643	10.045519

1495699557739	0.078480616	0.5493643	10.045519

1495699557750	-0.0	0.5493643	9.967038

1495699557770	-0.0	0.4708837	9.967038

1495699557771	-0.0	0.4708837	9.967038

1495699557779	-0.0	0.5493643	9.967038

1495699557798	0.078480616	0.5493643	10.045519

1495699557799	-0.0	0.4708837	10.045519

1495699557809	-0.0	0.4708837	10.124

1495699557832	0.078480616	0.4708837	10.045519

1495699557833	0.078480616	0.4708837	10.045519

1495699557840	-0.0	0.4708837	10.045519

1495699557850	-0.0	0.5493643	10.045519

1495699557876	-0.0	0.5493643	10.124

1495699557877	0.078480616	0.5493643	10.045519

1495699557890	0.078480616	0.5493643	10.045519

1495699557899	0.078480616	0.5493643	10.045519

1495699557914	-0.0	0.4708837	9.967038

1495699557920	-0.0	0.5493643	10.045519

1495699557930	-0.0	0.5493643	10.045519

1495699557953	0.078480616	0.4708837	10.045519

1495699557960	0.078480616	0.5493643	10.045519

1495699557970	-0.0	0.5493643	10.045519

1495699557989	-0.0	0.5493643	9.967038

1495699557999	-0.0	0.5493643	10.045519

1495699558019	-0.0	0.5493643	10.045519

1495699558020	-0.0	0.5493643	10.045519

1495699558030	-0.0	0.4708837	9.967038

1495699558047	-0.0	0.4708837	10.045519

1495699558059	0.078480616	0.4708837	9.967038

1495699558069	0.078480616	0.5493643	10.045519

1495699558084	0.078480616	0.5493643	10.045519

1495699558090	0.078480616	0.4708837	10.045519

1495699558100	0.078480616	0.4708837	10.045519

1495699558126	0.078480616	0.5493643	10.045519

1495699558130	-0.0	0.4708837	10.045519

1495699558139	-0.0	0.5493643	9.967038

1495699558150	0.078480616	0.5493643	10.045519

1495699558166	-0.0	0.5493643	9.967038

1495699558170	0.078480616	0.5493643	10.045519

1495699558180	0.078480616	0.5493643	10.124

1495699558200	-0.0	0.4708837	10.045519

1495699558209	0.078480616	0.4708837	10.045519

1495699558219	-0.0	0.5493643	10.045519

1495699558234	-0.0	0.4708837	10.045519

1495699558249	-0.0	0.4708837	10.045519

1495699558274	-0.0	0.4708837	10.045519

1495699558275	0.078480616	0.5493643	9.967038

1495699558290	-0.0	0.5493643	10.045519

1495699558299	-0.0	0.5493643	10.045519

1495699558314	-0.0	0.4708837	10.045519

1495699558319	-0.0	0.5493643	10.045519

1495699558339	0.078480616	0.5493643	9.967038

1495699558349	0.078480616	0.5493643	9.967038

1495699558359	-0.0	0.5493643	10.045519

1495699558377	-0.0	0.4708837	10.045519

1495699558379	-0.0	0.4708837	9.967038

1495699558389	-0.0	0.5493643	9.967038

1495699558406	-0.0	0.4708837	9.967038

1495699558409	-0.0	0.5493643	9.967038

1495699558419	-0.0	0.5493643	9.967038

1495699558440	0.078480616	0.5493643	9.967038

1495699558441	0.078480616	0.4708837	10.045519

1495699558450	-0.0	0.4708837	10.045519

1495699558479	-0.0	0.5493643	10.045519

1495699558489	-0.0	0.4708837	10.045519

1495699558506	-0.0	0.4708837	10.045519

1495699558519	0.078480616	0.4708837	10.045519

1495699558530	0.078480616	0.4708837	9.967038

1495699558547	-0.0	0.4708837	9.967038

1495699558550	-0.0	0.5493643	9.967038

1495699558559	-0.0	0.5493643	9.888557

1495699558570	-0.0	0.4708837	9.967038

1495699558593	-0.0	0.4708837	9.967038

1495699558594	-0.0	0.4708837	9.967038

1495699558600	-0.0	0.5493643	9.967038

1495699558620	-0.0	0.5493643	9.967038

1495699558621	-0.0	0.4708837	9.967038

1495699558629	-0.0	0.4708837	9.967038

1495699558639	0.078480616	0.4708837	9.967038

1495699558654	0.078480616	0.4708837	10.045519

1495699558659	0.078480616	0.5493643	10.045519

1495699558669	-0.0	0.5493643	10.045519

1495699558687	-0.0	0.5493643	10.045519

1495699558690	0.078480616	0.4708837	9.967038

1495699558700	0.078480616	0.4708837	10.045519

1495699558710	0.078480616	0.5493643	10.045519

1495699558730	0.078480616	0.5493643	9.967038

1495699558731	-0.0	0.4708837	9.967038

1495699558739	-0.0	0.4708837	10.045519

1495699558750	-0.0	0.4708837	10.045519

1495699558772	-0.0	0.4708837	9.967038

1495699558773	-0.0	0.4708837	9.967038

1495699558779	-0.0	0.5493643	9.967038

1495699558790	0.078480616	0.4708837	10.045519

1495699558799	-0.0	0.5493643	10.045519

1495699558814	-0.0	0.5493643	9.967038

1495699558820	-0.0	0.5493643	9.967038

1495699558830	0.078480616	0.5493643	9.967038

1495699558852	0.078480616	0.5493643	9.967038

1495699558859	-0.0	0.5493643	9.967038

1495699558869	0.078480616	0.4708837	10.045519

1495699558879	0.078480616	0.5493643	10.045519

1495699558893	0.078480616	0.4708837	10.045519

1495699558899	-0.0	0.5493643	9.967038

1495699558933	0.078480616	0.4708837	9.967038

1495699558938	-0.0	0.4708837	10.045519

1495699558940	-0.0	0.5493643	10.045519

1495699558959	0.078480616	0.5493643	9.967038

1495699558969	-0.0	0.4708837	9.967038

1495699558979	0.078480616	0.5493643	9.967038

1495699558996	-0.0	0.4708837	10.045519

1495699558999	-0.0	0.5493643	10.045519

1495699559009	-0.0	0.4708837	10.045519

1495699559035	0.078480616	0.4708837	10.045519

1495699559040	0.078480616	0.5493643	10.045519

1495699559050	-0.0	0.5493643	10.045519

1495699559059	-0.0	0.4708837	9.967038

1495699559074	-0.0	0.4708837	10.045519

1495699559089	0.078480616	0.4708837	10.045519

1495699559105	0.078480616	0.4708837	10.045519

1495699559119	0.078480616	0.5493643	10.045519

1495699559130	0.078480616	0.5493643	9.967038

1495699559153	-0.0	0.5493643	10.045519

1495699559153	-0.0	0.5493643	9.967038

1495699559170	-0.0	0.5493643	9.967038

1495699559179	-0.0	0.4708837	9.967038

1495699559189	-0.0	0.5493643	9.967038

1495699559199	0.078480616	0.5493643	10.045519

1495699559214	0.078480616	0.5493643	9.967038

1495699559219	0.078480616	0.5493643	9.967038

1495699559229	-0.0	0.5493643	10.045519

1495699559250	0.078480616	0.5493643	10.045519

1495699559260	0.078480616	0.5493643	10.045519

1495699559270	-0.0	0.5493643	10.045519

1495699559279	-0.0	0.4708837	10.045519

1495699559300	0.078480616	0.5493643	10.045519

1495699559310	0.078480616	0.5493643	9.967038

1495699559332	0.078480616	0.4708837	9.967038

1495699559335	0.078480616	0.5493643	10.045519

1495699559339	0.078480616	0.5493643	10.045519

1495699559350	0.078480616	0.5493643	10.045519

1495699559359	-0.0	0.5493643	10.045519

1495699559374	-0.0	0.4708837	10.045519

1495699559379	-0.0	0.5493643	10.045519

1495699559410	-0.0	0.5493643	9.967038

1495699559419	-0.0	0.5493643	10.045519

1495699559430	-0.0	0.5493643	10.045519

1495699559459	-0.0	0.5493643	10.045519

1495699559470	-0.0	0.5493643	9.967038

1495699559496	-0.0	0.5493643	9.967038

1495699559500	-0.0	0.5493643	10.045519

1495699559509	-0.0	0.5493643	9.967038

1495699559519	-0.0	0.5493643	9.967038

1495699559550	-0.0	0.5493643	10.045519

1495699559576	0.078480616	0.5493643	10.045519

1495699559577	0.078480616	0.5493643	10.045519

1495699559579	-0.0	0.5493643	10.045519

1495699559615	-0.0	0.5493643	9.967038

1495699559629	-0.0	0.5493643	9.967038

1495699559645	-0.0	0.5493643	10.045519

1495699559650	-0.0	0.5493643	10.045519

1495699559659	-0.0	0.5493643	10.045519

1495699559670	-0.0	0.5493643	10.045519

1495699559692	-0.0	0.5493643	9.967038

1495699559700	-0.0	0.5493643	9.967038

1495699559734	0.078480616	0.5493643	10.045519

1495699559739	-0.0	0.4708837	10.045519

1495699559759	0.078480616	0.4708837	10.124

1495699559774	0.078480616	0.5493643	10.045519

1495699559780	-0.0	0.5493643	10.045519

1495699559790	0.078480616	0.5493643	10.045519

1495699559816	-0.0	0.5493643	10.045519

1495699559818	-0.0	0.5493643	10.045519

1495699559820	0.078480616	0.5493643	10.045519

1495699559830	-0.0	0.4708837	10.045519

1495699559839	-0.0	0.5493643	10.045519

1495699559853	-0.0	0.5493643	9.967038

1495699559890	0.078480616	0.4708837	10.124

1495699559899	0.078480616	0.5493643	10.124

1495699559910	-0.0	0.5493643	10.045519

1495699559933	-0.0	0.5493643	10.045519

1495699559969	0.078480616	0.5493643	9.967038

1495699559979	-0.0	0.5493643	10.045519

1495699559989	-0.0	0.4708837	10.045519

1495699559999	0.078480616	0.5493643	10.045519

1495699560010	0.078480616	0.5493643	10.045519

1495699560022	-0.0	0.5493643	9.967038

1495699560029	-0.0	0.5493643	10.045519

1495699560115	0.078480616	0.5493643	10.045519

1495699560116	-0.0	0.5493643	9.967038

1495699560117	0.078480616	0.5493643	9.967038

1495699560117	-0.0	0.5493643	9.967038

1495699560128	-0.0	0.5493643	9.967038

1495699560178	-0.0	0.5493643	10.045519

1495699560180	-0.0	0.5493643	10.045519

1495699560180	-0.0	0.4708837	10.045519

1495699560181	0.078480616	0.5493643	9.967038

1495699560182	-0.0	0.5493643	9.967038

1495699560182	-0.0	0.5493643	10.045519

1495699560183	-0.0	0.4708837	10.045519

1495699560201	-0.0	0.5493643	10.045519

1495699560202	0.078480616	0.5493643	10.045519

1495699560209	0.078480616	0.6278449	9.967038

1495699560230	0.078480616	0.5493643	9.967038

1495699560244	-0.0	0.5493643	9.967038

1495699560245	-0.0	0.5493643	10.045519

1495699560249	-0.0	0.5493643	9.967038

1495699560260	-0.0	0.5493643	9.967038

1495699560269	-0.0	0.5493643	9.967038

1495699560318	-0.0	0.4708837	9.967038

1495699560320	-0.0	0.4708837	10.045519

1495699560329	-0.0	0.5493643	10.045519

1495699560339	0.078480616	0.5493643	10.045519

1495699560349	0.078480616	0.5493643	10.045519

1495699560364	-0.0	0.4708837	9.967038

1495699560369	-0.0	0.5493643	9.967038

1495699560380	-0.0	0.5493643	10.045519

1495699560396	-0.0	0.5493643	10.045519

1495699560400	-0.0	0.4708837	10.045519

1495699560409	-0.0	0.4708837	10.124

1495699560431	-0.0	0.5493643	10.045519

1495699560440	0.078480616	0.4708837	10.045519

1495699560449	-0.0	0.5493643	9.967038

1495699560474	-0.0	0.4708837	9.967038

1495699560475	-0.0	0.5493643	9.888557

1495699560479	-0.0	0.5493643	9.888557

1495699560489	0.078480616	0.5493643	9.888557

1495699560499	0.078480616	0.5493643	9.967038

1495699560514	0.078480616	0.5493643	10.045519

1495699560519	-0.0	0.5493643	9.967038

1495699560542	0.078480616	0.5493643	10.045519

1495699560549	0.078480616	0.4708837	9.967038

1495699560559	-0.0	0.4708837	10.045519

1495699560576	-0.0	0.4708837	9.967038

1495699560579	-0.0	0.5493643	9.967038

1495699560590	0.078480616	0.5493643	9.967038

1495699560619	-0.0	0.5493643	9.967038

1495699560638	-0.0	0.5493643	10.045519

1495699560660	-0.0	0.4708837	10.045519

1495699560680	-0.0	0.4708837	10.045519

1495699560681	-0.0	0.4708837	10.045519

1495699560689	0.078480616	0.4708837	10.045519

1495699560699	-0.0	0.5493643	9.967038

1495699560722	0.078480616	0.4708837	9.967038

1495699560730	-0.0	0.4708837	9.967038

1495699560760	-0.0	0.4708837	9.888557

1495699560769	-0.0	0.4708837	9.967038

1495699560779	0.078480616	0.5493643	9.967038

1495699560807	0.078480616	0.5493643	10.045519

1495699560810	0.078480616	0.4708837	10.045519

1495699560844	-0.0	0.5493643	9.967038

1495699560849	0.078480616	0.5493643	9.967038

