1495210733361	-1.276708	-8.231265	0.3405752

1495210733382	-0.86011696	-8.87351	-0.04129998

1495210733386	-0.40342298	-9.917382	-0.7320272

1495210733401	-0.020350715	-10.993576	-1.6897079

1495210733410	0.04070143	-10.928333	-2.1799207

1495210733421	0.3878607	-10.222044	-0.8798691

1495210733435	1.0271125	-10.330381	0.6769605

1495210733446	1.4574703	-10.670359	1.7896658

1495210733459	1.8483237	-10.924144	2.3588872

1495210733471	2.4013844	-11.554418	2.291251

1495210733490	3.232771	-12.952631	1.06123

1495210733510	3.8073792	-11.949461	0.06284779

1495210733518	4.593276	-10.4728365	-1.6352397

1495210733523	5.3085437	-9.753379	-3.039439

1495210733639	4.4478283	-9.573814	-4.1264067

1495210733643	1.8363527	-11.323976	-4.6645036

1495210733646	0.038307227	-13.299191	-4.2538977

1495210733649	-4.525041	-19.6133	-1.1360487

1495210733651	-6.7504516	-19.145233	1.5993267

1495210733656	-9.14585	-15.284584	2.5384524

1495210733660	-11.42094	-13.006501	-0.272939

1495210733662	-13.340492	-12.473192	-3.306991

1495210733665	-13.769652	-13.781624	-2.789245

1495210733666	-7.3789296	-14.153922	2.5187001

1495210733669	-2.915539	-14.420277	0.44113165

1495210733672	0.96067345	-12.929886	-3.1591492

1495210733720	1.1474211	-11.570579	-1.0522517

1495210733723	2.2535424	-10.84334	1.2707225

1495210733725	3.4219127	-10.278907	0.4261679

1495210733728	4.3538556	-9.758766	0.60573304

1495210733761	3.6924577	-9.039309	-1.0767922

1495210733764	2.8491	-7.997831	-1.4143747

1495210733766	1.5795746	-6.192004	-0.9576807

1495210733782	1.2934675	-5.3444567	0.29867667

1495210733786	1.3964181	-3.7732618	1.0636241

1495210733837	2.0500352	-1.8447324	1.5472529

1495210733904	2.5025394	-0.724246	1.240795

1495210733911	2.0207062	-0.7320272	-0.28191724

1495210733914	1.246182	-0.6452374	-1.2683283

1495210733916	-1.4407109	-0.093373865	-3.3758245

1495210733920	-2.7569232	0.6374562	-4.337096

1495210733924	-3.7726634	1.1354501	-4.1359835

1495210733926	-4.8638206	1.3060371	-3.5488055

1495210733929	-5.499481	0.97144735	-2.878429

1495210733933	-5.8268886	0.32561144	-2.2110453

1495210733936	-5.553351	-0.16579847	-2.0260932

1495210733938	-4.578911	-3.8845923	-2.2822728

1495210733982	-4.337695	-5.957372	-3.9971197

1495210733985	-6.3230867	-12.415731	-6.306926

1495210733988	-2.4678235	-19.6133	5.8717794

1495210733990	0.5255273	-19.6133	15.390527

1495210734037	1.4149733	-19.6133	-5.90889

1495210734039	2.6485856	-18.82082	-17.163433

1495210734041	4.2503066	-16.903662	-14.853029

1495210734045	7.9661074	-9.263166	-12.946047

1495210734048	4.8045645	-11.934497	-12.159552

1495210734072	1.9482816	-12.477981	-8.335413

1495210734075	0.24779987	-12.546814	-4.5525746

1495210734089	-2.4624364	-12.908339	-0.14544775

1495210734115	-3.632004	-12.995129	3.7948096

1495210734121	-5.5671177	-15.614984	7.069479

1495210734129	-8.25401	-16.159065	9.758766

1495210734133	-10.736797	-4.4125137	2.2493525

1495210734194	-6.855198	-2.1068976	-0.04070143

1495210734199	-2.0895395	-1.311424	1.472434

1495210734203	1.009156	-3.4685998	4.2544966

1495210734204	2.8981812	-6.439804	4.5681367

1495210734205	4.6220064	-8.220491	4.3155484

1495210734206	4.140772	-10.403405	8.27496

1495210734226	3.1381998	-10.447698	9.31105

1495210734235	2.5785553	-10.653001	7.1466923

1495210734240	0.13946225	-11.684303	-7.499837

1495210734253	-4.224569	-12.127829	-9.115324

1495210734265	-5.2223525	-10.521319	-3.7750576

1495210734278	-1.9716251	-8.818443	-0.8379706

1495210734290	0.7308301	-8.608353	0.25378537

1495210734301	1.3850456	-9.339781	1.3347675

1495210734313	0.29807812	-10.247782	2.0979192

1495210734325	-0.9528923	-9.625888	2.505532

1495210734336	-2.067393	-9.066842	2.7048495

1495210734348	-2.9340942	-9.153033	2.461838

1495210734360	-3.2836475	-9.4774475	1.7471687

1495210734373	-1.7872716	-9.487623	0.74639237

1495210734385	-0.8822633	-9.730635	0.36870706

1495210734402	-0.18435353	-9.818622	0.17357962

1495210734409	0.30705637	-9.549872	0.15981296

1495210734420	0.48003745	-9.094376	0.4890157

1495210734433	0.46208093	-8.526949	1.1073183

1495210734445	0.33399114	-8.153454	1.7046716

1495210734457	0.15562311	-7.8170686	1.7369933

1495210734468	-0.062249243	-7.8853035	1.429937

1495210734480	-0.24959552	-8.328829	1.1803415

1495210734493	-0.39145198	-8.701726	0.93254155

1495210734505	-0.53929394	-8.9519205	0.22744916

1495210734518	-0.5566519	-8.491036	-0.11851298

1495210734528	-0.65541273	-8.084022	-0.43634325

1495210734540	-0.58418524	-8.273763	-0.623091

1495210734554	-0.49799395	-8.919599	-0.82779527

1495210734566	-0.20231004	-9.691729	-0.7032967

1495210734579	0.599149	-11.096526	0.5363012

1495210734592	2.1960814	-12.077551	1.8614918

1495210734604	3.1130607	-11.436503	1.5735891

1495210734616	3.6403837	-11.113884	1.0660183

1495210734628	3.1639376	-11.334749	0.88765025

1495210734640	2.2840683	-11.089344	1.1839328

1495210734654	1.6932992	-10.497976	1.3736732

1495210734666	1.8489223	-9.755175	0.7733272

1495210734679	1.7621324	-9.434352	-0.8678981

1495210734692	-0.6967127	-13.971364	-4.9344497

1495210734721	-2.3301568	-19.175161	-3.4781766

1495210734721	-5.7682304	-19.6133	-2.6868927

1495210734727	-8.072051	-16.831837	-1.8381484

1495210734739	-8.539519	-13.51048	-0.75596917

1495210734752	-8.69155	-12.21402	-0.6907272

1495210734764	-8.832211	-13.090298	-1.2791022

1495210734776	-8.86513	-13.548189	-1.6454151

1495210734791	-2.9747956	-13.103466	4.3089647

1495210734803	-0.8972271	-12.486361	1.9776106

1495210734815	0.66379243	-11.497555	-0.46686932

1495210734827	1.4443022	-10.15381	-1.7076644

1495210734839	1.7136499	-9.866506	-0.47285482

1495210734854	1.8052281	-9.630077	-0.842759

1495210734866	1.7824832	-9.627684	-0.79248077

1495210734879	0.91458505	-9.13388	-0.8762778

1495210734892	0.050876785	-9.147646	-0.98102415

1495210734905	-0.4333505	-9.003395	-0.88166475

1495210734917	-0.53091425	-9.126099	-0.5590461

1495210734930	-0.41718966	-8.820838	0.33997664

1495210734943	-0.16280572	-8.136695	1.4221559

1495210734954	-0.30226797	-5.4743423	1.7872716

1495210734968	-0.28311434	-3.6176388	0.90740246

1495210734979	-0.110133275	-1.9099745	-0.15023616

1495210734992	-0.18914193	-0.91578215	-1.2455834

1495210735006	-0.6159084	-0.504578	-2.460641

1495210735018	-1.608305	-0.58418524	-3.489549

1495210735030	-2.5516205	-1.0013748	-3.7834373

1495210735044	-3.3225534	-1.6729485	-3.027468

1495210735055	-3.1747115	-1.6346412	-2.32058

1495210735066	-2.8802247	-1.7944542	-2.042254

1495210735078	-2.5570073	-2.4558525	-2.3540988

1495210735091	-2.5570073	-3.851672	-2.2619221

1495210735105	-2.7096379	-6.719327	-1.7357962

1495210735117	-3.663727	-15.176246	0.012569559

1495210735129	-2.2625206	-19.6133	7.5351515

1495210735142	0.9498995	-16.209345	-9.959281

1495210735154	-0.6841431	-19.6133	-14.775816

1495210735168	-0.08259996	-19.6133	-11.748946

1495210735180	1.9428947	-17.055695	-14.836269

1495210735192	6.575675	-5.026028	-14.423269

1495210735203	4.75668	-0.9684546	-11.467029

1495210735215	-0.17597382	-5.6868277	-7.7452426

1495210735228	-1.0827777	-11.07019	-2.552219

1495210735240	-4.3305125	-14.683041	2.3870192

1495210735252	-7.5405383	-14.574703	2.2942438

1495210735265	-9.974244	-14.410102	6.467337

1495210735277	-9.998186	-13.922283	6.455965

1495210735288	-8.232463	-7.6452847	1.2413936

1495210735301	-3.3488896	-5.073912	-4.783615

1495210735313	2.9011738	-7.695563	-3.3512838

1495210735328	6.8366427	-10.291476	2.9466639

1495210735339	8.423999	-6.642114	8.106767

1495210735367	6.294955	-7.359776	6.7630215

1495210735368	4.099472	-8.094796	5.45878

1495210735376	2.4199393	-8.541913	6.090849

1495210735388	1.4041992	-9.385869	5.1062336

1495210735400	0.5506664	-10.988788	2.7820623

1495210735415	-3.0945058	-11.750742	0.8098387

1495210735431	-5.8244944	-11.295844	0.049679685

1495210735439	-3.3273418	-10.116699	-1.6723499

1495210735450	-1.1671734	-11.032481	-1.8261774

1495210735463	-0.5351041	-12.152967	-1.0552444

1495210735475	-0.18375498	-10.615292	-0.010175358

1495210735489	-0.7386112	-8.683171	0.98940384

1495210735500	-1.8501194	-7.3992805	2.6060886

1495210735512	-3.2812533	-6.8408327	3.5075054

1495210735524	-4.647744	-7.04015	2.5971103

1495210735536	-5.2810106	-7.888296	1.3389573

1495210735548	-2.8167782	-8.504205	1.258153

1495210735560	-1.1330559	-8.734647	1.0348936

1495210735575	0.110133275	-9.249998	0.75118077

1495210735586	0.88525605	-9.69113	0.48362875

1495210735599	1.352724	-9.87668	0.24001873

1495210735612	1.6968905	-9.636064	0.22685061

1495210735624	2.0015526	-8.957906	0.5141548

1495210735636	1.8435353	-7.5680714	0.91099375

1495210735650	1.110311	-7.2729864	1.192911

1495210735663	0.82599956	-7.153875	1.3054385

1495210735692	0.83497787	-7.642292	0.7326257

1495210735693	0.91817635	-8.39886	0.3465607

1495210735699	0.85532856	-9.063251	0.09876082

1495210735712	0.7044938	-9.078813	-0.55964464

1495210735724	0.75956047	-8.930971	-0.87208796

1495210735736	0.40581718	-8.736442	-0.55365914

1495210735750	0.18076223	-8.622119	0.32621

1495210735763	0.56563014	-9.126697	1.2437878

1495210735776	0.94092125	-10.46745	1.4520833

1495210735791	1.0851719	-11.98298	0.8924387

1495210735803	1.4520833	-11.48319	0.24899697

1495210735816	2.303222	-10.489596	-0.6913257

1495210735828	2.7964275	-10.724827	-2.2068555

1495210735851	2.5079262	-11.165958	-3.3195608

1495210735852	1.4053963	-11.4119625	-2.5773582

1495210735864	0.030526072	-12.93647	-1.7322049

1495210735876	-1.4490906	-16.981474	-2.1068976

1495210735888	-8.076241	-19.6133	-1.4628572

1495210735900	-11.352706	-15.346234	0.94211835

1495210735914	-12.313379	-11.850101	2.6910827

1495210735926	-11.376049	-12.010512	1.3180081

1495210735939	-9.233239	-12.986749	-1.1773487

1495210735953	-6.3153057	-13.294403	-1.8872294

1495210735966	-0.093373865	-13.352463	2.4534583

1495210735978	2.8215668	-14.2622595	3.1836896

1495210735996	2.9520507	-14.285005	0.66259533

1495210736000	2.8963854	-12.582129	-0.42676646

1495210736012	2.771887	-10.777499	-0.64942724

1495210736026	2.4887726	-9.599552	-0.8002619

1495210736040	1.033098	-9.040505	-1.6753427

1495210736053	-0.29269117	-8.645462	-1.8567034

1495210736065	-1.3192052	-9.14226	-1.5376761

1495210736078	-1.2084733	-9.202713	-0.92655605

1495210736090	-1.0588357	-9.015965	-0.3345897

1495210736102	-0.66498953	-8.346786	0.39145198

1495210736116	-0.38067806	-7.304111	0.89423436

1495210736131	-0.57161564	-3.9965212	1.8219875

1495210736143	-0.6159084	-2.1984756	1.4401124

1495210736156	-0.47465047	-0.7763199	0.91458505

1495210736170	-0.41299978	-0.092176765	0.09876082

1495210736182	-0.6919243	0.01616086	-1.1145009

1495210736194	-1.3365631	-0.3196259	-2.2589293

1495210736206	-2.2242134	-0.8098387	-3.0591912

1495210736220	-3.9234982	-1.5951369	-4.0815153

1495210736233	-4.221576	-1.8590976	-4.2999864

1495210736259	-4.1479545	-2.3876176	-4.2173862

1495210736260	-4.0946836	-3.8241386	-4.048595

1495210736267	-4.2754455	-7.041347	-4.0372224

1495210736278	-4.7381253	-13.276447	-1.5586253

1495210736290	-3.6409822	-19.6133	4.4963107

1495210736303	-1.1318588	-19.6133	6.9784994

1495210736316	2.7371712	-19.6133	-4.6800656

1495210736331	1.5286977	-17.657238	-18.415003

1495210736343	2.2661119	-14.437634	-17.606958

1495210736355	1.2150574	-7.0844426	-13.879786

1495210736368	-1.264737	-2.6270378	-9.683349

1495210736379	-2.2643163	-0.1340753	-5.901707

1495210736392	-1.1767502	2.3630772	-3.1543608

1495210736406	-11.04146	-19.6133	4.654328

1495210736419	-6.89171	-19.6133	14.074315

1495210736432	-7.4405804	-19.6133	6.0142345

1495210736444	-6.4739213	-6.6349316	-7.3807254

1495210736456	-6.1447186	-2.5127146	-12.047623

1495210736468	-0.19692309	-7.8050976	2.4438813

1495210736483	7.398083	-13.599664	12.372037

1495210736494	10.048465	-11.614272	12.79222

1495210736508	12.987946	-8.19236	10.782288

1495210736519	9.159617	-11.229404	3.888782

1495210736532	5.851429	-13.132196	2.4666264

1495210736548	4.0138793	-12.713211	3.3961751

1495210736557	2.6803088	-10.938509	3.4063504

1495210736575	0.87567925	-8.72507	1.6885108

1495210736580	-3.881001	-7.2604165	0.17657238

1495210736592	-5.6982	-8.085817	0.15263036

1495210736604	-5.727529	-9.789292	-0.16819267

1495210736616	-4.2945995	-10.799645	-0.8900445

1495210736628	-2.7539306	-11.245565	-1.5448587

1495210736643	-1.2473791	-11.158177	-1.8860323

1495210736654	-0.46507367	-10.4488945	-1.9219455

1495210736668	-1.1282675	-9.419388	-1.7932571

1495210736681	-4.462792	-7.695563	-1.1575965

1495210736693	-5.0362034	-7.301717	0.28670564

1495210736708	-4.0162735	-6.5511346	2.5139117

1495210736734	-2.8778305	-6.8611836	3.5260606

1495210736735	-1.3245921	-7.6961613	2.7682958

1495210736740	0.20590134	-8.727464	0.04129998

1495210736752	1.6292542	-9.728839	-2.6779146

1495210736764	2.8281507	-10.052056	-3.4680011

1495210736777	3.6373909	-9.648034	-2.433706

1495210736788	3.750517	-9.03871	-1.3078327

1495210736800	2.2451627	-8.395268	-0.11611878

1495210736813	1.4496891	-8.316858	0.2633622

1495210736826	0.85473	-8.50181	0.41599256

1495210736841	0.44113165	-9.048286	0.3645172

1495210736854	0.44472298	-9.312247	0.3537433

1495210736866	2.4259248	-10.195109	1.4820108

1495210736878	3.1441853	-10.21127	1.1881226

1495210736894	3.4751837	-10.184336	0.27712885

1495210736902	3.8067808	-9.440337	-0.04249708

1495210736914	4.0402155	-9.222465	0.50517654

1495210736926	4.160524	-8.756194	1.2826935

1495210736938	3.306991	-9.581595	1.7340006

1495210736953	0.8678981	-12.957419	1.0714053

1495210736966	-5.1744685	-19.6133	-1.0354922

1495210736981	-9.290101	-16.85099	-1.4951789

1495210736990	-11.11149	-12.932281	-0.9564836

1495210737002	-12.11107	-12.717401	-1.2617443

1495210737016	-11.958439	-13.860632	-0.8499416

1495210737031	-8.93576	-13.606847	-0.05566519

1495210737043	-5.66528	-14.362218	-2.6246436

1495210737058	-5.593454	-14.8117285	-4.6034513

1495210737070	-6.2345014	-14.863204	-5.185242

1495210737082	-5.1541176	-13.300389	-3.1956608

1495210737096	-3.518878	-12.151771	0.5177461

1495210737111	-1.6310499	-9.314043	0.81163436

1495210737123	-0.4830302	-8.146272	1.0271125

1495210737143	0.47165772	-7.941567	0.13347675

1495210737148	1.3120226	-8.583812	0.062249243

1495210737160	2.1212628	-9.0081835	-0.6619968

1495210737172	2.5875335	-9.880871	-0.17118542

1495210737184	2.5139117	-11.057621	0.19393034

1495210737196	1.7441759	-9.269751	1.3772645

1495210737209	1.1192893	-7.5213847	2.7820623

1495210737222	0.39025488	-6.077681	3.750517

1495210737234	-0.62488663	-4.8045645	2.5617957

1495210737246	-1.4598645	-4.1305966	1.6765398

1495210737259	-2.2798786	-3.6050692	0.7212533

1495210737273	-2.545635	-2.3391352	-0.7098808

1495210737285	-2.457648	-1.2605472	-1.1797429

1495210737298	-2.3983915	-0.705691	-2.5474305

1495210737310	-2.8886044	-0.8511387	-3.3740287

1495210737323	-3.3518825	-1.228824	-2.9819782

1495210737335	-3.3979707	-1.6741456	-2.055422

1495210737349	-2.9975405	-2.144606	-1.525705

1495210737362	-2.2331917	-3.9695864	-2.356493

1495210737376	-2.059612	-5.547964	-3.0550013

1495210737389	-2.3744495	-9.123106	-3.8714242

1495210737402	-3.643975	-15.308526	-2.5731683

1495210737416	-2.77069	-19.6133	0.3226187

1495210737429	2.369661	-19.6133	-3.5110967

1495210737443	1.0594343	-19.6133	-11.804013

1495210737464	3.2662897	-19.6133	-16.059706

1495210737470	7.140108	-15.99626	-16.13632

1495210737478	9.466075	-3.4769795	-14.492702

1495210737490	6.5505357	0.57640404	-11.724405

1495210737502	2.6426	-0.19991584	-6.645705

1495210737515	0.11731588	-8.461707	2.12246

1495210737530	-4.63697	-19.6133	6.269217

1495210737539	-6.554127	-16.55351	6.991069

1495210737552	-8.344392	-15.502456	5.4964886

1495210737564	-10.023325	-16.133926	5.828684

1495210737576	-10.994773	-15.4563675	6.213552

1495210737589	-7.651869	-9.0476885	1.7764976

1495210737602	2.379238	-4.718373	-1.5849615

1495210737627	5.6898203	-6.6403184	3.217807

1495210737628	6.8839283	-5.787384	6.114791

1495210737638	6.3338604	-6.239888	7.3406224

1495210737650	2.9765913	-8.822035	9.129091

1495210737662	0.04189853	-9.65821	9.556456

1495210737674	-2.0632033	-9.7479925	6.4044895

1495210737689	-3.0364463	-10.822391	1.3970166

1495210737699	-6.4499793	-11.547235	-3.7499185

1495210737712	-6.5044475	-9.928755	0.16220717

1495210737726	-4.3041763	-8.889671	-0.31543607

1495210737741	-1.3754689	-9.955689	-2.6036944

1495210737753	1.3024458	-11.599309	-0.6859388

1495210737765	3.0160956	-12.105682	1.8626889

1495210737785	2.1218612	-11.643601	1.8854338

1495210737789	-1.0444705	-9.374496	3.0819361

1495210737802	-1.9213469	-9.3978405	2.3133974

1495210737814	-1.9177556	-9.498995	1.9063832

1495210737826	-1.869273	-9.659407	1.2144588

1495210737841	-1.5520413	-9.220071	0.85413146

1495210737853	-0.9840169	-8.8806925	0.6979098

1495210737868	-0.05626374	-8.619724	0.58897364

1495210737878	0.24600422	-8.474277	0.14305355

1495210737893	0.5201403	-8.098986	-0.17298107

1495210737905	0.5303157	-7.5722613	-0.26515785

1495210737917	0.504578	-6.7199254	-0.3333926

1495210737929	0.6087258	-5.831078	0.025737667

1495210737942	1.0019734	-5.5270147	0.4997896

1495210737954	1.1186907	-6.1010246	0.47465047

1495210737969	0.8690952	-8.254609	0.2753332

1495210737979	0.47764325	-10.646417	0.46806642

1495210737990	0.08200141	-11.640609	0.7721301

1495210738003	-0.08140286	-11.204864	0.9708488

1495210738014	-0.30406362	-9.718064	0.6560113

1495210738026	-0.9564836	-9.050082	0.6332663

1495210738038	-0.6895301	-9.227253	2.1679497

1495210738050	-0.25258827	-9.743204	3.104681

1495210738062	0.8026561	-9.953894	2.9526494

1495210738076	3.4680011	-12.400767	-1.2078748

1495210738090	4.2221746	-13.098678	-3.0520086

1495210738100	3.0639796	-12.925097	-3.180697

1495210738115	1.9734207	-12.726379	-1.8986019

1495210738127	0.6733692	-13.63438	-0.4177882

1495210738139	-0.545878	-14.40232	-0.014963761

1495210738153	-0.789488	-15.087062	-0.18794483

1495210738165	-0.5674258	-15.775395	-0.061052144

1495210738178	-1.951873	-14.647127	-0.42916065

1495210738190	-4.823718	-13.192051	-1.5053543

1495210738202	-6.8988924	-13.796587	-0.4854244

1495210738214	-8.080431	-13.357251	0.98820674

1495210738227	-9.106346	-13.22976	1.2270284

1495210738239	-8.170214	-12.555194	-0.45609543

1495210738254	-5.0014873	-12.568362	2.0626047

1495210738265	-1.2497733	-14.0312195	5.2379146

1495210738278	2.0871453	-14.742895	2.597709

1495210738290	3.5362358	-12.799402	-3.6649241

1495210738303	4.0934863	-10.608109	-1.4784195

1495210738316	4.597466	-8.697536	3.2387564

1495210738328	1.6490064	-9.054871	-2.071583

