1495958216648	-1.474	-0.047	-0.545

1495958216655	-2.059	-0.172	0.057

1495958216665	-2.384	-0.239	0.842

1495958216675	-2.892	-0.392	1.426

1495958216686	-3.648	-1.034	2.394

1495958216695	-4.022	-1.647	2.394

1495958216704	-4.089	-2.02	5.947

1495958216715	-3.945	-2.164	5.976

1495958216726	-4.874	-8.111	0.373

1495958216742	-2.03	-10.822	1.321

1495958216745	-0.392	-15.428	1.561

1495958216755	-2.595	-19.489	1.273

1495958216764	-3.476	-19.604	-2.719

1495958216774	-0.191	-19.604	-2.557

1495958216786	3.189	-19.604	-1.647

1495958216800	5.162	-19.604	-1.024

1495958216804	4.146	-18.866	2.02

1495958216816	2.346	-18.474	7.211

1495958216824	1.8	-17.985	8.016

1495958216836	1.513	-17.554	5.372

1495958216844	0.143	-18.043	1.302

1495958216855	-1.743	-19.154	-0.986

1495958216866	-3.735	-19.01	0.277

1495958216874	-3.859	-17.717	1.992

1495958216886	-3.984	-16.712	2.719

1495958216895	-3.687	-15.974	3.265

1495958216908	-2.461	-15.984	0.134

1495958216916	-2.49	-15.859	-1.465

1495958216925	-1.752	-14.049	-0.268

1495958216938	0.201	-11.214	-0.335

1495958216953	2.786	-3.687	-1.043

1495958216955	2.911	-0.976	-0.699

1495958216965	2.442	1.024	-0.114

1495958216974	2.557	2.988	0.679

1495958216989	2.786	4.625	1.57

1495958216994	2.375	5.65	1.982

1495958217004	1.944	5.382	1.647

1495958217015	1.81	4.846	1.896

1495958217030	1.513	5.075	1.589

1495958217037	1.245	4.702	1.484

1495958217045	0.316	3.189	0.948

1495958217054	-1.043	1.743	0.794

1495958217064	-2.039	0.411	1.446

1495958217074	-2.394	-1.053	2.71

1495958217086	-4.012	-3.141	5.43

1495958217095	-6.148	-5.631	11.348

1495958217104	-8.638	-8.964	19.23

1495958217117	-9.127	-12.526	15.754

1495958217125	-3.84	-13.982	1.417

1495958217136	4.3	-18.962	-9.969

1495958217144	11.09	-19.604	-16.827

1495958217154	11.799	-19.604	-3.696

1495958217164	5.727	-16.941	7.632

1495958217174	-0.172	-4.932	5.937

1495958217186	-0.938	-3.562	-4.051

1495958217195	-1.177	-4.558	-4.97

1495958217205	-1.264	-8.408	-4.577

1495958217216	-0.833	-13.149	-5.621

1495958217224	1.455	-18.321	-4.07

1495958217236	3.284	-19.604	-0.909

1495958217244	1.676	-19.604	0.354

1495958217254	-1.11	-19.202	0.804

1495958217264	-2.911	-16.118	0.881

1495958217274	-3.332	-13.302	0.478

1495958217288	-4.175	-12.115	-1.8

1495958217297	-4.664	-11.856	-2.183

1495958217305	-4.099	-11.368	0.488

1495958217315	-3.217	-11.942	1.513

1495958217325	-1.494	-12.957	2.346

1495958217337	0.057	-14.202	3.754

1495958217344	0.105	-14.988	5.075

1495958217354	-1.81	-14.7	4.549

1495958217364	-4.348	-13.388	5.047

1495958217374	-6.33	-11.444	5.334

1495958217386	-7.451	-8.686	4.424

1495958217395	-7.412	-3.85	1.608

1495958217407	-5.612	-2.116	0.804

1495958217416	-4.041	-1.206	0.354

1495958217424	-3.217	-0.574	0.239

1495958217436	-3.38	-0.181	0.0

1495958217444	-3.859	-0.028	0.344

1495958217454	-4.146	-0.019	1.522

1495958217464	-4.606	-0.296	2.758

1495958217474	-5.152	-1.264	3.706

1495958217486	-4.75	-2.365	4.29

1495958217495	-3.294	-2.71	3.936

1495958217506	-2.087	-3.955	2.241

1495958217516	-1.187	-7.269	-0.574

1495958217525	-0.296	-10.486	-1.273

1495958217538	0.392	-14.902	1.963

1495958217544	0.833	-19.192	5.889

1495958217554	0.421	-19.604	2.921

1495958217565	0.718	-19.604	1.34

1495958217576	2.557	-19.604	-1.264

1495958217586	5.516	-19.604	-3.964

1495958217594	7.805	-19.604	-0.9

1495958217604	5.468	-19.604	4.252

1495958217616	0.45	-18.637	4.75

1495958217624	-0.067	-18.464	2.202

1495958217637	-3.227	-19.192	-0.162

1495958217644	-5.65	-19.604	0.842

1495958217655	-6.454	-19.604	2.26

1495958217665	-5.018	-19.115	3.763

1495958217674	-4.798	-17.497	1.359

1495958217686	-3.553	-16.08	0.316

1495958217694	-2.806	-14.432	-1.034

1495958217704	-1.79	-12.823	-0.249

1495958217716	0.775	-10.937	-0.229

1495958217725	2.174	-8.265	-0.565

1495958217736	3.102	-5.267	-0.919

1495958217759	2.423	-3.055	-0.66

1495958217764	2.126	-1.589	0.009

1495958217775	1.254	-0.057	-0.162

1495958217776	1.158	1.934	0.507

1495958217786	1.781	3.955	0.976

1495958217794	1.743	5.995	0.996

1495958217804	1.474	7.058	0.986

1495958217816	0.842	6.684	1.12

1495958217826	0.699	6.924	0.498

1495958217841	0.699	6.866	0.095

1495958217845	-0.823	3.256	0.536

1495958217855	-2.116	1.063	2.011

1495958217871	-3.553	-1.494	5.104

1495958217875	-5.545	-4.491	7.69

1495958217888	-7.68	-7.738	13.503

1495958217894	-9.529	-11.99	19.125

1495958217906	-5.909	-15.447	12.737

1495958217916	-1.264	-19.192	7.096

1495958217925	2.758	-19.604	-17.87

1495958217937	9.529	-19.604	-10.448

1495958217946	9.222	-11.818	4.415

1495958217955	9.251	-4.874	13.465

1495958217965	8.198	-1.254	0.21

1495958217974	3.074	-0.172	-10.927

1495958217987	0.373	-1.58	-5.411

1495958217994	0.229	-5.545	-4.405

1495958218004	1.024	-11.099	-7.134

1495958218016	2.25	-17.89	-7.154

1495958218025	0.067	-19.604	-4.817

1495958218036	-7.106	-19.604	-2.241

1495958218045	-8.303	-19.604	4.941

1495958218057	-6.723	-18.139	6.531

1495958218065	-5.612	-12.919	1.465

1495958218074	-4.185	-11.626	0.861

1495958218086	-2.183	-11.837	1.063

1495958218095	-0.201	-11.818	1.934

1495958218104	0.9	-11.569	2.48

1495958218116	0.794	-11.492	3.763

1495958218126	-0.153	-11.406	4.625

1495958218140	-1.455	-11.099	6.34

1495958218146	-3.083	-9.902	6.732

1495958218165	-4.29	-8.054	5.746

1495958218167	-4.434	-5.363	3.974

1495958218175	-4.194	-3.246	2.758

1495958218187	-3.639	-1.992	1.685

1495958218194	-3.102	-0.737	1.245

1495958218204	-2.557	0.153	0.612

1495958218216	-1.781	0.258	0.0

1495958218225	-1.091	-0.325	-1.292

1495958218236	-0.928	-1.024	-1.446

1495958218244	-1.015	-1.388	-0.756

1495958218254	-1.187	-1.187	0.747

1495958218264	-2.758	-1.723	2.403

1495958218274	-4.597	-2.633	5.286

1495958218287	-5.056	-3.265	7.652

1495958218303	-2.557	-4.453	4.079

1495958218305	-2.461	-7.374	-2.317

1495958218316	-0.229	-10.707	-1.446

1495958218325	0.239	-14.653	0.421

1495958218336	-2.796	-19.077	1.781

1495958218344	-3.696	-19.604	0.747

1495958218354	-3.227	-19.604	-0.756

1495958218366	-1.953	-19.604	-1.723

1495958218376	0.498	-19.604	-0.842

1495958218392	2.126	-19.604	2.461

1495958218396	2.308	-19.02	6.866

1495958218406	2.423	-17.286	6.981

1495958218418	1.283	-17.066	3.955

1495958218430	-0.593	-17.411	0.507

1495958218438	-2.834	-18.11	0.038

1495958218445	-4.3	-18.119	2.288

1495958218456	-4.223	-16.913	2.959

1495958218464	-5.181	-15.859	1.206

1495958218474	-4.405	-15.811	1.292

1495958218486	-3.85	-15.926	-1.398

1495958218495	-2.25	-15.582	-0.948

1495958218507	0.747	-13.024	-0.134

1495958218515	3.304	-9.701	-0.938

1495958218525	5.449	-2.777	-0.909

1495958218536	4.549	-0.191	-0.747

1495958218544	2.892	1.608	0.239

1495958218554	2.355	3.313	1.225

1495958218564	2.47	4.989	2.279

1495958218575	2.346	6.148	2.834

1495958218589	1.992	6.148	2.595

1495958218596	1.235	5.047	2.346

1495958218606	0.469	4.597	1.522

1495958218622	-0.268	4.252	0.928

1495958218626	-1.216	3.007	0.383

1495958218638	-2.729	0.852	0.747

1495958218644	-5.171	-1.934	2.116

1495958218654	-7.613	-4.98	4.041

1495958218664	-8.772	-8.169	7.326

1495958218674	-10.688	-12.392	16.568

1495958218686	-11.396	-16.846	18.934

1495958218695	-5.526	-18.589	17.775

1495958218705	1.541	-19.604	-1.733

1495958218716	8.38	-19.604	-18.675

1495958218725	10.362	-15.763	-5.2

1495958218738	10.707	-1.79	7.862

1495958218744	7.029	0.306	-11.77

1495958218754	2.499	-0.679	-9.117

1495958218765	-0.555	-3.237	-7.125

1495958218775	-1.369	-8.696	-8.111

1495958218786	1.235	-15.572	-8.37

1495958218794	2.126	-19.604	-5.353

1495958218804	-3.706	-19.604	-2.537

1495958218815	-10.333	-19.604	5.353

1495958218825	-7.163	-19.451	8.82

1495958218836	-4.788	-15.016	5.056

1495958218845	-4.175	-11.645	2.901

1495958218861	-4.328	-11.55	0.411

1495958218864	-2.882	-12.076	0.249

1495958218874	-0.344	-12.297	1.254

1495958218886	2.145	-11.53	3.275

1495958218894	2.672	-10.63	3.419

1495958218910	1.81	-10.372	3.754

1495958218917	0.076	-10.707	5.42

1495958218927	-1.925	-10.008	5.937

1495958218938	-3.61	-8.705	5.679

1495958218945	-5.181	-7.594	4.625

1495958218955	-5.018	-5.65	4.166

1495958218967	-3.179	-3.323	3.17

1495958218975	-2.423	-0.766	2.279

1495958218987	-1.982	0.392	1.11

1495958218994	-1.426	0.747	-0.411

1495958219004	-1.379	0.488	-1.379

1495958219016	-1.513	0.038	-1.264

1495958219025	-2.269	0.162	-0.517

1495958219038	-3.648	-0.555	1.446

1495958219044	-5.918	-1.81	4.51

1495958219055	-6.426	-3.189	6.704

1495958219065	-5.008	-3.687	5.305

1495958219074	-3.055	-6.263	1.417

1495958219086	-2.193	-9.241	-3.361

1495958219094	-3.323	-14.854	-4.711

1495958219104	-1.235	-19.307	3.696

1495958219115	-1.666	-19.604	2.796

1495958219125	-0.028	-19.604	2.02

1495958219136	2.116	-19.604	-0.718

1495958219145	5.458	-19.604	-3.045

1495958219155	7.594	-19.604	-0.43

1495958219164	5.784	-19.546	2.106

1495958219174	2.308	-17.861	5.899

1495958219186	0.459	-17.104	3.466

1495958219194	-3.342	-18.483	-1.091

1495958219204	-9.155	-19.326	-3.035

1495958219216	-10.075	-19.537	2.739

1495958219227	-7.632	-18.589	2.672

1495958219237	-7.795	-18.033	-1.101

1495958219245	-6.905	-17.305	-1.292

1495958219254	-2.576	-16.319	-0.699

1495958219264	1.34	-13.877	-0.162

1495958219274	3.217	-10.343	-0.344

1495958219289	6.052	-6.684	-1.426

1495958219296	6.282	-3.074	-2.202

1495958219305	6.301	-0.881	-0.766

1495958219317	4.348	0.498	-0.181

1495958219336	3.486	2.624	0.411

1495958219337	3.007	5.181	1.762

1495958219344	2.7	7.316	1.877

1495958219354	2.375	7.556	1.934

1495958219364	1.915	6.953	1.972

1495958219374	1.704	6.742	1.963

1495958219386	1.494	6.349	0.996

1495958219394	1.063	4.932	0.22

1495958219404	-0.373	2.604	-0.057

1495958219418	-5.65	-2.729	1.867

1495958219425	-8.255	-5.985	6.014

1495958219437	-9.04	-10.285	9.95

1495958219445	-10.285	-14.892	18.694

1495958219455	-10.803	-17.88	19.087

1495958219465	-5.267	-17.162	11.722

1495958219474	4.022	-19.604	-4.443

1495958219486	14.059	-19.604	-19.422

1495958219494	17.152	-19.604	1.58

1495958219505	12.392	-9.519	2.288

1495958219516	13.925	-0.325	4.874

1495958219525	6.378	0.603	-3.265

1495958219536	1.015	-0.584	-8.6

1495958219544	-1.379	-2.595	-6.972

1495958219554	-1.81	-7.202	-7.642

1495958219564	0.957	-12.957	-7.939

1495958219574	3.486	-18.914	-7.814

1495958219589	1.369	-19.604	-5.305

1495958219594	-7.355	-19.604	-1.091

1495958219607	-9.797	-19.604	8.063

1495958219616	-8.561	-18.119	5.142

1495958219625	-6.828	-13.053	2.997

1495958219636	-4.127	-10.448	0.536

1495958219644	-1.838	-10.965	0.565

1495958219655	0.296	-10.946	2.164

1495958219665	0.976	-9.538	2.853

1495958219674	0.919	-9.165	3.696

1495958219688	0.124	-9.902	3.687

1495958219694	-1.426	-10.218	4.223

1495958219705	-2.691	-9.059	5.209

1495958219715	-4.127	-7.891	5.133

1495958219725	-4.644	-6.435	5.047

1495958219737	-4.759	-4.415	5.085

1495958219746	-4.319	-2.997	4.491

1495958219756	-3.782	-2.212	3.629

1495958219777	-3.141	-1.11	2.739

1495958219778	-2.777	-0.354	0.871

1495958219787	-2.269	-0.181	-0.727

1495958219794	-2.241	0.067	-1.8

1495958219804	-2.48	-0.277	-1.733

1495958219816	-3.83	-0.67	-0.258

1495958219825	-5.727	-1.168	2.873

1495958219836	-6.589	-2.097	5.066

1495958219845	-5.688	-3.409	4.29

1495958219857	-3.486	-9.797	-1.426

1495958219864	-4.166	-14.404	-2.509

1495958219874	-2.116	-19.297	7.02

1495958219889	0.191	-19.604	4.941

1495958219895	2.873	-19.604	2.796

1495958219908	7.47	-19.604	0.296

1495958219916	11.511	-19.604	-3.773

1495958219926	10.86	-19.585	-4.357

1495958219937	7.671	-17.88	-0.392

1495958219945	4.118	-15.754	3.457

1495958219955	0.21	-15.658	5.315

1495958219965	-2.719	-17.267	4.223

1495958219975	-6.55	-19.23	1.11

1495958219986	-8.667	-19.604	1.13

1495958219994	-8.293	-19.374	2.968

1495958220005	-7.096	-18.167	2.93

1495958220015	-4.031	-17.009	2.336

1495958220025	-2.461	-15.85	0.517

1495958220037	-2.126	-14.758	-2.241

1495958220053	-0.344	-13.503	-2.25

1495958220055	0.967	-11.971	-0.249

1495958220065	2.097	-9.222	-0.009

1495958220074	3.409	-6.636	-1.197

1495958220086	4.07	-1.187	-0.574

1495958220094	3.112	0.612	0.239

1495958220104	2.164	2.039	0.584

1495958220116	1.388	3.466	1.206

1495958220125	1.58	4.759	1.972

1495958220136	1.417	5.66	2.279

1495958220145	0.967	5.458	2.154

1495958220155	0.622	5.334	2.078

1495958220164	0.766	5.305	1.896

1495958220174	0.976	4.348	1.043

1495958220189	-0.277	2.126	0.047

1495958220195	-2.355	-0.766	0.268

1495958220205	-5.008	-3.562	2.106

1495958220217	-7.431	-7.211	3.553

1495958220236	-8.715	-11.205	8.973

1495958220237	-9.682	-16.376	19.23

1495958220244	-10.142	-19.585	19.604

1495958220254	-4.74	-19.604	18.263

1495958220264	-1.101	-19.604	-8.561

1495958220274	6.579	-19.604	-19.614

1495958220286	10.592	-10.496	-15.859

1495958220298	19.604	9.308	18.052

1495958220305	11.741	5.554	-7.996

1495958220315	3.457	2.26	-12.469

1495958220325	-0.191	0.67	-7.623

1495958220336	-1.177	-4.328	-7.479

1495958220345	0.373	-12.632	-7.479

1495958220354	0.067	-19.508	-4.616

1495958220364	-8.38	-19.604	-5.631

1495958220375	-14.988	-19.604	6.387

1495958220389	-9.05	-19.068	10.18

1495958220395	-5.458	-13.197	3.572

1495958220406	-4.012	-9.481	1.072

1495958220429	-3.447	-9.845	-1.273

1495958220432	-1.695	-11.339	-1.992

1495958220437	0.306	-12.019	-0.095

1495958220444	2.451	-12.172	3.524

1495958220454	2.786	-12.182	4.759

1495958220464	2.202	-12.306	3.964

1495958220474	0.229	-12.67	3.888

1495958220488	-1.963	-12.239	5.985

1495958220496	-3.821	-11.54	6.905

1495958220510	-5.554	-10.103	4.836

1495958220516	-5.238	-7.843	3.629

1495958220525	-4.462	-7.843	3.39

1495958220537	-3.735	-1.666	2.346

1495958220544	-2.509	-0.22	1.216

1495958220554	-2.221	0.536	0.402

1495958220564	-2.365	0.603	-0.306

1495958220574	-3.141	0.545	-0.603

1495958220586	-3.955	0.344	-0.747

1495958220595	-4.673	-0.067	-0.162

1495958220605	-6.138	-0.679	1.513

1495958220615	-7.527	-1.369	3.974

1495958220625	-6.991	-2.509	4.472

1495958220636	-4.472	-4.395	2.02

1495958220645	-2.576	-7.7	-1.005

1495958220654	-1.934	-10.86	-3.38

1495958220664	-2.614	-16.147	-1.752

1495958220675	-0.861	-19.604	6.263

1495958220689	2.279	-19.604	4.606

1495958220695	3.821	-19.604	2.949

1495958220708	6.799	-19.604	0.019

1495958220716	10.745	-19.604	-2.355

1495958220725	11.645	-19.604	-0.996

1495958220738	7.24	-19.575	0.612

1495958220744	3.629	-18.685	1.608

1495958220754	-0.488	-18.866	1.426

1495958220765	-5.219	-19.604	1.072

1495958220775	-8.207	-19.604	3.074

1495958220786	-7.479	-19.537	4.395

1495958220794	-6.129	-18.407	2.863

1495958220804	-4.06	-16.539	1.254

1495958220816	-2.384	-15.074	-0.392

1495958220825	-0.756	-13.12	-1.752

1495958220837	-0.134	-11.693	-2.049

1495958220845	0.996	-10.419	-0.823

1495958220855	2.145	-8.284	-0.488

1495958220864	2.557	-5.842	-1.082

1495958220874	2.959	-3.131	-0.967

1495958220886	2.863	-0.747	-0.632

1495958220894	1.762	1.264	-0.239

1495958220909	1.034	3.074	-0.086

1495958220915	1.063	5.535	0.699

1495958220925	1.149	7.46	1.905

1495958220943	0.986	7.652	2.47

1495958220945	0.498	7.383	1.992

1495958220955	0.047	7.23	1.992

1495958220965	-0.526	6.186	0.823

1495958220975	-2.978	0.507	1.733

1495958220987	-5.573	-2.662	3.763

1495958220995	-7.278	-6.196	6.742

1495958221005	-7.996	-10.333	8.83

1495958221017	-10.008	-16.386	17.612

1495958221025	-10.898	-19.604	19.604

1495958221038	-9.969	-19.604	18.493

1495958221044	-3.409	-19.604	-7.527

1495958221055	10.975	-19.604	-19.614

1495958221065	16.53	-12.402	-11.09

1495958221074	19.604	0.67	12.919

1495958221086	19.441	7.01	8.791

1495958221094	9.462	5.736	-10.046

1495958221104	2.221	3.035	-10.486

1495958221118	-0.938	-0.565	-7.709

1495958221126	-1.168	-7.288	-10.755

1495958221137	1.283	-15.447	-9.874

1495958221144	-0.507	-19.604	-5.19

1495958221155	-10.017	-19.604	-2.518

1495958221164	-13.867	-19.604	7.355

1495958221174	-7.498	-19.374	8.561

1495958221187	-6.091	-14.432	0.9

1495958221194	-3.409	-10.63	-1.149

1495958221207	-0.986	-10.611	-0.785

1495958221216	1.494	-11.444	2.48

1495958221225	2.499	-12.143	5.42

1495958221236	1.877	-12.392	4.434

1495958221244	0.114	-12.766	2.719

1495958221254	-2.681	-13.101	3.735

1495958221264	-5.209	-12.728	5.42

1495958221274	-7.029	-11.166	5.497

1495958221286	-7.767	-8.274	5.669

1495958221295	-6.598	-4.731	6.273

1495958221305	-5.391	-2.652	4.999

1495958221316	-4.06	-1.513	2.174

1495958221325	-1.867	-0.277	0.498

1495958221338	-0.095	0.268	0.114

1495958221344	1.283	0.718	0.421

1495958221354	0.325	0.249	0.699

1495958221364	-1.245	-0.019	1.053

1495958221375	-2.288	-0.143	1.302

1495958221387	-3.035	-0.229	1.551

1495958221394	-4.376	-1.034	2.442

1495958221404	-6.713	-2.116	3.016

1495958221416	-5.296	-5.449	2.183

1495958221426	-4.51	-8.763	0.996

1495958221438	-7.47	-14.308	-4.041

1495958221445	-3.007	-18.234	5.65

1495958221455	-0.402	-19.604	5.794

1495958221465	1.283	-19.604	2.825

1495958221477	3.715	-19.604	0.804

1495958221488	8.284	-19.604	-3.562

1495958221494	12.095	-19.604	-3.505

1495958221504	10.257	-19.604	-0.038

1495958221515	6.225	-19.585	3.495

1495958221525	3.409	-18.215	5.209

1495958221536	0.861	-17.679	4.29

1495958221545	-2.154	-18.847	2.384

1495958221555	-4.443	-19.106	2.949

1495958221565	-6.215	-18.512	2.231

1495958221575	-7.747	-17.698	1.379

1495958221589	-8.581	-18.081	0.469

1495958221599	-5.257	-17.114	-0.871

1495958221605	-4.549	-15.62	-2.336

1495958221616	-3.476	-13.829	-0.229

1495958221625	-3.476	-11.463	-0.277

