1496870245413	-0.75153214	1.64162	4.880096

1496870245420	-0.5540901	1.1746603	5.01652

1496870245430	0.64575005	2.880762	4.8867574

1496870245441	0.9773514	4.1678658	4.339062

1496870245450	0.27378097	3.4642951	3.3148148

1496870245460	-0.45590195	1.7015721	2.4084733

1496870245470	-0.54636294	0.3261391	2.1160405

1496870245480	-0.30642152	-0.47881696	2.1978416

1496870245490	-0.15707435	-1.0820677	2.356115

1496870245500	-0.04143352	-1.4431121	2.4596324

1496870245510	0.150413	-1.5772715	2.2556622

1496870245520	0.6739941	-2.0157208	1.9349854

1496870245530	0.77871037	-2.142286	1.4845457

1496870245542	0.69144684	-1.90008	0.9980016

1496870245550	0.48094857	-1.4473754	0.54636294

1496870245560	0.20397016	-1.0230483	0.2017053

1496870245570	-0.11990408	-0.7176925	-0.045696776

1496870245580	-0.49080735	-0.31734613	-0.27804422

1496870245590	-0.9544364	0.5802025	-0.5726086

1496870245600	-1.4114043	1.6721289	-0.96096456

1496870245610	-1.4419131	1.7833734	-1.3241407

1496870245620	-1.1256329	0.92499334	-1.6132427

1496870245630	-0.6838529	0.07194245	-1.8216094

1496870245640	-0.1329603	-0.29229948	-1.9305888

1496870245650	0.47228885	-0.004263256	-1.8717027

1496870245662	0.5452971	0.5671463	-1.4954703

1496870245670	0.11337597	0.49733546	-0.972955

1496870245681	-0.5103917	-0.37410071	-0.34572342

1496870245691	-1.184519	-1.3569145	0.45696777

1496870245700	-1.8335998	-1.8029577	1.2957634

1496870245710	-2.2306156	-2.5491607	2.2447376

1496870245720	0.67732483	0.027178258	2.722622

1496870245732	1.0983213	7.2002397	2.7617905

1496870245742	-1.6885159	7.7402077	1.7953637

1496870245750	-1.5139889	4.2551293	0.5486278

1496870245761	0.093791634	2.3571808	-0.46349588

1496870245770	1.1975753	0.9805489	-1.0209166

1496870245780	1.6525446	-0.42965627	-1.3317347

1496870245790	1.3503864	-1.5019984	-1.7049028

1496870245800	0.79403144	-2.2110312	-2.3843591

1496870245810	0.2813749	-2.9068744	-3.2046363

1496870245820	-0.019584332	-3.6137757	-3.665068

1496870245830	-0.18758327	-3.81668	-3.746869

1496870245842	-0.6806555	-3.4817479	-3.861311

1496870245850	-1.1037836	-2.3168132	-4.0849986

1496870245862	-1.0885957	-0.71875834	-4.2278175

1496870245872	-0.8387956	0.57593924	-4.263789

1496870245880	-0.45696777	1.2881695	-4.2223554

1496870245890	0.042499334	1.2827072	-4.1384225

1496870245900	0.4864109	0.46029842	-4.0402346

1496870245911	0.759126	-0.71329606	-3.5864642

1496870245921	1.3449241	-0.8714362	-3.1785238

1496870245930	1.5924593	-0.75472957	-3.0214496

1496870245942	1.5520917	-1.1965095	-3.1119106

1496870245950	1.1136425	-1.7747135	-3.223288

1496870245960	0.4373834	-2.1532109	-3.1512125

1496870245970	-0.2769784	-2.4814816	-2.8610444

1496870245980	-0.91513455	-2.844791	-2.4345856

1496870245991	-1.0743406	-2.7411404	-1.869571

1496870246002	-0.6140421	-2.4192646	-0.98934186

1496870246010	-0.09046096	-2.690914	0.16906475

1496870246020	0.30748734	-3.0290434	1.184519

1496870246030	0.6434852	-2.963629	1.6687983

1496870246042	0.722089	-2.4629629	1.7114309

1496870246050	0.71982414	-1.4233946	1.5903277

1496870246060	0.8791633	-0.002131628	1.451772

1496870246070	1.1344258	1.3710365	1.3405275

1496870246082	1.1746603	2.0266454	1.3962164

1496870246090	1.0798029	1.9818811	1.557554

1496870246100	1.1354916	1.8935518	1.6580069

1496870246110	1.2728484	2.0495603	2.0190513

1496870246120	1.1975753	2.3386624	2.424727

1496870246131	0.65880626	1.8651745	2.977751

1496870246142	0.127498	1.2042366	3.5766053

1496870246150	0.26711965	1.5913936	4.1318946

1496870246160	0.759126	2.5306423	4.512523

1496870246170	1.0667466	3.1446843	4.6695976

1496870246180	0.87263525	3.071676	4.636957

1496870246190	0.23554489	2.5796697	4.332534

1496870246200	-0.402478	2.1902478	3.7119637

1496870246210	-0.7580602	2.0571542	2.917799

1496870246220	-0.78310686	1.9448441	2.249134

1496870246230	-0.6882494	1.5478284	1.9273914

1496870246241	-0.6085798	0.89221954	1.8662404

1496870246251	-0.4416467	0.26831868	1.8607781

1496870246260	-0.15480949	-0.3141487	1.8172129

1496870246270	0.16466826	-0.8846256	1.6666666

1496870246280	0.4308553	-1.315481	1.3733014

1496870246290	0.5551559	-1.5074607	0.98814285

1496870246301	0.51918465	-1.4364508	0.5900613

1496870246310	0.42206234	-1.1714628	0.26392218

1496870246320	0.27378097	-0.3555822	-0.21702638

1496870246334	-0.15161204	0.54209965	-0.51265657

1496870246341	-0.92819077	1.6241673	-0.8714362

1496870246351	-1.4311218	1.85425	-1.2402078

1496870246360	-1.3884892	1.1987743	-1.5848655

1496870246370	-1.0623502	0.34678924	-1.8990141

1496870246380	-0.6325606	-0.2246203	-2.172795

1496870246392	-0.11990408	-0.22248867	-2.3069544

1496870246400	0.5824674	0.41340262	-2.1040502

1496870246410	1.0972556	0.85731417	-1.3852918

1496870246420	1.0688782	0.45696777	-0.22688515

1496870246431	0.3490541	-0.699174	1.2641886

1496870246441	-0.7907008	-1.2619238	2.630962

1496870246450	-1.8216094	-0.077404745	3.2395418

1496870246460	-2.5077271	1.0175859	3.023581

1496870246470	-2.3975487	0.093791634	2.4040768

1496870246481	-1.3426592	-1.2685851	1.8029577

1496870246491	0.8932854	1.4976019	1.1834532

1496870246500	0.9456435	3.5766053	0.7504663

1496870246510	-1.1048495	0.6096456	0.3555822

1496870246520	0.3784972	0.38276047	0.27378097

1496870246532	0.6838529	2.2164934	-0.042499334

1496870246541	0.61191046	4.1743937	-0.5114575

1496870246550	-0.030508926	4.083933	-1.1212363

1496870246560	-1.8706368	0.33160138	-1.786704

1496870246570	-1.4648281	-1.4822809	-2.2404742

1496870246580	-0.31521448	-2.1717293	-2.6286972

1496870246590	-0.13522515	-3.4010124	-3.223288

1496870246600	0.18651745	-3.2712498	-3.7195578

1496870246610	0.5267786	-2.3735678	-4.083933

1496870246620	0.55622166	-1.4801493	-4.3598456

1496870246630	0.6478817	-0.56501466	-4.4950705

1496870246641	0.7492673	0.013056221	-4.5726085

1496870246650	0.6270983	-0.18758327	-4.644551

1496870246660	0.3141487	-1.092859	-4.6641355

1496870246670	-0.018518519	-2.2447376	-4.6107116

1496870246680	-0.5301092	-2.8359978	-4.659872

1496870246691	-0.8998135	-1.9034106	-4.6586733

1496870246700	0.18864909	1.3121502	-4.08713

1496870246710	1.6164402	2.585132	-2.9952037

1496870246720	1.6241673	-0.6937117	-2.8675725

1496870246730	0.7252864	-2.2895017	-2.818545

1496870246742	-0.27378097	-3.3082867	-2.652811

1496870246751	-1.1714628	-4.042366	-2.364775

1496870246761	-1.5707434	-3.952971	-1.8346657

1496870246770	-0.9969358	-2.6112444	-0.7721822

1496870246780	-0.052358113	-1.6775912	0.64455104

1496870246791	0.49626964	-1.984146	1.7713829

1496870246801	0.72861713	-2.9003463	2.2775114

1496870246810	0.88129497	-3.1196377	2.2382095

1496870246820	1.1321609	-1.9993339	1.9873434

1496870246830	1.3819611	-0.2017053	1.832534

1496870246841	1.3874234	1.3546497	1.9197975

1496870246850	1.2673861	2.136824	2.1477485

1496870246860	1.3764988	2.477085	2.2928324

1496870246870	1.5913936	2.9156675	2.3439915

1496870246880	1.6830536	3.4173994	2.485878

1496870246890	1.6807888	3.6115108	2.8370638

1496870246900	1.6710632	3.2821743	3.358513

1496870246910	1.4790834	2.060485	3.9268584

1496870246920	1.0972556	1.3034905	4.71223

1496870246930	1.2881695	2.6843858	5.0154543

1496870246940	1.3285372	3.8427925	5.211697

1496870246950	0.9008793	4.0467625	4.978284

1496870246960	0.2693845	3.071676	4.2835064

1496870246970	-0.23447908	1.5859313	3.5067945

1496870246981	-0.5082601	0.40674126	2.9276578

1496870246990	-0.6522782	-0.13082866	2.6406875

1496870247002	-0.7721822	0.03157474	2.5207834

1496870247010	-0.73834264	0.35984546	2.4280577

1496870247020	-0.51478815	0.2933653	2.2829735

1496870247030	-0.21809219	-0.18105516	2.0146549

1496870247041	0.039168663	-0.76458836	1.6426859

1496870247050	0.24966693	-1.1681322	1.2248868

1496870247060	0.34359178	-1.3089528	0.7875033

1496870247070	0.2748468	-1.3197442	0.45257127

1496870247080	0.13415934	-1.2282175	0.24540368

1496870247090	-0.09046096	-0.89661604	0.016253663

1496870247100	-0.5856648	-0.04023448	-0.36970425

1496870247110	-1.1910472	0.8943512	-0.8649081

1496870247120	-1.2227551	0.9128697	-1.6807888

1496870247130	-0.6926459	-0.17985612	-2.0026646

1496870247141	0.06314948	-0.108979486	-2.189182

1496870247150	0.7624567	0.35771382	-2.182654

1496870247160	0.96522784	0.8659739	-1.9404477

1496870247170	0.71982414	1.1464162	-1.4244604

1496870247180	0.3097522	0.8289369	-0.759126

1496870247190	-0.18651745	-0.021715961	0.09046096

1496870247200	-0.6565414	-0.45803356	1.1180389

1496870247210	-1.1779909	0.117772445	1.8880895

1496870247220	-1.7593925	1.2728484	2.0779376

1496870247232	-2.189182	1.7735145	1.7637889

1496870247240	-2.1717293	0.41340262	1.314282

1496870247250	-1.632827	-1.3721023	0.91953105

1496870247261	0.5584865	0.99480414	0.37183586

1496870247270	2.2982948	5.2652545	0.2748468

1496870247280	-0.22248867	1.710365	0.9532374

1496870247291	-0.17013057	-1.3918198	1.4997336

1496870247300	0.46682653	-1.2324806	1.4397815

1496870247310	0.45150545	0.84425795	0.97948307

1496870247320	-0.99480414	3.223288	-0.66200376

1496870247330	-1.7844391	1.4605649	-1.5564882

1496870247341	-1.1769252	-0.35438317	-2.3756995

1496870247350	-0.22248867	-1.6241673	-3.1173728

1496870247360	0.6314948	-2.2415402	-3.717426

1496870247371	1.2423395	-2.203304	-4.1165733

1496870247380	1.5478284	-1.9404477	-4.3598456

1496870247390	1.6208366	-1.5663469	-4.478684

1496870247400	1.398348	-0.99360514	-4.5474286

1496870247410	0.7864375	-0.47881696	-4.593259

1496870247420	-0.16466826	-0.47335464	-4.579137

1496870247430	-0.9172662	-1.1310952	-4.4296565

1496870247442	-1.2860378	-1.8804955	-4.219158

1496870247450	-1.961231	-1.4539036	-4.3718357

1496870247460	-1.9448441	1.7724487	-4.569278

1496870247470	0.19197975	5.373168	-4.134026

1496870247480	1.6361578	4.2158275	-3.5166533

1496870247490	1.7156941	0.515854	-3.1665335

1496870247500	1.9076738	-2.105116	-3.0803356

1496870247510	2.1324275	-3.2744472	-3.0618172

1496870247521	0.46789235	-3.4533706	-2.5676792

1496870247530	-0.7252864	-2.424727	-2.1466827

1496870247541	-1.3209432	-2.3614442	-1.557554

1496870247550	-0.9260591	-1.664535	-0.6554756

1496870247560	0.10031974	-0.782041	0.63042897

1496870247570	0.5572875	-1.7114309	1.9208633

1496870247580	0.49520382	-3.2483346	2.6843858

1496870247591	0.6108447	-3.17093	2.6919796

1496870247600	1.0242473	-1.5237143	2.340794

1496870247610	1.3634425	0.61617374	2.0430322

1496870247620	1.1998401	2.1040502	2.060485

1496870247630	0.78310686	2.4269917	2.2665868

1496870247642	0.6478817	2.3124168	2.386624

1496870247650	0.75472957	2.5796697	2.409539

1496870247660	0.85837996	3.1381562	2.3986144

1496870247670	0.9576339	3.3334665	2.4575007

1496870247680	1.2903011	2.9516387	2.6865175

1496870247690	1.7070343	2.1105783	3.115241

1496870247700	1.2576605	0.44937384	3.6377563

1496870247710	0.25406343	-1.094058	4.186384

1496870247720	1.0623502	-0.8005596	5.352518

1496870247730	1.2270184	1.7223555	5.5684786

1496870247741	0.8333333	2.3996801	5.1626697

1496870247750	0.21156408	2.2415402	4.32494

1496870247761	-0.33040234	1.5739409	3.5221157

1496870247770	-0.76125765	0.64455104	2.9385824

1496870247780	-1.0798029	-0.06314948	2.5185184

1496870247790	-1.2030376	0.020650147	2.1935785

1496870247800	-1.0820677	0.561684	1.982947

1496870247811	-0.81254995	0.88675725	1.8804955

1496870247820	-0.5486278	0.71875834	1.7549961

1496870247830	-0.3326672	0.2464695	1.4801493

1496870247842	-0.1438849	-0.28350654	1.0263789

1496870247851	-0.03810285	-0.6293632	0.44391152

1496870247862	-0.051159073	-0.8245404	-0.13522515

1496870247870	-0.10245137	-0.93804955	-0.62163603

1496870247880	-0.21156408	-0.8551825	-1.0514256

1496870247890	-0.43192112	-0.51265657	-1.4780176

1496870247900	-0.63042897	-0.2933653	-1.8390621

1496870247910	-0.653344	-0.5965894	-2.1193712

1496870247920	-0.33040234	-1.1212363	-2.6985078

1496870247930	-0.098054886	-0.804956	-2.9385824

1496870247941	0.5289102	0.6151079	-2.8916867

1496870247950	0.736211	1.8510525	-2.4421797

1496870247961	0.44497734	2.3658407	-1.6612043

1496870247970	-0.09698907	1.9579004	-0.5900613

1496870247980	-0.8028244	1.009992	0.7460698

1496870247990	-1.4845457	0.34785506	2.0560884

1496870248006	-2.1237676	0.36970425	2.7466028

1496870248012	-2.6887822	0.94897413	2.5632827

1496870248020	-2.8000267	0.35438317	1.832534

1496870248030	-2.2218225	-1.885958	1.0743406

1496870248041	-0.9740208	-2.440048	0.18864909

1496870248050	2.1171062	4.818012	-0.8190781

1496870248060	1.3994138	7.504663	-1.0350386

1496870248070	-0.25086597	1.7495337	-0.4886757

1496870248080	0.5301092	-1.2848388	0.1951772

1496870248090	1.1813216	-1.2128963	0.48747668

1496870248100	0.8377298	0.6129763	0.48427925

1496870248110	-0.83106846	1.4834799	0.42859045

1496870248120	-0.9925393	1.1855849	-0.45483613

1496870248130	-0.40354383	-0.93365306	-1.3994138

1496870248141	0.81588066	-1.8270717	-2.4608314

1496870248150	1.7789768	-2.3658407	-3.3486545

1496870248160	2.1498802	-2.4760191	-4.053291

1496870248170	2.0419664	-2.218625	-4.5703435

1496870248180	1.5369039	-1.823741	-4.8375964

1496870248190	0.8943512	-1.4419131	-4.796163

1496870248200	0.24433786	-1.375433	-4.539835

1496870248210	-0.39914736	-1.5488942	-4.2998934

1496870248220	-1.0198507	-1.6023182	-4.2911005

1496870248230	-1.4496403	-1.0776712	-4.529976

1496870248242	-1.0961897	1.1256329	-4.5572877

1496870248250	0.35438317	3.6464162	-4.0293097

1496870248260	1.4626966	3.4327204	-3.4970691

1496870248270	1.4637623	0.9925393	-3.2144952

1496870248280	0.9860112	-1.6710632	-3.0159872

1496870248290	0.46789235	-3.0279777	-2.7781775

1496870248300	-0.19304556	-3.1446843	-2.3669064

1496870248310	-0.86823875	-2.727951	-1.7768452

1496870248320	-1.1191047	-2.4814816	-0.2126299

1496870248330	-0.18318678	-2.6593392	0.81254995

1496870248343	0.35771382	-3.253797	1.7909672

1496870248350	0.6205702	-4.1329603	2.370237

1496870248360	0.7252864	-4.390354	2.4181988

1496870248370	0.94351184	-3.4872103	2.1858513

1496870248380	1.3089528	-1.5554223	1.9088728

1496870248391	1.5423661	0.76019186	1.7768452

1496870248400	1.2860378	2.318945	1.9698907

1496870248410	0.87370104	2.7640555	2.317879

1496870248420	0.8234745	3.047562	2.4661603

1496870248430	1.0154543	3.663869	2.410605

1496870248440	1.1975753	4.1079135	2.4684253

1496870248450	1.4496403	4.0413003	2.8982148

1496870248460	1.7005062	3.2624567	3.6464162

1496870248470	1.314282	1.4136691	4.4449773

1496870248480	0.5638156	-0.042499334	5.155076

1496870248490	0.61737275	0.97069013	5.746203

1496870248500	0.8987477	2.9810817	5.9720225

1496870248510	0.7765787	4.328271	5.4375167

1496870248520	0.38928857	4.12097	3.267919

1496870248530	-0.37183586	0.6282974	2.5306423

1496870248542	-0.6009859	-0.7122302	2.1641355

1496870248550	-0.6325606	-0.8148148	2.0419664

1496870248560	-0.48974153	-0.41660005	2.0178523

1496870248570	-0.18864909	-0.38822275	1.9076738

1496870248580	0.10245137	-0.8987477	1.6546763

1496870248590	0.29229948	-1.4277911	1.2663202

1496870248600	0.37410071	-1.4583	0.80708766

1496870248610	0.2933653	-1.1725286	0.34359178

1496870248620	0.0075939246	-0.9586997	0.004263256

1496870248630	-0.38502532	-0.86823875	-0.21596056

1496870248641	-0.69584334	-0.759126	-0.46349588

1496870248650	-0.8377298	-0.53770316	-0.8333333

1496870248661	-0.75153214	-0.48747668	-1.2990941

1496870248670	-0.45696777	-0.70023984	-1.7909672

1496870248680	-0.05995204	-0.90421	-2.2240875

1496870248690	0.25952572	-0.74380493	-2.5077271

1496870248702	0.34678924	-0.06861178	-2.5338397

1496870248710	0.16466826	0.9456435	-2.2741807

1496870248720	-0.13189448	1.8531841	-1.0492939

1496870248730	-0.45909938	1.6393552	-0.17452705

1496870248742	-0.42859045	1.0503597	0.7111644

1496870248750	-0.24966693	0.470024	1.5139889

1496870248761	-0.51478815	-0.33586463	2.0167866

1496870248770	-1.0907274	-0.6794564	2.0985878

1496870248780	-1.4921396	-0.7208899	1.7844391

1496870248790	-1.5281109	-1.3426592	1.124567

1496870248801	-1.3209432	-2.4629629	0.5736744

1496870248810	-0.9357847	-3.1512125	0.1438849

1496870248820	-0.33693045	-3.1207035	-0.33373302

1496870248830	0.99360514	-0.87263525	-1.2063682

1496870248842	1.0362377	1.7888356	-1.8826272

1496870248850	-0.18105516	1.9110045	-1.5444977

1496870248861	-0.12976286	0.34239274	-0.0119904075

1496870248871	1.1693312	-1.2499334	1.6317613

1496870248880	2.0899282	1.216227	1.7855049

1496870248890	1.3394618	6.413802	0.8529177

1496870248900	-0.33373302	9.221556	-0.5289102

1496870248910	-3.3639755	6.8446574	-2.1149747

1496870248920	-2.9320543	4.039169	-3.618039

1496870248930	0.19957368	-1.6372236	-4.012923

1496870248941	1.6296296	-3.7446043	-4.529976

1496870248950	2.172795	-5.380762	-5.2793765

1496870248960	1.7037038	-6.185851	-5.848788

1496870248970	1.1584066	-5.782174	-5.8923526

1496870248980	0.5355715	-4.6586733	-5.5466294

1496870248990	-0.17452705	-3.0061285	-4.8615775

1496870249000	-0.6827871	-1.1550759	-3.93765

1496870249010	-0.653344	0.9696243	-3.09992

