1495487736815	2.221	7.125	-0.363

1495487736816	1.628	7.7	0.335

1495487736818	0.593	8.226	0.67

1495487736827	-1.206	8.293	0.45

1495487736837	-2.509	8.198	0.708

1495487736854	-2.346	7.958	1.139

1495487736857	-2.135	7.709	1.503

1495487736870	-2.135	7.805	1.359

1495487736877	-1.848	8.035	1.043

1495487736891	-0.804	9.04	0.421

1495487736910	-0.316	9.395	0.086

1495487736911	0.124	9.787	-0.277

1495487736917	0.699	10.008	-0.526

1495487736927	1.235	10.285	-0.785

1495487736937	1.513	10.803	-0.498

1495487736960	1.494	11.674	-0.038

1495487736973	1.177	12.162	0.373

1495487736974	0.919	12.287	0.651

1495487736977	0.852	11.981	0.785

1495487736989	0.737	11.339	0.785

1495487736998	0.938	11.042	0.44

1495487737011	1.225	11.291	0.134

1495487737019	1.015	11.818	-0.028

1495487737027	0.785	12.469	-0.009

1495487737037	0.66	13.436	0.114

1495487737050	0.44	13.791	-0.028

1495487737057	0.727	13.561	-0.89

1495487737070	0.833	13.139	-1.58

1495487737077	1.388	12.967	-2.106

1495487737087	1.245	13.168	-1.235

1495487737097	0.584	13.35	-1.934

1495487737109	-0.095	12.909	-2.308

1495487737122	-0.957	12.23	-2.135

1495487737127	-2.241	11.664	-2.039

1495487737137	-2.988	10.975	-0.957

1495487737147	-3.696	11.243	0.507

1495487737157	-3.974	12.325	1.474

1495487737169	-4.28	14.729	1.896

1495487737186	-5.813	16.491	2.011

1495487737189	-8.083	16.798	0.632

1495487737197	-8.198	15.026	-1.35

1495487737207	-6.1	12.689	-2.595

1495487737220	-3.15	11.186	-2.375

1495487737227	-0.756	10.889	-2.691

1495487737237	0.785	11.013	-2.604

1495487737257	0.565	9.222	0.44

1495487737258	0.814	7.422	2.059

1495487737270	1.283	7.02	2.011

1495487737277	1.388	7.412	2.279

1495487737289	1.992	8.15	0.411

1495487737297	1.312	8.37	0.833

1495487737307	0.507	7.546	1.273

1495487737320	-0.632	7.058	1.561

1495487737336	-2.011	6.387	2.193

1495487737337	-2.93	6.052	2.547

1495487737347	-3.39	5.918	2.815

1495487737357	-3.304	5.861	3.179

1495487737369	-2.844	5.526	3.122

1495487737377	-2.921	5.152	3.112

1495487737392	-2.604	4.702	2.844

1495487737398	-1.666	4.185	2.279

1495487737407	-0.047	3.696	1.398

1495487737421	1.321	3.505	0.679

1495487737427	2.93	3.62	0.603

1495487737437	3.409	3.897	1.015

1495487737451	2.815	4.52	1.838

1495487737457	2.336	5.152	2.509

1495487737470	1.829	5.928	2.978

1495487737477	1.637	6.531	3.438

1495487737489	1.695	7.307	3.926

1495487737497	1.829	8.169	3.926

1495487737509	1.972	10.027	5.631

1495487737520	1.963	11.454	6.11

1495487737527	2.346	12.689	6.569

1495487737537	2.7	13.293	7.374

1495487737547	2.901	12.996	7.613

1495487737557	2.739	11.406	7.422

1495487737569	2.729	9.672	7.058

1495487737586	2.729	8.83	6.569

1495487737589	2.806	7.987	5.985

1495487737597	2.901	7.192	6.004

1495487737607	2.461	5.707	6.244

1495487737620	1.714	4.338	6.684

1495487737628	1.091	3.859	6.138

1495487737637	0.699	4.597	5.784

1495487737661	0.373	6.866	5.602

1495487737663	0.814	9.653	3.735

1495487737671	1.312	13.81	0.976

1495487737677	1.963	18.742	-2.039

1495487737688	1.216	19.614	-4.51

1495487737697	-1.225	19.614	0.249

1495487737707	-5.468	17.775	3.035

1495487737721	-2.901	7.336	1.541

1495487737727	-1.57	4.999	0.43

1495487737737	0.373	4.913	1.283

1495487737752	1.656	5.066	0.603

1495487737757	2.432	5.813	-1.359

1495487737770	2.94	6.866	-2.968

1495487737777	2.614	7.498	-2.959

1495487737799	1.829	7.431	-1.676

1495487737801	1.034	7.575	-0.679

1495487737807	0.057	8.485	-0.191

1495487737819	-0.909	10.151	0.737

1495487737827	-1.848	12.593	1.513

1495487737837	-2.384	15.553	1.484

1495487737847	-1.666	16.635	1.12

1495487737857	0.555	14.049	0.507

1495487737869	1.704	10.458	-0.124

1495487737897	2.183	7.881	-0.258

1495487737898	2.518	7.269	-0.928

1495487737902	2.901	7.336	-1.953

1495487737907	3.706	7.613	-2.26

1495487737920	3.016	7.719	-1.359

1495487737928	1.676	8.121	-0.612

1495487737940	0.239	8.782	-0.028

1495487737955	-1.369	9.385	-0.067

1495487737957	-2.509	9.318	-0.21

1495487737970	-2.327	8.734	-0.632

1495487737977	-1.628	8.389	-0.603

1495487737987	-2.432	8.322	0.737

1495487737997	-2.26	8.245	1.551

1495487738007	-1.963	8.332	1.771

1495487738050	-1.57	8.408	1.551

1495487738051	-0.679	8.801	0.153

1495487738052	0.028	9.117	-0.383

1495487738057	0.593	9.289	-0.641

1495487738069	1.235	9.433	-0.871

1495487738077	1.781	9.778	-0.852

1495487738093	1.676	10.573	-0.421

1495487738098	1.407	11.387	0.306

1495487738107	1.264	11.981	0.498

1495487738119	1.292	11.981	0.191

1495487738127	1.417	11.664	0.038

1495487738137	1.398	11.348	0.009

1495487738148	1.015	11.578	0.143

1495487738157	0.775	12.067	0.105

1495487738169	0.498	12.747	-0.134

1495487738177	0.354	13.589	-0.22

1495487738188	0.134	13.714	-0.162

1495487738199	0.373	13.197	-0.785

1495487738207	0.66	13.024	-1.446

1495487738223	0.842	12.919	-1.656

1495487738227	0.21	13.101	-1.695

1495487738237	-0.21	12.948	-2.087

1495487738247	-0.153	12.287	-2.423

1495487738258	-0.325	11.703	-2.384

1495487738272	-0.43	10.85	-1.925

1495487738277	-1.264	10.123	-1.915

1495487738288	-2.269	9.902	-1.283

1495487738297	-2.968	10.611	0.344

1495487738310	-3.591	12.067	1.81

1495487738320	-4.223	14.116	2.48

1495487738327	-5.133	16.214	0.842

1495487738337	-8.801	15.543	-1.484

1495487738347	-7.872	13.053	-2.355

1495487738357	-5.19	11.722	-2.135

1495487738369	-2.145	10.927	-2.423

1495487738381	-0.229	10.199	-2.212

1495487738389	0.881	10.64	-1.426

1495487738397	0.708	9.625	0.957

1495487738407	1.024	7.977	2.336

1495487738419	1.455	7.575	2.288

1495487738427	1.618	7.834	2.202

1495487738442	2.145	8.37	1.101

1495487738447	2.193	8.6	0.747

1495487738457	1.589	8.265	1.436

1495487738469	1.168	7.872	1.637

1495487738477	0.421	7.297	1.455

1495487738489	-0.814	6.407	1.925

1495487738497	-1.34	5.995	2.365

1495487738520	-2.174	5.487	3.093

1495487738521	-2.298	5.19	3.725

1495487738527	-2.212	4.836	3.284

1495487738537	-1.752	4.52	2.212

1495487738547	-1.12	3.677	1.618

1495487738557	-0.172	3.553	1.11

1495487738571	0.804	3.601	1.273

1495487738577	1.302	3.869	1.637

1495487738590	1.877	4.079	1.781

1495487738598	1.695	4.376	2.011

1495487738607	1.666	4.922	2.25

1495487738619	1.283	5.775	2.537

1495487738636	1.57	6.905	3.141

1495487738637	1.867	8.025	3.735

1495487738647	2.049	9.28	4.386

1495487738657	1.838	11.013	5.324

1495487738669	2.126	12.21	5.947

1495487738677	2.47	13.264	6.464

1495487738688	2.863	13.676	6.876

1495487738697	3.668	13.254	7.441

1495487738709	4.051	12.057	7.575

1495487738725	4.051	10.477	7.632

1495487738729	3.897	9.27	7.451

1495487738738	3.007	8.303	6.033

1495487738766	2.097	6.579	6.043

1495487738770	1.34	5.305	5.937

1495487738771	1.043	4.673	5.401

1495487738777	0.861	5.075	4.664

1495487738789	0.191	6.359	3.514

1495487738807	-0.392	7.977	1.953

1495487738808	-0.986	11.128	-0.957

1495487738819	-1.733	17.315	-5.746

1495487738827	-0.89	19.614	-6.885

1495487738837	-2.202	19.614	1.187

1495487738847	-6.598	18.962	3.581

1495487738857	-2.528	11.492	2.039

1495487738872	-0.287	6.378	-0.047

1495487738896	2.03	5.765	-0.306

1495487738897	1.953	6.004	-0.268

1495487738899	1.656	5.612	-0.718

1495487738907	1.283	4.587	-1.838

1495487738919	0.316	4.606	-2.394

1495487738927	0.067	4.884	-1.455

1495487738939	-0.095	5.506	-0.632

1495487738949	-0.325	8.475	0.201

1495487738961	0.076	11.032	0.842

1495487738969	-0.105	14.059	0.766

1495487738977	-0.498	17.439	0.134

1495487738989	0.143	17.21	0.258

1495487739002	1.513	13.436	-0.028

1495487739007	2.106	8.897	0.009

1495487739019	2.499	7.077	-0.574

1495487739027	3.217	6.943	-1.848

1495487739037	3.773	7.01	-2.106

1495487739047	3.696	6.876	-1.953

1495487739057	2.806	6.905	-1.091

1495487739069	1.925	7.364	-0.44

1495487739081	0.66	8.245	0.086

1495487739089	-0.957	8.906	-0.43

1495487739097	-2.614	8.954	-0.622

1495487739107	-3.725	8.676	-0.162

1495487739119	-2.988	8.667	0.727

1495487739128	-2.528	8.533	1.302

1495487739150	-2.451	8.523	1.829

1495487739152	-1.877	8.743	1.177

1495487739157	-1.149	9.28	0.383

1495487739171	-0.086	9.127	-0.708

1495487739177	0.842	9.155	-1.149

1495487739188	1.589	9.174	-1.541

1495487739202	2.059	9.51	-0.976

1495487739207	2.461	10.716	-0.574

1495487739221	2.097	11.942	0.067

1495487739227	1.465	12.574	0.651

1495487739237	1.321	12.316	0.699

1495487739247	1.34	11.483	0.44

1495487739257	1.034	10.812	0.373

1495487739269	0.737	10.917	0.526

1495487739296	0.622	11.444	0.814

1495487739298	0.411	11.961	0.89

1495487739300	0.498	12.201	0.756

1495487739307	0.833	12.584	0.162

1495487739319	1.187	13.427	-0.277

1495487739327	1.245	13.81	-0.66

1495487739337	0.239	13.159	-0.354

1495487739348	-0.727	12.201	-0.229

1495487739357	-0.948	11.31	-3.802

1495487739369	-1.254	11.128	-3.323

1495487739377	-1.503	11.674	-2.059

1495487739389	-1.79	12.105	-1.723

1495487739397	-2.327	12.67	-0.996

1495487739407	-2.49	13.838	0.785

1495487739419	-3.304	15.419	1.81

1495487739436	-4.204	17.056	1.283

1495487739437	-5.075	17.497	0.249

1495487739447	-5.324	16.664	0.019

1495487739457	-5.2	15.495	-0.928

1495487739471	-4.711	13.867	-2.212

1495487739477	-2.892	12.028	-2.796

1495487739501	-0.392	11.31	-2.873

1495487739502	0.67	11.071	-1.053

1495487739507	0.21	9.634	2.518

1495487739520	0.651	8.629	3.802

1495487739527	0.861	8.504	3.677

1495487739537	1.177	8.696	2.691

1495487739548	1.771	8.38	0.593

1495487739557	1.8	7.307	0.306

1495487739569	1.283	5.851	1.015

1495487739577	1.771	4.846	1.283

1495487739589	1.053	4.3	1.398

1495487739597	-0.191	4.252	2.059

1495487739608	-1.149	4.625	3.131

1495487739621	-1.857	4.778	3.572

1495487739627	-2.03	4.616	3.572

1495487739643	-1.379	4.127	2.892

1495487739647	-1.158	3.428	1.685

1495487739657	-0.976	2.825	0.718

1495487739669	-0.574	2.48	0.22

1495487739677	0.143	2.355	0.162

1495487739688	0.852	2.423	0.229

1495487739708	1.436	2.806	-0.019

1495487739709	1.896	3.304	0.057

1495487739722	1.944	3.945	0.421

1495487739727	1.436	5.391	1.12

1495487739737	1.398	7.441	2.03

1495487739747	1.532	9.567	2.863

1495487739757	1.743	12.89	3.687

1495487739769	1.091	15.955	5.526

1495487739787	0.67	19.115	9.203

1495487739788	2.164	16.683	8.858

1495487739798	3.553	13.082	7.23

1495487739807	3.821	9.854	5.64

1495487739819	3.945	7.92	4.194

1495487739827	4.692	6.694	3.495

1495487739837	4.683	6.091	3.332

1495487739848	2.892	6.273	3.763

1495487739857	2.164	7.23	4.731

1495487739870	2.269	8.303	5.056

1495487739882	2.47	10.707	4.989

1495487739893	3.352	15.036	3.093

1495487739898	4.204	19.479	-2.403

1495487739925	5.2	19.614	-6.981

1495487739926	2.221	19.614	-1.915

1495487739927	-2.853	15.62	2.614

1495487739937	-6.215	6.004	3.821

1495487739947	-8.006	1.426	3.438

1495487739972	-6.004	0.814	3.476

1495487739974	-1.608	1.426	2.097

1495487739989	0.287	3.457	-5.056

1495487740007	0.708	4.529	-6.387

1495487740008	1.359	8.006	-4.673

1495487740021	1.015	10.803	-3.064

1495487740027	-0.277	12.115	-2.174

1495487740037	-1.024	14.653	-0.162

1495487740051	-0.861	19.135	1.676

1495487740057	-1.034	19.527	2.336

1495487740069	0.44	16.424	2.097

1495487740077	3.399	11.732	1.522

1495487740088	4.501	8.207	0.086

1495487740097	4.769	6.416	-1.254

1495487740120	5.688	5.909	-1.972

1495487740121	6.464	6.368	-2.126

1495487740127	6.033	6.387	-1.647

1495487740137	4.462	6.732	-1.264

1495487740147	2.739	7.69	-0.239

1495487740157	0.565	8.696	0.0

1495487740170	-1.81	9.04	-0.383

1495487740177	-3.696	8.983	-0.459

1495487740190	-2.844	8.648	0.201

1495487740198	-2.777	8.427	0.814

1495487740207	-2.844	8.322	1.58

1495487740220	-2.652	8.475	2.126

1495487740227	-2.403	8.897	2.087

1495487740237	-1.915	9.376	1.532

1495487740247	-0.9	9.644	0.526

1495487740270	0.239	9.529	-0.354

1495487740271	1.292	9.337	-0.967

1495487740277	2.231	9.174	-1.388

1495487740288	2.566	9.356	-1.494

1495487740298	2.442	9.95	-1.235

1495487740307	1.896	11.109	-0.526

1495487740323	1.197	11.894	0.057

1495487740329	0.785	12.0	0.277

1495487740338	0.622	11.76	-0.201

1495487740348	0.306	11.607	-0.679

1495487740366	0.229	11.885	-0.833

1495487740370	-0.047	12.364	-1.168

1495487740377	-0.268	13.676	-1.312

1495487740387	-0.392	14.538	-0.976

1495487740399	0.134	13.551	-1.072

1495487740407	0.66	13.206	-1.235

1495487740430	1.656	12.919	-1.417

1495487740431	1.465	13.044	-1.465

1495487740437	1.57	12.948	-1.628

1495487740447	0.699	12.364	-2.097

1495487740457	-0.44	12.095	-2.537

1495487740469	-1.561	11.291	-1.628

1495487740478	-2.451	10.199	-1.197

1495487740501	-3.62	9.979	-1.091

1495487740502	-4.788	11.099	0.086

1495487740507	-4.74	12.651	1.043

1495487740520	-5.506	14.93	1.34

1495487740527	-7.939	16.07	1.551

1495487740537	-9.893	15.677	0.996

1495487740547	-9.059	13.963	-0.143

1495487740557	-7.0	12.258	-1.972

1495487740569	-4.903	11.08	-2.729

1495487740581	-2.068	9.577	-1.934

1495487740587	0.076	9.481	-2.174

1495487740598	1.388	9.452	-0.727

1495487740607	2.202	8.389	2.461

1495487740621	1.379	8.226	2.547

1495487740628	1.197	8.552	1.685

1495487740637	0.66	8.236	1.934

1495487740655	0.45	8.15	1.637

1495487740657	0.191	7.47	1.426

1495487740669	-0.373	7.182	1.79

1495487740677	-0.469	6.818	2.183

1495487740690	-0.057	6.273	2.518

1495487740699	-0.038	5.669	3.131

1495487740707	-0.565	5.19	3.562

1495487740719	-1.417	4.846	4.443

1495487740727	-1.35	4.395	4.539

1495487740737	-1.206	3.687	3.811

1495487740747	-0.651	2.921	2.624

1495487740770	0.44	2.432	1.637

1495487740771	1.091	2.355	0.766

1495487740777	1.8	2.518	0.584

1495487740787	1.905	2.863	1.35

1495487740799	2.001	3.629	2.279

1495487740807	2.059	3.897	2.844

1495487740820	1.953	4.204	4.06

1495487740827	2.126	6.617	4.654

1495487740838	2.796	8.284	5.277

1495487740847	3.763	10.544	5.717

1495487740857	4.434	13.417	5.813

1495487740876	4.577	16.587	5.966

1495487740883	5.152	18.799	6.205

1495487740887	4.146	18.847	6.981

1495487740899	3.505	16.309	7.881

1495487740908	2.892	13.168	7.767

1495487740921	1.091	10.898	7.46

1495487740929	-0.478	9.692	6.713

1495487740952	-0.852	10.027	5.631

1495487740953	0.009	11.655	3.668

1495487740957	-0.909	13.072	1.743

1495487740970	-2.681	13.609	0.22

1495487740978	-2.585	12.383	0.928

1495487740992	-2.796	8.437	1.685

1495487740999	-3.438	5.602	0.45

1495487741007	-2.767	4.644	-0.794

1495487741020	-2.614	4.654	-0.67

1495487741027	-1.494	5.267	0.038

1495487741037	-0.411	7.843	-0.517

1495487741047	0.699	9.222	-1.12

1495487741058	1.915	10.889	-2.049

1495487741069	2.767	12.22	-2.537

1495487741078	2.279	12.153	-1.857

1495487741087	1.81	12.364	-0.478

1495487741098	1.532	12.881	0.785

1495487741107	1.034	12.603	1.091

1495487741119	0.948	12.297	1.216

1495487741140	1.302	11.799	1.292

1495487741142	1.886	10.41	1.043

1495487741147	2.25	9.174	0.651

1495487741157	2.355	8.236	0.43

1495487741170	2.566	7.297	0.229

1495487741178	2.796	6.885	-0.287

1495487741187	3.227	6.972	-0.603

1495487741197	2.959	7.508	-0.967

1495487741209	2.518	8.36	-1.139

1495487741222	1.503	9.366	-1.302

1495487741227	1.503	9.404	-1.302

1495487741237	-1.762	9.538	-0.067

1495487741247	-0.948	9.28	0.114

1495487741270	-0.852	8.743	0.057

1495487741271	-1.254	8.073	0.153

1495487741278	-1.321	7.585	0.478

1495487741287	-1.723	7.412	1.082

1495487741298	-1.905	7.537	1.656

1495487741307	-1.704	8.265	1.666

1495487741319	-1.11	9.04	1.245

1495487741327	-0.612	9.49	0.517

1495487741337	0.421	9.481	0.0

1495487741349	1.245	9.289	-0.622

1495487741358	1.79	9.414	-1.369

1495487741395	2.26	9.778	-1.446

1495487741400	2.25	10.697	-0.938

1495487741402	1.934	11.818	0.019

1495487741405	1.867	12.22	0.478

1495487741408	1.905	12.297	0.344

1495487741419	1.857	12.105	0.316

1495487741427	1.723	11.866	0.335

1495487741439	1.273	11.655	0.258

1495487741447	0.478	12.105	-0.21

1495487741457	0.201	13.111	-0.306

1495487741472	0.344	13.647	-0.076

1495487741478	0.478	13.522	-0.181

1495487741487	0.881	13.484	-0.699

1495487741502	1.072	13.379	-1.273

1495487741508	0.823	13.101	-1.733

1495487741519	0.22	12.68	-2.298

1495487741527	-0.191	12.162	-2.394

1495487741537	0.201	11.243	-2.451

1495487741547	-0.488	10.333	-2.547

1495487741558	-1.283	9.557	-2.518

1495487741569	-2.355	9.376	-1.992

1495487741577	-3.275	10.429	0.363

1495487741587	-3.974	12.689	2.25

1495487741598	-5.056	15.668	3.419

1495487741607	-7.192	17.545	2.71

1495487741619	-10.008	17.334	0.555

1495487741636	-10.161	15.189	-0.785

1495487741637	-7.297	13.063	-1.972

1495487741647	-4.233	11.655	-2.911

1495487741657	0.038	9.807	-2.135

1495487741669	0.67	10.247	0.651

1495487741679	1.618	9.337	2.624

1495487741687	1.359	8.485	4.012

1495487741699	1.685	8.523	2.614

1495487741715	1.676	8.159	1.34

1495487741721	1.79	8.14	1.005

1495487741727	1.79	7.872	0.622

1495487741737	1.656	7.537	0.651

1495487741747	1.034	7.039	1.072

1495487741757	0.574	6.33	1.608

1495487741772	0.009	5.746	2.164

1495487741777	-0.928	5.353	2.959

1495487741790	-1.771	5.334	3.15

