1496591466310	1.877	8.236	-1.781

1496591466312	1.877	8.236	-1.781

1496591466313	1.743	7.767	-1.302

1496591466313	1.561	7.364	-0.833

1496591466314	1.139	7.01	-0.383

1496591466318	1.513	7.336	-0.842

1496591466319	1.656	7.565	-1.743

1496591466347	1.915	8.006	-1.992

1496591466348	2.164	8.159	-1.992

1496591466349	2.547	8.447	-1.934

1496591466354	3.064	8.743	-1.867

1496591466373	3.217	8.925	-1.35

1496591466374	3.217	8.925	-1.35

1496591466389	3.045	8.533	-0.871

1496591466407	2.834	7.508	0.325

1496591466409	2.834	7.508	0.325

1496591466411	2.806	7.23	0.478

1496591466421	3.208	6.675	-0.679

1496591466432	4.376	6.598	-2.327

1496591466461	7.278	6.541	-3.112

1496591466468	6.799	6.79	-3.409

1496591466471	5.123	6.79	2.308

1496591466498	4.051	7.374	5.966

1496591466500	4.051	7.374	5.966

1496591466504	2.892	7.814	3.668

1496591466525	5.717	12.747	1.034

1496591466527	5.717	12.747	1.034

1496591466533	6.608	15.352	-1.015

1496591466605	-0.574	14.432	1.082

1496591466610	-0.574	14.432	1.082

1496591466612	-0.574	14.432	1.082

1496591466614	-0.574	14.432	1.082

1496591466626	-0.574	14.432	1.082

1496591466627	-0.574	14.432	1.082

1496591466646	-0.574	14.432	1.082

1496591466647	0.22	12.517	1.829

1496591466647	4.06	10.783	1.091

1496591466648	5.382	10.467	1.379

1496591466674	6.857	12.555	1.618

1496591466674	6.857	12.555	1.618

1496591466675	7.154	13.005	1.867

1496591466689	5.305	10.515	1.982

1496591466701	4.022	8.906	1.752

1496591466711	3.217	7.996	1.905

1496591466721	2.604	7.594	2.049

1496591466734	2.595	6.962	1.79

1496591466745	2.423	7.029	1.225

1496591466750	2.49	6.263	0.766

1496591466761	2.796	5.526	0.478

1496591466771	2.729	5.133	0.459

1496591466781	2.719	5.028	0.507

1496591466792	2.748	4.989	0.517

1496591466801	2.815	5.209	0.517

1496591466810	3.102	5.631	0.354

1496591466821	3.284	5.87	0.421

1496591466830	3.658	5.87	0.402

1496591466843	3.869	5.851	0.383

1496591466851	4.242	6.263	0.603

1496591466861	4.386	6.483	0.727

1496591466871	4.194	6.55	0.766

1496591466881	4.041	6.445	0.89

1496591466892	3.964	6.301	0.967

1496591466901	4.031	6.349	0.909

1496591466910	4.185	6.656	0.871

1496591466921	4.137	7.0	0.871

1496591466931	3.648	7.431	1.321

1496591466943	3.217	7.613	1.656

1496591466953	2.997	8.025	1.838

1496591466961	3.122	8.456	1.321

1496591466971	3.045	8.945	0.775

1496591466980	2.739	9.347	0.814

1496591466992	2.978	9.404	0.478

1496591467000	3.237	9.232	-0.009

1496591467010	3.39	8.945	-0.22

1496591467020	3.773	8.734	-0.067

1496591467031	3.917	8.581	0.038

1496591467054	4.386	8.332	-0.191

1496591467063	4.415	8.073	-0.21

1496591467071	4.415	7.824	0.134

1496591467081	4.376	7.69	0.325

1496591467093	3.936	7.403	1.091

1496591467111	3.648	7.46	1.723

1496591467120	3.284	7.719	2.269

1496591467130	3.141	8.533	2.825

1496591467142	2.164	11.32	4.166

1496591467151	2.298	12.115	3.639

1496591467160	1.934	13.618	1.139

1496591467170	1.589	13.896	-1.992

1496591467181	1.676	13.848	-4.482

1496591467194	2.03	14.93	-5.162

1496591467201	2.202	15.696	-5.382

1496591467211	1.072	14.509	-4.146

1496591467221	-1.043	13.398	-0.986

1496591467237	-1.187	15.304	1.063

1496591467247	3.342	18.397	-0.086

1496591467260	5.707	16.721	-0.928

1496591467270	5.736	13.973	-0.306

1496591467281	4.405	11.032	0.057

1496591467291	3.16	9.107	-0.565

1496591467301	2.375	8.772	-0.632

1496591467310	2.25	9.385	-0.9

1496591467320	1.934	10.324	-1.992

1496591467331	0.756	11.052	-2.767

1496591467384	-0.402	10.726	-4.003

1496591467385	-0.383	10.142	-3.926

1496591467387	-0.21	9.615	-2.806

1496591467392	0.124	9.079	-1.13

1496591467393	0.153	8.37	-0.373

1496591467401	0.191	7.623	-0.44

1496591467410	-0.038	7.048	-0.948

1496591467420	-0.143	6.445	-1.465

1496591467431	0.268	6.349	-1.494

1496591467446	0.967	6.876	-1.053

1496591467451	1.379	7.556	-0.584

1496591467460	1.953	8.676	0.038

1496591467474	2.212	9.471	0.268

1496591467480	2.193	9.931	0.287

1496591467494	1.666	9.692	-0.181

1496591467500	1.139	9.72	-0.67

1496591467515	0.21	8.916	-1.848

1496591467521	-0.794	8.437	-2.432

1496591467531	0.162	8.255	-2.269

1496591467545	1.647	8.887	-1.838

1496591467552	2.068	9.395	-1.101

1496591467561	2.269	9.711	-0.584

1496591467571	2.327	9.893	-0.44

1496591467580	2.528	9.912	-0.536

1496591467592	3.16	9.912	-0.823

1496591467600	3.754	9.787	-1.091

1496591467610	3.313	9.433	-1.216

1496591467620	2.557	8.696	-1.187

1496591467631	2.001	7.958	-1.245

1496591467642	1.599	7.575	-1.206

1496591467651	1.532	7.479	-1.072

1496591467662	1.695	7.565	-0.967

1496591467671	2.03	7.958	-1.053

1496591467680	2.317	8.418	-1.158

1496591467691	2.48	8.772	-1.407

1496591467701	2.509	8.945	-1.465

1496591467710	2.604	9.194	-1.436

1496591467721	2.624	9.299	-1.254

1496591467730	2.691	9.376	-1.158

1496591467744	2.231	8.619	-0.747

1496591467752	1.781	9.117	-0.526

1496591467761	1.608	9.127	-0.67

1496591467771	1.58	9.05	-1.082

1496591467781	1.963	9.222	-1.628

1496591467793	2.221	9.337	-1.867

1496591467801	2.164	9.155	-1.695

1496591467810	2.078	8.858	-1.187

1496591467820	2.26	8.686	-0.565

1496591467830	2.528	8.399	-0.229

1496591467844	2.892	7.977	-0.258

1496591467852	3.265	7.642	-0.095

1496591467861	3.237	7.69	0.517

1496591467871	3.313	8.59	0.986

1496591467880	3.668	10.161	0.287

1496591467894	3.802	11.368	-0.306

1496591467902	3.629	11.684	-0.392

1496591467911	2.691	11.205	1.024

1496591467923	2.068	12.603	3.84

1496591467932	1.34	13.953	4.242

1496591467949	0.574	15.514	4.309

1496591467962	-0.45	18.503	-0.89

1496591467970	-2.212	19.192	-0.919

1496591467981	-3.514	18.34	-1.015

1496591467997	-4.051	17.171	-0.67

1496591468008	-3.304	16.329	0.584

1496591468011	-1.58	16.204	1.541

1496591468026	-0.306	16.137	1.838

1496591468031	-0.277	14.892	1.379

1496591468045	0.296	13.091	1.465

1496591468053	1.666	12.172	1.426

1496591468062	2.557	11.186	2.288

1496591468070	2.71	9.663	2.786

1496591468080	2.547	9.05	2.135

1496591468090	2.442	8.81	1.407

1496591468100	1.608	7.91	1.762

1496591468111	1.34	6.924	1.886

1496591468120	1.254	6.177	1.838

1496591468130	1.426	6.062	1.723

1496591468145	1.177	6.177	2.078

1496591468151	1.168	6.301	1.992

1496591468161	1.273	6.416	1.867

1496591468171	1.637	6.799	1.656

1496591468181	1.934	7.087	1.551

1496591468192	2.183	7.288	1.379

1496591468201	2.279	7.422	1.072

1496591468211	2.355	7.556	0.814

1496591468220	2.279	7.556	0.727

1496591468230	2.413	7.623	0.699

1496591468244	2.317	7.671	0.804

1496591468252	2.221	7.862	1.005

1496591468261	2.183	8.15	1.13

1496591468270	2.193	8.456	1.139

1496591468281	2.375	8.705	1.072

1496591468291	2.604	8.878	0.996

1496591468305	3.064	9.356	1.015

1496591468321	3.323	9.5	0.881

1496591468331	3.275	9.634	1.024

1496591468343	3.419	9.634	1.072

1496591468351	3.15	9.653	1.235

1496591468361	3.102	9.529	1.369

1496591468371	3.131	9.462	1.302

1496591468381	3.189	9.577	0.996

1496591468393	3.131	9.615	0.67

1496591468401	3.189	9.567	0.612

1496591468410	3.179	9.51	0.823

1496591468420	3.591	9.519	0.833

1496591468430	3.926	9.586	0.833

1496591468444	4.166	9.701	0.881

1496591468455	4.089	9.826	0.919

1496591468461	3.974	9.749	0.986

1496591468472	3.869	9.557	0.967

1496591468481	3.715	9.251	1.091

1496591468498	3.275	8.638	1.12

1496591468512	3.007	8.523	1.015

1496591468521	2.758	8.504	0.89

1496591468531	2.585	8.629	0.804

1496591468543	2.317	8.897	0.957

1496591468551	2.202	8.897	1.082

1496591468561	2.154	9.232	1.149

1496591468571	2.174	9.27	1.158

1496591468580	2.212	9.395	1.149

1496591468595	2.241	9.548	1.11

1496591468601	2.355	9.749	1.024

1496591468614	2.442	10.534	0.737

1496591468621	2.432	10.439	0.976

1496591468632	2.566	10.764	0.842

1496591468643	2.633	11.147	0.67

1496591468653	2.844	11.387	0.526

1496591468660	3.371	11.837	0.277

1496591468671	3.974	12.373	-0.143

1496591468680	4.079	13.091	-0.268

1496591468692	3.696	13.379	-0.287

1496591468700	4.07	13.35	-0.593

1496591468715	4.893	12.268	-0.191

1496591468721	5.056	10.515	0.622

1496591468731	4.185	8.945	1.13

1496591468748	1.484	8.274	1.58

1496591468751	0.986	8.274	2.202

1496591468763	0.43	9.452	1.972

1496591468771	-0.162	9.739	0.603

1496591468780	-0.507	9.759	-0.287

1496591468793	-0.181	9.615	-0.679

1496591468801	-0.038	9.778	-1.082

1496591468811	0.181	10.036	-1.407

1496591468820	0.392	10.199	-1.704

1496591468831	0.44	10.075	-2.049

1496591468846	0.249	9.931	-2.423

1496591468857	-0.105	9.835	-2.834

1496591468863	-0.881	9.519	-3.735

1496591468871	-1.292	9.366	-3.821

1496591468881	-1.273	9.021	-2.595

1496591468895	-1.494	8.992	0.383

1496591468910	-2.174	8.973	1.235

1496591468920	-2.49	9.05	0.21

1496591468931	-1.541	9.462	-1.637

1496591468943	0.938	9.864	-2.585

1496591468954	1.273	10.324	-1.781

1496591468961	1.235	10.496	-0.708

1496591468971	1.302	10.803	-0.134

1496591468981	1.57	11.052	-0.287

1496591468991	1.781	11.195	-0.469

1496591469001	1.963	11.071	-0.507

1496591469010	2.039	10.266	-0.574

1496591469020	2.059	9.356	-0.814

1496591469030	1.972	8.705	-0.861

1496591469044	1.446	8.245	-0.593

1496591469052	1.197	8.389	-0.067

1496591469061	1.541	8.858	0.028

1496591469071	1.704	9.174	-0.143

1496591469081	1.254	9.376	0.019

1496591469094	1.091	9.567	0.565

1496591469101	1.101	9.672	0.718

1496591469111	1.58	9.807	0.517

1496591469120	1.857	9.826	0.325

1496591469130	1.867	9.749	0.076

1496591469143	0.603	9.404	-0.383

1496591469161	1.034	9.069	-0.919

1496591469171	1.158	8.887	-1.053

1496591469181	1.522	8.801	-0.842

1496591469194	1.369	8.648	-0.383

1496591469201	0.9	8.284	0.038

1496591469211	0.344	7.757	0.105

1496591469221	0.325	7.805	-0.047

1496591469231	0.67	8.274	-0.239

1496591469247	1.149	8.858	-0.555

1496591469260	1.139	9.002	-0.593

1496591469270	0.919	8.964	-0.488

1496591469280	0.526	8.887	-0.469

1496591469291	0.421	8.983	-0.565

1496591469301	0.287	9.012	-0.679

1496591469311	0.277	8.945	-0.842

1496591469321	0.402	9.146	-0.986

1496591469331	0.565	9.376	-0.881

1496591469346	0.593	8.772	-0.105

1496591469353	0.488	8.092	0.402

1496591469373	0.488	8.092	0.67

1496591469374	1.177	7.46	0.526

1496591469381	1.398	7.316	0.277

1496591469392	1.331	7.182	0.229

1496591469401	1.551	7.211	0.584

1496591469410	2.011	7.412	0.861

1496591469420	2.327	7.575	-0.718

1496591469430	4.156	8.006	-2.154

1496591469441	5.631	8.475	-2.298

1496591469451	3.352	8.408	-1.043

1496591469461	1.206	7.843	1.053

1496591469471	1.235	7.154	3.064

1496591469481	2.901	7.345	4.223

1496591469491	4.118	7.632	4.702

1496591469500	4.041	7.996	5.037

1496591469510	2.403	8.466	5.047

1496591469521	2.145	10.362	3.237

1496591469531	2.796	12.909	1.12

1496591469544	3.198	17.353	-0.555

1496591469564	1.455	17.028	-0.009

1496591469571	-0.277	15.945	-2.442

1496591469581	-0.699	16.07	-0.507

1496591469594	-1.465	16.941	0.268

1496591469601	-1.082	17.258	-0.153

1496591469611	-1.743	16.118	-0.009

1496591469621	-1.963	14.442	0.852

1496591469631	-0.249	13.494	1.647

1496591469652	3.361	12.335	1.34

1496591469653	3.361	12.335	1.34

1496591469663	3.39	12.057	1.915

1496591469671	2.7	11.923	2.145

1496591469680	2.221	11.348	1.79

1496591469691	2.25	10.726	1.245

1496591469701	2.327	9.672	1.206

1496591469711	2.403	8.973	1.206

1496591469720	2.384	8.236	1.321

1496591469731	2.423	7.747	1.685

1496591469741	2.375	7.364	2.087

1496591469751	2.317	7.039	2.193

1496591469762	2.241	6.723	1.953

1496591469771	2.241	6.55	1.953

1496591469781	2.039	6.474	1.685

1496591469793	1.743	6.186	1.714

1496591469801	1.465	6.215	1.771

1496591469811	1.245	6.32	1.752

1496591469821	1.139	6.732	1.455

1496591469831	1.197	7.154	1.168

1496591469841	1.398	7.374	0.794

1496591469852	1.637	7.709	0.306

1496591469861	1.867	7.949	0.086

1496591469870	2.145	8.178	0.172

1496591469881	2.25	8.341	0.325

1496591469897	2.413	8.561	0.363

1496591469911	2.442	8.619	0.277

1496591469921	2.423	8.437	0.076

1496591469932	2.308	8.016	-0.134

1496591469952	2.174	7.46	0.028

1496591469963	1.541	7.412	0.737

1496591469971	1.513	7.795	1.972

1496591469981	1.513	8.514	1.896

1496591469992	1.426	9.251	1.886

1496591470000	1.541	9.845	1.781

1496591470010	1.283	10.582	2.049

1496591470020	0.9	10.87	2.106

1496591470031	0.785	10.774	2.116

1496591470041	0.727	10.17	2.087

1496591470051	1.273	9.663	1.992

1496591470062	2.011	9.471	1.743

1496591470071	2.25	9.356	1.58

1496591470081	2.25	9.318	1.13

1496591470093	2.461	9.318	0.612

1496591470101	2.691	9.251	0.287

1496591470111	2.557	8.791	0.517

1496591470121	2.499	8.504	0.43

1496591470131	2.423	8.14	0.43

1496591470143	1.628	8.312	-0.363

1496591470162	1.359	8.14	-0.526

1496591470171	1.101	7.949	-0.114

1496591470181	0.699	7.977	-0.009

1496591470197	1.283	10.391	1.206

1496591470201	1.714	13.245	-0.162

1496591470211	1.063	14.384	-1.513

1496591470221	-0.708	14.921	-2.94

1496591470234	-1.398	15.17	-4.194

1496591470245	-1.647	15.198	-4.539

1496591470251	-2.375	15.084	-3.524

1496591470261	-3.093	14.001	-0.976

1496591470270	-3.275	11.77	1.551

1496591470280	-2.384	10.084	2.269

1496591470291	-0.641	11.913	0.9

1496591470301	0.526	15.62	-0.622

1496591470311	1.57	17.909	-2.231

1496591470320	0.996	17.65	-3.514

1496591470332	0.938	14.844	-3.601

1496591470344	2.327	10.764	-0.344

1496591470362	1.513	9.682	-0.181

1496591470371	0.632	9.088	-1.589

1496591470381	0.565	8.916	-3.323

1496591470394	0.737	8.849	-4.731

1496591470401	0.411	8.925	-4.453

1496591470411	-0.565	9.002	-3.668

1496591470421	-1.187	9.299	-2.221

1496591470431	-1.292	8.935	-0.919

1496591470443	-0.718	8.887	-0.536

1496591470452	0.268	9.002	-0.296

1496591470461	1.206	9.098	-0.363

1496591470471	1.762	9.117	-0.383

1496591470481	1.925	9.069	-0.086

1496591470494	1.877	8.906	0.114

1496591470501	2.039	8.753	0.201

1496591470511	2.154	8.801	0.134

1496591470521	1.216	9.203	0.354

1496591470531	1.245	8.887	0.383

1496591470553	1.561	9.347	-0.421

1496591470554	1.561	9.347	-0.421

1496591470564	1.743	9.471	-0.814

1496591470571	1.637	9.098	-1.024

1496591470581	1.072	8.341	-1.053

1496591470592	-0.124	7.958	-1.168

1496591470601	0.105	8.456	-0.823

1496591470610	0.526	8.983	-0.363

1496591470620	0.814	9.462	-0.105

1496591470631	0.89	9.749	-0.028

1496591470641	0.919	9.692	-0.105

1496591470650	0.976	9.423	-0.287

1496591470662	0.928	9.088	-0.536

1496591470672	0.229	8.983	-0.593

1496591470681	0.507	8.753	-0.354

1496591470701	1.302	8.782	-0.296

1496591470711	1.857	8.916	-0.335

1496591470721	1.972	9.031	-0.316

1496591470731	1.896	9.222	-0.555

1496591470744	1.953	9.27	-0.861

1496591470752	1.886	9.021	-1.245

1496591470761	1.647	8.514	-1.513

1496591470770	1.292	7.881	-1.637

1496591470780	1.053	7.307	-1.331

1496591470795	0.967	6.11	-0.43

1496591470801	1.034	6.11	-0.881

1496591470811	1.197	6.828	-2.116

1496591470820	1.915	7.47	-3.227

1496591470831	2.451	7.565	-3.093

1496591470842	2.49	7.451	-1.838

1496591470852	2.059	7.364	-0.028

1496591470861	1.972	7.345	1.225

1496591470871	1.781	7.537	0.919

1496591470881	2.03	8.686	1.541

1496591470893	3.275	10.592	4.453

1496591470903	5.277	11.981	7.345

1496591470911	4.118	12.68	6.445

1496591470921	3.696	13.896	2.863

1496591470933	4.051	14.969	0.392

1496591470941	3.486	15.131	-0.622

1496591470952	2.403	14.643	-0.881

1496591470961	2.03	14.959	-0.737

1496591470970	1.072	16.673	0.89

1496591470980	0.095	18.119	0.105

1496591470992	-2.241	17.803	-1.091

1496591471011	-3.466	13.436	0.22

1496591471021	-3.447	11.904	2.509

1496591471031	-1.743	11.492	2.997

1496591471046	1.254	11.626	1.513

1496591471052	3.141	12.086	-0.517

1496591471061	3.294	12.095	-0.555

1496591471070	3.217	11.904	0.861

1496591471081	3.744	11.684	2.135

1496591471098	4.28	9.739	1.216

1496591471111	4.003	8.696	1.589

1496591471121	3.064	7.69	1.8

1496591471131	1.905	6.876	1.963

1496591471142	1.503	6.091	2.049

1496591471151	1.503	5.899	1.867

1496591471161	1.273	5.918	1.781

1496591471170	1.11	6.033	1.752

1496591471180	0.986	6.349	1.771

