1496007938567	0.067	-0.076	9.557

1496007938577	0.086	-0.057	9.557

1496007938580	0.057	-0.038	9.577

1496007938595	0.047	-0.067	9.567

1496007938599	0.038	-0.038	9.538

1496007938611	0.057	-0.047	9.605

1496007938619	0.105	-0.047	9.557

1496007938631	0.028	-0.019	9.538

1496007938650	0.047	-0.028	9.577

1496007938659	0.047	-0.019	9.577

1496007938672	0.067	-0.038	9.605

1496007938679	0.086	-0.009	9.577

1496007938691	0.057	-0.028	9.577

1496007938699	0.076	-0.038	9.586

1496007938709	0.067	-0.047	9.529

1496007938719	0.067	-0.038	9.605

1496007938729	0.076	-0.067	9.577

1496007938741	0.047	-0.057	9.548

1496007938749	0.038	-0.047	9.577

1496007938761	0.105	-0.067	9.586

1496007938771	0.067	-0.057	9.586

1496007938779	0.057	-0.047	9.577

1496007938793	0.076	-0.047	9.577

1496007938799	0.028	-0.028	9.567

1496007938809	0.076	-0.038	9.586

1496007938820	0.067	-0.019	9.586

1496007938829	0.057	-0.019	9.577

1496007938841	0.057	-0.028	9.519

1496007938849	0.057	-0.028	9.567

1496007938859	0.105	0.009	9.596

1496007938870	0.076	0.0	9.625

1496007938879	0.095	-0.038	9.577

1496007938891	0.067	-0.028	9.615

1496007938899	0.086	-0.067	9.548

1496007938909	0.076	-0.086	9.538

1496007938919	0.047	-0.076	9.5

1496007938931	0.047	-0.076	9.557

1496007938942	0.067	-0.067	9.538

1496007938949	0.038	-0.076	9.529

1496007938959	0.047	-0.047	9.557

1496007938969	0.057	-0.067	9.557

1496007938979	0.047	-0.028	9.538

1496007938994	0.057	0.0	9.557

1496007939000	0.076	-0.019	9.577

1496007939011	0.076	-0.009	9.577

1496007939019	0.057	-0.028	9.586

1496007939044	0.095	-0.038	9.625

1496007939046	0.086	-0.076	9.557

1496007939063	0.076	-0.057	9.557

1496007939065	0.086	-0.076	9.586

1496007939071	0.047	-0.038	9.577

1496007939092	0.057	-0.038	9.586

1496007939100	0.047	-0.038	9.586

1496007939109	0.057	-0.047	9.605

1496007939119	0.057	-0.038	9.577

1496007939129	0.038	-0.028	9.577

1496007939141	0.105	-0.047	9.577

1496007939149	0.076	-0.038	9.548

1496007939159	0.067	-0.047	9.596

1496007939170	0.076	-0.038	9.605

1496007939179	0.067	-0.047	9.567

1496007939191	0.095	-0.057	9.596

1496007939199	0.105	-0.038	9.605

1496007939209	0.067	-0.019	9.596

1496007939219	0.086	-0.028	9.557

1496007939229	0.067	-0.047	9.615

1496007939241	0.047	-0.019	9.577

1496007939249	0.067	-0.057	9.577

1496007939259	0.047	-0.047	9.586

1496007939269	0.057	-0.067	9.586

1496007939279	0.076	-0.057	9.567

1496007939292	0.067	-0.086	9.557

1496007939299	0.067	-0.067	9.586

1496007939309	0.086	-0.067	9.586

1496007939319	0.067	-0.038	9.577

1496007939329	0.067	-0.019	9.567

1496007939341	0.057	-0.009	9.577

1496007939349	0.076	-0.038	9.577

1496007939359	0.076	-0.028	9.605

1496007939370	0.076	-0.028	9.577

1496007939380	0.095	-0.047	9.605

1496007939394	0.076	-0.057	9.605

1496007939399	0.057	-0.047	9.567

1496007939409	0.038	-0.057	9.586

1496007939419	0.028	-0.038	9.529

1496007939429	0.047	-0.038	9.557

1496007939441	0.019	-0.019	9.567

1496007939449	0.067	-0.067	9.625

1496007939459	0.095	-0.067	9.596

1496007939477	0.057	-0.038	9.548

1496007939480	0.067	-0.019	9.519

1496007939494	0.047	-0.028	9.557

1496007939499	0.067	-0.038	9.577

1496007939510	0.047	-0.009	9.538

1496007939519	0.067	-0.019	9.548

1496007939529	0.057	-0.019	9.615

1496007939541	0.057	-0.047	9.557

1496007939549	0.067	-0.028	9.567

1496007939559	0.076	-0.038	9.605

1496007939570	0.086	-0.038	9.615

1496007939581	0.076	-0.047	9.605

1496007939592	0.047	-0.047	9.577

1496007939599	0.076	-0.057	9.567

1496007939609	0.057	-0.038	9.557

1496007939619	0.067	-0.038	9.557

1496007939630	0.047	-0.038	9.567

1496007939641	0.076	-0.047	9.586

1496007939649	0.057	-0.028	9.577

1496007939659	0.086	-0.057	9.625

1496007939671	0.105	-0.047	9.625

1496007939679	0.086	-0.047	9.567

1496007939693	0.076	-0.028	9.615

1496007939699	0.047	-0.019	9.567

1496007939709	0.076	-0.047	9.577

1496007939719	0.047	-0.047	9.605

1496007939733	0.067	-0.038	9.567

1496007939742	0.057	-0.038	9.577

1496007939749	0.057	-0.047	9.605

1496007939759	0.086	-0.047	9.625

1496007939771	0.076	-0.047	9.577

1496007939779	0.076	-0.057	9.557

1496007939791	0.086	-0.047	9.586

1496007939799	0.086	-0.067	9.557

1496007939811	0.114	-0.057	9.586

1496007939820	0.076	-0.028	9.596

1496007939829	0.076	-0.047	9.557

1496007939841	0.067	-0.019	9.577

1496007939849	0.047	-0.019	9.577

1496007939859	0.067	-0.019	9.586

1496007939869	0.047	-0.028	9.567

1496007939879	0.067	-0.047	9.577

1496007939891	0.047	-0.038	9.557

1496007939899	0.047	-0.028	9.577

1496007939909	0.038	-0.038	9.548

1496007939919	0.076	-0.028	9.596

1496007939929	0.057	-0.047	9.548

1496007939944	0.095	-0.057	9.567

1496007939949	0.067	-0.038	9.577

1496007939959	0.057	-0.038	9.577

1496007939970	0.095	-0.047	9.605

1496007939979	0.095	-0.057	9.577

1496007939992	0.057	-0.038	9.577

1496007939999	0.086	-0.038	9.605

1496007940009	0.105	-0.028	9.605

1496007940019	0.076	-0.057	9.596

1496007940029	0.067	-0.057	9.586

1496007940042	0.057	-0.038	9.586

1496007940049	0.067	-0.038	9.577

1496007940060	0.067	-0.067	9.577

1496007940070	0.076	-0.057	9.577

1496007940079	0.067	-0.047	9.596

1496007940096	0.067	-0.028	9.615

1496007940099	0.057	-0.047	9.586

1496007940109	0.057	-0.038	9.625

1496007940119	0.047	-0.038	9.577

1496007940129	0.086	-0.038	9.577

1496007940141	0.067	-0.019	9.586

1496007940149	0.086	-0.067	9.615

1496007940159	0.086	-0.057	9.625

1496007940170	0.076	-0.028	9.615

1496007940180	0.057	-0.057	9.567

1496007940191	0.086	-0.047	9.605

1496007940199	0.105	-0.067	9.605

1496007940210	0.076	-0.019	9.577

1496007940221	0.057	-0.057	9.567

1496007940234	0.067	-0.057	9.567

1496007940242	0.047	-0.067	9.596

1496007940251	0.095	-0.067	9.615

1496007940259	0.076	-0.047	9.596

1496007940271	0.067	-0.047	9.586

1496007940285	0.076	-0.028	9.615

1496007940291	0.086	-0.057	9.577

1496007940299	0.086	-0.038	9.567

1496007940309	0.057	-0.019	9.577

1496007940319	0.086	-0.038	9.586

1496007940329	0.086	-0.057	9.634

1496007940341	0.086	-0.057	9.586

1496007940353	0.095	-0.028	9.577

1496007940359	0.086	-0.057	9.596

1496007940371	0.067	-0.047	9.586

1496007940379	0.076	-0.047	9.625

1496007940391	0.067	-0.057	9.586

1496007940409	0.057	-0.047	9.596

1496007940419	0.057	-0.038	9.586

1496007940429	0.038	-0.047	9.586

1496007940441	0.067	-0.038	9.625

1496007940449	0.057	-0.028	9.577

1496007940459	0.076	-0.019	9.596

1496007940472	0.047	-0.038	9.567

1496007940483	0.095	-0.028	9.634

1496007940497	0.086	-0.019	9.596

1496007940507	0.095	-0.028	9.615

1496007940509	0.086	-0.038	9.586

1496007940519	0.047	-0.047	9.577

1496007940529	0.086	-0.047	9.519

1496007940544	0.086	-0.057	9.567

1496007940549	0.057	-0.067	9.557

1496007940559	0.095	-0.067	9.596

1496007940571	0.095	-0.086	9.596

1496007940580	0.076	-0.047	9.605

1496007940591	0.057	-0.038	9.567

1496007940599	0.086	-0.047	9.586

1496007940609	0.038	-0.009	9.548

1496007940619	0.019	-0.009	9.577

1496007940629	0.067	-0.009	9.577

1496007940641	0.057	-0.028	9.577

1496007940649	0.038	-0.019	9.557

1496007940661	0.076	-0.019	9.548

1496007940671	0.086	-0.028	9.605

1496007940679	0.095	-0.047	9.586

1496007940691	0.067	-0.047	9.557

1496007940699	0.114	-0.067	9.605

1496007940709	0.095	-0.076	9.577

1496007940719	0.086	-0.047	9.605

1496007940729	0.067	-0.047	9.577

1496007940741	0.067	-0.019	9.586

1496007940748	0.067	-0.028	9.605

1496007940759	0.047	-0.038	9.567

1496007940770	0.067	-0.028	9.586

1496007940779	0.047	-0.019	9.567

1496007940791	0.047	-0.067	9.586

1496007940799	0.038	-0.038	9.548

1496007940809	0.086	-0.047	9.577

1496007940819	0.057	-0.057	9.605

1496007940829	0.086	-0.047	9.586

1496007940844	0.047	-0.028	9.577

1496007940849	0.038	-0.038	9.548

1496007940859	0.057	-0.028	9.567

1496007940870	0.019	-0.019	9.567

1496007940879	0.076	-0.028	9.586

1496007940891	0.028	-0.028	9.567

1496007940899	0.057	-0.019	9.548

1496007940910	0.067	-0.009	9.577

1496007940919	0.076	-0.028	9.586

1496007940929	0.067	-0.047	9.567

1496007940941	0.057	-0.028	9.548

1496007940949	0.067	-0.057	9.577

1496007940959	0.057	-0.047	9.548

1496007940970	0.047	-0.019	9.577

1496007940983	0.067	-0.067	9.557

1496007941008	0.067	-0.047	9.548

1496007941010	0.067	-0.047	9.557

1496007941019	0.086	-0.047	9.605

1496007941029	0.057	-0.076	9.586

1496007941045	0.086	-0.028	9.577

1496007941050	0.076	-0.047	9.557

1496007941061	0.076	-0.038	9.596

1496007941070	0.038	-0.019	9.529

1496007941079	0.095	-0.057	9.519

1496007941091	0.047	-0.009	9.557

1496007941099	0.067	-0.009	9.615

1496007941111	0.047	-0.019	9.557

1496007941119	0.076	-0.038	9.577

1496007941129	0.057	-0.038	9.538

1496007941143	0.095	-0.028	9.586

1496007941149	0.076	-0.038	9.615

1496007941159	0.095	-0.067	9.567

1496007941171	0.095	-0.057	9.577

1496007941179	0.095	-0.057	9.557

1496007941191	0.114	-0.057	9.605

1496007941199	0.086	-0.086	9.557

1496007941209	0.086	-0.057	9.634

1496007941219	0.076	-0.038	9.557

1496007941229	0.057	-0.028	9.615

1496007941241	0.067	-0.019	9.577

1496007941249	0.067	-0.028	9.615

1496007941259	0.047	-0.009	9.548

1496007941270	0.038	-0.019	9.577

1496007941280	0.038	-0.028	9.596

1496007941293	0.047	-0.019	9.529

1496007941300	0.095	-0.028	9.586

1496007941309	0.095	-0.047	9.577

1496007941319	0.086	-0.057	9.577

1496007941329	0.095	-0.038	9.557

1496007941341	0.076	-0.057	9.577

1496007941349	0.086	-0.067	9.586

1496007941359	0.105	-0.067	9.615

1496007941369	0.067	-0.047	9.548

1496007941381	0.028	0.009	9.557

1496007941394	0.086	-0.019	9.586

1496007941399	0.047	-0.009	9.567

1496007941409	0.038	-0.019	9.557

1496007941419	0.028	-0.009	9.577

1496007941429	0.057	-0.028	9.577

1496007941441	0.086	-0.057	9.596

1496007941449	0.067	-0.038	9.605

1496007941462	0.047	-0.038	9.577

1496007941471	0.047	-0.057	9.567

1496007941479	0.095	-0.019	9.586

1496007941491	0.057	-0.057	9.596

1496007941499	0.076	-0.047	9.577

1496007941509	0.095	-0.028	9.625

1496007941520	0.076	-0.028	9.567

1496007941533	0.067	-0.028	9.596

1496007941545	0.076	-0.038	9.577

1496007941550	0.076	-0.009	9.605

1496007941559	0.086	-0.076	9.567

1496007941579	0.057	-0.047	9.605

1496007941619	0.076	-0.038	9.596

1496007941629	0.086	-0.038	9.586

1496007941630	0.095	-0.047	9.596

1496007941631	0.067	-0.038	9.586

1496007941640	0.047	-0.028	9.548

1496007941649	0.086	-0.047	9.567

1496007941659	0.067	-0.028	9.615

1496007941669	0.076	-0.038	9.625

1496007941681	0.105	-0.067	9.557

1496007941697	0.105	-0.057	9.567

1496007941699	0.067	-0.047	9.577

1496007941709	0.086	-0.038	9.596

1496007941719	0.067	-0.028	9.596

1496007941729	0.047	-0.038	9.548

1496007941741	0.057	-0.038	9.586

1496007941749	0.076	-0.057	9.557

1496007941759	0.047	-0.019	9.538

1496007941771	0.076	-0.038	9.567

1496007941779	0.047	-0.009	9.548

1496007941791	0.028	-0.028	9.567

1496007941799	0.038	-0.028	9.557

1496007941809	0.047	-0.019	9.557

1496007941819	0.028	-0.038	9.548

1496007941829	0.057	-0.047	9.567

1496007941847	0.076	-0.038	9.567

1496007941849	0.057	-0.038	9.557

1496007941859	0.086	-0.057	9.567

1496007941871	0.028	-0.019	9.519

1496007941879	0.038	-0.019	9.567

1496007941891	0.057	-0.019	9.538

1496007941899	0.057	-0.038	9.519

1496007941909	0.067	-0.009	9.596

1496007941919	0.0	-0.028	9.548

1496007941929	0.057	-0.038	9.567

1496007941941	0.076	-0.038	9.586

1496007941949	0.047	-0.038	9.596

1496007941959	0.057	-0.038	9.548

1496007941969	0.067	-0.047	9.567

1496007941979	0.095	-0.047	9.605

1496007941996	0.086	-0.028	9.634

1496007941999	0.086	-0.038	9.567

1496007942009	0.086	-0.057	9.605

1496007942020	0.057	-0.047	9.615

1496007942030	0.114	-0.067	9.615

1496007942047	0.076	-0.047	9.557

1496007942050	0.067	-0.047	9.567

1496007942060	0.076	-0.028	9.605

1496007942070	0.038	-0.028	9.557

1496007942079	0.086	-0.047	9.625

1496007942091	0.076	-0.057	9.548

1496007942099	0.076	-0.057	9.596

1496007942109	0.086	-0.076	9.615

1496007942119	0.086	-0.076	9.634

1496007942129	0.114	-0.057	9.567

1496007942142	0.086	-0.057	9.567

1496007942149	0.095	-0.028	9.577

1496007942159	0.076	-0.028	9.605

1496007942170	0.067	-0.038	9.586

1496007942180	0.067	-0.028	9.586

1496007942192	0.057	-0.009	9.586

1496007942199	0.047	-0.019	9.548

1496007942210	0.028	0.0	9.548

1496007942220	0.028	-0.009	9.577

1496007942229	0.019	-0.019	9.567

1496007942241	0.047	-0.057	9.586

1496007942249	0.057	-0.057	9.586

1496007942259	0.095	-0.076	9.577

1496007942269	0.076	-0.038	9.548

1496007942279	0.067	-0.067	9.548

1496007942293	0.076	-0.047	9.605

1496007942299	0.047	-0.038	9.529

1496007942309	0.028	-0.019	9.557

1496007942319	0.038	-0.028	9.557

1496007942329	0.038	0.009	9.605

1496007942341	0.057	-0.009	9.596

1496007942349	0.057	0.0	9.586

1496007942359	0.067	-0.019	9.557

1496007942374	0.038	-0.028	9.519

1496007942379	0.047	-0.057	9.557

1496007942392	0.067	-0.067	9.567

1496007942399	0.047	-0.038	9.51

1496007942409	0.076	-0.038	9.615

1496007942419	0.067	-0.057	9.548

1496007942429	0.028	-0.038	9.529

1496007942442	0.057	-0.009	9.577

1496007942450	0.067	-0.038	9.548

1496007942460	0.067	-0.038	9.596

1496007942472	0.067	-0.047	9.615

1496007942486	0.038	-0.038	9.519

1496007942492	0.067	-0.047	9.596

1496007942499	0.038	-0.038	9.567

1496007942509	0.047	-0.038	9.529

1496007942520	0.028	-0.047	9.538

1496007942529	0.086	-0.047	9.567

1496007942542	0.076	-0.047	9.567

1496007942549	0.067	-0.057	9.567

1496007942559	0.038	-0.038	9.538

1496007942571	0.076	-0.038	9.548

1496007942580	0.057	-0.038	9.586

1496007942597	0.076	-0.019	9.577

1496007942601	0.105	-0.047	9.577

1496007942609	0.067	-0.038	9.557

1496007942619	0.057	-0.038	9.557

1496007942629	0.057	-0.028	9.529

1496007942641	0.095	-0.076	9.596

1496007942649	0.067	-0.038	9.548

1496007942659	0.057	-0.047	9.586

1496007942671	0.038	0.0	9.586

1496007942679	0.067	-0.028	9.586

1496007942691	0.047	-0.028	9.557

1496007942699	0.047	-0.038	9.577

1496007942709	0.076	-0.067	9.615

1496007942719	0.076	-0.057	9.586

1496007942729	0.076	-0.038	9.557

1496007942741	0.076	-0.057	9.567

1496007942749	0.057	-0.057	9.577

1496007942759	0.067	-0.057	9.548

1496007942771	0.095	-0.057	9.605

1496007942779	0.086	-0.057	9.586

1496007942792	0.067	-0.038	9.596

1496007942799	0.076	-0.047	9.577

1496007942809	0.038	-0.019	9.577

1496007942819	0.067	-0.038	9.586

1496007942829	0.047	-0.038	9.548

1496007942841	0.038	-0.019	9.557

1496007942849	0.076	-0.028	9.615

1496007942860	0.047	-0.038	9.586

1496007942870	0.038	-0.028	9.548

1496007942879	0.047	-0.047	9.557

1496007942893	0.057	-0.028	9.577

1496007942899	0.086	-0.038	9.567

1496007942909	0.095	-0.038	9.586

1496007942919	0.114	-0.057	9.557

1496007942930	0.067	-0.038	9.557

1496007942941	0.067	-0.028	9.567

1496007942949	0.067	-0.028	9.577

1496007942959	0.038	-0.009	9.586

1496007942970	0.038	-0.019	9.548

1496007942979	0.067	-0.019	9.51

1496007943002	0.038	-0.009	9.596

1496007943007	0.038	-0.009	9.596

1496007943013	0.019	0.0	9.586

1496007943020	0.019	-0.009	9.567

1496007943029	-0.019	-0.028	9.538

1496007943046	0.019	-0.028	9.557

1496007943066	0.038	-0.028	9.548

1496007943069	0.057	-0.038	9.538

1496007943081	0.047	-0.057	9.577

1496007943082	0.086	-0.057	9.567

1496007943092	0.105	-0.038	9.567

1496007943099	0.086	-0.038	9.557

1496007943109	0.067	-0.038	9.577

1496007943119	0.057	-0.019	9.567

1496007943129	0.105	-0.038	9.586

1496007943157	0.057	-0.038	9.586

1496007943159	0.047	-0.038	9.548

1496007943170	0.028	-0.038	9.567

1496007943181	0.038	-0.028	9.586

1496007943190	0.047	-0.038	9.577

1496007943199	0.047	-0.057	9.605

1496007943209	0.038	-0.019	9.577

1496007943219	0.086	-0.047	9.596

1496007943229	0.038	-0.028	9.548

1496007943241	0.038	-0.019	9.577

1496007943249	0.057	-0.019	9.557

1496007943259	0.067	-0.038	9.634

1496007943269	0.057	0.0	9.577

1496007943280	0.076	-0.019	9.567

1496007943291	0.047	-0.019	9.567

1496007943307	0.076	-0.038	9.577

1496007943309	0.076	-0.047	9.567

1496007943319	0.057	-0.047	9.577

1496007943329	0.047	-0.057	9.529

1496007943341	0.076	-0.057	9.557

1496007943349	0.067	-0.057	9.615

1496007943359	0.067	-0.038	9.586

1496007943369	0.057	-0.057	9.577

1496007943380	0.038	-0.028	9.577

1496007943393	0.076	-0.028	9.615

1496007943399	0.057	-0.028	9.586

1496007943410	0.067	-0.028	9.586

1496007943419	0.076	-0.028	9.625

1496007943429	0.105	-0.038	9.615

1496007943444	0.086	-0.019	9.596

1496007943449	0.086	-0.047	9.625

1496007943460	0.086	-0.047	9.557

1496007943469	0.067	-0.028	9.567

1496007943481	0.076	-0.076	9.586

1496007943493	0.067	-0.038	9.577

1496007943499	0.086	-0.038	9.577

1496007943509	0.076	-0.047	9.538

1496007943519	0.057	-0.038	9.615

1496007943529	0.028	-0.038	9.529

