1496240554834	-0.003197442	-0.02504663	0.021715961

1496240554839	0.002131628	-0.07633893	0.032640554

1496240554844	0.00532907	-0.058886223	0.029443111

1496240554855	0.008659739	0.02824407	0.019584332

1496240554864	0.027178258	0.052358113	0.037037037

1496240554875	0.029443111	-0.010791367	0.022781774

1496240554884	-0.020650147	-0.052358113	0.009725553

1496240554895	0.010791367	-0.029443111	0.032640554

1496240554905	0.080602184	0.09698907	0.035971224

1496240554920	0.03157474	0.02504663	0.015187849

1496240554926	-0.04143352	-0.10578204	0.013056221

1496240554934	-0.001065814	-0.009725553	0.020650147

1496240554946	0.045696776	0.008659739	0.016253663

1496240554968	-0.018518519	-0.046895817	0.0119904075

1496240554978	0.018518519	0.002131628	0.015187849

1496240554984	0.004263256	0.008659739	0.02824407

1496240554997	0.0	0.03157474	0.018518519

1496240555005	0.014122035	0.045696776	0.02504663

1496240555016	-0.002131628	-0.026112443	0.019584332

1496240555026	-0.037037037	-0.070876636	0.017452704

1496240555037	-0.015187849	-0.034905408	0.014122035

1496240555044	0.054489743	0.09698907	0.034905408

1496240555054	0.06434852	0.09925393	0.023980815

1496240555065	-0.017452704	-0.034905408	0.008659739

1496240555075	-0.06541433	-0.09925393	-0.003197442

1496240555087	0.015187849	-0.0075939246	0.02824407

1496240555094	0.11337597	0.11231015	0.044630963

1496240555105	0.049027443	0.029443111	0.019584332

1496240555114	-0.06314948	-0.1624034	-0.003197442

1496240555126	-0.05009326	-0.13415934	0.04023448

1496240555135	0.069810815	0.09925393	0.04023448

1496240555144	0.111244336	0.11337597	0.03810285

1496240555155	0.013056221	-0.055555556	0.022781774

1496240555166	0.022781774	-0.12323475	0.034905408

1496240555175	0.057687182	0.077404745	0.032640554

1496240555185	0.03810285	-0.016253663	0.023980815

1496240555194	-0.013056221	-0.093791634	0.014122035

1496240555205	-0.021715961	-0.020650147	0.0119904075

1496240555214	0.033706367	0.034905408	0.021715961

1496240555225	0.06861178	0.05662137	0.029443111

1496240555234	0.029443111	0.002131628	0.022781774

1496240555244	-0.03810285	-0.13522515	0.010791367

1496240555255	-0.026112443	-0.043565147	0.008659739

1496240555264	0.07847056	0.111244336	0.033706367

1496240555274	0.06648015	0.08939515	0.029443111

1496240555285	-0.034905408	-0.080602184	0.013056221

1496240555294	-0.052358113	-0.10245137	0.009725553

1496240555304	0.002131628	0.026112443	0.019584332

1496240555315	0.04143352	0.062083665	0.014122035

1496240555326	0.00532907	-0.014122035	0.014122035

1496240555335	-0.02504663	-0.032640554	0.014122035

1496240555345	-0.001065814	0.02504663	0.016253663

1496240555355	0.021715961	0.022781774	0.02824407

1496240555373	-0.017452704	-0.026112443	0.004263256

1496240555375	0.0	-0.014122035	0.026112443

1496240555384	0.04023448	0.06434852	0.03157474

1496240555394	0.013056221	-0.014122035	0.0075939246

1496240555404	-0.003197442	-0.049027443	0.019584332

1496240555414	0.018518519	0.0119904075	0.027178258

1496240555428	0.029443111	-0.021715961	0.029443111

1496240555437	0.0065281107	-0.013056221	0.02504663

1496240555444	-0.00532907	-0.032640554	0.013056221

1496240555454	0.020650147	0.026112443	0.014122035

1496240555464	0.042499334	0.018518519	0.029443111

1496240555474	0.003197442	-0.06861178	0.017452704

1496240555484	-0.0075939246	-0.07633893	0.018518519

1496240555495	0.044630963	-0.004263256	0.018518519

1496240555505	0.029443111	0.004263256	0.017452704

1496240555515	0.013056221	-0.026112443	0.026112443

1496240555526	0.027178258	-0.021715961	0.020650147

1496240555534	0.0119904075	-0.02824407	0.016253663

1496240555544	-0.003197442	0.014122035	0.029443111

1496240555554	0.03157474	-0.004263256	0.02504663

1496240555564	-0.2519318	-0.013056221	0.010791367

1496240555574	-0.02504663	-0.034905408	0.019584332

1496240555585	0.04796163	0.08939515	0.032640554

1496240555594	0.035971224	0.067545965	0.030508926

1496240555604	-0.043565147	-0.12869704	0.0075939246

1496240555615	-0.057687182	-0.083932854	0.014122035

1496240555626	0.049027443	0.07513989	0.020650147

1496240555635	0.061017852	0.08606448	0.013056221

1496240555645	-0.02824407	-0.05662137	0.014122035

1496240555654	-0.057687182	-0.061017852	0.0119904075

1496240555664	0.008659739	0.014122035	0.022781774

1496240555675	0.037037037	0.02824407	0.030508926

1496240555684	-0.037037037	-0.026112443	0.0065281107

1496240555694	-0.06314948	-0.074074075	-0.004263256

1496240555705	0.04143352	0.07847056	0.032640554

1496240555714	0.06648015	0.14828138	0.033706367

1496240555725	-0.018518519	-0.06541433	-0.002131628

1496240555735	-0.055555556	-0.10471623	0.017452704

1496240555744	0.009725553	0.0	0.016253663

1496240555754	0.022781774	0.002131628	0.008659739

1496240555764	0.003197442	0.004263256	0.022781774

1496240555774	0.003197442	-0.042499334	0.009725553

1496240555784	-0.021715961	-0.044630963	0.014122035

1496240555795	0.00532907	0.0119904075	0.013056221

1496240555804	0.039168663	0.029443111	0.023980815

1496240555816	0.042499334	0.020650147	0.022781774

1496240555826	-0.02824407	-0.046895817	0.013056221

1496240555834	-0.02504663	-0.08286704	0.0065281107

1496240555844	0.03157474	-0.029443111	0.0065281107

1496240555854	0.023980815	0.0119904075	0.019584332

1496240555864	0.019584332	0.002131628	0.009725553

1496240555874	0.00532907	-0.03157474	0.004263256

1496240555885	0.018518519	-0.044630963	0.016253663

1496240555894	0.032640554	-0.004263256	0.021715961

1496240555904	0.004263256	-0.02824407	0.0075939246

1496240555915	0.003197442	-0.019584332	0.020650147

1496240555925	0.0	0.0119904075	0.023980815

1496240555935	-0.022781774	-0.023980815	0.002131628

1496240555945	-0.00532907	0.009725553	0.017452704

1496240555955	0.00532907	0.045696776	0.0065281107

1496240555971	-0.03157474	-0.033706367	-0.002131628

1496240555986	-0.03157474	-0.034905408	0.0

1496240555989	0.001065814	0.017452704	0.010791367

1496240555995	0.03157474	0.07194245	0.026112443

1496240556005	0.0119904075	0.034905408	0.009725553

1496240556014	-0.051159073	-0.06434852	0.001065814

1496240556025	-0.03157474	-0.06541433	0.002131628

1496240556034	0.049027443	0.10471623	0.027178258

1496240556044	0.053423926	0.054489743	0.0119904075

1496240556054	-0.04143352	-0.05995204	0.0

1496240556064	-0.05995204	-0.070876636	0.004263256

1496240556074	0.003197442	0.016253663	0.002131628

1496240556084	0.053423926	0.07633893	0.013056221

1496240556095	0.027178258	0.023980815	0.026112443

1496240556105	-0.032640554	-0.067545965	0.009725553

1496240556114	-0.07633893	-0.08180123	0.004263256

1496240556126	0.00532907	-0.0119904075	0.013056221

1496240556135	0.067545965	0.08499867	0.027178258

1496240556144	0.0	-0.008659739	0.015187849

1496240556154	-0.052358113	-0.11231015	0.27804422

1496240556164	-0.019584332	-0.027178258	0.015187849

1496240556174	0.057687182	0.08939515	0.017452704

1496240556184	-0.010791367	-0.023980815	0.00532907

1496240556194	-0.033706367	-0.108979486	0.00532907

1496240556204	0.004263256	0.004263256	0.023980815

1496240556215	0.046895817	0.06861178	0.013056221

1496240556226	0.017452704	0.0119904075	0.002131628

1496240556235	-0.015187849	-0.008659739	0.009725553

1496240556245	-0.018518519	-0.020650147	0.0

1496240556254	-0.009725553	-0.0119904075	0.008659739

1496240556264	0.037037037	0.06434852	0.0119904075

1496240556274	0.026112443	0.052358113	0.016253663

1496240556284	-0.032640554	-0.046895817	0.001065814

1496240556294	-0.02504663	-0.030508926	0.00532907

1496240556305	0.039168663	0.061017852	0.0119904075

1496240556315	0.033706367	0.034905408	0.0065281107

1496240556330	0.003197442	-0.019584332	0.008659739

1496240556362	0.013056221	-0.004263256	0.008659739

1496240556369	0.017452704	0.002131628	0.014122035

1496240556371	0.021715961	-0.00532907	0.021715961

1496240556375	0.0	-0.020650147	0.00532907

1496240556385	-0.020650147	-0.035971224	0.0119904075

1496240556395	0.021715961	-0.0065281107	0.015187849

1496240556404	0.033706367	0.018518519	0.0075939246

1496240556417	0.018518519	0.02504663	0.0065281107

1496240556426	-0.0065281107	0.002131628	0.00532907

1496240556434	0.0	-0.04023448	-0.001065814

1496240556444	0.010791367	-0.003197442	0.014122035

1496240556454	0.044630963	0.042499334	0.015187849

1496240556466	0.018518519	-0.002131628	0.004263256

1496240556474	-0.023980815	-0.023980815	0.004263256

1496240556487	0.03157474	0.033706367	0.008659739

1496240556494	0.049027443	0.045696776	0.021715961

1496240556504	0.002131628	-0.009725553	0.003197442

1496240556516	-0.021715961	-0.003197442	0.013056221

1496240556526	0.018518519	0.017452704	0.00532907

1496240556534	0.001065814	0.020650147	0.009725553

1496240556545	0.023980815	0.043565147	0.010791367

1496240556554	0.022781774	-0.004263256	0.004263256

1496240556570	-0.020650147	-0.07300826	0.2759126

1496240556575	0.06314948	0.046895817	0.019584332

1496240556585	0.009725553	-0.022781774	0.004263256

1496240556594	-0.05009326	-0.07633893	0.002131628

1496240556605	0.021715961	-0.003197442	0.010791367

1496240556618	0.087263525	0.09925393	0.016253663

1496240556626	0.0075939246	-0.02824407	0.0119904075

1496240556634	-0.020650147	-0.111244336	0.002131628

1496240556645	0.013056221	-0.016253663	0.00532907

1496240556655	0.062083665	0.07513989	0.014122035

1496240556669	0.039168663	0.062083665	0.015187849

1496240556674	-0.013056221	-0.083932854	-0.004263256

1496240556684	0.004263256	-0.023980815	0.010791367

1496240556694	0.043565147	0.027178258	0.0075939246

1496240556704	-0.008659739	-0.055555556	-0.010791367

1496240556718	-0.027178258	-0.032640554	0.003197442

1496240556727	0.04796163	0.042499334	0.0119904075

1496240556737	0.02824407	0.02824407	0.0119904075

1496240556758	-0.055555556	-0.077404745	0.00532907

1496240556759	-0.033706367	-0.07300826	0.001065814

1496240556766	0.03157474	0.070876636	0.020650147

1496240556774	-0.0065281107	-0.15814015	0.004263256

1496240556784	-0.074074075	-0.16466826	-0.0065281107

1496240556796	-0.010791367	-0.010791367	0.001065814

1496240556804	0.07953637	0.09046096	0.013056221

1496240556816	0.04023448	0.029443111	0.013056221

1496240556826	-0.034905408	-0.049027443	-0.002131628

1496240556835	0.0	-0.033706367	0.0

1496240556845	0.057687182	0.06434852	0.008659739

1496240556854	0.033706367	0.04023448	0.016253663

1496240556868	-0.014122035	-0.037037037	0.00532907

1496240556874	-0.03810285	-0.08286704	-0.0065281107

1496240556884	-0.014122035	-0.030508926	0.001065814

1496240556894	0.03810285	0.108979486	0.026112443

1496240556905	0.032640554	0.06314948	0.0075939246

1496240556922	-0.020650147	-0.070876636	0.001065814

1496240556930	-0.04023448	-0.062083665	0.00532907

1496240556935	0.003197442	0.004263256	0.004263256

1496240556944	0.03157474	0.04143352	0.008659739

1496240556954	0.034905408	0.034905408	0.008659739

1496240556973	-0.0075939246	-0.03157474	0.008659739

1496240556985	0.022781774	0.044630963	0.002131628

1496240556995	0.021715961	0.052358113	0.009725553

1496240557004	0.015187849	-0.002131628	0.0119904075

1496240557022	0.014122035	-0.001065814	0.0119904075

1496240557025	-0.009725553	-0.04143352	0.0

1496240557034	-0.02824407	-0.035971224	-0.002131628

1496240557044	0.020650147	0.06648015	0.021715961

1496240557055	0.057687182	0.037037037	0.010791367

1496240557067	-0.037037037	-0.11444178	-0.014122035

1496240557074	-0.052358113	-0.07513989	-0.003197442

1496240557085	0.069810815	0.1100453	0.02504663

1496240557094	0.093791634	0.09698907	0.013056221

1496240557106	-0.016253663	-0.10245137	-0.003197442

1496240557119	0.051159073	0.037037037	0.010791367

1496240557134	0.098054886	0.11444178	0.0119904075

1496240557144	0.022781774	-0.027178258	0.002131628

1496240557154	-0.021715961	-0.107913665	-0.002131628

1496240557172	0.021715961	-0.029443111	0.014122035

1496240557176	-0.003197442	-0.033706367	0.010791367

1496240557185	-0.026112443	-0.055555556	0.001065814

1496240557195	0.0065281107	-0.023980815	0.00532907

1496240557205	0.027178258	0.004263256	0.015187849

1496240557221	0.0065281107	-0.030508926	0.0075939246

1496240557227	-0.016253663	-0.083932854	-0.00532907

1496240557235	-0.029443111	-0.009725553	0.001065814

1496240557244	0.026112443	0.032640554	0.015187849

1496240557254	0.032640554	0.027178258	0.009725553

1496240557266	0.003197442	-0.042499334	0.002131628

1496240557274	-0.002131628	-0.06861178	-0.002131628

1496240557285	0.022781774	-0.02504663	0.010791367

1496240557294	0.04143352	0.02504663	0.0119904075

1496240557304	-0.013056221	-0.014122035	-0.002131628

1496240557317	0.001065814	-0.022781774	0.0065281107

1496240557325	0.055555556	0.074074075	0.030508926

1496240557334	0.027178258	0.008659739	0.010791367

1496240557344	-0.04143352	-0.15480949	-0.004263256

1496240557355	-0.03810285	-0.055555556	0.00532907

1496240557370	0.02824407	0.107913665	0.010791367

1496240557375	-0.030508926	-0.061017852	0.003197442

1496240557386	-0.054489743	-0.08606448	-0.002131628

1496240557410	0.015187849	0.001065814	0.009725553

1496240557413	0.06648015	0.08606448	0.013056221

1496240557417	0.010791367	-0.021715961	-0.00532907

1496240557425	-0.044630963	-0.087263525	0.0

1496240557434	0.030508926	0.002131628	0.0065281107

1496240557444	0.06314948	0.051159073	0.010791367

1496240557454	0.027178258	0.016253663	0.016253663

1496240557468	0.0	-0.013056221	0.004263256

1496240557475	-0.004263256	-0.023980815	-0.001065814

1496240557489	0.05662137	0.061017852	0.020650147

1496240557495	0.03810285	0.074074075	0.0065281107

1496240557505	-0.023980815	-0.019584332	0.0

1496240557516	-0.00532907	-0.019584332	0.010791367

1496240557526	0.030508926	0.03810285	0.0119904075

1496240557534	0.014122035	0.027178258	0.0

1496240557544	-0.003197442	-0.027178258	0.0

1496240557554	0.0075939246	0.0075939246	-0.004263256

1496240557566	0.037037037	0.1100453	0.002131628

1496240557574	0.032640554	0.034905408	0.0065281107

1496240557584	0.021715961	0.049027443	0.004263256

1496240557595	0.032640554	-0.003197442	-0.00532907

1496240557604	0.021715961	0.04143352	0.003197442

1496240557618	0.015187849	0.08832934	0.0075939246

1496240557626	0.04023448	-0.014122035	-0.001065814

1496240557635	0.026112443	-0.0075939246	0.009725553

1496240557656	0.015187849	0.034905408	0.004263256

1496240557657	0.04023448	0.035971224	0.0065281107

1496240557666	0.029443111	0.015187849	-0.002131628

1496240557674	0.020650147	0.016253663	-0.004263256

1496240557684	0.044630963	0.033706367	0.010791367

1496240557694	0.049027443	0.022781774	0.003197442

1496240557704	0.026112443	-0.001065814	0.0119904075

1496240557721	0.035971224	0.04143352	0.008659739

1496240557735	0.034905408	0.02504663	0.008659739

1496240557745	0.010791367	-0.019584332	0.001065814

1496240557774	0.015187849	-0.019584332	0.001065814

1496240557777	0.042499334	0.009725553	0.008659739

1496240557784	0.02504663	0.033706367	0.008659739

1496240557795	0.037037037	0.035971224	0.008659739

1496240557804	0.022781774	-0.026112443	0.0065281107

1496240557816	0.017452704	0.0075939246	0.009725553

1496240557826	0.027178258	0.018518519	0.0065281107

1496240557838	0.03157474	0.0075939246	0.004263256

1496240557845	0.014122035	0.018518519	0.004263256

1496240557855	0.022781774	-0.0075939246	-0.004263256

1496240557866	0.027178258	0.017452704	0.008659739

1496240557874	0.037037037	0.021715961	0.013056221

1496240557884	0.0065281107	-0.04796163	-0.0065281107

1496240557894	0.003197442	-0.032640554	0.002131628

1496240557904	0.067545965	0.06648015	0.010791367

1496240557916	0.054489743	0.034905408	0.004263256

1496240557925	-0.0065281107	-0.04796163	-0.004263256

1496240557936	0.015187849	-0.026112443	0.009725553

1496240557944	0.04023448	0.02824407	0.013056221

1496240557955	0.032640554	-0.004263256	0.016253663

1496240557967	0.018518519	-0.013056221	0.016253663

1496240557974	0.004263256	-0.02824407	0.003197442

1496240557984	0.020650147	0.0075939246	0.018518519

1496240557994	0.033706367	0.037037037	0.0075939246

1496240558004	0.0119904075	-0.039168663	-0.002131628

1496240558023	0.0075939246	-0.017452704	0.013056221

1496240558034	0.008659739	0.017452704	0.00532907

1496240558047	0.013056221	-0.045696776	-0.0075939246

1496240558048	0.021715961	0.022781774	0.0119904075

1496240558054	0.035971224	0.062083665	0.019584332

1496240558068	0.004263256	-0.053423926	-0.002131628

1496240558074	-0.017452704	-0.022781774	0.001065814

1496240558084	0.0119904075	0.037037037	0.002131628

1496240558094	0.026112443	0.009725553	0.004263256

1496240558105	0.0075939246	0.032640554	0.023980815

1496240558116	-0.0065281107	-0.02504663	-0.003197442

1496240558124	-0.04796163	-0.111244336	-0.010791367

1496240558136	-0.022781774	-0.009725553	0.002131628

1496240558144	0.06648015	0.10684785	0.009725553

1496240558154	0.045696776	0.046895817	0.0075939246

1496240558171	-0.039168663	-0.05662137	0.0075939246

1496240558175	0.033706367	0.22248867	0.010791367

1496240558185	0.037037037	0.052358113	0.008659739

1496240558203	-0.02504663	-0.054489743	0.009725553

1496240558206	-0.044630963	-0.067545965	-0.003197442

1496240558221	-0.008659739	-0.018518519	-0.001065814

1496240558225	0.03157474	0.032640554	0.017452704

1496240558236	0.014122035	0.016253663	0.010791367

1496240558244	-0.029443111	-0.080602184	-0.008659739

1496240558254	-0.014122035	-0.052358113	0.008659739

1496240558266	0.027178258	0.037037037	0.013056221

1496240558275	0.027178258	-0.008659739	0.003197442

1496240558285	0.00532907	-0.02824407	0.0065281107

1496240558294	-0.019584332	-0.03810285	-0.002131628

1496240558304	0.004263256	-0.009725553	0.003197442

1496240558319	0.008659739	-0.04023448	0.010791367

1496240558336	-0.014122035	-0.053423926	0.010791367

1496240558345	0.013056221	0.0	0.017452704

1496240558355	-0.00532907	-0.026112443	0.0

1496240558384	-0.2628564	0.017452704	0.0065281107

1496240558388	-0.2628564	0.017452704	0.0065281107

1496240558391	-0.04023448	-0.07847056	-0.002131628

1496240558395	-0.009725553	-0.021715961	0.015187849

1496240558405	0.017452704	0.06648015	0.013056221

1496240558417	-0.003197442	-0.019584332	0.001065814

1496240558424	-0.013056221	-0.008659739	0.0075939246

1496240558436	0.002131628	0.0119904075	0.0065281107

1496240558444	-0.003197442	-0.02824407	0.001065814

1496240558455	0.009725553	-0.017452704	0.023980815

1496240558468	0.002131628	-0.02824407	0.00532907

1496240558474	-0.04023448	-0.06434852	-0.0065281107

1496240558484	0.00532907	0.001065814	0.002131628

1496240558494	0.062083665	0.08939515	0.0119904075

1496240558504	0.017452704	-0.0075939246	0.003197442

1496240558517	0.0065281107	-0.09152678	0.0065281107

1496240558524	0.008659739	-0.02824407	0.0119904075

1496240558536	-0.003197442	0.003197442	0.003197442

1496240558544	0.015187849	0.008659739	0.008659739

1496240558555	0.020650147	0.0	0.004263256

1496240558567	-0.022781774	-0.05662137	0.001065814

1496240558574	-0.0065281107	-0.058886223	0.016253663

1496240558584	0.004263256	-0.018518519	0.0119904075

1496240558594	0.0119904075	-0.0119904075	0.0119904075

1496240558604	-0.004263256	0.0	0.008659739

1496240558618	0.010791367	0.015187849	0.016253663

1496240558624	0.04143352	0.010791367	0.016253663

1496240558635	0.002131628	-0.042499334	0.018518519

1496240558644	-0.018518519	-0.06314948	0.004263256

1496240558654	-0.004263256	-0.022781774	0.010791367

1496240558666	0.02824407	0.016253663	0.0075939246

1496240558675	0.021715961	-0.002131628	0.00532907

1496240558684	0.00532907	-0.02504663	0.009725553

1496240558695	-0.015187849	-0.05009326	-0.002131628

1496240558705	0.004263256	-0.051159073	-0.004263256

1496240558717	0.035971224	0.058886223	0.014122035

1496240558724	0.042499334	0.06314948	0.013056221

1496240558735	-0.022781774	-0.07513989	-0.003197442

1496240558744	-0.052358113	-0.061017852	0.00532907

1496240558754	0.0119904075	0.044630963	0.014122035

1496240558771	-0.0065281107	0.04023448	0.010791367

1496240558775	-0.0065281107	0.04023448	0.0

1496240558785	-0.052358113	-0.06648015	-0.010791367

1496240558798	-0.009725553	0.14068745	0.008659739

1496240558828	0.045696776	0.16466826	0.001065814

1496240558830	-0.004263256	-0.002131628	-0.018518519

1496240558831	-0.052358113	-0.080602184	-0.018518519

1496240558834	0.026112443	0.019584332	0.002131628

1496240558844	0.093791634	0.10245137	0.0065281107

1496240558854	0.06434852	0.12216893	0.013056221

1496240558866	0.009725553	0.026112443	0.004263256

1496240558875	-0.020650147	-0.042499334	0.0

1496240558884	0.002131628	0.070876636	0.0075939246

1496240558894	-0.004263256	0.042499334	0.002131628

1496240558904	-0.049027443	-0.057687182	0.003197442

1496240558925	0.00532907	0.009725553	0.0065281107

1496240558934	0.010791367	0.021715961	0.0075939246

1496240558945	0.004263256	0.003197442	0.022781774

1496240558954	0.014122035	-0.009725553	0.010791367

1496240558966	0.045696776	-0.108979486	0.019584332

1496240558975	0.083932854	-0.14721556	0.03810285

1496240558984	-0.037037037	-0.111244336	0.0075939246

1496240558994	-0.019584332	-0.21915801	0.0065281107

1496240559005	0.052358113	0.052358113	0.039168663

1496240559017	0.069810815	0.13082866	0.0075939246

1496240559024	0.04143352	0.035971224	0.016253663

1496240559036	0.016253663	-0.10031974	0.018518519

1496240559044	0.010791367	-0.008659739	0.037037037

1496240559054	0.030508926	0.09259259	0.016253663

1496240559066	-0.003197442	-0.07513989	-0.0065281107

1496240559074	-0.06541433	-0.074074075	-0.009725553

1496240559084	-0.054489743	0.017452704	0.0065281107

1496240559094	0.016253663	0.042499334	0.002131628

1496240559105	0.017452704	0.05995204	0.00532907

1496240559116	-0.010791367	-0.052358113	0.0

1496240559124	-0.03157474	-0.020650147	-0.003197442

1496240559136	-0.0075939246	0.016253663	0.001065814

1496240559144	0.027178258	-0.008659739	0.013056221

1496240559155	0.018518519	0.021715961	0.009725553

1496240559186	-0.015187849	-0.03810285	0.002131628

1496240559191	0.010791367	0.26179057	0.010791367

1496240559195	0.034905408	0.03810285	0.015187849

1496240559205	0.013056221	-0.035971224	0.0119904075

1496240559220	-0.026112443	-0.044630963	0.0075939246

1496240559224	-0.0075939246	-0.00532907	0.015187849

1496240559235	0.022781774	0.016253663	0.0075939246

1496240559245	0.009725553	0.016253663	0.015187849

1496240559254	-0.0119904075	-0.045696776	0.00532907

1496240559266	-0.03157474	-0.067545965	0.0075939246

1496240559274	0.0119904075	-0.001065814	0.014122035

1496240559284	0.019584332	-0.013056221	0.0119904075

1496240559294	-0.019584332	-0.045696776	0.00532907

1496240559305	0.004263256	-0.010791367	0.013056221

1496240559316	0.02824407	0.016253663	0.021715961

1496240559324	-0.003197442	-0.00532907	0.020650147

1496240559343	-0.022781774	-0.077404745	0.010791367

1496240559345	0.001065814	-0.023980815	0.001065814

1496240559354	0.0075939246	0.013056221	0.008659739

1496240559368	0.013056221	-0.052358113	0.010791367

1496240559374	0.001065814	-0.029443111	0.0065281107

1496240559384	0.0	-0.001065814	0.023980815

1496240559395	0.016253663	0.05009326	0.018518519

1496240559405	-0.023980815	-0.070876636	-0.002131628

1496240559420	-0.004263256	-0.035971224	0.0075939246

1496240559425	0.023980815	0.08939515	0.032640554

1496240559436	0.0	-0.014122035	0.0065281107

1496240559445	-0.05995204	-0.08832934	-0.001065814

1496240559458	-0.029443111	0.001065814	0.022781774

1496240559466	0.04143352	0.04796163	0.03157474

1496240559474	0.002131628	0.0065281107	0.0075939246

1496240559484	-0.054489743	-0.067545965	-0.002131628

1496240559494	-0.020650147	-0.06648015	0.010791367

1496240559504	0.037037037	0.023980815	0.021715961

1496240559518	0.015187849	-0.023980815	0.008659739

1496240559524	-0.053423926	-0.107913665	-0.009725553

1496240559536	-0.017452704	0.027178258	0.008659739

1496240559544	0.08499867	0.18864909	0.027178258

1496240559554	0.07300826	0.10471623	0.032640554

1496240559566	-0.04023448	-0.14068745	0.00532907

1496240559575	-0.08180123	-0.14281908	0.022781774

1496240559584	0.017452704	0.03810285	0.016253663

1496240559595	0.003197442	-0.003197442	0.0065281107

1496240559605	-0.062083665	-0.12869704	0.0

1496240559616	-0.003197442	-0.022781774	0.018518519

1496240559624	0.044630963	0.049027443	0.018518519

1496240559635	0.008659739	-0.0119904075	0.0

1496240559644	-0.027178258	-0.044630963	0.00532907

1496240559654	0.008659739	-0.03157474	0.020650147

1496240559671	0.003197442	0.021715961	0.004263256

1496240559685	-0.02824407	-0.062083665	0.00532907

1496240559695	0.003197442	0.027178258	0.026112443

1496240559705	0.027178258	0.026112443	0.021715961

1496240559722	-0.019584332	-0.117772445	-0.004263256

1496240559725	-0.015187849	-0.02504663	0.002131628

1496240559734	0.053423926	0.08606448	0.026112443

1496240559744	0.018518519	-0.009725553	0.0075939246

1496240559754	-0.058886223	-0.118838266	0.001065814

1496240559768	-0.002131628	-0.039168663	0.019584332

1496240559774	0.093791634	0.10684785	0.030508926

1496240559785	-0.052358113	-0.10031974	0.0

1496240559794	0.004263256	-0.02504663	0.022781774

1496240559804	0.033706367	0.054489743	0.022781774

