1496235748726	23.76	5.4	-8.4

1496235748828	23.88	5.64	-8.46

1496235748928	23.7	5.7	-8.82

1496235749024	23.76	5.7	-9.3

1496235749126	23.82	5.76	-9.36

1496235749232	23.7	5.82	-9.42

1496235749325	23.76	6.0	-9.42

1496235749425	24.0	6.24	-9.54

1496235749525	24.18	6.3	-9.48

1496235749624	24.18	6.24	-9.36

1496235749725	24.3	6.06	-9.12

1496235749825	24.24	6.18	-9.12

1496235749925	24.06	6.0	-9.12

1496235750033	24.18	6.12	-9.12

1496235750142	23.88	6.18	-9.24

1496235750225	23.64	6.0	-9.18

1496235750325	23.52	6.12	-9.42

1496235750424	23.4	6.3	-9.6

1496235750525	23.46	6.54	-9.72

1496235750624	23.34	6.42	-9.6

1496235750726	23.52	6.6	-9.66

1496235750825	23.58	6.42	-9.66

1496235750925	23.82	6.42	-9.48

1496235751025	23.82	6.54	-9.48

1496235751125	23.82	6.6	-9.48

1496235751234	23.88	6.48	-9.24

1496235751325	23.7	6.6	-9.3

1496235751425	23.82	6.6	-9.24

1496235751525	24.0	6.48	-9.0

1496235751624	23.94	6.48	-8.88

1496235751725	23.94	6.48	-8.94

1496235751824	24.06	6.6	-8.88

1496235751925	24.18	6.54	-8.76

1496235752035	24.24	6.6	-8.94

1496235752135	24.12	6.6	-8.82

1496235752235	24.0	6.72	-9.0

1496235752335	23.88	6.78	-9.06

1496235752435	23.94	6.78	-9.24

1496235752535	24.0	6.48	-9.24

1496235752635	24.06	6.6	-9.3

1496235752736	24.0	6.42	-9.3

1496235752847	24.0	6.54	-9.42

1496235752935	24.18	6.3	-9.36

1496235753035	24.42	6.24	-9.3

1496235753135	24.48	6.18	-9.06

1496235753235	24.36	6.24	-9.12

1496235753336	24.36	6.42	-9.0

1496235753436	24.24	6.06	-9.0

1496235753535	24.18	6.0	-8.76

1496235753636	24.36	5.82	-8.58

