1495416491498	0.143	-0.143	9.625

1495416491507	0.134	-0.095	9.672

1495416491511	0.143	-0.124	9.682

1495416491512	0.172	-0.134	9.644

1495416491521	0.134	-0.105	9.663

1495416491531	0.153	-0.134	9.701

1495416491540	0.105	-0.095	9.672

1495416491549	0.114	-0.134	9.634

1495416491560	0.143	-0.105	9.653

1495416491569	0.134	-0.134	9.672

1495416491579	0.153	-0.124	9.663

1495416491589	0.134	-0.114	9.692

1495416491605	0.143	-0.124	9.663

1495416491609	0.162	-0.124	9.711

1495416491623	0.162	-0.153	9.663

1495416491634	0.162	-0.134	9.682

1495416491639	0.143	-0.134	9.701

1495416491649	0.114	-0.105	9.653

1495416491660	0.105	-0.105	9.653

1495416491669	0.114	-0.105	9.653

1495416491680	0.134	-0.114	9.682

1495416491699	0.143	-0.143	9.692

1495416491700	0.134	-0.114	9.625

1495416491711	0.134	-0.124	9.663

1495416491719	0.153	-0.105	9.625

1495416491731	0.162	-0.095	9.663

1495416491750	0.153	-0.124	9.653

1495416491759	0.162	-0.114	9.653

1495416491769	0.143	-0.114	9.653

1495416491781	0.153	-0.114	9.672

1495416491788	0.143	-0.114	9.644

1495416491800	0.114	-0.095	9.634

1495416491810	0.143	-0.114	9.625

1495416491821	0.134	-0.105	9.653

1495416491831	0.134	-0.134	9.625

1495416491839	0.124	-0.105	9.634

1495416491849	0.153	-0.095	9.615

1495416491859	0.124	-0.124	9.634

1495416491869	0.114	-0.105	9.682

1495416491879	0.124	-0.114	9.653

1495416491890	0.134	-0.114	9.672

1495416491903	0.134	-0.124	9.634

1495416491909	0.105	-0.114	9.634

1495416491920	0.114	-0.124	9.644

1495416491930	0.105	-0.095	9.653

1495416491939	0.124	-0.105	9.663

1495416491949	0.143	-0.134	9.653

1495416491959	0.124	-0.105	9.634

1495416491969	0.114	-0.105	9.644

1495416491979	0.134	-0.105	9.653

1495416491990	0.124	-0.124	9.653

1495416492000	0.143	-0.114	9.634

1495416492009	0.134	-0.114	9.634

1495416492020	0.105	-0.114	9.625

1495416492031	0.114	-0.105	9.615

1495416492039	0.124	-0.105	9.672

1495416492049	0.134	-0.114	9.615

1495416492059	0.134	-0.114	9.653

1495416492069	0.114	-0.086	9.605

1495416492083	0.143	-0.124	9.644

1495416492111	0.134	-0.114	9.653

1495416492113	0.134	-0.105	9.644

1495416492121	0.124	-0.095	9.634

1495416492130	0.095	-0.086	9.625

1495416492139	0.134	-0.124	9.644

1495416492157	0.124	-0.124	9.663

1495416492159	0.134	-0.134	9.672

1495416492169	0.124	-0.124	9.672

1495416492179	0.114	-0.095	9.672

1495416492189	0.134	-0.124	9.663

1495416492199	0.124	-0.105	9.663

1495416492209	0.124	-0.124	9.596

1495416492220	0.134	-0.124	9.682

1495416492230	0.162	-0.105	9.692

1495416492245	0.153	-0.114	9.663

1495416492249	0.114	-0.105	9.605

1495416492259	0.124	-0.114	9.644

1495416492269	0.124	-0.105	9.644

1495416492279	0.143	-0.114	9.672

1495416492290	0.134	-0.114	9.634

1495416492299	0.095	-0.095	9.625

1495416492309	0.095	-0.095	9.663

1495416492321	0.114	-0.134	9.625

1495416492339	0.134	-0.114	9.625

1495416492354	0.105	-0.124	9.692

1495416492359	0.153	-0.134	9.653

1495416492369	0.124	-0.095	9.644

1495416492379	0.134	-0.124	9.634

1495416492389	0.153	-0.114	9.672

1495416492399	0.124	-0.105	9.644

1495416492409	0.134	-0.134	9.663

1495416492421	0.143	-0.124	9.672

1495416492430	0.124	-0.105	9.634

1495416492449	0.134	-0.114	9.672

1495416492459	0.124	-0.114	9.653

1495416492469	0.134	-0.105	9.72

1495416492479	0.143	-0.134	9.625

1495416492489	0.134	-0.124	9.653

1495416492499	0.124	-0.114	9.663

1495416492509	0.162	-0.134	9.711

1495416492520	0.105	-0.105	9.625

1495416492531	0.114	-0.124	9.615

1495416492547	0.114	-0.114	9.615

1495416492550	0.172	-0.134	9.682

1495416492562	0.143	-0.124	9.663

1495416492569	0.105	-0.124	9.672

1495416492579	0.134	-0.124	9.625

1495416492589	0.124	-0.086	9.682

1495416492599	0.114	-0.105	9.634

1495416492609	0.134	-0.095	9.682

1495416492619	0.134	-0.124	9.644

1495416492637	0.124	-0.105	9.625

1495416492649	0.134	-0.114	9.663

1495416492652	0.124	-0.105	9.644

1495416492664	0.134	-0.134	9.605

1495416492669	0.124	-0.124	9.653

1495416492679	0.124	-0.124	9.672

1495416492689	0.134	-0.124	9.634

1495416492699	0.124	-0.124	9.663

1495416492710	0.124	-0.124	9.625

1495416492721	0.134	-0.124	9.653

1495416492737	0.124	-0.134	9.625

1495416492739	0.124	-0.114	9.615

1495416492749	0.134	-0.114	9.663

1495416492759	0.134	-0.105	9.682

1495416492768	0.124	-0.105	9.653

1495416492779	0.143	-0.114	9.663

1495416492789	0.105	-0.105	9.672

1495416492804	0.124	-0.086	9.625

1495416492810	0.143	-0.124	9.644

1495416492821	0.086	-0.124	9.644

1495416492831	0.143	-0.114	9.634

1495416492839	0.124	-0.114	9.615

1495416492849	0.143	-0.114	9.672

1495416492859	0.134	-0.114	9.672

1495416492869	0.134	-0.114	9.682

1495416492879	0.143	-0.124	9.672

1495416492889	0.124	-0.134	9.682

1495416492899	0.143	-0.114	9.682

1495416492909	0.153	-0.134	9.653

1495416492922	0.134	-0.124	9.653

1495416492946	0.134	-0.114	9.634

1495416492950	0.134	-0.114	9.653

1495416492961	0.124	-0.134	9.682

1495416492969	0.143	-0.124	9.672

1495416492979	0.105	-0.114	9.625

1495416492989	0.124	-0.105	9.672

1495416492999	0.143	-0.124	9.672

1495416493011	0.162	-0.134	9.653

1495416493021	0.162	-0.134	9.682

1495416493030	0.143	-0.124	9.653

1495416493049	0.134	-0.114	9.663

1495416493059	0.153	-0.114	9.663

1495416493069	0.172	-0.124	9.663

1495416493079	0.124	-0.105	9.672

1495416493090	0.143	-0.095	9.701

1495416493103	0.114	-0.124	9.692

1495416493109	0.134	-0.124	9.682

1495416493120	0.143	-0.114	9.663

1495416493131	0.124	-0.114	9.682

1495416493139	0.134	-0.105	9.672

1495416493149	0.124	-0.124	9.644

1495416493159	0.143	-0.124	9.663

1495416493169	0.143	-0.134	9.653

1495416493181	0.124	-0.095	9.672

1495416493189	0.086	-0.114	9.625

1495416493201	0.114	-0.124	9.615

1495416493209	0.124	-0.124	9.672

1495416493219	0.143	-0.124	9.634

1495416493232	0.134	-0.124	9.653

1495416493240	0.153	-0.105	9.682

1495416493249	0.162	-0.124	9.672

1495416493259	0.124	-0.134	9.634

1495416493278	0.134	-0.114	9.692

1495416493285	0.143	-0.105	9.634

1495416493289	0.134	-0.124	9.634

1495416493299	0.134	-0.134	9.644

1495416493309	0.134	-0.114	9.644

1495416493321	0.153	-0.124	9.672

1495416493330	0.134	-0.134	9.663

1495416493339	0.153	-0.124	9.653

1495416493357	0.143	-0.114	9.625

1495416493359	0.124	-0.114	9.663

1495416493370	0.114	-0.114	9.663

1495416493379	0.153	-0.105	9.615

1495416493389	0.153	-0.134	9.663

1495416493399	0.153	-0.114	9.692

1495416493409	0.105	-0.114	9.596

1495416493420	0.114	-0.114	9.625

1495416493430	0.143	-0.114	9.634

1495416493439	0.095	-0.124	9.644

1495416493449	0.095	-0.105	9.653

1495416493461	0.134	-0.124	9.663

1495416493470	0.114	-0.105	9.663

1495416493488	0.153	-0.114	9.653

1495416493520	0.134	-0.124	9.663

1495416493521	0.134	-0.105	9.682

1495416493522	0.153	-0.134	9.634

1495416493532	0.143	-0.114	9.634

1495416493539	0.134	-0.124	9.653

1495416493549	0.114	-0.124	9.653

1495416493561	0.134	-0.105	9.644

1495416493570	0.114	-0.105	9.653

1495416493580	0.143	-0.114	9.634

1495416493589	0.114	-0.105	9.653

1495416493599	0.105	-0.105	9.625

1495416493609	0.143	-0.114	9.663

1495416493620	0.134	-0.114	9.682

1495416493635	0.134	-0.124	9.605

1495416493639	0.105	-0.124	9.644

1495416493667	0.134	-0.105	9.672

1495416493669	0.114	-0.114	9.653

1495416493678	0.124	-0.114	9.653

1495416493680	0.134	-0.124	9.653

1495416493689	0.114	-0.086	9.644

1495416493700	0.105	-0.095	9.634

1495416493709	0.134	-0.114	9.692

1495416493720	0.114	-0.114	9.644

1495416493730	0.143	-0.134	9.672

1495416493739	0.143	-0.134	9.663

1495416493750	0.124	-0.114	9.663

1495416493759	0.143	-0.134	9.625

1495416493769	0.143	-0.124	9.615

1495416493779	0.143	-0.134	9.653

1495416493789	0.105	-0.086	9.644

1495416493799	0.134	-0.114	9.634

1495416493809	0.153	-0.124	9.663

1495416493820	0.134	-0.114	9.663

1495416493832	0.124	-0.105	9.653

1495416493839	0.143	-0.124	9.701

1495416493856	0.134	-0.095	9.644

1495416493859	0.114	-0.114	9.634

1495416493869	0.162	-0.134	9.663

1495416493879	0.124	-0.095	9.663

1495416493889	0.153	-0.114	9.644

1495416493899	0.124	-0.114	9.634

1495416493909	0.114	-0.105	9.634

1495416493921	0.153	-0.143	9.663

1495416493932	0.124	-0.114	9.625

1495416493939	0.153	-0.124	9.701

1495416493949	0.105	-0.095	9.605

1495416493959	0.134	-0.114	9.586

1495416493971	0.143	-0.105	9.672

1495416493985	0.105	-0.095	9.615

1495416493990	0.114	-0.105	9.634

1495416493999	0.105	-0.105	9.596

1495416494009	0.114	-0.114	9.634

1495416494020	0.114	-0.086	9.663

1495416494036	0.124	-0.114	9.634

1495416494039	0.134	-0.105	9.634

1495416494049	0.143	-0.095	9.653

1495416494059	0.105	-0.105	9.644

1495416494069	0.105	-0.095	9.625

1495416494081	0.105	-0.095	9.644

1495416494105	0.143	-0.105	9.615

1495416494109	0.114	-0.105	9.625

1495416494120	0.114	-0.086	9.653

1495416494130	0.095	-0.114	9.653

1495416494139	0.153	-0.114	9.653

1495416494149	0.134	-0.105	9.625

1495416494159	0.114	-0.105	9.625

1495416494169	0.086	-0.105	9.653

1495416494179	0.124	-0.134	9.644

1495416494195	0.143	-0.114	9.701

1495416494199	0.124	-0.095	9.634

1495416494209	0.076	-0.105	9.586

1495416494220	0.143	-0.114	9.644

1495416494230	0.124	-0.114	9.605

1495416494240	0.134	-0.105	9.653

1495416494249	0.114	-0.105	9.663

1495416494259	0.143	-0.114	9.672

1495416494270	0.134	-0.114	9.663

1495416494283	0.124	-0.114	9.653

1495416494300	0.143	-0.124	9.634

1495416494319	0.105	-0.124	9.615

1495416494322	0.143	-0.114	9.692

1495416494332	0.134	-0.114	9.692

1495416494339	0.153	-0.143	9.634

1495416494349	0.143	-0.124	9.644

1495416494359	0.162	-0.114	9.672

1495416494369	0.124	-0.124	9.663

1495416494381	0.134	-0.095	9.663

1495416494388	0.134	-0.124	9.692

1495416494400	0.134	-0.114	9.653

1495416494409	0.124	-0.124	9.605

1495416494420	0.114	-0.124	9.663

1495416494430	0.153	-0.124	9.634

1495416494439	0.134	-0.105	9.663

1495416494450	0.124	-0.124	9.605

1495416494459	0.162	-0.134	9.682

1495416494469	0.143	-0.114	9.653

1495416494483	0.124	-0.114	9.644

1495416494504	0.162	-0.114	9.653

1495416494510	0.124	-0.105	9.644

1495416494521	0.105	-0.124	9.615

1495416494530	0.134	-0.114	9.672

1495416494539	0.134	-0.114	9.644

1495416494550	0.105	-0.086	9.644

1495416494559	0.114	-0.114	9.615

1495416494569	0.124	-0.114	9.625

1495416494580	0.105	-0.105	9.644

1495416494589	0.124	-0.114	9.644

1495416494599	0.114	-0.105	9.644

1495416494609	0.124	-0.105	9.625

1495416494620	0.134	-0.114	9.634

1495416494637	0.124	-0.105	9.605

1495416494640	0.143	-0.114	9.672

1495416494649	0.095	-0.095	9.634

1495416494660	0.124	-0.124	9.644

1495416494669	0.153	-0.105	9.653

1495416494681	0.143	-0.114	9.663

1495416494707	0.124	-0.105	9.615

1495416494713	0.124	-0.086	9.663

1495416494726	0.134	-0.105	9.672

1495416494730	0.153	-0.124	9.644

1495416494739	0.172	-0.134	9.653

1495416494749	0.143	-0.114	9.682

1495416494760	0.153	-0.124	9.663

1495416494770	0.172	-0.153	9.644

1495416494779	0.153	-0.143	9.682

1495416494792	0.162	-0.124	9.653

1495416494800	0.134	-0.134	9.644

1495416494810	0.143	-0.134	9.625

1495416494821	0.134	-0.105	9.692

1495416494830	0.134	-0.105	9.672

1495416494839	0.143	-0.114	9.634

1495416494850	0.172	-0.134	9.663

1495416494860	0.114	-0.114	9.644

1495416494869	0.153	-0.124	9.692

1495416494879	0.143	-0.124	9.653

1495416494889	0.153	-0.124	9.615

1495416494904	0.134	-0.114	9.692

1495416494909	0.143	-0.143	9.663

1495416494919	0.134	-0.143	9.653

1495416494929	0.114	-0.124	9.634

1495416494944	0.143	-0.105	9.644

1495416494949	0.124	-0.105	9.644

1495416494959	0.134	-0.105	9.672

1495416494969	0.143	-0.124	9.682

1495416494979	0.162	-0.124	9.634

1495416494989	0.134	-0.114	9.644

1495416494999	0.143	-0.114	9.644

1495416495009	0.134	-0.095	9.634

1495416495020	0.134	-0.124	9.625

1495416495030	0.143	-0.124	9.625

1495416495053	0.124	-0.114	9.663

1495416495055	0.105	-0.105	9.653

1495416495059	0.143	-0.095	9.625

1495416495069	0.134	-0.105	9.653

1495416495080	0.134	-0.134	9.672

1495416495089	0.124	-0.095	9.653

1495416495099	0.134	-0.105	9.672

1495416495109	0.124	-0.114	9.625

1495416495119	0.153	-0.124	9.653

1495416495133	0.124	-0.114	9.625

1495416495142	0.134	-0.134	9.672

1495416495160	0.124	-0.134	9.634

1495416495161	0.105	-0.095	9.634

1495416495169	0.095	-0.114	9.625

1495416495179	0.114	-0.124	9.653

1495416495189	0.143	-0.124	9.672

1495416495199	0.143	-0.114	9.634

1495416495209	0.134	-0.114	9.615

1495416495219	0.162	-0.114	9.672

1495416495238	0.095	-0.086	9.615

1495416495240	0.134	-0.105	9.644

1495416495249	0.114	-0.124	9.663

1495416495259	0.114	-0.124	9.653

1495416495269	0.153	-0.124	9.653

1495416495279	0.134	-0.114	9.615

1495416495289	0.105	-0.105	9.644

1495416495299	0.134	-0.124	9.653

1495416495309	0.124	-0.134	9.663

1495416495319	0.114	-0.105	9.615

1495416495330	0.134	-0.105	9.653

1495416495340	0.134	-0.105	9.615

1495416495349	0.114	-0.086	9.596

1495416495359	0.153	-0.114	9.644

1495416495370	0.153	-0.114	9.634

1495416495381	0.143	-0.124	9.653

1495416495390	0.134	-0.105	9.625

1495416495401	0.124	-0.134	9.634

1495416495411	0.114	-0.105	9.672

1495416495429	0.124	-0.124	9.663

1495416495430	0.134	-0.124	9.672

1495416495439	0.124	-0.095	9.663

1495416495449	0.105	-0.124	9.634

1495416495459	0.114	-0.105	9.625

1495416495469	0.143	-0.105	9.653

1495416495479	0.095	-0.105	9.634

1495416495490	0.153	-0.124	9.634

1495416495499	0.143	-0.124	9.663

1495416495509	0.134	-0.114	9.663

1495416495520	0.153	-0.134	9.653

1495416495535	0.134	-0.134	9.663

1495416495540	0.124	-0.114	9.634

1495416495549	0.124	-0.105	9.644

1495416495559	0.105	-0.114	9.615

1495416495570	0.124	-0.114	9.644

1495416495579	0.105	-0.095	9.644

1495416495592	0.153	-0.124	9.672

1495416495599	0.143	-0.105	9.663

1495416495609	0.105	-0.114	9.615

1495416495619	0.134	-0.124	9.625

1495416495632	0.124	-0.095	9.644

1495416495641	0.095	-0.105	9.625

1495416495649	0.105	-0.095	9.625

1495416495662	0.162	-0.124	9.634

1495416495670	0.114	-0.105	9.625

1495416495679	0.095	-0.086	9.615

1495416495700	0.105	-0.095	9.634

1495416495702	0.105	-0.105	9.644

1495416495710	0.153	-0.095	9.625

1495416495719	0.162	-0.114	9.682

1495416495730	0.086	-0.095	9.577

1495416495739	0.134	-0.095	9.653

1495416495749	0.134	-0.114	9.644

1495416495759	0.143	-0.124	9.615

1495416495769	0.124	-0.114	9.644

1495416495781	0.124	-0.105	9.605

1495416495792	0.162	-0.134	9.653

1495416495799	0.105	-0.114	9.605

1495416495810	0.143	-0.114	9.663

1495416495820	0.114	-0.105	9.653

1495416495836	0.143	-0.134	9.672

1495416495840	0.162	-0.134	9.663

1495416495849	0.124	-0.114	9.615

1495416495859	0.143	-0.105	9.653

1495416495870	0.134	-0.095	9.625

1495416495882	0.124	-0.114	9.672

1495416495890	0.114	-0.105	9.653

1495416495899	0.114	-0.124	9.644

1495416495910	0.143	-0.124	9.615

1495416495919	0.095	-0.095	9.615

1495416495929	0.095	-0.114	9.615

1495416495946	0.105	-0.095	9.653

1495416495950	0.105	-0.076	9.625

1495416495959	0.153	-0.114	9.653

1495416495969	0.105	-0.105	9.625

1495416495979	0.124	-0.114	9.605

1495416495989	0.162	-0.114	9.672

1495416495999	0.134	-0.124	9.634

1495416496009	0.153	-0.114	9.663

1495416496019	0.114	-0.114	9.634

1495416496030	0.124	-0.105	9.625

1495416496039	0.095	-0.105	9.596

1495416496049	0.143	-0.114	9.644

1495416496064	0.153	-0.095	9.653

1495416496071	0.124	-0.095	9.615

1495416496092	0.086	-0.114	9.615

1495416496095	0.114	-0.105	9.644

1495416496100	0.124	-0.124	9.682

1495416496111	0.153	-0.105	9.701

1495416496119	0.143	-0.124	9.682

1495416496129	0.134	-0.114	9.634

1495416496142	0.134	-0.114	9.653

1495416496151	0.143	-0.124	9.634

1495416496159	0.124	-0.105	9.605

1495416496169	0.153	-0.124	9.663

1495416496179	0.124	-0.124	9.663

1495416496189	0.105	-0.105	9.644

1495416496199	0.153	-0.124	9.653

1495416496210	0.134	-0.124	9.644

1495416496219	0.095	-0.095	9.586

1495416496229	0.105	-0.124	9.596

1495416496254	0.153	-0.134	9.634

1495416496256	0.114	-0.114	9.615

1495416496259	0.114	-0.114	9.653

1495416496269	0.114	-0.105	9.644

1495416496280	0.114	-0.114	9.605

1495416496290	0.124	-0.134	9.644

1495416496299	0.143	-0.105	9.634

1495416496309	0.134	-0.095	9.644

1495416496319	0.114	-0.105	9.663

1495416496329	0.124	-0.114	9.634

1495416496342	0.114	-0.114	9.596

1495416496349	0.162	-0.105	9.596

1495416496359	0.124	-0.124	9.634

1495416496369	0.124	-0.095	9.625

1495416496379	0.105	-0.086	9.605

1495416496389	0.153	-0.124	9.634

1495416496399	0.124	-0.124	9.625

1495416496409	0.153	-0.124	9.663

1495416496420	0.095	-0.095	9.625

1495416496443	0.114	-0.114	9.644

1495416496452	0.114	-0.124	9.577

1495416496471	0.134	-0.105	9.625

