1495428092343	0.004263256	-0.003197442	0.010791367

1495428092358	0.002131628	0.003197442	0.016253663

1495428092368	0.0075939246	0.00532907	0.018518519

1495428092382	0.010791367	0.002131628	0.015187849

1495428092399	0.008659739	0.001065814	0.018518519

1495428092408	0.009725553	0.00532907	0.014122035

1495428092418	0.004263256	-0.001065814	0.008659739

1495428092431	0.014122035	0.0	0.009725553

1495428092439	0.010791367	-0.001065814	0.017452704

1495428092449	0.008659739	0.002131628	0.020650147

1495428092458	0.008659739	-0.004263256	0.015187849

1495428092468	0.010791367	-0.003197442	0.015187849

1495428092479	0.0119904075	-0.001065814	0.016253663

1495428092488	0.003197442	-0.001065814	0.018518519

1495428092498	0.0075939246	-0.001065814	0.019584332

1495428092508	0.010791367	-0.003197442	0.017452704

1495428092518	0.009725553	-0.0065281107	0.015187849

1495428092529	0.009725553	-0.002131628	0.015187849

1495428092540	0.013056221	-0.00532907	0.015187849

1495428092549	0.0119904075	-0.0065281107	0.018518519

1495428092558	0.0119904075	-0.001065814	0.019584332

1495428092568	0.0119904075	-0.001065814	0.021715961

1495428092578	0.010791367	-0.001065814	0.016253663

1495428092590	0.008659739	-0.00532907	0.010791367

1495428092599	0.008659739	-0.004263256	0.0075939246

1495428092608	0.004263256	-0.002131628	0.015187849

1495428092618	0.009725553	-0.004263256	0.009725553

1495428092636	0.008659739	-0.003197442	0.014122035

1495428092640	0.008659739	0.001065814	0.013056221

1495428092648	0.0119904075	0.002131628	0.013056221

1495428092658	0.0075939246	0.001065814	0.021715961

1495428092668	0.003197442	0.003197442	0.018518519

1495428092679	0.008659739	-0.00532907	0.010791367

1495428092689	0.009725553	-0.00532907	0.0119904075

1495428092698	0.00532907	-0.004263256	0.013056221

1495428092709	0.0075939246	0.001065814	0.018518519

1495428092718	0.0065281107	-0.003197442	0.015187849

1495428092729	0.008659739	0.002131628	0.0065281107

1495428092739	0.0075939246	-0.004263256	0.008659739

1495428092748	0.00532907	-0.002131628	0.015187849

1495428092758	0.0075939246	0.0	0.018518519

1495428092768	0.0119904075	0.002131628	0.015187849

1495428092778	0.010791367	0.0	0.015187849

1495428092788	0.009725553	0.0	0.019584332

1495428092798	0.008659739	0.002131628	0.015187849

1495428092808	0.008659739	-0.008659739	0.019584332

1495428092818	0.0065281107	-0.008659739	0.015187849

1495428092830	0.008659739	-0.002131628	0.015187849

1495428092840	0.010791367	-0.003197442	0.010791367

1495428092848	0.0075939246	-0.003197442	0.018518519

1495428092858	0.008659739	-0.001065814	0.022781774

1495428092868	0.008659739	0.0	0.017452704

1495428092878	0.00532907	-0.003197442	0.015187849

1495428092888	0.0065281107	-0.001065814	0.013056221

1495428092898	0.010791367	-0.004263256	0.015187849

1495428092908	0.0065281107	-0.00532907	0.018518519

1495428092918	0.008659739	-0.002131628	0.014122035

1495428092931	0.009725553	-0.003197442	0.009725553

1495428092940	0.008659739	-0.004263256	0.016253663

1495428092949	0.00532907	-0.00532907	0.0119904075

1495428092958	0.0065281107	0.0	0.019584332

1495428092968	0.008659739	-0.001065814	0.022781774

1495428092979	0.009725553	-0.0065281107	0.022781774

1495428092988	0.004263256	-0.0075939246	0.013056221

1495428092998	0.009725553	0.2748468	0.013056221

1495428093008	0.009725553	0.001065814	0.017452704

1495428093018	0.0065281107	0.0	0.019584332

1495428093029	0.009725553	-0.001065814	0.019584332

1495428093039	0.009725553	-0.0075939246	0.010791367

1495428093050	0.013056221	-0.004263256	0.0119904075

1495428093058	0.0119904075	-0.0075939246	0.017452704

1495428093068	0.008659739	-0.0065281107	0.018518519

1495428093079	0.014122035	-0.002131628	0.016253663

1495428093088	0.00532907	-0.003197442	0.021715961

1495428093098	0.002131628	-0.003197442	0.016253663

1495428093108	0.0119904075	-0.001065814	0.015187849

1495428093118	0.008659739	-0.003197442	0.018518519

1495428093130	0.003197442	-0.00532907	0.016253663

1495428093141	0.009725553	-0.0065281107	0.018518519

1495428093149	0.010791367	-0.004263256	0.014122035

1495428093159	0.009725553	-0.009725553	0.014122035

1495428093171	0.010791367	-0.004263256	0.008659739

1495428093179	0.0119904075	-0.003197442	0.013056221

1495428093198	0.0065281107	0.001065814	0.020650147

1495428093208	0.004263256	-0.0075939246	0.013056221

1495428093218	0.009725553	-0.003197442	0.015187849

1495428093231	0.010791367	0.0	0.010791367

1495428093240	0.0075939246	-0.001065814	0.009725553

1495428093249	0.010791367	-0.004263256	0.013056221

1495428093258	0.013056221	-0.003197442	0.013056221

1495428093268	0.0119904075	-0.003197442	0.016253663

1495428093279	0.0065281107	-0.001065814	0.016253663

1495428093288	0.010791367	-0.004263256	0.018518519

1495428093298	0.009725553	-0.001065814	0.018518519

1495428093308	0.010791367	-0.004263256	0.015187849

1495428093318	0.009725553	-0.0075939246	0.015187849

1495428093328	0.0065281107	-0.0075939246	0.013056221

1495428093339	0.0075939246	-0.0065281107	0.019584332

1495428093350	0.0119904075	-0.002131628	0.017452704

1495428093358	0.009725553	-0.003197442	0.016253663

1495428093368	0.009725553	-0.003197442	0.014122035

1495428093379	0.008659739	-0.003197442	0.016253663

1495428093398	0.008659739	-0.00532907	0.010791367

1495428093408	0.0119904075	0.0	0.014122035

1495428093418	0.010791367	-0.0065281107	0.013056221

1495428093433	0.0119904075	-0.00532907	0.0119904075

1495428093441	0.009725553	-0.00532907	0.009725553

1495428093448	0.008659739	-0.001065814	0.013056221

1495428093458	0.010791367	-0.003197442	0.013056221

1495428093468	0.010791367	-0.004263256	0.014122035

1495428093479	0.008659739	-0.003197442	0.0119904075

1495428093488	0.013056221	-0.002131628	0.016253663

1495428093498	0.008659739	-0.002131628	0.013056221

1495428093508	0.00532907	-0.004263256	0.017452704

1495428093518	0.009725553	-0.004263256	0.013056221

1495428093530	0.014122035	-0.00532907	0.009725553

1495428093540	0.008659739	-0.008659739	0.014122035

1495428093549	0.0119904075	0.001065814	0.013056221

1495428093558	0.0075939246	0.0	0.014122035

1495428093569	0.0065281107	-0.003197442	0.02504663

1495428093579	0.009725553	0.003197442	0.016253663

1495428093588	0.013056221	0.001065814	0.0119904075

1495428093598	0.013056221	0.002131628	0.0119904075

1495428093608	0.009725553	-0.001065814	0.0119904075

1495428093618	0.009725553	-0.0065281107	0.015187849

1495428093632	0.013056221	-0.003197442	0.010791367

1495428093639	0.008659739	-0.004263256	0.00532907

1495428093648	0.009725553	-0.0065281107	0.010791367

1495428093658	0.008659739	-0.0065281107	0.008659739

1495428093668	0.009725553	-0.003197442	0.016253663

1495428093680	0.0065281107	0.0	0.013056221

1495428093688	0.0075939246	-0.00532907	0.0119904075

1495428093698	0.0065281107	-0.0065281107	0.010791367

1495428093708	0.0065281107	-0.00532907	0.015187849

1495428093718	0.009725553	-0.0065281107	0.013056221

1495428093729	0.009725553	-0.0075939246	0.014122035

1495428093738	0.004263256	-0.0065281107	0.010791367

1495428093750	0.0075939246	-0.004263256	0.010791367

1495428093758	0.013056221	-0.001065814	0.015187849

1495428093768	0.00532907	-0.00532907	0.015187849

1495428093778	0.008659739	-0.003197442	0.015187849

1495428093789	0.008659739	-0.002131628	0.017452704

1495428093798	0.00532907	0.001065814	0.021715961

1495428093808	0.0065281107	-0.00532907	0.022781774

1495428093819	0.016253663	0.0	0.014122035

1495428093845	0.010791367	-0.001065814	0.013056221

1495428093849	0.0075939246	-0.004263256	0.016253663

1495428093861	0.0065281107	-0.00532907	0.017452704

1495428093868	0.008659739	-0.0065281107	0.015187849

1495428093879	0.0075939246	-0.003197442	0.013056221

1495428093888	0.009725553	0.003197442	0.017452704

1495428093898	0.010791367	-0.001065814	0.014122035

1495428093909	0.010791367	-0.004263256	0.013056221

1495428093918	0.008659739	0.002131628	0.015187849

1495428093929	0.0119904075	0.001065814	0.016253663

1495428093938	0.013056221	0.002131628	0.015187849

1495428093950	0.010791367	-0.00532907	0.013056221

1495428093958	0.014122035	-0.0065281107	0.0119904075

1495428093968	0.014122035	-0.00532907	0.0119904075

1495428093978	0.010791367	-0.003197442	0.0119904075

1495428093988	0.009725553	-0.0075939246	0.017452704

1495428093998	0.0119904075	-0.002131628	0.016253663

1495428094008	0.009725553	-0.004263256	0.013056221

1495428094018	0.008659739	-0.001065814	0.0119904075

1495428094029	0.00532907	-0.00532907	0.018518519

1495428094038	0.002131628	-0.003197442	0.018518519

1495428094050	0.008659739	-0.001065814	0.014122035

1495428094058	0.0065281107	-0.002131628	0.014122035

1495428094068	0.0075939246	-0.004263256	0.013056221

1495428094081	0.0075939246	-0.002131628	0.018518519

1495428094088	0.00532907	0.0	0.017452704

1495428094099	0.0065281107	-0.0065281107	0.016253663

1495428094108	0.0075939246	0.002131628	0.015187849

1495428094118	0.0075939246	-0.001065814	0.014122035

1495428094129	0.008659739	-0.004263256	0.0119904075

1495428094138	0.013056221	-0.004263256	0.016253663

1495428094149	0.009725553	-0.003197442	0.017452704

1495428094158	0.0065281107	-0.001065814	0.021715961

1495428094168	0.008659739	-0.004263256	0.010791367

1495428094179	0.004263256	-0.00532907	0.0119904075

1495428094188	0.009725553	-0.002131628	0.013056221

1495428094198	0.008659739	-0.003197442	0.014122035

1495428094208	0.010791367	-0.009725553	0.016253663

1495428094218	0.0119904075	-0.0065281107	0.009725553

1495428094229	0.0119904075	0.0	0.0119904075

1495428094238	0.009725553	-0.002131628	0.014122035

1495428094249	0.00532907	-0.003197442	0.010791367

1495428094258	0.009725553	-0.001065814	0.0119904075

1495428094268	0.008659739	0.0	0.015187849

1495428094279	0.0065281107	-0.004263256	0.014122035

1495428094288	0.008659739	-0.00532907	0.0075939246

1495428094298	0.0075939246	-0.003197442	0.015187849

1495428094308	0.008659739	-0.003197442	0.018518519

1495428094318	0.0075939246	-0.00532907	0.014122035

1495428094329	0.0119904075	-0.004263256	0.015187849

1495428094338	0.0119904075	-0.008659739	0.015187849

1495428094350	0.009725553	-0.00532907	0.010791367

1495428094359	0.0075939246	-0.004263256	0.008659739

1495428094369	0.00532907	-0.001065814	0.010791367

1495428094393	0.00532907	-0.004263256	0.014122035

1495428094399	0.0119904075	-0.0065281107	0.010791367

1495428094409	0.0075939246	-0.008659739	0.009725553

1495428094423	0.0075939246	-0.002131628	0.013056221

1495428094428	0.00532907	-0.001065814	0.0119904075

1495428094438	0.010791367	0.003197442	0.017452704

1495428094449	0.009725553	0.004263256	0.014122035

1495428094459	0.010791367	-0.002131628	0.013056221

1495428094469	0.00532907	-0.002131628	0.00532907

1495428094479	0.0119904075	-0.00532907	0.014122035

1495428094488	0.0075939246	-0.00532907	0.014122035

1495428094498	0.009725553	-0.0065281107	0.0119904075

1495428094508	0.008659739	-0.00532907	0.013056221

1495428094518	0.00532907	-0.004263256	0.015187849

1495428094529	0.003197442	-0.004263256	0.013056221

1495428094538	0.0075939246	-0.001065814	0.013056221

1495428094551	0.010791367	0.002131628	0.020650147

1495428094558	0.009725553	0.002131628	0.020650147

1495428094568	0.008659739	-0.00532907	0.017452704

1495428094579	0.010791367	-0.0065281107	0.014122035

1495428094589	0.010791367	-0.002131628	0.0119904075

1495428094598	0.0075939246	-0.0065281107	0.0119904075

1495428094608	0.009725553	-0.010791367	0.010791367

1495428094618	0.013056221	-0.004263256	0.0119904075

1495428094632	0.0065281107	-0.004263256	0.015187849

1495428094638	0.010791367	-0.004263256	0.018518519

1495428094650	0.0119904075	-0.0075939246	0.013056221

1495428094662	0.008659739	-0.0075939246	0.015187849

1495428094668	0.010791367	-0.004263256	0.015187849

1495428094681	0.009725553	0.001065814	0.013056221

1495428094689	0.0075939246	-0.00532907	0.0119904075

1495428094699	0.0075939246	-0.004263256	0.014122035

1495428094708	0.013056221	-0.001065814	0.014122035

1495428094718	0.014122035	0.003197442	0.018518519

1495428094730	0.009725553	-0.002131628	0.008659739

1495428094738	0.008659739	-0.004263256	0.013056221

1495428094749	0.013056221	-0.004263256	0.016253663

1495428094758	0.0075939246	-0.00532907	0.015187849

1495428094768	0.0119904075	0.003197442	0.015187849

1495428094779	0.008659739	0.002131628	0.018518519

1495428094788	0.0065281107	-0.001065814	0.018518519

1495428094798	0.008659739	-0.004263256	0.016253663

1495428094808	0.014122035	-0.003197442	0.0119904075

1495428094818	0.008659739	-0.001065814	0.016253663

1495428094830	0.008659739	-0.00532907	0.014122035

1495428094838	0.004263256	0.001065814	0.017452704

1495428094849	0.008659739	0.001065814	0.017452704

1495428094858	0.0119904075	0.001065814	0.017452704

1495428094868	0.0119904075	0.004263256	0.016253663

1495428094878	0.010791367	0.0	0.019584332

1495428094888	0.0075939246	-0.002131628	0.019584332

1495428094898	0.004263256	-0.001065814	0.020650147

1495428094908	0.00532907	-0.003197442	0.020650147

1495428094918	0.0065281107	-0.002131628	0.016253663

1495428094929	0.009725553	-0.002131628	0.014122035

1495428094938	0.0119904075	-0.004263256	0.013056221

1495428094950	0.010791367	-0.0065281107	0.018518519

1495428094958	0.0065281107	-0.00532907	0.018518519

1495428094968	0.009725553	-0.010791367	0.008659739

1495428094981	0.0075939246	-0.001065814	0.0119904075

1495428094989	0.008659739	-0.003197442	0.016253663

1495428094998	0.0075939246	-0.004263256	0.017452704

1495428095009	0.0075939246	-0.001065814	0.018518519

1495428095019	0.010791367	-0.002131628	0.017452704

1495428095029	0.013056221	-0.003197442	0.018518519

1495428095038	0.010791367	-0.001065814	0.017452704

1495428095049	0.010791367	0.002131628	0.018518519

1495428095058	0.0075939246	-0.002131628	0.017452704

1495428095068	0.010791367	-0.0065281107	0.016253663

1495428095079	0.008659739	-0.002131628	0.018518519

1495428095088	0.0119904075	-0.00532907	0.0119904075

1495428095099	0.010791367	-0.008659739	0.0119904075

1495428095108	0.00532907	-0.00532907	0.019584332

1495428095118	0.0065281107	-0.002131628	0.010791367

1495428095129	0.008659739	-0.004263256	0.009725553

1495428095139	0.008659739	-0.001065814	0.016253663

1495428095150	0.0075939246	-0.003197442	0.019584332

1495428095158	0.003197442	-0.009725553	0.019584332

1495428095169	0.009725553	-0.00532907	0.0119904075

1495428095181	0.014122035	0.0	0.017452704

1495428095188	0.009725553	-0.0065281107	0.0119904075

1495428095199	0.009725553	-0.004263256	0.015187849

1495428095209	0.0065281107	-0.0065281107	0.013056221

1495428095219	0.010791367	0.0	0.015187849

1495428095232	0.0065281107	-0.002131628	0.018518519

1495428095238	0.0075939246	-0.002131628	0.016253663

1495428095249	0.010791367	-0.002131628	0.021715961

1495428095258	0.0065281107	-0.00532907	0.009725553

1495428095268	0.0119904075	-0.00532907	0.015187849

1495428095281	0.008659739	-0.004263256	0.010791367

1495428095288	0.009725553	0.001065814	0.017452704

1495428095299	0.009725553	-0.001065814	0.014122035

1495428095308	0.009725553	-0.002131628	0.013056221

1495428095318	0.009725553	-0.001065814	0.013056221

1495428095329	0.008659739	-0.001065814	0.014122035

1495428095338	0.014122035	0.0	0.008659739

1495428095349	0.013056221	-0.001065814	0.010791367

1495428095358	0.0075939246	-0.004263256	0.014122035

1495428095379	0.008659739	-0.002131628	0.018518519

1495428095381	0.0075939246	-0.0065281107	0.026112443

1495428095388	0.008659739	-0.010791367	0.020650147

1495428095398	0.0065281107	-0.001065814	0.018518519

1495428095409	0.008659739	-0.001065814	0.018518519

1495428095419	0.008659739	-0.0065281107	0.018518519

1495428095428	0.0065281107	-0.0075939246	0.016253663

1495428095438	0.0065281107	-0.002131628	0.015187849

1495428095450	0.0065281107	0.001065814	0.018518519

1495428095458	0.008659739	-0.002131628	0.010791367

1495428095468	0.013056221	-0.009725553	0.013056221

1495428095478	0.0119904075	-0.004263256	0.013056221

1495428095488	0.0075939246	0.002131628	0.008659739

1495428095499	0.0075939246	-0.001065814	0.013056221

1495428095511	0.010791367	-0.00532907	0.010791367

1495428095519	0.013056221	-0.001065814	0.013056221

1495428095529	0.0065281107	-0.0065281107	0.014122035

1495428095540	0.0119904075	-0.00532907	0.016253663

1495428095550	0.015187849	-0.003197442	0.019584332

1495428095558	0.008659739	0.001065814	0.019584332

1495428095568	0.0075939246	-0.002131628	0.019584332

1495428095583	0.010791367	0.002131628	0.018518519

1495428095588	0.008659739	0.001065814	0.020650147

1495428095598	0.008659739	-0.0065281107	0.022781774

1495428095609	0.010791367	-0.001065814	0.022781774

1495428095618	0.0075939246	-0.001065814	0.018518519

1495428095632	0.009725553	-0.001065814	0.014122035

1495428095638	0.010791367	-0.002131628	0.0119904075

1495428095666	0.013056221	-0.0075939246	0.010791367

1495428095668	0.0075939246	-0.00532907	0.015187849

1495428095686	0.008659739	-0.004263256	0.019584332

1495428095687	0.008659739	0.001065814	0.019584332

1495428095689	0.009725553	-0.0065281107	0.015187849

1495428095699	0.008659739	-0.00532907	0.0119904075

1495428095709	0.009725553	0.0	0.0119904075

1495428095719	0.009725553	0.0	0.013056221

1495428095729	0.0075939246	-0.001065814	0.010791367

1495428095738	0.010791367	0.0	0.014122035

1495428095751	0.00532907	0.0	0.019584332

1495428095768	0.0119904075	-0.002131628	0.015187849

1495428095782	0.013056221	0.001065814	0.014122035

1495428095791	0.008659739	-0.003197442	0.017452704

1495428095798	0.008659739	-0.003197442	0.018518519

1495428095808	0.0119904075	0.0	0.016253663

1495428095818	0.004263256	-0.004263256	0.019584332

1495428095829	0.0065281107	0.004263256	0.013056221

1495428095839	0.0075939246	-0.003197442	0.014122035

1495428095850	0.0065281107	0.0	0.013056221

1495428095858	0.0119904075	-0.002131628	0.009725553

1495428095868	0.010791367	0.001065814	0.0075939246

1495428095878	0.0075939246	0.0	0.0119904075

1495428095888	0.009725553	-0.008659739	0.008659739

1495428095898	0.00532907	-0.004263256	0.008659739

1495428095908	0.00532907	-0.003197442	0.014122035

1495428095919	0.010791367	-0.003197442	0.015187849

1495428095931	0.010791367	-0.00532907	0.014122035

1495428095938	0.0075939246	-0.00532907	0.016253663

1495428095950	0.008659739	0.27804422	0.018518519

1495428095973	0.008659739	0.001065814	0.018518519

1495428095977	0.009725553	0.002131628	0.013056221

1495428095979	0.0075939246	0.0	0.019584332

1495428095988	0.009725553	-0.004263256	0.010791367

1495428095998	0.010791367	-0.002131628	0.019584332

1495428096008	0.013056221	-0.001065814	0.022781774

1495428096018	0.009725553	-0.004263256	0.016253663

1495428096028	0.0075939246	-0.0065281107	0.019584332

1495428096039	0.004263256	-0.002131628	0.013056221

1495428096050	0.009725553	-0.001065814	0.014122035

1495428096058	0.013056221	-0.003197442	0.009725553

1495428096069	0.010791367	-0.002131628	0.016253663

1495428096079	0.009725553	0.001065814	0.020650147

1495428096088	0.010791367	-0.0065281107	0.0119904075

1495428096098	0.010791367	-0.003197442	0.013056221

1495428096108	0.008659739	0.0	0.0119904075

1495428096118	0.00532907	-0.0065281107	0.0119904075

1495428096136	0.0065281107	-0.00532907	0.021715961

1495428096143	0.0065281107	-0.00532907	0.018518519

1495428096150	0.013056221	-0.004263256	0.016253663

1495428096162	0.013056221	-0.002131628	0.016253663

1495428096168	0.014122035	0.004263256	0.018518519

1495428096178	0.008659739	-0.0065281107	0.014122035

1495428096188	0.009725553	-0.0075939246	0.015187849

1495428096198	0.0075939246	-0.00532907	0.017452704

1495428096208	0.003197442	-0.004263256	0.018518519

1495428096218	0.0065281107	-0.0065281107	0.017452704

1495428096228	0.0065281107	-0.002131628	0.017452704

1495428096238	0.0065281107	-0.002131628	0.019584332

1495428096249	0.010791367	0.001065814	0.017452704

1495428096259	0.009725553	-0.002131628	0.017452704

1495428096268	0.009725553	-0.002131628	0.015187849

1495428096279	0.009725553	0.001065814	0.015187849

1495428096289	0.0075939246	-0.001065814	0.013056221

1495428096299	0.010791367	-0.001065814	0.019584332

1495428096332	0.010791367	-0.003197442	0.019584332

1495428096335	0.009725553	0.0	0.014122035

1495428096337	0.009725553	0.001065814	0.010791367

1495428096339	0.008659739	-0.002131628	0.013056221

1495428096349	0.014122035	-0.003197442	0.013056221

1495428096358	0.014122035	-0.004263256	0.0119904075

1495428096368	0.008659739	-0.003197442	0.008659739

1495428096378	0.008659739	0.001065814	0.020650147

1495428096388	0.010791367	-0.00532907	0.016253663

1495428096398	0.008659739	-0.0065281107	0.018518519

1495428096408	0.009725553	-0.004263256	0.0119904075

1495428096418	0.00532907	-0.001065814	0.016253663

1495428096429	0.0119904075	0.0	0.017452704

1495428096438	0.0075939246	0.001065814	0.019584332

1495428096450	0.0075939246	-0.001065814	0.013056221

1495428096459	0.004263256	-0.001065814	0.0119904075

1495428096468	0.0075939246	-0.0065281107	0.010791367

1495428096478	0.0065281107	-0.00532907	0.019584332

1495428096489	0.008659739	-0.0065281107	0.016253663

1495428096505	0.009725553	-0.0075939246	0.016253663

1495428096508	0.010791367	-0.00532907	0.017452704

1495428096518	0.014122035	-0.003197442	0.015187849

1495428096529	0.010791367	-0.004263256	0.014122035

1495428096538	0.009725553	0.001065814	0.015187849

1495428096550	0.008659739	-0.001065814	0.015187849

1495428096558	0.008659739	-0.002131628	0.015187849

1495428096568	0.0119904075	0.003197442	0.0119904075

1495428096580	0.009725553	0.0	0.016253663

1495428096589	0.0075939246	-0.00532907	0.016253663

1495428096599	0.0065281107	-0.00532907	0.0119904075

1495428096609	0.0075939246	-0.00532907	0.010791367

1495428096618	0.008659739	0.003197442	0.016253663

1495428096631	0.0075939246	0.001065814	0.0119904075

1495428096638	0.00532907	-0.001065814	0.015187849

1495428096649	0.008659739	-0.002131628	0.021715961

1495428096658	0.008659739	-0.002131628	0.014122035

1495428096668	0.009725553	-0.002131628	0.015187849

1495428096684	0.013056221	-0.004263256	0.018518519

1495428096701	0.0075939246	-0.0065281107	0.015187849

1495428096708	0.0075939246	-0.002131628	0.020650147

1495428096718	0.008659739	-0.004263256	0.015187849

1495428096729	0.009725553	0.0	0.013056221

1495428096738	0.008659739	-0.0065281107	0.0119904075

1495428096750	0.009725553	-0.004263256	0.013056221

1495428096758	0.009725553	0.0	0.013056221

1495428096768	0.00532907	0.0	0.013056221

1495428096778	0.0065281107	0.002131628	0.013056221

1495428096788	0.013056221	-0.001065814	0.015187849

1495428096798	0.010791367	-0.004263256	0.013056221

1495428096808	0.014122035	0.0065281107	0.018518519

1495428096819	0.008659739	0.0	0.017452704

1495428096829	0.0075939246	0.003197442	0.016253663

1495428096839	0.00532907	-0.001065814	0.017452704

1495428096850	0.003197442	-0.008659739	0.016253663

1495428096859	0.0075939246	-0.0075939246	0.014122035

1495428096881	0.0119904075	-0.00532907	0.015187849

1495428096883	0.003197442	-0.002131628	0.010791367

1495428096888	0.0065281107	-0.002131628	0.014122035

1495428096898	0.0119904075	-0.004263256	0.018518519

1495428096908	0.010791367	-0.002131628	0.019584332

1495428096918	0.013056221	-0.002131628	0.019584332

1495428096928	0.016253663	-0.002131628	0.021715961

1495428096939	0.009725553	-0.003197442	0.013056221

1495428096950	0.008659739	-0.002131628	0.018518519

1495428096969	0.008659739	-0.001065814	0.014122035

1495428096983	0.0065281107	-0.0065281107	0.015187849

1495428096999	0.009725553	-0.002131628	0.014122035

1495428097000	0.0065281107	-0.0065281107	0.017452704

1495428097008	0.0075939246	-0.00532907	0.018518519

1495428097018	0.010791367	-0.002131628	0.016253663

1495428097029	0.010791367	-0.004263256	0.014122035

1495428097038	0.0119904075	-0.00532907	0.014122035

1495428097050	0.008659739	-0.00532907	0.013056221

1495428097058	0.0065281107	-0.003197442	0.016253663

1495428097068	0.0075939246	-0.00532907	0.018518519

1495428097078	0.004263256	0.002131628	0.015187849

1495428097089	0.004263256	0.0	0.013056221

1495428097098	0.0075939246	-0.001065814	0.016253663

1495428097108	0.008659739	-0.001065814	0.018518519

1495428097119	0.008659739	-0.00532907	0.016253663

1495428097131	0.0119904075	-0.004263256	0.016253663

1495428097139	0.010791367	-0.002131628	0.015187849

1495428097150	0.004263256	-0.004263256	0.017452704

1495428097178	0.010791367	-0.001065814	0.018518519

1495428097179	0.009725553	-0.004263256	0.015187849

1495428097188	0.009725553	0.0	0.0119904075

1495428097198	0.00532907	-0.00532907	0.013056221

1495428097208	0.009725553	-0.002131628	0.019584332

1495428097218	0.008659739	-0.008659739	0.016253663

1495428097228	0.010791367	-0.0065281107	0.013056221

1495428097239	0.008659739	-0.0065281107	0.016253663

1495428097250	0.0065281107	-0.004263256	0.014122035

1495428097258	0.008659739	-0.001065814	0.015187849

1495428097269	0.009725553	-0.002131628	0.015187849

1495428097284	0.013056221	-0.0065281107	0.014122035

1495428097288	0.010791367	-0.0065281107	0.018518519

1495428097298	0.0075939246	-0.003197442	0.014122035

1495428097308	0.0075939246	0.001065814	0.019584332

