1496051938477	23.4	30.599998	-31.439999

1496051938480	23.279999	30.599998	-31.199999

1496051938485	23.34	30.84	-31.019999

1496051938491	23.519999	30.66	-31.14

1496051938509	23.64	30.66	-31.14

1496051938513	23.64	30.66	-31.019999

1496051938522	23.58	30.66	-30.9

1496051938535	23.46	30.779999	-30.9

1496051938556	23.519999	30.66	-31.019999

1496051938565	23.279999	30.66	-31.199999

1496051938575	23.279999	30.599998	-31.38

1496051938586	23.279999	30.48	-31.32

1496051938596	23.4	30.42	-31.26

1496051938607	23.34	30.3	-31.019999

1496051938616	23.16	30.3	-30.96

1496051938626	23.1	30.42	-31.26

1496051938635	23.16	30.06	-31.199999

1496051938647	23.46	30.0	-31.26

1496051938655	23.22	30.06	-31.019999

1496051938665	23.16	30.599998	-30.9

1496051938676	23.039999	30.599998	-30.779999

1496051938693	23.1	30.72	-30.779999

1496051938706	23.22	30.84	-30.9

1496051938716	23.34	30.84	-30.66

1496051938725	23.22	31.199999	-30.66

1496051938735	23.279999	31.199999	-30.72

1496051938747	23.519999	30.9	-30.84

1496051938756	23.46	30.599998	-30.72

1496051938766	23.58	30.66	-30.72

1496051938775	23.64	30.66	-30.9

1496051938786	23.699999	30.599998	-30.96

1496051938795	23.76	30.599998	-31.019999

1496051938807	23.82	30.66	-30.96

1496051938814	23.76	30.84	-30.9

1496051938822	23.76	30.84	-31.14

1496051938833	23.82	30.84	-31.439999

1496051938842	23.699999	30.779999	-31.32

1496051938853	23.519999	30.779999	-31.38

1496051938866	23.519999	30.84	-31.38

1496051938873	23.4	30.779999	-31.38

1496051938885	23.4	30.66	-31.5

1496051938896	23.519999	30.48	-31.619999

1496051938905	23.4	30.599998	-31.56

1496051938916	23.519999	30.599998	-31.5

1496051938925	23.64	30.66	-31.5

1496051938937	23.699999	30.599998	-31.439999

1496051938945	23.58	30.599998	-31.5

1496051938957	23.519999	30.48	-31.619999

1496051938963	23.519999	30.42	-31.5

1496051938974	23.519999	30.599998	-31.32

1496051938987	23.58	30.9	-31.26

1496051938994	23.4	31.019999	-31.38

1496051939007	23.34	30.9	-31.56

1496051939018	23.34	30.9	-31.56

1496051939039	23.58	30.66	-31.56

1496051939048	23.58	30.66	-31.5

1496051939053	23.64	30.779999	-31.619999

1496051939068	23.699999	30.66	-31.74

1496051939078	23.519999	30.359999	-31.74

1496051939083	23.58	30.359999	-31.5

1496051939093	23.519999	30.359999	-31.439999

1496051939103	23.519999	30.42	-31.439999

1496051939118	23.1	30.84	-31.56

1496051939127	23.279999	31.26	-31.679998

1496051939133	23.22	31.32	-31.679998

1496051939148	23.039999	31.14	-31.56

1496051939157	23.279999	31.14	-31.5

1496051939167	23.34	30.9	-31.859999

1496051939174	23.4	30.84	-31.92

1496051939193	23.519999	30.84	-31.8

1496051939222	23.76	30.84	-31.56

1496051939236	23.58	30.599998	-31.5

1496051939245	23.58	30.599998	-31.439999

1496051939267	23.64	30.779999	-31.619999

1496051939274	23.699999	30.779999	-31.74

1496051939277	23.64	30.779999	-31.5

1496051939279	23.76	30.96	-31.199999

1496051939283	23.699999	30.779999	-31.26

1496051939286	23.699999	30.42	-31.26

1496051939288	23.699999	30.48	-31.199999

1496051939353	23.76	30.42	-31.199999

1496051939356	23.82	30.66	-31.08

1496051939359	23.64	30.66	-30.96

1496051939363	23.34	30.9	-30.84

1496051939366	23.34	31.019999	-30.96

1496051939370	23.46	31.14	-31.199999

1496051939375	23.519999	31.199999	-31.199999

1496051939390	23.46	31.199999	-31.199999

1496051939394	23.46	31.14	-31.38

1496051939405	23.22	30.9	-31.439999

1496051939425	23.16	30.9	-31.439999

1496051939436	23.519999	31.08	-31.679998

1496051939447	23.4	31.08	-31.5

1496051939453	23.4	31.08	-31.38

1496051939468	23.34	31.439999	-31.199999

1496051939477	23.4	31.14	-31.199999

1496051939487	23.4	31.26	-31.019999

1496051939496	23.58	31.619999	-30.9

1496051939504	23.519999	31.619999	-30.9

1496051939513	23.4	31.32	-30.72

1496051939523	23.34	31.14	-30.9

1496051939536	23.279999	31.439999	-30.9

1496051939548	23.279999	31.08	-31.019999

1496051939556	23.34	31.32	-30.9

1496051939567	23.16	31.26	-30.96

1496051939577	23.16	30.72	-30.779999

1496051939587	23.22	30.72	-30.96

1496051939596	23.22	30.599998	-31.019999

1496051939607	23.16	30.66	-31.08

1496051939616	23.22	30.42	-30.96

1496051939626	23.1	30.599998	-31.199999

1496051939638	23.16	30.599998	-31.26

1496051939643	23.22	30.66	-31.32

1496051939657	23.279999	30.72	-31.56

1496051939667	23.4	30.84	-31.32

1496051939672	23.519999	31.019999	-31.199999

1496051939684	23.58	30.84	-31.26

1496051939697	23.519999	30.9	-31.439999

1496051939706	23.519999	30.779999	-31.199999

1496051939716	23.279999	30.66	-31.199999

1496051939727	23.34	30.599998	-31.019999

1496051939736	23.22	30.66	-30.9

1496051939746	23.16	30.599998	-31.08

1496051939755	23.039999	30.539999	-31.26

1496051939766	23.1	30.66	-31.08

1496051939775	23.279999	30.599998	-31.199999

1496051939785	23.64	30.48	-31.199999

1496051939792	23.939999	30.359999	-31.32

1496051939804	23.939999	30.359999	-31.439999

1496051939816	24.06	30.179998	-31.619999

1496051939825	24.119999	30.119999	-31.679998

1496051939832	24.24	29.939999	-31.8

1496051939848	24.3	29.939999	-32.04

1496051939858	24.119999	29.699999	-31.98

1496051939867	23.82	29.58	-31.92

1496051939873	23.64	29.939999	-31.92

1496051939887	23.64	29.82	-31.8

1496051939896	23.64	29.939999	-31.74

1496051939907	23.699999	30.0	-31.619999

1496051939916	23.76	30.0	-31.5

1496051939924	23.699999	30.0	-31.32

1496051939938	23.82	30.42	-31.38

1496051939942	23.939999	30.539999	-31.38

1496051939957	23.939999	29.939999	-31.5

1496051939968	24.06	29.82	-31.5

1496051939976	24.24	29.76	-31.5

1496051939984	24.18	29.58	-31.38

1496051939998	24.119999	29.58	-31.38

1496051940008	24.24	29.58	-31.26

1496051940016	24.3	29.34	-31.38

1496051940026	24.3	29.34	-31.26

1496051940033	24.42	29.64	-31.14

1496051940061	24.48	29.699999	-31.38

1496051940085	24.359999	29.58	-31.439999

1496051940104	24.359999	29.699999	-31.439999

1496051940107	24.359999	29.88	-31.32

1496051940113	24.18	29.88	-31.26

1496051940118	23.82	29.76	-31.14

1496051940122	23.76	29.699999	-31.26

1496051940126	23.699999	29.76	-31.32

1496051940132	23.519999	29.76	-31.14

1496051940135	23.64	29.939999	-30.9

1496051940219	23.64	30.119999	-30.84

1496051940223	23.58	30.0	-30.96

1496051940226	23.64	29.939999	-30.96

1496051940229	23.88	30.0	-31.019999

1496051940232	23.939999	30.24	-31.019999

1496051940235	23.939999	29.939999	-30.96

1496051940238	24.06	29.939999	-31.019999

1496051940241	23.88	29.82	-31.199999

1496051940244	23.88	29.699999	-31.199999

1496051940247	24.119999	29.76	-31.019999

1496051940251	24.119999	29.519999	-31.14

1496051940255	24.18	29.519999	-31.14

1496051940278	24.3	29.46	-31.08

1496051940282	24.24	29.699999	-31.26

1496051940299	24.3	29.519999	-31.26

1496051940303	24.42	29.88	-31.32

1496051940316	24.48	29.88	-31.439999

1496051940322	24.3	29.76	-31.439999

1496051940332	24.3	30.179998	-31.26

1496051940345	24.18	30.179998	-31.38

1496051940356	24.06	30.179998	-31.439999

1496051940365	24.06	30.179998	-31.199999

1496051940376	23.939999	30.24	-31.26

1496051940386	23.76	29.82	-31.199999

1496051940394	23.82	30.0	-31.32

1496051940405	23.82	29.82	-31.439999

1496051940417	23.939999	29.699999	-31.56

1496051940425	23.939999	29.58	-31.56

1496051940437	23.939999	29.699999	-31.5

1496051940445	24.119999	29.88	-31.679998

1496051940457	24.119999	30.0	-31.439999

1496051940465	24.119999	30.179998	-31.5

1496051940485	23.939999	30.0	-31.439999

1496051940495	24.06	30.24	-31.56

1496051940505	23.76	30.24	-31.56

1496051940515	23.88	30.359999	-31.5

1496051940526	23.88	30.24	-31.619999

1496051940537	23.82	30.0	-31.619999

1496051940546	23.82	29.82	-31.8

1496051940558	23.939999	29.82	-31.74

1496051940567	23.88	29.939999	-31.619999

1496051940573	23.76	29.939999	-31.56

1496051940584	23.88	30.24	-31.439999

1496051940595	23.82	30.359999	-31.32

1496051940603	23.82	30.24	-31.14

1496051940615	23.88	30.359999	-30.96

1496051940627	23.939999	30.42	-30.84

1496051940638	23.939999	30.42	-30.9

1496051940648	24.06	30.3	-30.84

1496051940658	24.24	30.48	-30.9

1496051940667	24.24	30.48	-31.14

1496051940677	24.18	30.179998	-31.14

1496051940687	24.18	30.179998	-31.199999

1496051940697	24.06	30.359999	-31.26

1496051940706	24.119999	30.24	-31.5

1496051940716	24.119999	30.24	-31.439999

1496051940726	24.3	30.24	-31.439999

1496051940738	24.3	29.939999	-31.38

1496051940748	24.3	29.939999	-31.14

1496051940757	24.3	30.119999	-31.14

1496051940767	24.06	30.179998	-31.019999

1496051940776	24.06	30.0	-30.96

1496051940788	24.0	30.359999	-30.9

1496051940797	23.82	30.42	-31.199999

1496051940807	23.519999	30.66	-31.199999

1496051940815	23.279999	30.84	-31.14

1496051940824	23.16	30.66	-31.199999

1496051940835	23.34	30.72	-31.38

1496051940846	23.76	30.84	-31.5

1496051940855	23.939999	31.019999	-31.619999

1496051940866	24.119999	30.84	-31.5

1496051940873	24.3	30.84	-31.32

1496051940887	24.48	30.66	-31.439999

1496051940898	24.48	30.539999	-31.439999

1496051940906	24.66	30.42	-31.679998

1496051940998	24.66	30.3	-31.5

1496051941003	24.42	30.119999	-31.38

1496051941006	24.3	29.82	-31.38

1496051941009	24.18	29.76	-31.199999

1496051941014	24.18	29.58	-31.32

1496051941017	24.24	29.34	-31.019999

1496051941021	24.3	29.46	-31.08

1496051941024	24.42	29.699999	-30.84

1496051941028	24.42	30.0	-30.9

1496051941032	24.42	30.42	-31.08

1496051941036	24.48	30.3	-31.08

1496051941040	24.6	30.3	-31.32

1496051941043	24.48	30.359999	-31.26

1496051941047	24.42	30.599998	-31.439999

1496051941081	24.42	30.599998	-31.38

1496051941084	24.3	30.42	-31.5

1496051941088	24.06	30.24	-31.619999

1496051941091	24.119999	29.82	-31.679998

1496051941095	24.18	30.179998	-31.5

1496051941109	24.119999	30.179998	-31.5

1496051941116	23.88	29.82	-31.56

1496051941124	23.76	29.82	-31.56

1496051941132	23.82	29.64	-31.8

1496051941148	23.939999	29.4	-31.619999

1496051941157	24.119999	29.34	-31.439999

1496051941163	24.06	29.279999	-31.199999

1496051941173	23.939999	29.34	-31.439999

1496051941187	24.119999	29.34	-31.439999

1496051941192	24.119999	29.58	-31.32

1496051941208	24.3	29.64	-31.38

1496051941216	24.359999	29.88	-31.38

1496051941226	24.359999	29.88	-31.38

1496051941235	24.359999	29.939999	-31.5

1496051941247	24.359999	30.179998	-31.8

1496051941255	24.42	30.119999	-31.679998

1496051941266	24.3	29.939999	-31.679998

1496051941275	24.48	30.06	-31.5

1496051941287	24.42	30.359999	-31.38

1496051941296	24.359999	30.179998	-31.439999

1496051941303	24.24	30.179998	-31.5

1496051941315	24.24	30.0	-31.5

1496051941323	24.359999	30.0	-31.14

1496051941336	24.24	29.939999	-31.14

1496051941345	24.18	30.179998	-30.96

1496051941353	24.24	30.119999	-31.14

1496051941367	24.119999	29.939999	-31.26

1496051941377	23.939999	30.0	-30.96

1496051941385	23.82	30.42	-31.199999

1496051941396	23.76	30.599998	-31.26

1496051941405	23.699999	30.42	-31.56

1496051941416	23.58	30.48	-31.619999

1496051941425	23.699999	30.359999	-31.8

1496051941437	23.58	30.3	-31.859999

1496051941443	23.58	30.359999	-31.74

1496051941453	23.699999	30.179998	-31.74

1496051941465	23.82	29.82	-31.5

1496051941474	23.88	29.76	-31.439999

1496051941483	23.88	29.76	-31.32

1496051941496	23.88	29.82	-31.32

1496051941505	23.82	29.82	-31.26

1496051941516	23.82	30.0	-31.26

1496051941525	23.88	30.0	-31.32

1496051941536	23.939999	30.179998	-31.56

1496051941543	23.939999	30.24	-31.5

1496051941553	23.88	30.179998	-31.439999

1496051941565	23.939999	29.939999	-31.26

1496051941573	24.06	29.76	-31.439999

1496051941590	24.119999	29.88	-31.439999

1496051941595	24.18	29.88	-31.38

1496051941607	24.24	30.0	-31.32

1496051941617	24.18	29.939999	-30.9

1496051941625	24.119999	29.88	-31.08

1496051941636	24.119999	30.0	-30.96

1496051941643	24.119999	30.42	-31.32

1496051941653	24.24	30.48	-31.14

1496051941663	24.3	30.539999	-31.14

1496051941675	24.24	30.359999	-31.199999

1496051941685	24.18	30.119999	-31.26

1496051941696	24.18	30.3	-31.74

1496051941707	24.24	30.359999	-31.619999

1496051941713	24.24	30.3	-31.619999

1496051941725	24.18	30.119999	-31.439999

1496051941736	24.18	30.119999	-31.26

1496051941746	23.88	29.88	-31.199999

1496051941838	23.939999	29.88	-31.14

1496051941841	24.06	30.119999	-31.199999

1496051941844	24.119999	30.06	-31.08

1496051941846	23.939999	30.119999	-31.08

1496051941849	24.24	29.939999	-31.14

1496051941852	24.24	30.119999	-30.84

1496051941856	24.18	30.3	-30.84

1496051941861	24.24	30.42	-31.08

1496051941865	24.24	30.539999	-31.14

1496051941869	24.24	30.3	-31.199999

1496051941874	24.119999	30.3	-31.14

1496051941878	24.18	30.179998	-31.14

1496051941881	23.82	30.359999	-31.439999

1496051941885	23.82	30.179998	-31.74

1496051941918	23.82	30.179998	-31.74

1496051941921	23.939999	30.24	-31.5

1496051941925	23.88	29.939999	-31.32

1496051941928	23.88	29.939999	-31.14

1496051941939	24.119999	29.88	-31.14

1496051941946	24.18	29.699999	-31.199999

1496051941957	24.18	29.76	-31.019999

1496051941962	24.24	29.88	-30.96

1496051941976	24.3	29.88	-31.08

1496051941985	24.18	29.76	-31.14

1496051941996	24.18	29.939999	-31.38

1496051942005	24.18	29.82	-31.56

1496051942016	23.939999	29.939999	-31.679998

1496051942023	23.939999	30.179998	-31.56

1496051942036	24.119999	30.359999	-31.74

1496051942045	24.18	30.42	-31.92

1496051942056	24.06	30.24	-31.8

1496051942067	23.939999	30.24	-31.859999

1496051942073	23.88	30.42	-31.74

1496051942083	23.939999	30.42	-31.619999

1496051942097	23.939999	30.42	-31.439999

1496051942103	24.06	30.42	-31.5

1496051942116	24.119999	30.179998	-31.439999

1496051942127	23.82	30.119999	-31.439999

1496051942137	23.88	30.179998	-31.619999

1496051942148	24.119999	30.179998	-31.439999

1496051942157	24.18	30.119999	-31.5

1496051942163	24.119999	30.0	-31.679998

1496051942177	24.18	30.24	-31.56

1496051942184	24.18	30.179998	-31.439999

1496051942197	24.18	30.24	-31.26

1496051942203	24.3	30.3	-30.96

1496051942213	24.3	30.179998	-30.96

1496051942227	24.18	30.42	-31.199999

1496051942237	24.18	30.539999	-31.199999

1496051942248	24.18	30.66	-31.08

1496051942257	24.18	30.539999	-31.14

1496051942263	24.119999	30.42	-31.26

1496051942273	23.939999	30.24	-31.5

1496051942283	24.06	30.359999	-31.74

1496051942293	24.06	30.359999	-31.74

1496051942304	24.119999	30.0	-31.679998

1496051942313	24.06	30.0	-31.439999

1496051942323	23.82	30.06	-31.5

1496051942336	23.82	30.0	-31.5

1496051942348	23.82	30.119999	-31.38

1496051942357	23.939999	30.179998	-31.199999

1496051942367	23.88	30.119999	-31.08

1496051942377	23.88	30.179998	-31.08

1496051942387	23.939999	30.179998	-30.96

1496051942398	24.06	30.0	-31.08

1496051942403	24.06	29.88	-31.019999

1496051942413	24.18	30.119999	-31.26

1496051942430	23.88	30.359999	-31.439999

1496051942438	23.88	30.179998	-31.32

1496051942444	23.82	30.119999	-31.5

1496051942453	23.76	30.359999	-31.32

1496051942463	23.58	30.24	-31.32

1496051942475	23.4	30.359999	-31.32

1496051942486	23.64	30.539999	-31.08

1496051942495	23.58	30.119999	-31.019999

1496051942506	23.939999	29.939999	-30.96

1496051942515	23.88	30.179998	-30.9

1496051942527	24.119999	30.179998	-30.9

1496051942535	24.119999	29.88	-30.96

1496051942546	24.3	30.0	-30.9

1496051942555	24.42	30.179998	-31.08

1496051942567	24.359999	30.119999	-31.26

1496051942573	24.24	30.359999	-31.08

1496051942583	23.939999	30.359999	-31.08

1496051942597	24.06	30.179998	-31.199999

1496051942604	23.88	30.179998	-31.26

1496051942697	23.939999	30.359999	-31.26

1496051942700	23.88	30.66	-31.38

1496051942703	23.939999	30.539999	-31.14

1496051942705	23.939999	30.84	-30.96

1496051942707	24.18	30.84	-31.08

1496051942709	24.24	30.72	-30.9

1496051942712	24.18	31.019999	-30.9

1496051942714	24.3	31.199999	-30.84

1496051942715	24.3	31.08	-30.9

1496051942717	24.3	30.66	-30.9

1496051942720	24.119999	30.66	-30.96

1496051942738	24.06	30.359999	-31.14

1496051942741	23.88	30.179998	-31.32

1496051942744	23.88	30.66	-31.439999

1496051942756	23.88	30.42	-31.439999

1496051942762	23.519999	30.3	-31.38

1496051942776	23.58	30.42	-31.56

1496051942785	23.519999	30.599998	-31.8

1496051942796	23.64	30.359999	-31.8

1496051942803	23.699999	30.0	-31.679998

1496051942818	23.699999	30.359999	-31.619999

1496051942823	23.76	30.179998	-31.8

1496051942838	23.76	30.42	-31.8

1496051942842	24.06	30.66	-31.8

1496051942853	23.939999	30.84	-31.679998

1496051942866	24.06	30.66	-31.5

1496051942887	23.88	31.08	-31.5

1496051942898	23.76	31.5	-31.56

1496051942903	23.699999	31.32	-31.619999

1496051942917	23.88	31.439999	-31.679998

1496051942927	24.119999	31.5	-31.74

1496051942937	24.06	31.32	-31.679998

1496051942947	23.939999	31.14	-31.619999

1496051942957	23.88	31.32	-31.5

1496051942962	24.06	31.14	-31.619999

1496051942976	24.3	31.14	-31.74

1496051942985	24.48	31.199999	-31.74

1496051942997	24.42	30.9	-31.74

1496051943003	24.359999	30.66	-31.74

1496051943014	24.48	30.539999	-31.98

1496051943023	24.48	30.359999	-32.16

1496051943034	24.66	30.24	-32.34

1496051943047	24.66	30.24	-32.46

1496051943057	24.48	30.24	-32.28

1496051943067	24.24	30.179998	-32.28

1496051943077	24.06	30.0	-32.28

1496051943086	24.06	30.0	-32.1

1496051943097	24.119999	30.179998	-32.04

1496051943107	24.119999	30.24	-32.1

1496051943113	23.76	30.24	-32.1

1496051943127	23.76	30.0	-32.04

1496051943138	23.76	29.939999	-32.1

1496051943143	23.82	30.24	-32.04

1496051943157	23.82	30.24	-32.16

1496051943167	23.64	30.0	-32.28

1496051943178	23.519999	30.0	-32.1

1496051943187	23.519999	29.939999	-32.04

1496051943197	23.699999	29.58	-31.8

1496051943207	23.699999	30.0	-31.74

1496051943217	23.699999	30.119999	-31.8

1496051943226	23.82	29.82	-31.8

1496051943237	23.76	29.939999	-31.56

1496051943246	23.76	30.359999	-31.56

1496051943255	23.76	30.179998	-31.74

1496051943262	23.76	30.179998	-31.619999

1496051943273	23.76	30.179998	-31.8

1496051943285	23.699999	30.0	-31.859999

1496051943303	23.76	29.939999	-31.74

1496051943316	23.699999	29.699999	-31.74

1496051943333	23.82	29.699999	-31.8

1496051943343	23.939999	29.4	-31.8

1496051943357	23.939999	29.58	-31.98

1496051943367	23.88	29.58	-32.1

1496051943377	23.939999	29.76	-32.16

1496051943383	23.939999	29.76	-32.16

1496051943396	23.88	29.82	-32.04

1496051943406	23.76	29.939999	-32.1

1496051943415	23.76	29.82	-32.16

1496051943425	23.64	29.76	-32.1

1496051943436	23.64	29.519999	-31.92

