1496003246938	0.028	-0.028	9.548

1496003246939	0.028	-0.019	9.577

1496003246940	0.028	-0.047	9.557

1496003246949	0.028	-0.028	9.538

1496003246959	0.057	-0.047	9.577

1496003246969	0.047	-0.057	9.557

1496003246979	0.047	-0.057	9.548

1496003246994	0.057	-0.047	9.586

1496003246999	0.047	-0.038	9.548

1496003247011	0.057	-0.076	9.548

1496003247020	0.067	-0.047	9.557

1496003247032	0.095	-0.057	9.586

1496003247042	0.067	-0.067	9.586

1496003247049	0.067	-0.076	9.567

1496003247069	0.057	-0.076	9.567

1496003247081	0.028	-0.028	9.519

1496003247092	0.076	-0.067	9.586

1496003247101	0.047	-0.038	9.605

1496003247111	0.047	-0.047	9.567

1496003247120	0.038	-0.038	9.548

1496003247129	0.047	-0.067	9.567

1496003247141	0.047	-0.028	9.557

1496003247149	0.086	-0.057	9.586

1496003247159	0.067	-0.047	9.538

1496003247169	0.067	-0.038	9.548

1496003247179	0.086	-0.047	9.615

1496003247191	0.067	-0.067	9.557

1496003247199	0.086	-0.067	9.557

1496003247209	0.076	-0.067	9.577

1496003247219	0.028	-0.057	9.557

1496003247231	0.067	-0.047	9.557

1496003247242	0.095	-0.067	9.567

1496003247249	0.047	-0.019	9.557

1496003247259	0.057	-0.057	9.557

1496003247269	0.076	-0.047	9.586

1496003247279	0.076	-0.086	9.596

1496003247293	0.057	-0.057	9.529

1496003247300	0.076	-0.047	9.567

1496003247311	0.057	-0.086	9.557

1496003247323	0.047	-0.038	9.51

1496003247330	0.057	-0.067	9.586

1496003247343	0.047	-0.038	9.577

1496003247349	0.057	-0.047	9.557

1496003247359	0.047	-0.028	9.567

1496003247369	0.047	-0.047	9.557

1496003247379	0.047	-0.038	9.586

1496003247391	0.086	-0.047	9.577

1496003247399	0.038	-0.057	9.577

1496003247416	0.047	-0.047	9.548

1496003247420	0.057	-0.038	9.548

1496003247429	0.038	-0.019	9.586

1496003247441	0.057	-0.067	9.567

1496003247449	0.047	-0.076	9.557

1496003247459	0.038	-0.067	9.596

1496003247469	0.067	-0.038	9.605

1496003247480	0.057	-0.047	9.567

1496003247494	0.047	-0.047	9.538

1496003247499	0.047	-0.057	9.557

1496003247510	0.057	-0.067	9.548

1496003247521	0.067	-0.057	9.557

1496003247540	0.076	-0.057	9.577

1496003247542	0.086	-0.057	9.577

1496003247549	0.047	-0.038	9.567

1496003247559	0.067	-0.038	9.596

1496003247569	0.076	-0.038	9.567

1496003247579	0.067	-0.057	9.548

1496003247593	0.086	-0.047	9.586

1496003247599	0.057	-0.067	9.557

1496003247611	0.057	-0.038	9.634

1496003247621	0.086	-0.057	9.538

1496003247629	0.047	-0.047	9.557

1496003247641	0.086	-0.057	9.557

1496003247649	0.047	-0.047	9.577

1496003247659	0.038	-0.047	9.548

1496003247669	0.067	-0.067	9.567

1496003247679	0.057	-0.047	9.586

1496003247702	0.038	-0.038	9.586

1496003247725	0.086	-0.038	9.548

1496003247726	0.086	-0.057	9.605

1496003247729	0.067	-0.057	9.567

1496003247741	0.057	-0.057	9.577

1496003247749	0.086	-0.076	9.605

1496003247759	0.105	-0.057	9.625

1496003247769	0.076	-0.095	9.596

1496003247779	0.028	-0.057	9.586

1496003247797	0.038	-0.038	9.529

1496003247800	0.038	-0.038	9.577

1496003247809	0.047	-0.057	9.557

1496003247820	0.047	-0.057	9.586

1496003247829	0.038	-0.028	9.548

1496003247841	0.057	-0.047	9.577

1496003247849	0.095	-0.047	9.596

1496003247859	0.057	-0.038	9.567

1496003247869	0.086	-0.038	9.625

1496003247879	0.067	-0.047	9.577

1496003247893	0.038	-0.047	9.538

1496003247901	0.076	-0.047	9.548

1496003247911	0.086	-0.067	9.567

1496003247920	0.047	-0.057	9.538

1496003247930	0.067	-0.057	9.596

1496003247941	0.047	-0.057	9.586

1496003247949	0.067	-0.047	9.596

1496003247959	0.047	-0.047	9.538

1496003247970	0.047	-0.057	9.548

1496003247979	0.047	-0.047	9.567

1496003247995	0.057	-0.067	9.557

1496003248004	0.086	-0.057	9.586

1496003248009	0.076	-0.047	9.605

1496003248020	0.095	-0.067	9.634

1496003248029	0.076	-0.057	9.615

1496003248042	0.086	-0.047	9.596

1496003248049	0.038	-0.038	9.567

1496003248061	0.076	-0.047	9.567

1496003248068	0.028	-0.028	9.548

1496003248079	0.009	-0.009	9.51

1496003248091	0.028	-0.038	9.538

1496003248099	0.047	-0.067	9.567

1496003248109	0.047	-0.057	9.596

1496003248120	0.067	-0.067	9.596

1496003248129	0.067	-0.057	9.567

1496003248141	0.057	-0.047	9.538

1496003248157	0.067	-0.047	9.557

1496003248159	0.057	-0.038	9.548

1496003248169	0.009	-0.019	9.529

1496003248179	0.0	-0.009	9.529

1496003248193	0.067	-0.038	9.557

1496003248200	0.028	-0.028	9.529

1496003248209	0.057	-0.047	9.548

1496003248221	0.047	-0.047	9.586

1496003248233	0.038	-0.038	9.529

1496003248242	0.086	-0.067	9.577

1496003248249	0.057	-0.038	9.577

1496003248259	0.057	-0.057	9.538

1496003248269	0.057	-0.057	9.586

1496003248279	0.076	-0.047	9.577

1496003248291	0.076	-0.067	9.586

1496003248299	0.047	-0.028	9.51

1496003248309	0.076	-0.038	9.557

1496003248319	0.057	-0.019	9.586

1496003248330	0.047	-0.047	9.567

1496003248342	0.028	-0.028	9.548

1496003248349	0.028	-0.009	9.548

1496003248359	0.019	-0.028	9.557

1496003248369	0.019	-0.047	9.538

1496003248379	0.057	-0.028	9.548

1496003248391	0.057	-0.067	9.586

1496003248399	0.067	-0.057	9.538

1496003248411	0.038	-0.038	9.548

1496003248420	0.067	-0.057	9.577

1496003248430	0.086	-0.076	9.548

1496003248441	0.047	-0.047	9.538

1496003248449	0.038	-0.019	9.577

1496003248459	0.086	-0.038	9.567

1496003248469	0.047	-0.038	9.567

1496003248479	0.067	-0.057	9.586

1496003248493	0.057	-0.019	9.586

1496003248500	0.028	-0.047	9.557

1496003248509	0.019	-0.067	9.577

1496003248523	0.019	-0.067	9.557

1496003248541	0.038	-0.076	9.538

1496003248542	0.057	-0.057	9.577

1496003248549	0.047	-0.028	9.538

1496003248559	0.047	-0.028	9.567

1496003248569	0.057	-0.019	9.548

1496003248579	0.067	-0.057	9.577

1496003248591	0.067	-0.047	9.567

1496003248600	0.047	-0.019	9.586

1496003248615	0.067	-0.057	9.557

1496003248620	0.057	-0.047	9.586

1496003248629	0.105	-0.057	9.615

1496003248641	0.095	-0.067	9.586

1496003248649	0.057	-0.076	9.557

1496003248659	0.086	-0.076	9.596

1496003248669	0.076	-0.076	9.634

1496003248680	0.057	-0.067	9.615

1496003248695	0.076	-0.076	9.577

1496003248700	0.076	-0.057	9.596

1496003248710	0.047	-0.057	9.596

1496003248721	0.047	-0.047	9.557

1496003248729	0.038	-0.038	9.548

1496003248743	0.067	-0.038	9.596

1496003248749	0.067	-0.038	9.577

1496003248759	0.105	-0.038	9.596

1496003248769	0.047	-0.047	9.548

1496003248779	0.038	-0.038	9.538

1496003248791	0.057	-0.038	9.538

1496003248799	0.047	-0.067	9.557

1496003248809	0.086	-0.067	9.567

1496003248820	0.047	-0.076	9.529

1496003248829	0.038	-0.047	9.586

1496003248841	0.067	-0.076	9.538

1496003248849	0.047	-0.076	9.557

1496003248860	0.057	-0.057	9.577

1496003248869	0.047	-0.038	9.615

1496003248879	0.047	-0.038	9.567

1496003248892	0.038	-0.028	9.548

1496003248909	0.057	-0.028	9.586

1496003248920	0.038	-0.028	9.577

1496003248929	0.047	-0.038	9.567

1496003248941	0.047	-0.038	9.586

1496003248949	0.076	-0.047	9.596

1496003248961	0.076	-0.057	9.586

1496003248969	0.076	-0.076	9.577

1496003248979	0.067	-0.067	9.586

1496003248996	0.057	-0.067	9.538

1496003248999	0.028	-0.038	9.567

1496003249009	0.028	-0.047	9.557

1496003249021	0.047	-0.076	9.586

1496003249030	0.067	-0.028	9.615

1496003249044	0.047	-0.047	9.577

1496003249048	0.038	-0.028	9.586

1496003249059	0.047	-0.047	9.577

1496003249070	0.057	-0.047	9.577

1496003249080	0.067	-0.047	9.586

1496003249091	0.076	-0.067	9.557

1496003249099	0.047	-0.028	9.577

1496003249109	0.095	-0.067	9.557

1496003249120	0.076	-0.067	9.557

1496003249130	0.086	-0.057	9.586

1496003249142	0.067	-0.057	9.567

1496003249150	0.067	-0.067	9.577

1496003249163	0.047	-0.057	9.538

1496003249169	0.067	-0.057	9.577

1496003249179	0.028	-0.076	9.567

1496003249191	0.057	-0.057	9.529

1496003249199	0.047	-0.047	9.519

1496003249209	0.028	-0.038	9.538

1496003249219	0.057	-0.047	9.605

1496003249229	0.047	-0.019	9.605

1496003249247	0.038	-0.038	9.548

1496003249249	0.057	-0.038	9.596

1496003249259	0.067	-0.057	9.615

1496003249269	0.038	-0.028	9.557

1496003249279	0.047	-0.028	9.577

1496003249291	0.076	-0.057	9.557

1496003249299	0.067	-0.067	9.548

1496003249309	0.047	-0.038	9.557

1496003249320	0.076	-0.047	9.586

1496003249331	0.047	-0.057	9.548

1496003249344	0.028	-0.047	9.548

1496003249349	0.057	-0.067	9.596

1496003249359	0.047	-0.057	9.586

1496003249369	0.057	-0.057	9.567

1496003249379	0.038	-0.057	9.529

1496003249391	0.019	-0.047	9.605

1496003249400	0.067	-0.057	9.567

1496003249410	0.076	-0.038	9.577

1496003249421	0.057	-0.047	9.548

1496003249430	0.076	-0.057	9.567

1496003249449	0.028	-0.047	9.548

1496003249450	0.076	-0.047	9.586

1496003249459	0.067	-0.057	9.586

1496003249469	0.067	-0.047	9.567

1496003249479	0.047	-0.028	9.586

1496003249491	0.076	-0.086	9.557

1496003249499	0.067	-0.067	9.625

1496003249509	0.076	-0.067	9.567

1496003249520	0.095	-0.057	9.586

1496003249529	0.076	-0.057	9.586

1496003249541	0.067	-0.038	9.567

1496003249549	0.086	-0.019	9.605

1496003249559	0.067	-0.047	9.567

1496003249569	0.086	-0.067	9.605

1496003249580	0.057	-0.057	9.586

1496003249594	0.076	-0.028	9.596

1496003249600	0.047	-0.028	9.577

1496003249611	0.057	-0.038	9.586

1496003249633	0.076	-0.038	9.577

1496003249637	0.057	-0.028	9.567

1496003249644	0.076	-0.067	9.577

1496003249648	0.076	-0.076	9.567

1496003249659	0.076	-0.086	9.567

1496003249669	0.047	-0.047	9.577

1496003249679	0.047	-0.057	9.567

1496003249692	0.067	-0.057	9.567

1496003249699	0.047	-0.047	9.557

1496003249709	0.086	-0.047	9.567

1496003249720	0.076	-0.038	9.605

1496003249729	0.047	-0.028	9.567

1496003249741	0.057	-0.057	9.577

1496003249749	0.038	-0.047	9.577

1496003249759	0.057	-0.038	9.577

1496003249769	0.076	-0.047	9.567

1496003249779	0.086	-0.047	9.615

1496003249791	0.076	-0.076	9.577

1496003249799	0.095	-0.067	9.615

1496003249809	0.076	-0.105	9.586

1496003249820	0.076	-0.057	9.586

1496003249829	0.067	-0.086	9.567

1496003249841	0.076	-0.067	9.586

1496003249849	0.095	-0.057	9.596

1496003249859	0.105	-0.076	9.605

1496003249869	0.076	-0.067	9.586

1496003249879	0.038	-0.038	9.577

1496003249891	0.067	-0.057	9.586

1496003249899	0.047	-0.038	9.605

1496003249910	0.057	-0.057	9.605

1496003249921	0.057	-0.047	9.605

1496003249931	0.076	-0.047	9.586

1496003249955	0.067	-0.057	9.577

1496003249961	0.019	-0.038	9.548

1496003249969	0.057	-0.047	9.567

1496003249979	0.067	-0.047	9.586

1496003249993	0.047	-0.038	9.548

1496003249999	0.038	-0.028	9.567

1496003250013	0.057	-0.057	9.615

1496003250021	0.076	-0.067	9.548

1496003250030	0.057	-0.038	9.567

1496003250040	0.038	-0.038	9.548

1496003250050	0.019	-0.038	9.519

1496003250059	0.057	-0.028	9.567

1496003250070	0.028	-0.067	9.548

1496003250083	0.019	-0.047	9.567

1496003250089	0.028	-0.028	9.548

1496003250100	0.057	-0.076	9.577

1496003250109	0.047	-0.057	9.596

1496003250122	0.047	-0.047	9.548

1496003250132	0.057	-0.047	9.586

1496003250139	0.038	-0.057	9.548

1496003250151	0.047	-0.057	9.548

1496003250159	0.047	-0.038	9.529

1496003250174	0.057	-0.019	9.519

1496003250179	0.067	-0.038	9.567

1496003250191	0.028	-0.047	9.548

1496003250200	0.057	-0.057	9.577

1496003250209	0.067	-0.028	9.596

1496003250220	0.047	-0.057	9.557

1496003250230	0.067	-0.047	9.529

1496003250244	0.047	-0.047	9.567

1496003250249	0.047	-0.028	9.548

1496003250259	0.057	-0.028	9.567

1496003250269	0.047	-0.038	9.519

1496003250279	0.038	-0.038	9.577

1496003250291	0.019	-0.038	9.538

1496003250303	0.047	-0.028	9.567

1496003250309	0.057	-0.057	9.577

1496003250320	0.047	-0.028	9.577

1496003250329	0.057	-0.038	9.567

1496003250339	0.047	-0.047	9.567

1496003250349	0.057	-0.038	9.567

1496003250359	0.038	-0.038	9.548

1496003250369	0.067	-0.057	9.529

1496003250379	0.076	-0.067	9.548

1496003250391	0.076	-0.038	9.567

1496003250399	0.076	-0.057	9.586

1496003250410	0.038	-0.057	9.529

1496003250425	0.086	-0.047	9.586

1496003250430	0.067	-0.047	9.596

1496003250440	0.047	-0.038	9.557

1496003250449	0.067	-0.028	9.577

1496003250458	0.047	-0.047	9.529

1496003250469	0.038	-0.057	9.548

1496003250479	0.028	-0.038	9.548

1496003250489	0.028	-0.028	9.557

1496003250499	0.038	-0.038	9.529

1496003250512	0.067	-0.038	9.577

1496003250519	0.067	-0.047	9.548

1496003250529	0.038	-0.038	9.529

1496003250541	0.067	-0.047	9.586

1496003250549	0.028	-0.047	9.538

1496003250559	0.038	-0.019	9.548

1496003250569	0.047	-0.057	9.557

1496003250579	0.067	-0.067	9.577

1496003250592	0.067	-0.038	9.577

1496003250600	0.038	-0.028	9.557

1496003250616	0.057	-0.038	9.548

1496003250621	0.019	-0.038	9.519

1496003250630	0.057	-0.067	9.519

1496003250641	0.076	-0.057	9.577

1496003250649	0.047	-0.057	9.567

1496003250659	0.038	-0.028	9.51

1496003250668	0.057	-0.047	9.548

1496003250678	0.067	-0.047	9.548

1496003250701	0.028	-0.047	9.548

1496003250704	0.047	-0.019	9.577

1496003250710	0.028	-0.038	9.529

1496003250721	0.057	-0.038	9.557

1496003250730	0.076	-0.057	9.605

1496003250741	0.038	-0.057	9.538

1496003250749	0.067	-0.057	9.567

1496003250759	0.019	-0.047	9.529

1496003250768	0.047	-0.047	9.557

1496003250779	0.019	-0.047	9.529

1496003250804	0.038	-0.067	9.577

1496003250805	0.038	-0.047	9.567

1496003250810	0.038	-0.057	9.557

1496003250821	0.038	-0.038	9.567

1496003250841	0.057	-0.028	9.519

1496003250849	0.067	-0.038	9.577

1496003250859	0.067	-0.028	9.586

1496003250869	0.057	-0.038	9.538

1496003250879	0.047	-0.057	9.529

1496003250891	0.038	-0.019	9.538

1496003250899	0.067	-0.057	9.529

1496003250909	0.057	-0.047	9.538

1496003250920	0.057	-0.057	9.538

1496003250931	0.047	-0.057	9.577

1496003250943	0.086	-0.047	9.577

1496003250949	0.057	-0.019	9.529

1496003250960	0.047	-0.038	9.567

1496003250970	0.047	-0.038	9.548

1496003250984	0.028	-0.028	9.538

1496003251002	0.076	-0.067	9.548

1496003251008	0.019	-0.038	9.519

1496003251020	0.067	-0.057	9.596

1496003251022	0.076	-0.028	9.567

1496003251045	0.057	-0.067	9.519

1496003251050	0.038	-0.038	9.548

1496003251059	0.028	-0.028	9.557

1496003251069	0.038	-0.019	9.538

1496003251080	0.067	-0.057	9.548

1496003251093	0.038	-0.028	9.529

1496003251099	0.028	-0.038	9.567

1496003251109	0.057	-0.057	9.586

1496003251121	0.047	-0.047	9.577

1496003251128	0.047	-0.028	9.538

1496003251147	0.057	-0.038	9.577

1496003251157	0.038	-0.038	9.548

1496003251161	0.057	-0.019	9.567

1496003251177	0.076	-0.047	9.557

1496003251181	0.067	-0.047	9.577

1496003251197	0.076	-0.057	9.586

1496003251199	0.038	-0.038	9.548

1496003251209	0.028	-0.047	9.548

1496003251220	0.076	-0.076	9.557

1496003251229	0.047	-0.057	9.538

1496003251247	0.038	-0.047	9.538

1496003251254	0.057	-0.067	9.567

1496003251259	0.019	-0.047	9.548

1496003251269	0.086	-0.038	9.538

1496003251279	0.028	-0.019	9.557

1496003251291	0.038	-0.057	9.538

1496003251299	0.009	-0.028	9.538

1496003251309	0.047	-0.028	9.557

1496003251320	0.019	-0.019	9.557

1496003251329	0.038	-0.038	9.586

1496003251348	0.028	-0.038	9.548

1496003251360	0.057	-0.038	9.567

1496003251365	0.067	-0.057	9.596

1496003251370	0.095	-0.038	9.596

1496003251379	0.057	-0.047	9.596

1496003251393	0.095	-0.047	9.605

1496003251399	0.067	-0.057	9.557

1496003251416	0.047	-0.067	9.548

1496003251421	0.057	-0.038	9.586

1496003251429	0.076	-0.047	9.548

1496003251440	0.047	-0.038	9.577

1496003251449	0.076	-0.067	9.577

1496003251458	0.009	-0.028	9.538

1496003251470	0.057	-0.028	9.596

1496003251480	0.067	-0.076	9.577

1496003251496	0.076	-0.047	9.567

1496003251504	0.047	-0.047	9.548

1496003251510	0.067	-0.028	9.586

1496003251522	0.057	-0.047	9.577

1496003251530	0.038	-0.038	9.529

1496003251544	0.067	-0.057	9.596

1496003251569	0.086	-0.047	9.615

1496003251579	0.057	-0.047	9.529

1496003251591	0.076	-0.057	9.567

1496003251599	0.076	-0.057	9.586

1496003251609	0.086	-0.067	9.567

1496003251620	0.076	-0.057	9.557

1496003251631	0.076	-0.047	9.577

1496003251641	0.076	-0.047	9.567

1496003251649	0.057	-0.047	9.557

1496003251659	0.047	-0.019	9.538

1496003251669	0.067	-0.047	9.577

1496003251680	0.028	-0.038	9.577

1496003251703	0.067	-0.067	9.596

1496003251705	0.067	-0.067	9.596

1496003251710	0.038	-0.047	9.538

1496003251725	0.047	-0.028	9.529

1496003251730	0.076	-0.047	9.577

1496003251750	0.028	-0.019	9.51

1496003251755	0.057	-0.047	9.548

1496003251760	0.019	-0.038	9.51

1496003251770	0.086	-0.076	9.586

1496003251780	0.086	-0.047	9.615

1496003251797	0.047	-0.057	9.538

1496003251799	0.057	-0.047	9.567

1496003251809	0.047	-0.019	9.577

1496003251821	0.047	-0.019	9.567

1496003251829	0.057	-0.047	9.529

1496003251841	0.019	-0.009	9.586

1496003251849	0.047	-0.028	9.577

1496003251859	0.067	-0.028	9.577

1496003251868	0.057	-0.067	9.577

1496003251878	0.057	-0.076	9.538

1496003251894	0.086	-0.076	9.557

1496003251903	0.067	-0.067	9.557

1496003251910	0.086	-0.057	9.605

