1496502862601	-1.245	8.475	1.139

1496502862608	-1.245	8.475	1.139

1496502863752	0.89	6.838	0.325

1496502863762	1.752	6.675	-1.216

1496502863787	1.58	6.761	-0.919

1496502863789	0.335	7.652	0.612

1496502863796	-0.239	9.069	2.739

1496502863803	-0.316	10.419	3.945

1496502863815	-0.143	10.841	3.524

1496502863823	-0.67	9.481	1.417

1496502863832	-0.909	7.7	-0.373

1496502863853	-1.292	5.966	-0.756

1496502863854	-1.436	4.587	-0.689

1496502863862	-1.101	3.917	-0.804

1496502863872	-0.335	3.907	-0.9

1496502863882	0.028	4.233	-1.13

1496502863893	0.057	5.219	-2.604

1496502863903	0.402	5.813	-3.026

1496502863914	0.89	6.464	-3.38

1496502863928	1.206	7.221	-3.639

1496502863932	1.819	7.652	-3.419

1496502863942	2.949	7.862	-1.647

1496502863952	4.769	8.667	2.911

1496502863965	6.656	11.559	7.211

1496502863972	5.947	13.771	4.913

1496502863982	3.284	15.026	1.34

1496502864001	1.398	16.242	0.162

1496502864002	-0.21	16.242	2.346

1496502864013	0.967	17.621	7.508

1496502864022	-1.158	19.297	4.309

1496502864032	-3.888	19.326	-1.618

1496502864050	-7.412	18.981	-4.922

1496502864052	-6.598	18.464	-2.566

1496502864062	-5.976	16.635	-1.063

1496502864072	-8.332	13.934	-0.775

1496502864082	-6.924	11.578	-0.201

1496502864106	-3.208	11.272	-0.459

1496502864107	0.277	11.76	-0.095

1496502864114	0.44	10.764	0.143

1496502864123	1.407	10.199	0.019

1496502864133	0.114	8.035	0.545

1496502864161	0.785	7.709	1.005

1496502864163	1.436	7.642	0.794

1496502864165	1.312	7.058	0.976

1496502864173	1.321	5.985	1.398

1496502864183	1.8	5.42	1.762

1496502864193	2.011	4.769	2.202

1496502864213	1.743	4.204	2.403

1496502864215	1.321	3.62	2.499

1496502864223	0.67	3.39	2.355

1496502864232	0.45	3.859	1.436

1496502864252	0.21	4.673	0.526

1496502864253	0.105	6.186	-0.009

1496502864272	0.239	7.546	-0.22

1496502864273	0.249	8.6	-0.536

1496502864282	0.459	9.567	-0.747

1496502864292	0.498	11.339	-0.871

1496502864312	0.258	12.076	-0.976

1496502864313	-0.584	11.981	-0.794

1496502864323	-1.436	11.176	-0.067

1496502864332	0.565	10.247	0.162

1496502864343	2.039	9.27	-0.249

1496502864352	2.528	8.81	-0.928

1496502864362	2.652	8.466	-1.561

1496502864390	2.997	8.351	-1.656

1496502864392	3.591	8.303	-0.948

1496502864394	3.83	8.016	0.009

1496502864402	4.089	7.843	1.139

1496502864413	3.964	7.508	2.384

1496502864423	2.097	6.895	3.16

1496502864432	0.785	8.705	1.57

1496502864442	0.114	13.34	-1.043

1496502864456	0.019	17.104	-2.528

1496502864462	-0.249	16.281	-4.453

1496502864472	-1.733	14.528	-3.993

1496502864482	-3.141	14.432	-2.662

1496502864510	-5.727	14.854	-2.001

1496502864514	-7.498	16.003	-0.785

1496502864517	-7.403	18.436	-3.917

1496502864523	-7.202	19.614	-6.177

1496502864532	-6.924	19.614	-6.531

1496502864554	-6.368	19.614	-5.439

1496502864555	-2.116	14.806	2.384

1496502864562	-2.432	10.276	3.16

1496502864583	-5.564	8.696	0.928

1496502864587	-7.69	8.533	-1.838

1496502864592	-8.868	8.408	-3.15

1496502864604	-8.494	8.973	-3.102

1496502864613	-7.738	9.098	-3.648

1496502864623	-5.018	9.51	-4.395

1496502864632	-3.639	9.452	-4.759

1496502864653	-4.003	8.629	-5.449

1496502864654	-5.449	7.441	-5.65

1496502864670	-6.014	5.535	-4.29

1496502864671	-6.704	3.706	-1.484

1496502864683	-7.269	3.217	1.771

1496502864693	-5.717	4.118	4.635

1496502864714	-2.461	6.34	3.342

1496502864716	-0.622	7.077	1.235

1496502864725	-1.13	6.196	-0.105

1496502864732	-2.02	5.535	-0.881

1496502864743	-2.288	6.052	-1.216

1496502864752	-1.886	7.144	-0.421

1496502864763	-1.57	8.035	-0.172

1496502864772	-1.628	9.519	-2.346

1496502864785	-1.273	9.692	-3.284

1496502864796	-0.536	9.787	-3.179

1496502864803	-0.153	9.414	-3.093

1496502864813	-0.067	9.136	-3.696

1496502864824	-0.009	9.596	-3.773

1496502864832	-0.047	9.807	-4.146

1496502864855	-0.191	10.266	-5.066

1496502864856	-0.143	10.822	-5.985

1496502864863	0.545	12.172	-6.531

1496502864872	1.225	13.264	-5.669

1496502864883	1.963	13.724	-3.486

1496502864892	2.604	13.024	-1.417

1496502864906	2.365	11.559	1.187

1496502864912	-0.45	9.931	4.319

1496502864923	-1.915	10.841	2.672

1496502864932	-2.126	12.325	-1.053

1496502864945	-0.555	12.344	-1.494

1496502864965	1.11	13.321	1.953

1496502864972	1.11	13.321	1.426

1496502864983	-1.072	11.789	1.197

1496502864997	-0.919	11.09	1.857

1496502865004	-0.766	9.299	3.256

1496502865013	-0.66	8.016	4.932

1496502865024	-0.545	7.556	4.472

1496502865032	-1.551	7.939	3.371

1496502865053	-3.246	10.295	2.279

1496502865054	-4.98	16.012	-0.545

1496502865064	-5.43	19.585	-7.364

1496502865071	-4.625	19.614	-10.63

1496502865083	-8.188	19.585	-9.471

1496502865092	-14.566	14.873	-4.395

1496502865102	-16.827	11.368	0.095

1496502865114	-16.185	9.184	1.225

1496502865122	-13.503	8.025	2.288

1496502865132	-7.968	8.408	0.9

1496502865142	-3.83	8.226	0.239

1496502865153	-1.532	7.939	-0.268

1496502865177	0.268	8.217	-0.823

1496502865179	1.043	8.437	-0.43

1496502865182	1.312	8.504	0.172

1496502865192	1.139	8.791	1.139

1496502865202	2.02	10.036	0.804

1496502865213	1.551	8.935	-0.775

1496502865232	-0.507	7.412	-0.536

1496502865233	-1.101	6.052	0.383

1496502865242	-0.603	5.056	0.689

1496502865252	-0.258	4.52	0.871

1496502865262	-0.019	4.252	0.737

1496502865273	-0.44	3.821	0.124

1496502865282	-0.507	3.687	-0.162

1496502865292	-0.804	3.217	-0.555

1496502865311	-1.139	2.681	-0.775

1496502865314	-1.321	2.346	-0.842

1496502865324	-1.79	1.896	-0.392

1496502865333	-2.011	1.618	-0.143

1496502865343	-2.03	1.637	-0.038

1496502865367	-2.106	1.934	-0.277

1496502865369	-2.116	2.078	-0.21

1496502865373	-1.905	2.26	-0.038

1496502865382	-2.087	2.786	0.335

1496502865392	-1.245	3.543	0.229

1496502865402	-0.498	4.491	-0.459

1496502865414	-0.794	7.575	-0.804

1496502865426	-0.632	8.705	-0.076

1496502865432	-1.781	9.807	0.526

1496502865442	-1.915	10.898	1.733

1496502865452	-2.576	12.028	2.547

1496502865462	-2.767	12.967	2.652

1496502865472	-2.26	14.107	1.896

1496502865482	-1.063	14.461	0.392

1496502865500	-0.009	12.986	-0.239

1496502865502	-0.21	11.799	-0.067

1496502865512	-0.277	10.86	1.225

1496502865522	0.363	10.716	3.035

1496502865532	0.89	10.946	4.778

1496502865561	1.283	11.243	5.593

1496502865564	-0.191	10.697	4.616

1496502865566	-1.168	9.663	3.486

1496502865572	-1.446	8.868	1.733

1496502865582	-1.34	8.226	-0.737

1496502865592	-1.024	7.738	-2.892

1496502865606	-1.177	8.542	-3.811

1496502865613	-0.249	11.444	-3.744

1496502865622	-0.277	14.384	-3.955

1496502865633	-2.365	16.194	-6.052

1496502865643	-4.711	16.099	-6.732

1496502865653	-7.441	16.214	-7.077

1496502865663	-8.925	17.028	-4.386

1496502865672	-7.776	19.489	1.072

1496502865693	-4.319	19.614	4.616

1496502865694	0.794	19.614	1.857

1496502865702	1.8	17.21	0.928

1496502865712	-0.335	11.597	2.604

1496502865733	-2.48	10.065	-1.283

1496502865734	-3.026	10.697	-5.794

1496502865742	-4.271	10.161	-6.665

1496502865752	-5.909	8.772	-7.412

1496502865762	-4.97	7.7	-7.47

1496502865772	-5.612	5.391	-5.822

1496502865782	-6.771	2.739	-3.735

1496502865803	-6.713	1.877	-2.403

1496502865804	-7.297	0.948	-1.11

1496502865813	-6.981	2.106	-1.369

1496502865823	-3.438	5.028	-2.595

1496502865832	-0.392	6.617	-3.629

1496502865843	2.288	7.383	-0.794

1496502865863	2.231	7.987	0.641

1496502865865	2.039	9.682	1.11

1496502865872	1.388	11.799	2.576

1496502865882	0.967	13.35	5.152

1496502865892	0.038	13.168	7.134

1496502865902	-0.833	11.099	6.119

1496502865913	-1.752	8.82	3.064

1496502865925	-2.001	7.364	0.66

1496502865933	-1.359	6.263	-0.593

1496502865942	-0.727	5.248	-1.072

1496502865952	-0.383	4.52	-1.245

1496502865964	-0.143	4.127	-1.149

1496502865973	0.134	4.424	-0.66

1496502865983	0.019	5.085	-1.005

1496502865999	-0.038	6.014	-1.695

1496502866003	0.191	7.364	-2.873

1496502866015	0.258	7.843	-4.003

1496502866031	0.89	7.604	-3.984

1496502866032	1.082	6.742	-2.7

1496502866042	0.909	5.526	-0.727

1496502866060	2.231	6.407	-0.804

1496502866062	5.344	8.849	-4.644

1496502866072	4.348	12.162	-9.165

1496502866082	2.087	11.99	-5.583

1496502866092	0.028	12.143	14.222

1496502866112	5.056	17.88	19.604

1496502866114	2.537	19.614	10.247

1496502866122	-1.963	19.135	0.565

1496502866132	-2.537	17.545	1.216

1496502866142	-3.064	18.177	1.053

1496502866152	-4.118	19.46	-2.241

1496502866162	-8.092	19.614	-6.684

1496502866173	-10.142	19.364	-3.189

1496502866182	-9.672	16.099	0.229

1496502866203	-8.667	11.377	0.794

1496502866204	-8.006	9.146	-0.105

1496502866214	-7.02	8.81	-1.417

1496502866222	-5.372	8.724	-0.976

1496502866232	-3.696	9.222	-0.373

1496502866252	-2.231	9.519	-0.306

1496502866253	-1.072	9.385	0.143

1496502866262	-0.565	8.878	0.45

1496502866272	-0.517	8.456	0.747

1496502866282	-0.488	7.824	2.126

1496502866292	0.0	6.273	2.729

1496502866307	0.689	5.65	2.949

1496502866313	1.225	4.989	2.652

1496502866323	1.522	4.606	2.288

1496502866332	1.522	4.309	2.049

1496502866353	1.474	4.185	1.666

1496502866355	1.273	4.137	1.474

1496502866362	1.053	4.357	1.58

1496502866372	0.699	4.616	1.455

1496502866383	0.43	5.286	0.852

1496502866393	0.411	6.349	0.268

1496502866403	0.44	7.336	-0.363

1496502866423	-0.009	8.226	-1.34

1496502866425	-0.584	9.289	-1.972

1496502866432	-0.632	10.458	-1.886

1496502866442	-1.043	11.818	-1.082

1496502866452	-1.714	12.344	-0.172

1496502866462	-1.982	12.785	0.43

1496502866472	-1.982	12.392	0.593

1496502866482	-1.819	11.214	0.976

1496502866493	-0.67	9.548	0.756

1496502866503	-0.861	8.581	0.89

1496502866514	-2.001	8.887	2.212

1496502866523	-2.26	9.605	3.265

1496502866534	-2.317	9.893	4.022

1496502866547	-2.039	9.529	3.907

1496502866554	-1.417	9.117	3.064

1496502866562	-1.34	8.667	2.327

1496502866575	-2.106	7.757	1.312

1496502866582	-1.762	7.211	-0.641

1496502866592	-0.996	7.0	-2.758

1496502866602	-0.411	7.594	-3.984

1496502866616	-0.239	10.554	-4.711

1496502866622	-1.043	14.107	-4.577

1496502866632	-3.572	16.185	-3.505

1496502866642	-6.445	16.98	-4.778

1496502866652	-10.774	15.591	-4.635

1496502866662	-12.488	13.427	-2.882

1496502866683	-9.95	11.54	-0.641

1496502866687	-4.549	9.902	-0.363

1496502866694	-3.409	11.339	-2.183

1496502866702	-4.29	17.296	-2.183

1496502866713	0.421	19.614	-2.231

1496502866722	5.238	19.594	-0.632

1496502866732	3.581	11.626	0.545

1496502866751	2.317	9.337	-1.312

1496502866753	1.379	8.753	-3.84

1496502866762	-0.306	8.629	-4.261

1496502866772	-1.197	8.312	-4.06

1496502866782	-2.078	8.025	-4.625

1496502866796	-3.035	7.709	-5.468

1496502866808	-4.309	7.403	-5.257

1496502866812	-5.181	6.799	-4.558

1496502866823	-4.826	5.813	-3.275

1496502866833	-4.616	4.807	-2.011

1496502866843	-4.348	4.156	-0.67

1496502866853	-3.696	4.328	0.344

1496502866863	-2.729	5.42	0.785

1496502866872	-1.771	6.981	1.053

1496502866893	-1.053	7.872	1.915

1496502866894	-0.756	8.791	2.394

1496502866902	-0.306	9.452	2.279

1496502866913	-1.292	9.538	1.446

1496502866932	-2.078	9.337	0.373

1496502866933	-2.212	9.088	0.028

1496502866942	-2.212	8.542	-0.038

1496502866952	-2.087	7.067	0.44

1496502866962	-1.608	6.416	1.273

1496502866972	-1.063	6.119	1.695

1496502866982	-1.206	5.707	0.383

1496502866992	-0.9	5.516	-1.771

1496502867002	-0.43	5.966	-3.304

1496502867040	0.344	6.445	-3.811

1496502867042	1.063	6.991	-3.83

1496502867043	1.407	6.981	-3.323

1496502867044	1.245	6.742	-2.834

1496502867052	1.666	7.575	-2.174

1496502867062	1.963	8.935	-1.369

1496502867072	0.948	9.912	-1.723

1496502867082	0.277	10.4	-2.844

1496502867098	1.494	11.004	-1.877

1496502867103	2.968	11.789	4.702

1496502867114	3.083	15.476	13.178

1496502867123	2.039	19.537	10.812

1496502867133	-0.162	19.614	2.853

1496502867145	-1.407	18.541	1.446

1496502867166	-4.3	16.032	0.9

1496502867168	-6.55	16.012	-4.702

1496502867173	-7.632	17.717	-6.1

1496502867182	-8.217	17.688	-0.622

1496502867193	-7.958	15.907	-0.823

1496502867217	-8.054	12.105	-0.986

1496502867220	-8.724	8.696	-0.383

1496502867223	-6.991	7.441	-0.842

1496502867232	-4.223	7.929	-0.785

1496502867242	-2.585	8.629	-1.024

1496502867256	-1.925	8.801	-1.063

1496502867262	-1.503	8.447	-0.747

1496502867272	-0.086	8.925	-0.833

1496502867282	-1.599	7.288	-0.44

1496502867292	-2.461	6.158	0.306

1496502867302	-1.857	6.11	0.909

1496502867333	-0.708	6.349	1.446

1496502867337	-0.201	6.081	2.231

1496502867339	0.229	5.573	2.834

1496502867342	0.469	4.884	3.208

1496502867352	0.344	4.491	3.38

1496502867362	0.047	4.051	3.007

1496502867372	-0.153	4.137	2.221

1496502867382	-0.258	4.75	0.43

1496502867402	-0.411	6.78	-0.134

1496502867403	-0.172	7.776	-0.526

1496502867413	-0.354	9.059	-0.747

1496502867423	-0.747	10.391	-0.66

1496502867433	-1.158	11.348	-0.296

1496502867444	-1.8	12.0	0.526

1496502867467	-2.288	12.162	1.225

1496502867469	-2.317	12.057	1.082

1496502867473	-1.733	11.607	0.747

1496502867482	-0.689	10.477	0.268

1496502867493	0.181	9.203	0.038

1496502867503	0.383	8.13	0.076

