1495312009621	3.006237	0.0	0.0

1495312009625	2.745439	0.0	0.0

1495312009628	0.0	0.0	0.0

1495312009632	0.0	0.0	0.0

1495312009771	0.0	0.0	0.0

1495312009776	0.0	0.0	0.0

1495312009781	0.0	0.0	0.0

1495312009786	0.0	0.0	0.0

1495312009791	0.0	0.0	5.5180564

1495312009794	0.0	0.0	8.885308

1495312009799	0.0	0.0	4.5503535

1495312009804	0.0	0.0	3.043736

1495312009807	3.142784	0.0	0.0

1495312009812	0.0	10.172248	0.0

1495312009817	0.0	17.191048	0.0

1495312009823	0.0	16.386961	0.0

1495312009827	0.0	0.0	0.0

1495312009831	0.0	11.470873	0.0

1495312009836	0.0	8.029611	0.0

1495312009841	-7.2621627	0.0	0.0

1495312009845	0.0	8.545027	0.0

1495312009849	0.0	5.9815187	0.0

1495312009854	0.0	4.187063	0.0

1495312009858	0.0	2.9309442	0.0

1495312009862	0.0	2.051661	0.0

1495312009866	1.4557257	0.0	0.0

1495312009869	1.9363265	0.0	0.0

1495312009876	2.7144732	0.0	0.0

1495312010432	3.280766	0.0	0.0

1495312010436	3.6398647	0.0	0.0

1495312010439	4.18468	0.0	0.0

1495312010444	4.592052	0.0	0.0

1495312010448	4.4001303	0.0	0.0

1495312010452	3.8616824	0.0	0.0

1495312010458	3.4996538	0.0	0.0

1495312010462	4.1443624	0.0	0.0

1495312010466	5.5777864	0.0	0.0

1495312010469	6.2827263	0.0	0.0

1495312010473	5.9835663	0.0	0.0

1495312010477	5.6177	0.0	0.0

1495312010481	5.2654424	0.0	0.0

1495312010484	4.7461867	0.0	0.0

1495312010488	4.416329	0.0	0.0

1495312010492	4.5591483	0.0	0.0

1495312010495	5.1826177	0.0	0.0

1495312010499	5.727079	0.0	0.0

1495312010504	5.794099	0.0	0.0

1495312010507	5.3113475	0.0	0.0

1495312010511	5.022218	0.0	0.0

1495312010514	5.2903414	0.0	0.0

1495312010517	5.1391344	0.0	0.0

1495312010520	2.8495264	0.0	0.0

1495312010525	1.2778363	0.0	0.0

1495312010528	0.5153451	0.0	0.0

1495312010531	0.0	0.0	0.6591556

1495312010534	0.0	0.0	0.9435682

1495312010538	0.0	0.0	1.1592467

1495312010541	0.0	0.0	1.3102216

1495312010546	0.0	0.0	1.415904

1495312010550	0.0	0.0	1.392396

1495312010553	0.0	0.0	1.2015163

1495312010557	0.0	0.0	0.9947405

1495312010560	0.0	0.0	0.81260747

1495312010564	0.0	0.0	0.6503705

1495312010568	-1.0649536	0.0	0.0

1495312010571	-1.8076863	0.0	0.0

1495312010574	0.0	-6.277213	0.0

1495312010578	0.0	-4.394049	0.0

1495312010581	0.0	-3.0758343	0.0

1495312010585	0.0	-2.153084	0.0

1495312010590	0.0	-1.5071588	0.0

1495312010593	0.0	-1.0550112	0.0

1495312010597	0.0	-0.7385078	0.0

1495312010601	0.0	0.0	-0.80014193

1495312010605	0.0	0.0	-0.73714805

1495312010609	0.0	0.0	-0.53951836

1495312010612	0.38832876	0.0	0.0

1495312010616	0.5591523	0.0	0.0

1495312010620	0.6933139	0.0	0.0

1495312010626	0.32169533	0.0	0.0

1495312010629	-0.21078028	0.0	0.0

1495312010633	-1.2174922	0.0	0.0

1495312010636	-1.6436787	0.0	0.0

1495312010640	-1.3571466	0.0	0.0

1495312010644	-1.2359772	0.0	0.0

1495312010647	-0.9860715	0.0	0.0

1495312010652	-0.96497047	0.0	0.0

1495312010656	-1.0913751	0.0	0.0

1495312010659	-1.3846121	0.0	0.0

1495312010663	-1.656239	0.0	0.0

1495312010666	-1.7829008	0.0	0.0

1495312010669	-0.9793601	0.0	0.0

1495312010675	0.0	0.0	0.0

1495312010685	0.0	6.373245	0.0

1495312010692	0.0	10.378464	0.0

1495312010700	0.0	12.858941	0.0

1495312010704	0.0	14.683081	0.0

1495312010713	0.0	16.286583	0.0

1495312010716	0.0	17.260555	0.0

1495312010722	0.0	12.082389	0.0

1495312010726	0.0	8.457672	0.0

1495312010729	0.0	5.9203706	0.0

1495312010732	0.0	4.1442595	0.0

1495312010735	3.1643796	0.0	0.0

1495312010738	4.0932302	0.0	0.0

1495312010742	0.0	0.0	0.0

1495312010745	0.0	0.0	0.0

1495312010748	0.0	0.0	5.0047755

1495312010751	0.0	0.0	5.6678734

1495312010756	0.0	0.0	6.0559993

1495312010759	6.2218285	0.0	0.0

1495312010762	0.0	0.0	6.1542654

1495312010766	0.0	0.0	5.793453

1495312010769	0.0	0.0	5.5674543

1495312010772	0.0	0.0	5.775379

1495312010785	0.0	0.0	6.1066318

1495312010788	0.0	0.0	6.303051

1495312010792	0.0	0.0	6.312134

1495312010797	0.0	0.0	6.7852135

1495312010801	0.0	0.0	7.3494644

1495312010807	0.0	-7.783298	0.0

1495312012518	0.0	-14.472338	0.0

1495312012523	0.0	-19.096455	0.0

1495312012527	0.0	-13.367518	0.0

1495312012530	0.0	0.0	9.910121

1495312012536	0.0	0.0	10.422309

1495312012539	0.0	0.0	7.3633966

1495312012545	0.0	0.0	5.0175953

1495312012549	0.0	0.0	3.2642398

1495312012553	0.0	0.0	1.9130331

1495312012560	2.804671	0.0	0.0

1495312012565	2.839684	0.0	0.0

1495312012570	2.5829868	0.0	0.0

1495312012573	2.218283	0.0	0.0

1495312012578	2.147865	0.0	0.0

1495312012581	2.7951593	0.0	0.0

1495312012584	3.532331	0.0	0.0

1495312012588	3.8242397	0.0	0.0

1495312012592	3.888803	0.0	0.0

1495312012596	3.5506678	0.0	0.0

1495312012600	3.2380192	0.0	0.0

1495312012604	3.275578	0.0	0.0

1495312012608	3.5997198	0.0	0.0

1495312012612	4.005661	0.0	0.0

1495312012615	4.161622	0.0	0.0

1495312012618	4.1659226	0.0	0.0

1495312012623	4.012739	0.0	0.0

1495312012626	3.9036374	0.0	0.0

1495312012630	3.8906636	0.0	0.0

1495312012634	3.9790967	0.0	0.0

1495312012638	4.1096067	0.0	0.0

1495312012642	4.3569293	0.0	0.0

1495312012647	4.5203743	0.0	0.0

1495312012650	4.4569054	0.0	0.0

1495312012654	4.3685255	0.0	0.0

1495312012658	4.2602797	0.0	0.0

1495312012662	0.0	0.0	-2.9275212

1495312012667	0.0	0.0	-2.1235485

1495312012672	0.0	0.0	-1.5512016

1495312012676	0.0	0.0	-1.1340749

1495312012679	0.0	0.0	-0.82847154

1495312012683	0.0	0.0	-0.5459089

1495312012687	-0.735085	0.0	0.0

1495312012690	-0.99271977	0.0	0.0

1495312012694	-0.89755476	0.0	0.0

1495312012697	-0.51391	0.0	0.0

1495312012702	0.0	0.0	0.406831

1495312012706	0.3281209	0.0	0.0

1495312012709	0.3354216	0.0	0.0

1495312012713	-0.56589764	0.0	0.0

1495312012716	-1.5202954	0.0	0.0

1495312012719	-1.7770392	0.0	0.0

1495312012725	-1.9094675	0.0	0.0

1495312012729	-1.6977556	0.0	0.0

1495312012732	-1.5576282	0.0	0.0

1495312012736	-1.9991508	0.0	0.0

1495312012739	-2.806954	0.0	0.0

1495312012742	-2.990567	0.0	0.0

1495312012746	-1.6910115	0.0	0.0

1495312012749	0.0	0.0	0.9471034

1495312012753	0.6837846	0.0	0.0

1495312012757	0.0	0.0	0.3604096

1495312012760	-0.3616846	0.0	0.0

1495312012764	-1.3112152	0.0	0.0

1495312012768	-2.0429997	0.0	0.0

1495312012771	-2.5329516	0.0	0.0

1495312012775	-2.9398148	0.0	0.0

1495312012779	-3.2510438	0.0	0.0

1495312012782	-3.648857	0.0	0.0

1495312012787	-4.560708	0.0	0.0

1495312012790	-5.2089653	0.0	0.0

1495312012794	-5.0805373	0.0	0.0

1495312012797	-4.687041	0.0	0.0

1495312012800	-4.4348145	0.0	0.0

1495312012804	-4.7023087	0.0	0.0

1495312012808	-4.657221	0.0	0.0

1495312012811	-4.634798	0.0	0.0

1495312012814	-4.777237	0.0	0.0

1495312012818	-4.917623	0.0	0.0

1495312012822	-4.884449	0.0	0.0

1495312012826	-4.425549	0.0	0.0

1495312012832	-3.62295	0.0	0.0

1495312012835	0.0	0.0	2.5881436

1495312012839	0.0	0.0	2.5201447

1495312012842	0.0	-3.582013	0.0

1495312012845	4.359504	0.0	0.0

1495312012847	5.692416	0.0	0.0

1495312012852	6.4436617	0.0	0.0

1495312012856	6.3582563	0.0	0.0

1495312012859	5.3847613	0.0	0.0

1495312012862	4.32062	0.0	0.0

1495312012866	3.7208686	0.0	0.0

1495312012869	3.5852456	0.0	0.0

1495312012873	3.200509	0.0	0.0

1495312012877	3.0261002	0.0	0.0

1495312012880	3.1233907	0.0	0.0

1495312012885	3.3803315	0.0	0.0

1495312012889	4.008491	0.0	0.0

1495312012893	4.5260334	0.0	0.0

1495312012896	4.501585	0.0	0.0

1495312012900	4.411429	0.0	0.0

1495312012905	0.0	0.0	0.0

1495312012908	0.0	0.0	0.0

1495312012912	0.0	0.0	0.0

1495312012915	0.0	0.0	0.0

1495312012919	4.2192636	0.0	0.0

1495312012924	0.0	0.0	6.36686

1495312012927	0.0	0.0	10.206839

1495312012930	0.0	0.0	7.2029185

1495312012934	0.0	0.0	5.147044

1495312012938	0.0	0.0	0.0

1495312012942	0.0	6.657414	0.0

1495312012946	-10.97569	0.0	0.0

1495312012950	-14.247563	0.0	0.0

1495312012953	-11.034931	0.0	0.0

1495312012956	-8.525706	0.0	0.0

1495312012961	-7.484785	0.0	0.0

1495312012966	-6.9661307	0.0	0.0

1495312012970	-6.323059	0.0	0.0

1495312012977	-5.410762	0.0	0.0

1495312012981	-4.7351923	0.0	0.0

1495312012985	-4.2464943	0.0	0.0

1495312012991	-4.837056	0.0	0.0

1495312012995	-5.6392384	0.0	0.0

1495312012999	-6.096925	0.0	0.0

1495312013004	-5.3978667	0.0	0.0

1495312013009	-3.6072674	0.0	0.0

1495312013013	-1.990525	0.0	0.0

1495312013016	-0.7328485	0.0	0.0

1495312013020	0.0	0.0	-0.30816337

1495312013027	0.0	0.0	-0.6890728

1495312013031	0.0	0.0	-1.103464

1495312013035	0.0	0.0	-1.3985558

1495312013042	0.0	0.0	-1.549153

1495312013045	0.0	0.0	-1.5372466

1495312013050	0.0	0.0	-1.4171509

1495312013053	0.0	0.0	-1.2619692

1495312013059	0.0	0.0	-1.0788078

1495312013064	0.0	0.0	-0.9815049

1495312013067	1.1601363	0.0	0.0

1495312013071	1.9147104	0.0	0.0

1495312013076	1.8515052	0.0	0.0

1495312013079	1.0898336	0.0	0.0

1495312013084	0.0	0.0	-0.89863974

1495312013088	0.0	0.0	-1.0133741

1495312013091	0.0	0.0	-1.3180702

1495312013094	0.0	0.0	-0.90574044

1495312013098	-0.7843648	0.0	0.0

1495312013102	-1.1983058	0.0	0.0

1495312013106	-1.5061095	0.0	0.0

1495312013110	-1.6937588	0.0	0.0

1495312013114	-1.4350516	0.0	0.0

1495312013118	0.0	0.0	0.895127

1495312013123	0.0	0.0	0.9590823

1495312013126	0.826234	0.0	0.0

1495312013132	1.3938322	0.0	0.0

1495312013135	1.8938568	0.0	0.0

1495312013138	0.0	0.0	-1.8296181

1495312013140	0.0	0.0	-2.400333

1495312013144	0.0	0.0	-2.8055582

1495312013148	-2.9438357	0.0	0.0

1495312013152	-3.604844	0.0	0.0

1495312013157	-3.7118015	0.0	0.0

1495312013163	-3.1224449	0.0	0.0

1495312013168	0.0	-3.7559042	0.0

1495312013174	0.0	-2.629133	0.0

1495312013178	0.0	-1.8403931	0.0

1495312013182	0.0	-1.2882751	0.0

1495312013187	0.0	-0.9017926	0.0

1495312013193	0.0	-0.6312548	0.0

1495312013197	0.5577728	0.0	0.0

1495312013201	0.0	-0.30931485	0.0

1495312013206	0.0	-0.21652038	0.0

1495312013210	0.21283929	0.0	0.0

1495312013217	0.10813603	0.0	0.0

1495312013221	-0.25651067	0.0	0.0

1495312013226	-0.87459826	0.0	0.0

1495312013231	-1.4964856	0.0	0.0

1495312013235	-2.306416	0.0	0.0

1495312013239	-2.6485624	0.0	0.0

1495312013244	-2.5410256	0.0	0.0

1495312013248	-2.273185	0.0	0.0

1495312013252	-2.4788911	0.0	0.0

1495312013258	-2.4907782	0.0	0.0

1495312013262	-2.4135294	0.0	0.0

1495312013266	-2.592422	0.0	0.0

1495312013269	-1.9269708	0.0	0.0

1495312013275	0.0	-5.353649	0.0

1495312013279	0.0	0.0	0.0

1495312013285	0.0	0.0	0.0

1495312013291	0.0	0.0	0.0

1495312013295	0.0	5.7044606	0.0

1495312013299	0.0	12.904458	0.0

1495312013302	0.0	9.03312	0.0

1495312013308	0.0	6.323184	0.0

1495312013312	0.0	0.0	-5.35349

1495312013317	0.0	0.0	-4.0823016

1495312013321	3.6033497	0.0	0.0

1495312013331	3.605315	0.0	0.0

1495312013336	3.4546242	0.0	0.0

1495312013349	3.444714	0.0	0.0

1495312013357	2.5605772	0.0	0.0

1495312013365	2.3233309	0.0	0.0

1495312013377	2.6432548	0.0	0.0

1495312013394	3.6798384	0.0	0.0

1495312013401	0.0	0.0	0.0

1495312013415	0.0	0.0	0.0

1495312013423	0.0	0.0	0.0

1495312013427	3.764133	0.0	0.0

1495312013433	3.1038616	0.0	0.0

1495312013436	0.0	0.0	-2.372721

1495312013441	0.0	2.9712358	0.0

1495312013445	2.365378	0.0	0.0

1495312013449	0.0	0.0	0.0

1495312013454	-6.4883146	0.0	0.0

1495312013459	-12.452417	0.0	0.0

1495312013463	-16.348248	0.0	0.0

1495312013466	-12.79479	0.0	0.0

1495312013470	-10.675449	0.0	0.0

1495312013476	-10.039522	0.0	0.0

1495312013480	-9.808647	0.0	0.0

1495312013484	-9.192139	0.0	0.0

1495312013489	-7.516396	0.0	0.0

1495312013493	-5.8009844	0.0	0.0

1495312013496	-5.292437	0.0	0.0

1495312013499	-6.0285444	0.0	0.0

1495312013503	-4.2115793	0.0	0.0

1495312013509	-2.4385316	0.0	0.0

1495312013512	-0.9773201	0.0	0.0

1495312013515	0.69925064	0.0	0.0

1495312013519	2.3219664	0.0	0.0

1495312013523	2.8908463	0.0	0.0

1495312013527	2.6585393	0.0	0.0

1495312013530	2.022417	0.0	0.0

1495312013533	1.3586246	0.0	0.0

1495312013536	1.4676095	0.0	0.0

1495312013540	2.8756752	0.0	0.0

1495312013543	3.714004	0.0	0.0

1495312013547	3.6900434	0.0	0.0

1495312013551	3.2744813	0.0	0.0

1495312013555	2.8074732	0.0	0.0

1495312013558	2.5159602	0.0	0.0

1495312013562	2.7735734	0.0	0.0

1495312013565	3.5770369	0.0	0.0

1495312013570	4.4793735	0.0	0.0

1495312013574	4.922839	0.0	0.0

1495312013577	4.8043294	0.0	0.0

1495312013581	4.281267	0.0	0.0

1495312013585	3.839896	0.0	0.0

1495312013590	3.640129	0.0	0.0

1495312013594	3.4303114	0.0	0.0

1495312013598	3.0927057	0.0	0.0

1495312013603	2.7750156	0.0	0.0

1495312013609	2.677894	0.0	0.0

1495312013612	2.579473	0.0	0.0

1495312013616	2.491656	0.0	0.0

1495312013620	1.649454	0.0	0.0

1495312013624	1.1328197	0.0	0.0

1495312013627	0.98155165	0.0	0.0

1495312013630	1.2371755	0.0	0.0

1495312013635	1.9772749	0.0	0.0

1495312013639	2.301195	0.0	0.0

1495312013643	2.5984268	0.0	0.0

1495312013646	2.7451854	0.0	0.0

1495312013652	2.5914412	0.0	0.0

1495312013656	0.0	0.0	-1.9790683

1495312013659	0.0	0.0	-2.322092

1495312013662	0.0	0.0	-2.407572

1495312013666	0.0	-5.1543803	0.0

1495312013669	0.0	-10.379328	0.0

1495312013673	0.0	-7.265529	0.0

1495312013677	0.0	-5.0858703	0.0

1495312013681	0.0	-3.5601091	0.0

1495312013685	0.0	-2.4920764	0.0

1495312013689	1.9692239	0.0	0.0

1495312013693	2.329496	0.0	0.0

1495312013696	1.9926748	0.0	0.0

1495312013699	0.0	0.0	-1.6864164

1495312013702	1.4773451	0.0	0.0

1495312013706	1.8563249	0.0	0.0

1495312013709	2.2543955	0.0	0.0

1495312013713	1.237515	0.0	0.0

1495312013716	0.0	0.0	-0.42377225

1495312013720	-1.6977996	0.0	0.0

1495312013725	-2.6719875	0.0	0.0

1495312013729	-2.9550338	0.0	0.0

1495312013733	-3.0728898	0.0	0.0

1495312013736	-3.6430507	0.0	0.0

1495312013739	-3.9349134	0.0	0.0

1495312013743	-3.6877973	0.0	0.0

1495312013747	-3.614286	0.0	0.0

1495312013750	-3.5215597	0.0	0.0

1495312013754	-3.051496	0.0	0.0

1495312013758	-1.4185137	0.0	0.0

1495312013762	1.2764387	0.0	0.0

1495312013765	4.201801	0.0	0.0

1495312013769	6.4334893	0.0	0.0

1495312013773	0.0	0.0	0.0

