1495425499429	0.00532907	0.004263256	0.022781774

1495425499441	0.0075939246	-0.001065814	0.015187849

1495425499448	0.0119904075	-0.003197442	0.015187849

1495425499458	0.010791367	-0.003197442	0.017452704

1495425499472	0.0075939246	-0.001065814	0.022781774

1495425499479	0.008659739	-0.001065814	0.017452704

1495425499488	0.008659739	-0.001065814	0.0119904075

1495425499500	0.00532907	0.0	0.016253663

1495425499508	0.008659739	0.002131628	0.017452704

1495425499519	0.004263256	-0.009725553	0.015187849

1495425499528	0.004263256	-0.008659739	0.015187849

1495425499539	0.0065281107	0.002131628	0.015187849

1495425499549	0.004263256	-0.001065814	0.016253663

1495425499558	0.008659739	-0.001065814	0.017452704

1495425499568	0.010791367	-0.002131628	0.013056221

1495425499579	0.008659739	-0.0075939246	0.017452704

1495425499588	0.008659739	-0.003197442	0.020650147

1495425499600	0.010791367	-0.00532907	0.018518519

1495425499608	0.0065281107	-0.0065281107	0.016253663

1495425499618	0.009725553	-0.0065281107	0.020650147

1495425499632	0.0075939246	0.001065814	0.014122035

1495425499647	0.010791367	0.001065814	0.010791367

1495425499649	0.00532907	-0.00532907	0.014122035

1495425499658	0.00532907	-0.008659739	0.019584332

1495425499679	0.0075939246	-0.002131628	0.014122035

1495425499687	0.009725553	0.004263256	0.018518519

1495425499689	0.00532907	-0.002131628	0.015187849

1495425499700	0.003197442	-0.003197442	0.010791367

1495425499708	0.009725553	-0.0075939246	0.0119904075

1495425499718	0.004263256	-0.0075939246	0.017452704

1495425499729	0.0065281107	-0.003197442	0.015187849

1495425499738	0.013056221	0.002131628	0.013056221

1495425499748	0.013056221	-0.001065814	0.023980815

1495425499758	0.0119904075	-0.001065814	0.017452704

1495425499768	0.013056221	0.001065814	0.021715961

1495425499781	0.009725553	-0.002131628	0.014122035

1495425499788	0.0119904075	-0.004263256	0.014122035

1495425499800	0.009725553	-0.003197442	0.013056221

1495425499808	0.004263256	-0.003197442	0.017452704

1495425499818	0.0065281107	-0.001065814	0.017452704

1495425499829	0.009725553	-0.0075939246	0.010791367

1495425499838	0.0075939246	-0.003197442	0.014122035

1495425499848	0.009725553	-0.002131628	0.020650147

1495425499858	0.008659739	-0.001065814	0.018518519

1495425499868	0.008659739	0.002131628	0.014122035

1495425499879	0.008659739	-0.002131628	0.016253663

1495425499888	0.010791367	-0.001065814	0.019584332

1495425499899	0.013056221	-0.00532907	0.019584332

1495425499908	0.010791367	-0.001065814	0.018518519

1495425499918	0.009725553	-0.001065814	0.017452704

1495425499928	0.008659739	-0.0065281107	0.016253663

1495425499938	0.009725553	0.001065814	0.015187849

1495425499948	0.004263256	-0.003197442	0.010791367

1495425499958	0.00532907	-0.003197442	0.009725553

1495425499968	0.010791367	-0.004263256	0.014122035

1495425499979	0.0119904075	-0.003197442	0.016253663

1495425499989	0.014122035	-0.008659739	0.014122035

1495425500000	0.0065281107	0.0	0.014122035

1495425500008	0.0075939246	-0.0065281107	0.018518519

1495425500019	0.010791367	0.0	0.015187849

1495425500030	0.0075939246	-0.003197442	0.016253663

1495425500039	0.00532907	-0.004263256	0.016253663

1495425500049	0.009725553	-0.002131628	0.013056221

1495425500058	0.010791367	-0.00532907	0.013056221

1495425500068	0.014122035	-0.003197442	0.010791367

1495425500083	0.0119904075	-0.0065281107	0.017452704

1495425500100	0.008659739	-0.0065281107	0.015187849

1495425500108	0.00532907	-0.001065814	0.018518519

1495425500118	0.008659739	-0.008659739	0.016253663

1495425500129	0.008659739	-0.0075939246	0.016253663

1495425500138	0.004263256	-0.00532907	0.020650147

1495425500148	0.00532907	-0.008659739	0.020650147

1495425500158	0.0065281107	0.0	0.013056221

1495425500168	0.0075939246	0.002131628	0.015187849

1495425500178	0.008659739	-0.0075939246	0.016253663

1495425500188	0.009725553	-0.003197442	0.0119904075

1495425500199	0.014122035	0.001065814	0.014122035

1495425500209	0.009725553	-0.002131628	0.014122035

1495425500218	0.008659739	-0.001065814	0.010791367

1495425500230	0.0075939246	0.0	0.013056221

1495425500238	0.009725553	-0.001065814	0.015187849

1495425500249	0.009725553	-0.003197442	0.013056221

1495425500260	0.0119904075	-0.003197442	0.013056221

1495425500269	0.013056221	-0.002131628	0.0119904075

1495425500284	0.0075939246	-0.0065281107	0.018518519

1495425500300	0.008659739	-0.001065814	0.0119904075

1495425500309	0.010791367	-0.002131628	0.0119904075

1495425500319	0.010791367	-0.001065814	0.018518519

1495425500331	0.0075939246	-0.004263256	0.010791367

1495425500338	0.0075939246	-0.004263256	0.009725553

1495425500348	0.0075939246	-0.002131628	0.015187849

1495425500358	0.008659739	-0.003197442	0.016253663

1495425500368	0.008659739	0.002131628	0.014122035

1495425500379	0.008659739	-0.00532907	0.019584332

1495425500390	0.009725553	0.001065814	0.0119904075

1495425500401	0.009725553	0.001065814	0.013056221

1495425500408	0.008659739	-0.002131628	0.0119904075

1495425500418	0.0119904075	0.002131628	0.017452704

1495425500429	0.010791367	-0.001065814	0.017452704

1495425500438	0.0065281107	-0.001065814	0.017452704

1495425500448	0.008659739	-0.0075939246	0.0119904075

1495425500458	0.0119904075	-0.009725553	0.017452704

1495425500469	0.0075939246	-0.004263256	0.017452704

1495425500484	0.0075939246	-0.0075939246	0.013056221

1495425500499	0.010791367	-0.00532907	0.008659739

1495425500509	0.013056221	-0.004263256	0.0075939246

1495425500519	0.0075939246	-0.0065281107	0.0119904075

1495425500529	0.009725553	-0.003197442	0.016253663

1495425500539	0.009725553	-0.003197442	0.0119904075

1495425500548	0.00532907	-0.008659739	0.015187849

1495425500558	0.009725553	-0.00532907	0.013056221

1495425500568	0.010791367	-0.001065814	0.00532907

1495425500579	0.010791367	0.002131628	0.016253663

1495425500590	0.009725553	0.001065814	0.018518519

1495425500601	0.0119904075	0.0	0.010791367

1495425500608	0.008659739	-0.00532907	0.009725553

1495425500618	0.0119904075	0.0	0.010791367

1495425500636	0.009725553	-0.001065814	0.016253663

1495425500639	0.0065281107	0.0	0.013056221

1495425500648	0.008659739	0.002131628	0.0119904075

1495425500658	0.0065281107	0.0	0.009725553

1495425500668	0.003197442	-0.004263256	0.0119904075

1495425500679	0.009725553	-0.008659739	0.010791367

1495425500689	0.008659739	-0.004263256	0.013056221

1495425500701	0.0075939246	0.001065814	0.019584332

1495425500708	0.0065281107	-0.002131628	0.019584332

1495425500718	0.009725553	0.0	0.013056221

1495425500729	0.0065281107	-0.002131628	0.017452704

1495425500738	0.0065281107	-0.002131628	0.016253663

1495425500748	0.010791367	-0.001065814	0.016253663

1495425500758	0.0119904075	0.003197442	0.015187849

1495425500768	0.010791367	-0.002131628	0.0119904075

1495425500779	0.0075939246	-0.002131628	0.013056221

1495425500788	0.010791367	-0.001065814	0.016253663

1495425500799	0.0119904075	-0.004263256	0.016253663

1495425500808	0.0075939246	-0.00532907	0.016253663

1495425500818	0.008659739	-0.00532907	0.013056221

1495425500829	0.010791367	-0.008659739	0.016253663

1495425500838	0.014122035	-0.004263256	0.0119904075

1495425500848	0.013056221	-0.004263256	0.009725553

1495425500858	0.008659739	-0.001065814	0.015187849

1495425500868	0.0119904075	-0.00532907	0.0119904075

1495425500881	0.013056221	-0.00532907	0.016253663

1495425500889	0.009725553	-0.001065814	0.016253663

1495425500901	0.0119904075	-0.002131628	0.013056221

1495425500908	0.010791367	-0.001065814	0.013056221

1495425500918	0.0065281107	0.002131628	0.015187849

1495425500931	0.013056221	-0.002131628	0.010791367

1495425500938	0.013056221	-0.002131628	0.014122035

1495425500949	0.0119904075	-0.00532907	0.015187849

1495425500960	0.0119904075	-0.004263256	0.0119904075

1495425500969	0.0075939246	-0.010791367	0.016253663

1495425500979	0.0075939246	-0.00532907	0.014122035

1495425500988	0.009725553	0.002131628	0.018518519

1495425501000	0.008659739	-0.001065814	0.017452704

1495425501008	0.009725553	-0.00532907	0.016253663

1495425501018	0.009725553	-0.00532907	0.0119904075

1495425501028	0.0065281107	-0.0065281107	0.013056221

1495425501039	0.008659739	-0.004263256	0.016253663

1495425501049	0.0075939246	-0.003197442	0.0119904075

1495425501058	0.008659739	-0.00532907	0.013056221

1495425501068	0.010791367	-0.003197442	0.015187849

1495425501079	0.009725553	-0.003197442	0.008659739

1495425501088	0.009725553	-0.003197442	0.015187849

1495425501099	0.0119904075	-0.004263256	0.010791367

1495425501108	0.0075939246	-0.002131628	0.015187849

1495425501118	0.015187849	-0.003197442	0.015187849

1495425501130	0.0119904075	0.001065814	0.021715961

1495425501138	0.008659739	-0.27804422	0.016253663

1495425501149	0.009725553	0.0	0.020650147

1495425501160	0.0065281107	-0.0065281107	0.02504663

1495425501168	0.008659739	0.002131628	0.019584332

1495425501179	0.009725553	0.0	0.016253663

1495425501188	0.0075939246	-0.0065281107	0.0119904075

1495425501200	0.0075939246	-0.0065281107	0.008659739

1495425501208	0.010791367	-0.0075939246	0.008659739

1495425501218	0.009725553	-0.004263256	0.013056221

1495425501230	0.0065281107	0.0	0.015187849

1495425501238	0.010791367	-0.004263256	0.0119904075

1495425501249	0.009725553	-0.003197442	0.014122035

1495425501258	0.009725553	-0.003197442	0.0119904075

1495425501268	0.009725553	0.0	0.020650147

1495425501279	0.013056221	-0.008659739	0.021715961

1495425501288	0.010791367	-0.008659739	0.017452704

1495425501300	0.008659739	-0.00532907	0.019584332

1495425501309	0.010791367	0.001065814	0.019584332

1495425501318	0.0075939246	-0.004263256	0.017452704

1495425501329	0.004263256	-0.001065814	0.021715961

1495425501338	0.004263256	-0.0065281107	0.016253663

1495425501348	0.008659739	-0.002131628	0.014122035

1495425501358	0.0065281107	0.002131628	0.013056221

1495425501368	0.0075939246	-0.00532907	0.017452704

1495425501379	0.0075939246	-0.0075939246	0.014122035

1495425501388	0.010791367	-0.004263256	0.009725553

1495425501399	0.009725553	-0.002131628	0.017452704

1495425501408	0.008659739	0.001065814	0.017452704

1495425501418	0.0119904075	0.002131628	0.0119904075

1495425501429	0.009725553	0.002131628	0.014122035

1495425501438	0.009725553	0.0	0.015187849

1495425501448	0.010791367	-0.0075939246	0.013056221

1495425501458	0.009725553	-0.004263256	0.0119904075

1495425501468	0.0075939246	0.0	0.017452704

1495425501479	0.008659739	-0.002131628	0.019584332

1495425501489	0.009725553	-0.003197442	0.020650147

1495425501500	0.004263256	-0.00532907	0.015187849

1495425501508	0.0075939246	0.0	0.015187849

1495425501519	0.008659739	-0.0065281107	0.0119904075

1495425501534	0.008659739	-0.009725553	0.016253663

1495425501539	0.009725553	-0.001065814	0.0119904075

1495425501549	0.004263256	-0.004263256	0.017452704

1495425501559	0.0065281107	-0.003197442	0.020650147

1495425501568	0.008659739	-0.003197442	0.015187849

1495425501579	0.010791367	-0.004263256	0.010791367

1495425501588	0.0119904075	-0.003197442	0.0119904075

1495425501600	0.013056221	-0.003197442	0.014122035

1495425501608	0.009725553	-0.003197442	0.018518519

1495425501618	0.0065281107	-0.004263256	0.016253663

1495425501633	0.009725553	-0.00532907	0.009725553

1495425501641	0.008659739	-0.002131628	0.015187849

1495425501648	0.008659739	-0.001065814	0.014122035

1495425501658	0.010791367	0.001065814	0.014122035

1495425501669	0.0119904075	-0.002131628	0.017452704

1495425501680	0.015187849	-0.001065814	0.017452704

1495425501688	0.008659739	-0.00532907	0.0119904075

1495425501700	0.0075939246	-0.0065281107	0.010791367

1495425501708	0.008659739	-0.004263256	0.019584332

1495425501718	0.009725553	-0.00532907	0.019584332

1495425501729	0.00532907	-0.0065281107	0.015187849

1495425501738	0.009725553	-0.0075939246	0.014122035

1495425501748	0.008659739	0.001065814	0.010791367

1495425501758	0.008659739	-0.004263256	0.009725553

1495425501768	0.008659739	-0.002131628	0.017452704

1495425501778	0.009725553	-0.003197442	0.014122035

1495425501789	0.008659739	-0.0075939246	0.014122035

1495425501800	0.010791367	-0.0065281107	0.010791367

1495425501808	0.013056221	-0.0065281107	0.0119904075

1495425501818	0.0119904075	-0.00532907	0.018518519

1495425501833	0.008659739	-0.004263256	0.021715961

1495425501838	0.008659739	-0.00532907	0.0119904075

1495425501848	0.0119904075	-0.003197442	0.0119904075

1495425501858	0.0119904075	-0.003197442	0.013056221

1495425501868	0.008659739	0.002131628	0.017452704

1495425501881	0.0075939246	-0.001065814	0.020650147

1495425501889	0.010791367	-0.001065814	0.019584332

1495425501901	0.0065281107	-0.002131628	0.017452704

1495425501910	0.0065281107	-0.002131628	0.015187849

1495425501918	0.004263256	-0.00532907	0.015187849

1495425501929	0.013056221	0.002131628	0.019584332

1495425501938	0.010791367	0.002131628	0.010791367

1495425501948	0.0075939246	0.001065814	0.015187849

1495425501958	0.010791367	0.0	0.0075939246

1495425501968	0.008659739	0.0	0.014122035

1495425501979	0.0119904075	0.002131628	0.008659739

1495425501988	0.0065281107	-0.004263256	0.016253663

1495425501999	0.009725553	-0.003197442	0.019584332

1495425502008	0.0119904075	-0.002131628	0.016253663

1495425502018	0.009725553	-0.001065814	0.016253663

1495425502029	0.009725553	-0.004263256	0.010791367

1495425502038	0.008659739	-0.0075939246	0.016253663

1495425502048	0.0119904075	-0.004263256	0.009725553

1495425502058	0.010791367	0.002131628	0.010791367

1495425502068	0.009725553	-0.002131628	0.021715961

1495425502081	0.0119904075	-0.002131628	0.014122035

1495425502089	0.013056221	-0.0075939246	0.014122035

1495425502100	0.009725553	-0.008659739	0.009725553

1495425502108	0.004263256	-0.009725553	0.009725553

1495425502118	0.008659739	-0.0065281107	0.008659739

1495425502129	0.0075939246	-0.001065814	0.016253663

1495425502138	0.014122035	0.0	0.016253663

1495425502148	0.0119904075	-0.002131628	0.016253663

1495425502158	0.0119904075	0.001065814	0.013056221

1495425502168	0.008659739	-0.002131628	0.013056221

1495425502179	0.009725553	-0.0075939246	0.014122035

1495425502188	0.008659739	-0.001065814	0.018518519

1495425502200	0.010791367	-0.004263256	0.017452704

1495425502209	0.014122035	-0.002131628	0.022781774

1495425502218	0.013056221	0.003197442	0.010791367

1495425502229	0.0065281107	-0.001065814	0.0075939246

1495425502239	0.0075939246	-0.00532907	0.015187849

1495425502250	0.0065281107	-0.004263256	0.015187849

1495425502261	0.0065281107	0.0	0.017452704

1495425502269	0.004263256	-0.004263256	0.014122035

1495425502279	0.008659739	-0.001065814	0.016253663

1495425502288	0.009725553	0.0	0.016253663

1495425502299	0.008659739	0.002131628	0.022781774

1495425502308	0.010791367	-0.009725553	0.016253663

1495425502318	0.014122035	-0.004263256	0.009725553

1495425502329	0.013056221	0.001065814	0.017452704

1495425502338	0.010791367	-0.00532907	0.013056221

1495425502348	0.008659739	-0.0075939246	0.0119904075

1495425502359	0.010791367	0.001065814	0.016253663

1495425502369	0.010791367	-0.00532907	0.0119904075

1495425502390	0.0119904075	-0.002131628	0.015187849

1495425502399	0.008659739	-0.00532907	0.017452704

1495425502410	0.009725553	-0.00532907	0.0119904075

1495425502418	0.0065281107	-0.003197442	0.013056221

1495425502429	0.0065281107	-0.008659739	0.010791367

1495425502438	0.0119904075	-0.003197442	0.014122035

1495425502449	0.008659739	0.002131628	0.017452704

1495425502458	0.010791367	0.001065814	0.010791367

1495425502469	0.008659739	-0.00532907	0.0119904075

1495425502479	0.0065281107	-0.008659739	0.0119904075

1495425502489	0.00532907	-0.003197442	0.0119904075

1495425502498	0.0119904075	-0.001065814	0.016253663

1495425502509	0.009725553	-0.0065281107	0.018518519

1495425502518	0.010791367	-0.00532907	0.017452704

1495425502528	0.015187849	-0.004263256	0.00532907

1495425502539	0.0075939246	0.0	0.015187849

1495425502549	0.009725553	-0.0075939246	0.015187849

1495425502558	0.0075939246	-0.008659739	0.013056221

1495425502568	0.009725553	-0.00532907	0.017452704

1495425502580	0.0075939246	-0.002131628	0.013056221

1495425502589	0.013056221	0.0	0.017452704

1495425502598	0.013056221	-0.001065814	0.020650147

1495425502610	0.010791367	-0.00532907	0.016253663

1495425502618	0.0119904075	-0.002131628	0.015187849

1495425502634	0.010791367	-0.001065814	0.014122035

1495425502639	0.009725553	-0.001065814	0.013056221

1495425502649	0.0065281107	-0.00532907	0.010791367

1495425502659	0.0075939246	-0.0075939246	0.010791367

1495425502701	0.0119904075	-0.00532907	0.0119904075

1495425502703	0.010791367	-0.00532907	0.014122035

1495425502704	0.009725553	0.002131628	0.014122035

1495425502705	0.010791367	0.003197442	0.016253663

1495425502710	0.010791367	-0.003197442	0.014122035

1495425502729	0.00532907	-0.010791367	0.019584332

1495425502738	0.0065281107	0.0	0.019584332

1495425502749	0.004263256	0.0	0.020650147

1495425502758	0.0065281107	-0.004263256	0.016253663

1495425502768	0.008659739	-0.002131628	0.016253663

1495425502779	0.009725553	-0.003197442	0.015187849

1495425502789	0.010791367	-0.00532907	0.013056221

1495425502798	0.008659739	-0.00532907	0.010791367

1495425502810	0.0119904075	0.0	0.015187849

1495425502818	0.010791367	0.002131628	0.013056221

1495425502829	0.0119904075	0.001065814	0.017452704

1495425502838	0.009725553	-0.003197442	0.019584332

1495425502848	0.008659739	-0.003197442	0.021715961

1495425502858	0.008659739	0.0	0.016253663

1495425502869	0.0119904075	0.004263256	0.015187849

1495425502883	0.0119904075	-0.002131628	0.015187849

1495425502899	0.010791367	-0.003197442	0.013056221

1495425502910	0.008659739	0.0	0.014122035

1495425502929	0.014122035	-0.004263256	0.015187849

1495425502939	0.0119904075	-0.001065814	0.013056221

1495425502948	0.004263256	-0.002131628	0.018518519

1495425502958	0.003197442	-0.003197442	0.018518519

1495425502968	0.010791367	-0.0065281107	0.014122035

1495425502981	0.0075939246	-0.001065814	0.0119904075

1495425502989	0.008659739	-0.0065281107	0.008659739

1495425502998	0.0065281107	-0.008659739	0.00532907

1495425503011	0.009725553	-0.003197442	0.010791367

1495425503018	0.0119904075	-0.003197442	0.016253663

1495425503029	0.009725553	0.002131628	0.018518519

1495425503038	0.0065281107	-0.003197442	0.017452704

1495425503048	0.013056221	-0.004263256	0.016253663

1495425503058	0.015187849	-0.0075939246	0.010791367

1495425503068	0.008659739	-0.003197442	0.015187849

1495425503080	0.010791367	0.00532907	0.021715961

1495425503089	0.008659739	0.004263256	0.017452704

1495425503099	0.008659739	0.002131628	0.014122035

1495425503109	0.0065281107	-0.0075939246	0.014122035

1495425503118	0.008659739	0.0	0.014122035

1495425503129	0.010791367	0.0	0.016253663

1495425503138	0.010791367	0.0	0.015187849

1495425503148	0.0075939246	-0.003197442	0.014122035

1495425503158	0.0065281107	-0.008659739	0.0119904075

1495425503168	0.00532907	-0.0075939246	0.008659739

1495425503178	0.010791367	-0.003197442	0.016253663

1495425503189	0.004263256	-0.003197442	0.020650147

1495425503199	0.004263256	-0.0075939246	0.017452704

1495425503210	0.008659739	-0.001065814	0.016253663

1495425503218	0.010791367	0.0	0.015187849

1495425503229	0.0075939246	-0.0075939246	0.010791367

1495425503238	0.009725553	-0.0075939246	0.015187849

1495425503249	0.008659739	-0.003197442	0.018518519

1495425503258	0.009725553	-0.004263256	0.017452704

1495425503268	0.0119904075	0.001065814	0.015187849

1495425503280	0.0075939246	0.0	0.0075939246

1495425503289	0.0075939246	-0.001065814	0.0075939246

1495425503298	0.009725553	0.002131628	0.015187849

1495425503310	0.004263256	-0.004263256	0.013056221

1495425503329	0.008659739	-0.001065814	0.017452704

1495425503338	0.0075939246	-0.0065281107	0.017452704

1495425503349	0.009725553	-0.00532907	0.014122035

1495425503358	0.009725553	-0.003197442	0.015187849

1495425503368	0.0119904075	-0.004263256	0.014122035

1495425503381	0.0075939246	-0.0065281107	0.014122035

1495425503389	0.009725553	-0.002131628	0.0119904075

1495425503399	0.0075939246	-0.004263256	0.015187849

1495425503410	0.00532907	-0.002131628	0.016253663

1495425503419	0.0065281107	-0.0075939246	0.015187849

1495425503429	0.009725553	-0.00532907	0.013056221

1495425503438	0.009725553	-0.004263256	0.017452704

1495425503448	0.0075939246	-0.003197442	0.017452704

1495425503458	0.008659739	0.002131628	0.015187849

1495425503468	0.004263256	-0.004263256	0.014122035

1495425503479	0.008659739	-0.004263256	0.014122035

1495425503489	0.008659739	-0.003197442	0.015187849

1495425503498	0.0075939246	-0.0075939246	0.008659739

1495425503510	0.008659739	-0.004263256	0.016253663

1495425503531	0.009725553	-0.001065814	0.017452704

1495425503538	0.009725553	0.002131628	0.017452704

1495425503548	0.0065281107	-0.003197442	0.013056221

1495425503558	0.00532907	-0.004263256	0.009725553

1495425503568	0.004263256	-0.0119904075	0.015187849

1495425503579	0.008659739	-0.002131628	0.014122035

1495425503588	0.0119904075	0.002131628	0.019584332

1495425503599	0.010791367	0.002131628	0.015187849

1495425503610	0.010791367	-0.003197442	0.008659739

1495425503618	0.008659739	0.0	0.008659739

1495425503634	0.008659739	-0.00532907	0.013056221

1495425503646	0.008659739	-0.001065814	0.017452704

1495425503652	0.0075939246	-0.002131628	0.018518519

1495425503658	0.0075939246	-0.003197442	0.019584332

1495425503668	0.0119904075	0.0	0.017452704

1495425503679	0.008659739	-0.001065814	0.0119904075

1495425503689	0.00532907	-0.002131628	0.019584332

1495425503698	0.010791367	-0.004263256	0.013056221

1495425503709	0.014122035	-0.00532907	0.0119904075

1495425503719	0.004263256	-0.002131628	0.014122035

1495425503729	0.008659739	-0.001065814	0.0119904075

1495425503738	0.008659739	-0.002131628	0.017452704

1495425503748	0.003197442	-0.001065814	0.018518519

1495425503758	0.008659739	0.001065814	0.013056221

1495425503768	0.0075939246	-0.002131628	0.0119904075

1495425503779	0.015187849	-0.004263256	0.0119904075

1495425503789	0.0119904075	-0.001065814	0.015187849

1495425503798	0.010791367	0.001065814	0.013056221

1495425503810	0.010791367	-0.001065814	0.013056221

1495425503818	0.014122035	-0.001065814	0.015187849

1495425503830	0.0065281107	-0.003197442	0.017452704

1495425503838	0.004263256	-0.001065814	0.013056221

1495425503849	0.00532907	-0.002131628	0.0119904075

1495425503858	0.009725553	-0.004263256	0.015187849

1495425503868	0.008659739	-0.003197442	0.015187849

1495425503879	0.0075939246	-0.009725553	0.010791367

1495425503888	0.004263256	-0.002131628	0.00532907

1495425503898	0.004263256	-0.0065281107	0.013056221

1495425503910	0.0075939246	-0.003197442	0.019584332

1495425503928	0.0119904075	-0.004263256	0.013056221

1495425503938	0.010791367	-0.003197442	0.014122035

1495425503950	0.009725553	-0.001065814	0.013056221

1495425503958	0.009725553	-0.003197442	0.010791367

1495425503968	0.008659739	-0.004263256	0.013056221

1495425503979	0.009725553	-0.00532907	0.018518519

1495425503988	0.003197442	-0.001065814	0.016253663

1495425503998	0.008659739	0.003197442	0.017452704

1495425504009	0.008659739	-0.004263256	0.0065281107

1495425504018	0.0075939246	-0.00532907	0.010791367

1495425504029	0.009725553	0.0	0.010791367

1495425504038	0.0065281107	-0.002131628	0.014122035

1495425504048	0.0119904075	-0.0065281107	0.014122035

1495425504058	0.013056221	-0.004263256	0.0119904075

1495425504068	0.010791367	-0.004263256	0.016253663

1495425504079	0.009725553	-0.0065281107	0.015187849

1495425504088	0.0065281107	-0.0075939246	0.015187849

1495425504098	0.009725553	-0.009725553	0.014122035

1495425504110	0.009725553	0.001065814	0.016253663

1495425504131	0.0119904075	-0.004263256	0.017452704

1495425504138	0.0065281107	-0.002131628	0.014122035

1495425504148	0.008659739	0.003197442	0.014122035

1495425504158	0.008659739	-0.001065814	0.0075939246

1495425504168	0.0075939246	-0.002131628	0.014122035

1495425504179	0.0075939246	-0.003197442	0.015187849

1495425504189	0.0075939246	-0.002131628	0.015187849

1495425504198	0.009725553	-0.004263256	0.015187849

1495425504210	0.0075939246	-0.00532907	0.017452704

1495425504218	0.0119904075	-0.004263256	0.015187849

1495425504229	0.0119904075	-0.00532907	0.020650147

1495425504238	0.010791367	-0.003197442	0.018518519

1495425504249	0.013056221	-0.001065814	0.016253663

1495425504258	0.00532907	-0.003197442	0.023980815

1495425504268	0.0065281107	-0.001065814	0.022781774

1495425504278	0.008659739	-0.0065281107	0.016253663

1495425504289	0.010791367	-0.0075939246	0.010791367

1495425504298	0.013056221	-0.002131628	0.010791367

1495425504309	0.010791367	-0.001065814	0.0119904075

1495425504318	0.015187849	-0.002131628	0.0119904075

1495425504329	0.008659739	-0.001065814	0.014122035

1495425504339	0.0065281107	-0.002131628	0.016253663

1495425504348	0.010791367	-0.002131628	0.018518519

1495425504358	0.0119904075	-0.003197442	0.010791367

1495425504369	0.010791367	-0.002131628	0.010791367

1495425504384	0.00532907	-0.0065281107	0.017452704

1495425504389	0.010791367	-0.008659739	0.015187849

1495425504414	0.013056221	-0.003197442	0.014122035

1495425504416	0.0075939246	0.004263256	0.0119904075

