1495958643015	31.32	23.52	-16.38

1495958643115	31.8	23.22	-16.68

1495958643214	31.68	23.22	-16.62

1495958643314	31.56	23.28	-16.86

1495958643426	31.38	23.34	-16.74

1495958643514	31.26	23.46	-16.86

1495958643614	31.14	23.58	-17.1

1495958643715	31.26	23.64	-17.52

1495958643814	31.2	23.4	-17.7

1495958643943	31.14	23.1	-17.94

1495958644014	30.78	23.16	-18.42

1495958644114	30.96	22.86	-18.6

1495958644214	30.9	23.4	-18.84

1495958644314	31.02	23.64	-18.6

1495958644414	30.84	23.88	-18.48

1495958644514	31.08	23.7	-18.72

1495958644614	31.26	23.52	-19.02

1495958644715	31.14	23.64	-19.26

1495958644814	31.26	23.88	-18.9

1495958644915	31.56	23.94	-18.42

1495958645014	31.56	23.88	-18.18

1495958645114	31.56	24.0	-17.58

1495958645224	31.74	23.82	-17.22

1495958645324	31.86	23.7	-17.16

1495958645424	32.04	23.4	-16.8

1495958645524	31.98	23.16	-16.74

1495958645625	31.98	23.52	-16.32

1495958645724	32.52	23.22	-16.26

1495958645825	31.92	23.76	-16.26

1495958645925	31.8	24.0	-16.38

1495958646025	31.56	24.12	-16.5

1495958646125	31.2	24.24	-16.68

1495958646224	30.78	24.36	-17.64

1495958646325	30.48	24.06	-18.0

1495958646424	30.6	23.94	-18.42

1495958646524	30.42	23.28	-18.9

1495958646624	30.42	22.92	-19.08

1495958646724	30.42	22.8	-19.02

1495958646824	30.42	23.04	-19.08

1495958646925	30.66	22.98	-19.14

1495958647024	30.96	23.16	-18.84

1495958647125	31.08	23.52	-18.6

1495958647224	30.78	23.7	-18.48

1495958647324	30.96	24.36	-17.88

1495958647425	31.14	24.78	-17.46

1495958647525	31.26	24.96	-17.04

1495958647624	31.32	24.66	-16.44

1495958647724	31.68	24.6	-16.38

1495958647824	31.68	24.3	-16.38

1495958647925	32.04	24.06	-16.44

