1498308309039	-0.12753	0.16677	9.849239

1498308309048	-0.13734	0.20601	9.849239

1498308309052	-0.11771999	0.21582	9.83943

1498308309073	-0.14715	0.18639	9.829619

1498308309079	-0.16677	0.16677	9.849239

1498308309086	-0.16677	0.15696	9.81981

1498308309096	-0.14715	0.23543999	9.85905

1498308309108	-0.14715	0.18639	9.81981

1498308309117	-0.12753	0.13734	9.868859

1498308309127	-0.1962	0.18639	9.809999

1498308309142	-0.20601	0.23543999	9.85905

1498308309147	-0.17658	0.20601	9.76095

1498308309159	-0.1962	0.16677	9.78057

1498308309191	-0.08829	0.14715	9.849239

1498308309192	-0.18639	0.14715	10.016009

1498308309193	-0.08829	0.12753	9.849239

1498308309199	-0.14715	0.15696	9.81981

1498308309210	-0.12753	0.13734	9.75114

1498308309219	-0.13734	0.10791	9.9081

1498308309229	-0.22563	0.20601	9.829619

1498308309239	-0.20601	0.1962	9.75114

1498308309248	-0.17658	0.18639	9.829619

1498308309260	-0.16677	0.22563	9.80019

1498308309270	-0.13734	0.07848	9.80019

1498308309279	-0.10791	0.14715	9.849239

1498308309289	-0.16677	0.16677	9.868859

1498308309300	-0.14715	0.18639	9.78057

1498308309312	-0.24524999	0.1962	9.73152

1498308309321	-0.0981	0.12753	9.75114

1498308309337	-0.17658	0.16677	9.74133

1498308309341	-0.16677	0.11771999	9.77076

1498308309351	-0.1962	0.26487	9.83943

1498308309380	-0.16677	0.20601	9.73152

1498308309383	-0.17658	0.16677	9.829619

1498308309385	-0.23543999	0.15696	9.83943

1498308309392	-0.15696	0.21582	9.868859

1498308309403	-0.13734	0.16677	9.849239

1498308309414	-0.15696	0.2943	9.809999

1498308309423	-0.18639	0.11771999	9.809999

1498308309433	-0.11771999	0.17658	9.79038

1498308309443	-0.11771999	0.17658	9.80019

1498308309454	-0.18639	0.11771999	9.809999

1498308309465	-0.18639	0.18639	9.72171

1498308309475	-0.0981	0.11771999	9.85905

1498308309494	-0.14715	0.18639	9.78057

1498308309504	-0.12753	0.24524999	9.81981

1498308309516	-0.1962	0.21582	9.849239

1498308309531	-0.13734	0.15696	9.85905

1498308309534	-0.17658	0.08829	9.73152

1498308309545	-0.11771999	0.1962	9.87867

1498308309555	-0.10791	0.18639	9.81981

1498308309567	-0.1962	0.20601	9.80019

1498308309577	-0.17658	0.11771999	9.829619

1498308309595	-0.16677	0.24524999	9.88848

1498308309605	-0.13734	0.23543999	9.829619

1498308309617	-0.15696	0.17658	9.83943

1498308309625	-0.12753	0.18639	9.93753

1498308309634	-0.10791	0.17658	9.83943

1498308309644	-0.13734	0.14715	9.809999

1498308309655	-0.0981	0.18639	9.849239

1498308309666	-0.0981	0.17658	9.75114

1498308309676	-0.11771999	0.20601	9.80019

1498308309695	-0.20601	0.16677	9.87867

1498308309705	-0.13734	0.13734	9.80019

1498308309726	-0.13734	0.11771999	9.79038

1498308309732	-0.14715	0.13734	9.809999

1498308309736	-0.18639	0.20601	9.809999

1498308309744	-0.16677	0.25506	9.77076

1498308309766	-0.16677	0.15696	9.74133

1498308309769	-0.0981	0.15696	9.73152

1498308309776	-0.1962	0.18639	9.88848

1498308309784	-0.04905	0.16677	9.81981

1498308309795	-0.0981	0.13734	9.849239

1498308309805	-0.11771999	0.0981	9.829619

1498308309816	-0.24524999	0.22563	9.80019

1498308309825	-0.23543999	0.26487	9.77076

1498308309835	-0.17658	0.21582	9.76095

1498308309845	-0.18639	0.20601	9.78057

1498308309855	-0.16677	0.14715	9.75114

1498308309867	-0.17658	0.18639	9.83943

1498308309877	-0.18639	0.11771999	9.78057

1498308309886	-0.0981	0.20601	9.9081

1498308309896	-0.13734	0.11771999	9.9081

1498308309907	-0.18639	0.22563	9.79038

1498308309918	-0.11771999	0.15696	9.849239

1498308309932	-0.14715	0.22563	9.76095

1498308309938	-0.10791	0.26487	9.87867

1498308309946	-0.0981	0.18639	9.77076

1498308309974	-0.22563	0.13734	9.849239

1498308309980	-0.18639	0.22563	9.78057

1498308309981	-0.16677	0.10791	9.829619

1498308309997	-0.0981	0.22563	9.96696

1498308310007	-0.18639	0.07848	9.809999

1498308310018	-0.10791	0.27468	9.78057

1498308310027	-0.10791	0.10791	9.72171

1498308310037	-0.16677	0.17658	9.79038

1498308310047	-0.17658	0.06867	9.87867

1498308310057	-0.10791	0.22563	9.79038

1498308310069	-0.0981	0.21582	9.83943

1498308310079	-0.23543999	0.06867	9.83943

1498308310088	-0.23543999	0.20601	9.83943

1498308310098	-0.11771999	0.13734	9.829619

1498308310108	-0.15696	0.25506	9.809999

1498308310120	-0.16677	0.13734	9.849239

1498308310129	-0.15696	0.1962	9.849239

1498308310139	-0.14715	0.18639	9.809999

1498308310153	-0.0981	0.08829	9.83943

1498308310159	-0.14715	0.26487	9.88848

1498308310194	-0.13734	0.16677	9.73152

1498308310195	-0.15696	0.11771999	9.85905

1498308310196	-0.17658	0.26487	9.829619

1498308310198	-0.15696	0.21582	9.93753

1498308310209	-0.26487	0.23543999	9.849239

1498308310220	-0.08829	0.18639	9.92772

1498308310229	-0.12753	0.058859996	9.81981

1498308310239	-0.18639	0.22563	9.76095

1498308310249	-0.16677	0.16677	9.72171

1498308310259	-0.14715	0.20601	9.83943

1498308310270	-0.16677	0.11771999	9.849239

1498308310280	-0.0981	0.16677	9.829619

1498308310289	-0.16677	0.22563	9.9571495

1498308310299	-0.10791	0.30411	9.849239

1498308310310	-0.17658	0.12753	9.868859

1498308310322	-0.21582	0.13734	9.83943

1498308310331	-0.13734	0.13734	9.809999

1498308310341	-0.15696	0.21582	9.91791

1498308310363	-0.11771999	0.11771999	9.83943

1498308310364	-0.17658	0.23543999	9.702089

1498308310373	-0.15696	0.24524999	9.78057

1498308310382	-0.22563	0.17658	9.79038

1498308310401	-0.20601	0.10791	9.89829

1498308310402	-0.08829	0.17658	9.76095

1498308310411	-0.17658	0.22563	9.809999

1498308310422	-0.16677	0.23543999	9.868859

1498308310431	-0.18639	0.20601	9.829619

1498308310441	-0.0981	0.13734	9.868859

1498308310451	-0.11771999	0.22563	9.80019

1498308310461	-0.16677	0.14715	9.75114

1498308310473	-0.10791	0.1962	9.76095

1498308310483	-0.21582	0.1962	9.73152

1498308310492	-0.13734	0.12753	9.85905

1498308310501	-0.20601	0.16677	9.809999

1498308310511	-0.11771999	0.17658	9.87867

1498308310523	-0.10791	0.16677	9.76095

1498308310532	-0.22563	0.1962	9.868859

1498308310542	-0.11771999	0.17658	9.74133

1498308310552	-0.1962	0.18639	9.76095

1498308310562	-0.15696	0.1962	9.78057

1498308310579	-0.22563	0.1962	9.74133

1498308310584	-0.08829	0.18639	9.809999

1498308310593	-0.12753	0.16677	9.83943

1498308310619	-0.22563	0.17658	9.89829

1498308310620	-0.18639	0.17658	9.72171

1498308310624	-0.15696	0.23543999	9.829619

1498308310633	-0.11771999	0.10791	9.809999

1498308310643	-0.12753	0.10791	9.81981

1498308310653	-0.15696	0.17658	9.74133

1498308310663	-0.12753	0.1962	9.78057

1498308310675	-0.0981	0.14715	9.91791

1498308310685	-0.14715	0.15696	9.78057

1498308310694	-0.15696	0.13734	9.89829

1498308310704	-0.13734	0.07848	9.79038

1498308310715	-0.20601	0.18639	9.76095

1498308310726	-0.14715	0.14715	9.80019

1498308310735	-0.12753	0.16677	9.77076

1498308310745	-0.0981	0.21582	9.809999

1498308310755	-0.15696	0.20601	9.77076

1498308310765	-0.11771999	0.10791	9.79038

1498308310777	-0.12753	0.21582	9.89829

1498308310791	-0.10791	0.15696	9.849239

1498308310796	-0.17658	0.25506	9.9081

1498308310806	-0.13734	0.17658	9.87867

1498308310818	-0.15696	0.21582	9.88848

1498308310828	-0.11771999	0.15696	9.81981

1498308310837	-0.11771999	0.16677	9.809999

1498308310847	-0.16677	0.1962	9.79038

1498308310857	-0.0981	0.18639	9.87867

1498308310867	-0.14715	0.10791	9.83943

1498308310879	-0.16677	0.17658	9.849239

1498308310889	-0.21582	0.24524999	9.80019

1498308310898	-0.12753	0.11771999	9.976769

1498308310907	-0.12753	0.14715	9.96696

1498308310918	-0.16677	0.16677	9.87867

1498308310929	-0.1962	0.14715	9.829619

1498308310938	-0.15696	0.0981	9.76095

1498308310948	-0.10791	0.14715	9.849239

1498308310958	-0.0981	0.0981	9.77076

1498308310968	-0.06867	0.16677	9.87867

1498308310980	-0.13734	0.21582	9.79038

1498308310990	-0.10791	0.20601	9.87867

1498308311007	-0.15696	0.11771999	9.94734

1498308311010	-0.18639	0.16677	9.9571495

1498308311019	-0.16677	0.14715	9.87867

1498308311051	-0.25506	0.15696	9.829619

1498308311052	-0.0981	0.14715	9.76095

1498308311054	-0.27468	0.15696	9.79038

1498308311059	-0.15696	0.1962	9.75114

1498308311069	-0.0981	0.17658	9.76095

1498308311081	-0.23543999	0.13734	9.809999

1498308311091	-0.10791	0.17658	9.829619

1498308311100	-0.17658	0.11771999	9.9081

1498308311109	-0.17658	0.13734	9.91791

1498308311123	-0.17658	0.20601	9.92772

1498308311131	-0.15696	0.18639	9.829619

1498308311140	-0.11771999	0.1962	9.809999

1498308311150	-0.17658	0.16677	9.81981

1498308311160	-0.12753	0.21582	9.91791

1498308311170	-0.14715	0.22563	9.79038

1498308311182	-0.16677	0.10791	9.9081

1498308311192	-0.11771999	0.1962	9.78057

1498308311201	-0.10791	0.16677	9.87867

1498308311211	-0.17658	0.08829	9.85905

1498308311221	-0.16677	0.17658	9.85905

1498308311246	-0.13734	0.15696	9.81981

1498308311247	-0.15696	0.15696	9.83943

1498308311252	-0.20601	0.15696	9.77076

1498308311262	-0.10791	0.20601	9.83943

1498308311271	-0.13734	0.24524999	9.79038

1498308311283	-0.15696	0.17658	9.849239

1498308311293	-0.15696	0.12753	9.88848

1498308311302	-0.13734	0.13734	9.89829

1498308311312	-0.16677	0.11771999	9.78057

1498308311322	-0.17658	0.17658	9.81981

1498308311334	-0.16677	0.16677	9.809999

1498308311343	-0.11771999	0.13734	9.78057

1498308311353	-0.24524999	0.20601	9.79038

1498308311363	-0.07848	0.14715	9.78057

1498308311372	-0.12753	0.17658	9.75114

1498308311384	-0.13734	0.20601	9.7119

1498308311394	-0.15696	0.14715	9.73152

1498308311403	-0.13734	0.15696	9.87867

1498308311412	-0.13734	0.16677	9.89829

1498308311423	-0.17658	0.17658	9.83943

1498308311440	-0.1962	0.13734	9.83943

1498308311445	-0.14715	0.18639	9.77076

1498308311453	-0.16677	0.15696	9.75114

1498308311473	-0.10791	0.10791	9.78057

1498308311475	-0.25506	0.15696	9.88848

1498308311484	-0.12753	0.11771999	9.809999

1498308311494	-0.17658	0.15696	9.809999

1498308311513	-0.13734	0.16677	9.868859

1498308311523	-0.17658	0.20601	9.79038

1498308311534	-0.10791	0.1962	9.78057

1498308311543	-0.13734	0.17658	9.76095

1498308311552	-0.13734	0.22563	9.829619

1498308311562	-0.12753	0.21582	9.79038

1498308311573	-0.18639	0.14715	9.85905

1498308311584	-0.14715	0.1962	9.89829

1498308311594	-0.11771999	0.20601	9.77076

1498308311613	-0.0981	0.24524999	9.9081

1498308311623	-0.17658	0.20601	9.88848

1498308311634	-0.12753	0.1962	9.78057

1498308311653	-0.0981	0.13734	9.7119

1498308311655	-0.16677	0.17658	9.77076

1498308311664	-0.12753	0.17658	9.78057

1498308311674	-0.0981	0.16677	9.829619

1498308311689	-0.15696	0.15696	9.81981

1498308311696	-0.13734	0.18639	9.79038

1498308311705	-0.0981	0.25506	9.9081

1498308311715	-0.10791	0.10791	9.92772

1498308311725	-0.17658	0.20601	9.75114

1498308311737	-0.1962	0.21582	9.94734

1498308311745	-0.14715	0.14715	9.829619

1498308311755	-0.10791	0.16677	9.73152

1498308311766	-0.24524999	0.21582	9.80019

1498308311776	-0.11771999	0.20601	9.809999

1498308311787	-0.21582	0.21582	9.79038

1498308311798	-0.1962	0.14715	9.81981

1498308311816	-0.15696	0.13734	9.868859

1498308311826	-0.12753	0.18639	9.88848

1498308311837	-0.13734	0.24524999	9.809999

1498308311846	-0.12753	0.21582	9.80019

1498308311856	-0.10791	0.23543999	9.73152

1498308311872	-0.17658	0.15696	9.809999

1498308311877	-0.16677	0.16677	9.83943

1498308311888	-0.16677	0.13734	9.849239

1498308311898	-0.13734	0.10791	9.829619

1498308311917	-0.10791	0.15696	9.94734

1498308311927	-0.20601	0.23543999	9.868859

1498308311938	-0.16677	0.23543999	9.87867

1498308311947	-0.20601	0.15696	9.80019

1498308311956	-0.11771999	0.1962	9.81981

1498308311966	-0.10791	0.10791	9.74133

1498308311977	-0.13734	0.16677	9.849239

1498308311988	-0.1962	0.18639	9.78057

1498308312000	-0.12753	0.18639	9.77076

1498308312007	-0.17658	0.15696	9.85905

1498308312016	-0.18639	0.12753	9.80019

1498308312027	-0.11771999	0.13734	9.76095

1498308312038	-0.10791	0.21582	9.829619

1498308312047	-0.18639	0.13734	9.92772

1498308312057	-0.10791	0.16677	9.79038

1498308312067	-0.11771999	0.20601	9.809999

1498308312077	-0.0981	0.16677	9.80019

1498308312101	-0.12753	0.15696	9.87867

1498308312109	-0.16677	0.18639	9.83943

1498308312110	-0.14715	0.15696	9.93753

1498308312118	-0.0981	0.12753	9.89829

1498308312140	-0.14715	0.1962	9.87867

1498308312145	-0.14715	0.18639	9.829619

1498308312148	-0.20601	0.21582	9.75114

1498308312158	-0.15696	0.18639	9.76095

1498308312168	-0.0981	0.20601	9.9571495

1498308312178	-0.0981	0.20601	9.78057

1498308312190	-0.12753	0.21582	9.78057

1498308312200	-0.0981	0.10791	9.81981

1498308312209	-0.0981	0.13734	9.96696

1498308312220	-0.12753	0.10791	9.85905

1498308312230	-0.15696	0.10791	9.81981

1498308312241	-0.13734	0.13734	9.849239

1498308312250	-0.12753	0.17658	9.77076

1498308312260	-0.24524999	0.16677	9.92772

1498308312270	-0.13734	0.18639	9.74133

1498308312280	-0.16677	0.18639	9.829619

1498308312292	-0.17658	0.20601	9.77076

1498308312312	-0.17658	0.20601	9.77076

1498308312314	-0.08829	0.20601	9.868859

1498308312322	-0.24524999	0.23543999	9.85905

1498308312332	-0.15696	0.18639	9.81981

1498308312347	-0.14715	0.10791	9.85905

1498308312352	-0.11771999	0.15696	9.83943

1498308312361	-0.13734	0.18639	9.78057

1498308312371	-0.13734	0.17658	9.85905

1498308312382	-0.13734	0.22563	9.79038

1498308312393	-0.20601	0.18639	9.75114

1498308312404	-0.12753	0.13734	9.81981

1498308312422	-0.16677	0.15696	9.96696

1498308312432	-0.0981	0.11771999	9.80019

1498308312444	-0.0981	0.20601	9.809999

1498308312452	-0.13734	0.17658	9.81981

1498308312462	-0.1962	0.24524999	9.79038

1498308312472	-0.15696	0.16677	9.809999

1498308312483	-0.10791	0.27468	9.79038

1498308312494	-0.0981	0.17658	9.79038

1498308312505	-0.12753	0.12753	9.79038

1498308312517	-0.12753	0.14715	9.829619

1498308312524	-0.16677	0.18639	9.849239

1498308312537	-0.17658	0.12753	9.849239

1498308312546	-0.11771999	0.23543999	9.79038

1498308312554	-0.18639	0.15696	9.809999

1498308312568	-0.17658	0.15696	9.85905

1498308312574	-0.20601	0.17658	9.81981

1498308312584	-0.12753	0.1962	9.74133

1498308312596	-0.18639	0.17658	9.78057

1498308312606	-0.14715	0.12753	9.809999

1498308312624	-0.15696	0.1962	9.85905

1498308312634	-0.24524999	0.12753	9.88848

1498308312646	-0.0981	0.21582	9.75114

1498308312654	-0.10791	0.18639	9.83943

1498308312665	-0.16677	0.20601	9.83943

1498308312675	-0.12753	0.11771999	9.88848

1498308312685	-0.10791	0.17658	9.79038

1498308312696	-0.13734	0.16677	9.81981

1498308312707	-0.23543999	0.21582	9.75114

1498308312725	-0.11771999	0.21582	9.85905

1498308312746	-0.0981	0.1962	9.83943

1498308312750	-0.08829	0.20601	9.76095

1498308312755	-0.10791	0.16677	9.868859

1498308312766	-0.08829	0.21582	9.809999

1498308312788	-0.16677	0.17658	9.809999

1498308312789	-0.20601	0.15696	9.868859

1498308312797	-0.16677	0.21582	9.81981

1498308312808	-0.16677	0.11771999	9.85905

1498308312826	-0.10791	0.16677	9.83943

1498308312836	-0.14715	0.17658	9.96696

1498308312848	-0.07848	0.16677	9.829619

1498308312856	-0.13734	0.21582	9.74133

1498308312866	-0.18639	0.14715	9.79038

1498308312877	-0.18639	0.22563	9.829619

1498308312887	-0.17658	0.11771999	9.81981

1498308312898	-0.15696	0.10791	9.78057

1498308312908	-0.1962	0.15696	9.81981

1498308312927	-0.17658	0.17658	9.88848

1498308312937	-0.0981	0.16677	9.809999

1498308312948	-0.15696	0.1962	9.849239

1498308312957	-0.14715	0.20601	9.87867

1498308312967	-0.18639	0.18639	9.89829

1498308312978	-0.0981	0.16677	9.83943

1498308312999	-0.16677	0.18639	9.81981

1498308313004	-0.06867	0.22563	9.9081

1498308313010	-0.10791	0.14715	9.868859

1498308313028	-0.18639	0.1962	9.9081

1498308313038	-0.15696	0.14715	9.85905

1498308313050	-0.15696	0.15696	9.9081

1498308313058	-0.27468	0.21582	9.80019

1498308313067	-0.1962	0.14715	9.85905

1498308313078	-0.12753	0.14715	9.829619

1498308313088	-0.10791	0.15696	9.76095

1498308313099	-0.17658	0.17658	9.83943

1498308313109	-0.13734	0.0981	9.77076

1498308313128	-0.10791	0.16677	9.829619

1498308313138	-0.11771999	0.12753	9.94734

1498308313149	-0.17658	0.16677	9.829619

1498308313158	-0.12753	0.22563	9.809999

1498308313168	-0.15696	0.12753	9.849239

1498308313177	-0.0981	0.21582	9.80019

1498308313191	-0.12753	0.23543999	9.87867

1498308313199	-0.16677	0.1962	9.78057

1498308313209	-0.13734	0.17658	9.83943

1498308313238	-0.12753	0.22563	10.02582

1498308313239	-0.13734	0.15696	9.96696

1498308313249	-0.0981	0.17658	9.83943

1498308313258	-0.13734	0.10791	9.81981

1498308313268	-0.24524999	0.12753	9.80019

1498308313278	-0.15696	0.21582	9.849239

1498308313288	-0.11771999	0.14715	9.83943

1498308313300	-0.11771999	0.16677	9.809999

1498308313310	-0.11771999	0.16677	9.809999

1498308313319	-0.14715	0.17658	9.92772

1498308313329	-0.13734	0.1962	9.83943

1498308313340	-0.14715	0.18639	9.829619

1498308313351	-0.15696	0.15696	9.87867

1498308313360	-0.1962	0.10791	9.74133

1498308313370	-0.14715	0.18639	9.88848

1498308313380	-0.16677	0.18639	9.829619

1498308313390	-0.08829	0.14715	9.78057

1498308313408	-0.10791	0.10791	9.72171

1498308313412	-0.12753	0.1962	9.849239

1498308313421	-0.0981	0.0981	9.85905

1498308313432	-0.08829	0.1962	9.849239

1498308313441	-0.13734	0.17658	9.74133

1498308313452	-0.14715	0.17658	9.79038

1498308313461	-0.13734	0.1962	9.77076

1498308313471	-0.0981	0.23543999	9.73152

1498308313481	-0.07848	0.16677	9.79038

1498308313491	-0.14715	0.16677	9.868859

1498308313503	-0.18639	0.14715	9.849239

1498308313513	-0.1962	0.18639	9.75114

1498308313522	-0.08829	0.15696	9.976769

1498308313532	-0.14715	0.14715	9.868859

1498308313543	-0.0981	0.16677	9.80019

1498308313554	-0.13734	0.12753	9.829619

1498308313563	-0.08829	0.20601	9.9081

1498308313573	-0.1962	0.23543999	9.78057

1498308313583	-0.12753	0.16677	9.73152

1498308313594	-0.11771999	0.0981	9.78057

1498308313605	-0.18639	0.23543999	9.87867

1498308313615	-0.13734	0.12753	9.79038

1498308313634	-0.10791	0.16677	9.80019

1498308313644	-0.13734	0.17658	9.85905

1498308313677	-0.14715	0.12753	9.80019

1498308313678	-0.16677	0.1962	9.92772

1498308313679	-0.11771999	0.13734	9.75114

1498308313684	-0.11771999	0.22563	9.85905

1498308313694	-0.21582	0.08829	9.75114

1498308313706	-0.12753	0.12753	9.80019

1498308313716	-0.10791	0.24524999	9.80019

1498308313725	-0.0981	0.1962	9.93753

1498308313735	-0.0981	0.12753	9.81981

1498308313744	-0.16677	0.14715	9.829619

1498308313756	-0.12753	0.14715	9.829619

1498308313765	-0.22563	0.15696	9.809999

1498308313775	-0.0981	0.25506	9.73152

1498308313785	-0.13734	0.17658	9.868859

1498308313795	-0.14715	0.15696	9.85905

1498308313806	-0.13734	0.18639	9.7119

1498308313816	-0.16677	0.20601	9.80019

1498308313825	-0.11771999	0.18639	9.92772

1498308313835	-0.11771999	0.16677	9.89829

1498308313849	-0.08829	0.17658	9.83943

1498308313857	-0.13734	0.21582	9.829619

1498308313866	-0.10791	0.15696	9.87867

1498308313890	-0.13734	0.16677	9.83943

1498308313891	-0.14715	0.18639	9.829619

1498308313896	-0.26487	0.14715	9.829619

1498308313908	-0.14715	0.17658	9.83943

1498308313918	-0.11771999	0.16677	9.72171

1498308313927	-0.14715	0.22563	9.91791

1498308313937	-0.058859996	0.20601	9.9571495

1498308313946	-0.12753	0.18639	9.85905

1498308313958	-0.07848	0.14715	9.81981

1498308313967	-0.21582	0.10791	9.75114

1498308313977	-0.1962	0.18639	9.80019

1498308313987	-0.14715	0.20601	9.85905

1498308313997	-0.17658	0.1962	9.80019

1498308314008	-0.12753	0.16677	9.79038

