1495916147738	0.014122035	0.1384226	0.026112443

1495916147741	0.0075939246	0.12323475	0.033706367

1495916147744	0.002131628	0.117772445	0.043565147

1495916147799	-0.001065814	0.10031974	0.043565147

1495916147876	-0.003197442	0.08939515	0.045696776

1495916147889	-0.0075939246	0.07953637	0.043565147

1495916147891	-0.019584332	0.067545965	0.044630963

1495916147898	-0.023980815	0.042499334	0.044630963

1495916147905	-0.026112443	0.027178258	0.04143352

1495916147939	-0.026112443	0.020650147	0.04023448

1495916147947	-0.016253663	0.014122035	0.032640554

1495916147952	-0.019584332	0.015187849	0.03157474

1495916147954	-0.014122035	0.017452704	0.023980815

1495916147956	-0.00532907	0.013056221	0.018518519

1495916147971	0.001065814	0.009725553	0.018518519

1495916147998	0.016253663	0.014122035	0.023980815

1495916148003	0.013056221	0.02824407	0.009725553

1495916148005	-0.0065281107	0.04023448	0.009725553

1495916148008	-0.015187849	0.05009326	0.00532907

1495916148055	-0.023980815	0.054489743	0.002131628

1495916148057	-0.017452704	0.057687182	-0.003197442

1495916148060	-0.017452704	0.06434852	-0.008659739

1495916148091	-0.018518519	0.07194245	0.2769784

1495916148098	-0.019584332	0.077404745	0.001065814

1495916148104	-0.02504663	0.087263525	0.0065281107

1495916148106	-0.030508926	0.09485745	0.0119904075

1495916148109	-0.039168663	0.08606448	0.014122035

1495916148131	-0.033706367	0.08939515	0.014122035

1495916148153	-0.033706367	0.08939515	0.008659739

1495916148156	-0.030508926	0.08832934	0.004263256

1495916148158	-0.03157474	0.087263525	0.0

1495916148161	-0.02824407	0.08606448	-0.008659739

1495916148178	-0.02504663	0.08286704	-0.00532907

1495916148189	-0.021715961	0.08939515	-0.00532907

1495916148206	-0.014122035	0.08832934	-0.002131628

1495916148209	-0.016253663	0.08180123	-0.004263256

1495916148210	-0.010791367	0.083932854	0.0

1495916148212	-0.0065281107	0.093791634	0.0075939246

1495916148213	-0.002131628	0.09698907	0.014122035

1495916148226	-0.004263256	0.10351719	0.023980815

1495916148271	-0.004263256	0.09592326	0.022781774

1495916148327	-0.0075939246	0.093791634	0.026112443

1495916148393	-0.004263256	0.098054886	0.02504663

1495916148395	0.002131628	0.08939515	0.02824407

1495916148483	0.001065814	0.087263525	0.03157474

1495916148490	0.00532907	0.080602184	0.030508926

1495916148492	0.008659739	0.077404745	0.02824407

1495916148494	0.008659739	0.074074075	0.021715961

1495916148496	0.008659739	0.07300826	0.022781774

