1494363222669	2.078	9.222	-0.488

1494363222681	2.068	10.611	-0.909

1494363222702	2.269	11.664	-1.005

1494363222703	3.102	11.205	-1.043

1494363222709	4.041	9.941	-0.842

1494363222719	3.984	9.423	0.105

1494363222730	3.419	9.826	0.679

1494363222740	2.786	10.419	0.919

1494363222754	2.346	11.396	0.737

1494363222760	2.231	12.086	0.459

1494363222771	2.193	12.143	0.143

1494363222781	2.02	12.134	0.086

1494363222792	2.288	11.856	-0.651

1494363222811	0.354	10.41	-1.264

1494363222822	-0.249	9.644	0.957

1494363222834	0.028	9.318	2.796

1494363222865	-1.225	10.458	3.189

1494363222868	-4.079	19.364	-0.105

1494363222872	-6.119	19.614	-4.089

1494363222885	-5.966	19.614	-3.869

1494363222892	-3.505	19.068	-1.101

1494363222906	-2.116	17.267	-2.068

1494363222909	0.517	17.21	-2.748

1494363222930	3.131	17.152	-1.359

1494363222931	5.114	15.084	0.45

1494363222954	1.216	11.348	3.792

1494363222955	0.43	12.258	4.434

1494363222963	0.727	12.297	2.691

1494363222969	1.896	9.376	2.126

1494363222986	3.093	8.245	-0.881

1494363223002	1.81	4.482	0.641

1494363223004	0.861	3.735	0.536

1494363223010	-0.22	3.419	0.172

1494363223023	-0.469	3.083	1.12

1494363223031	-1.11	3.313	1.57

1494363223055	-1.168	3.486	1.896

1494363223056	-1.091	3.323	1.723

1494363223063	-1.034	2.719	1.522

1494363223070	-0.584	2.624	1.216

1494363223086	-0.727	2.442	0.948

1494363223090	-0.287	2.643	0.747

1494363223104	-0.344	2.308	0.392

1494363223110	-0.067	2.298	0.028

1494363223121	0.076	2.231	-0.335

1494363223129	-0.191	2.068	-0.143

1494363223153	0.488	2.145	-0.019

1494363223155	0.766	2.509	0.584

1494363223160	1.541	3.715	1.024

1494363223170	1.312	5.851	1.704

1494363223188	0.727	7.546	3.428

1494363223190	1.867	11.109	4.491

1494363223200	4.415	17.717	4.817

1494363223212	3.706	19.614	6.292

1494363223219	2.633	19.614	6.962

1494363223229	6.78	19.384	7.087

1494363223239	6.081	14.001	5.861

1494363223249	5.315	8.983	5.267

1494363223260	4.558	6.062	3.878

1494363223270	3.17	3.725	3.802

1494363223286	1.082	2.049	4.166

1494363223311	-0.584	1.283	4.003

1494363223312	-0.201	2.576	3.419

1494363223314	0.383	4.549	2.327

1494363223320	-0.268	7.02	1.771

1494363223330	-0.986	12.392	1.771

1494363223340	-0.861	19.422	-2.039

1494363223351	0.881	19.614	-3.265

1494363223359	0.679	14.911	-0.191

1494363223379	2.375	9.481	-2.633

1494363223381	1.465	6.991	-2.576

1494363223390	0.172	6.167	-2.02

1494363223402	-0.9	5.018	-2.528

1494363223409	-0.469	4.999	-3.687

1494363223420	-1.168	6.301	-2.336

1494363223430	-1.81	6.215	-0.785

1494363223458	-1.877	6.981	-0.095

1494363223459	-2.241	9.088	-0.555

1494363223460	-1.647	11.846	-1.589

1494363223484	-0.067	14.384	-1.944

1494363223486	1.896	17.621	-1.771

1494363223492	2.873	17.516	-2.719

1494363223499	2.767	12.756	-3.208

1494363223511	4.041	8.437	-2.547

1494363223519	3.658	6.847	-1.8

1494363223531	2.777	5.401	-0.842

1494363223546	2.02	4.654	-0.43

1494363223555	1.302	5.411	-0.517

1494363223560	0.507	6.205	-0.651

1494363223571	0.967	7.374	-0.612

1494363223580	-0.775	7.383	-0.727

1494363223591	-1.225	7.632	-1.005

1494363223608	0.517	7.862	0.794

1494363223611	0.411	7.843	0.833

1494363223619	1.235	7.269	1.034

1494363223632	1.599	7.01	1.216

1494363223640	2.164	7.738	1.101

1494363223651	1.455	7.862	0.957

1494363223660	1.8	8.169	0.756

1494363223670	1.925	8.427	0.536

1494363223681	2.48	9.194	0.057

1494363223698	1.666	9.51	-1.091

1494363223700	1.398	10.927	-1.091

1494363223711	1.369	12.067	-1.043

1494363223719	2.231	11.789	-0.794

1494363223731	2.997	10.18	-0.43

1494363223739	2.863	9.816	-0.086

1494363223759	2.49	10.381	0.718

1494363223761	2.509	10.831	0.833

1494363223771	2.25	11.377	0.679

1494363223781	2.317	11.511	0.814

1494363223792	2.537	11.818	0.162

1494363223806	2.442	12.0	-0.488

1494363223811	2.298	12.852	-0.459

1494363223819	1.666	13.398	-1.053

1494363223832	0.612	12.574	-2.595

1494363223840	-0.565	11.348	-2.135

1494363223852	-1.034	9.347	0.641

1494363223873	-3.102	14.183	2.384

1494363223883	-4.568	19.125	2.317

1494363223895	-7.508	19.614	-1.963

1494363223899	-6.531	19.614	-3.811

1494363223942	-4.261	19.614	-3.763

1494363223944	-2.145	18.436	-3.438

1494363223955	0.172	17.028	-2.624

1494363223959	4.846	17.439	-1.225

1494363223960	4.989	15.265	0.909

1494363223961	1.551	11.119	3.668

1494363223970	1.398	11.377	4.319

1494363223991	1.57	10.86	2.729

1494363223992	3.486	9.222	1.015

1494363223999	3.035	6.55	-0.478

1494363224009	2.901	3.792	0.928

1494363224019	1.829	3.035	0.842

1494363224029	0.766	3.553	1.082

1494363224039	-0.191	2.834	1.925

1494363224054	-1.024	2.959	2.183

1494363224060	-1.12	3.131	1.704

1494363224070	-0.9	3.035	1.177

1494363224080	-0.526	2.585	0.996

1494363224099	-0.229	2.317	0.9

1494363224100	-0.612	2.011	0.833

1494363224109	-0.545	1.647	0.545

1494363224119	-0.344	1.321	0.095

1494363224129	-0.134	1.082	-0.268

1494363224139	-0.268	0.775	-0.517

1494363224154	-0.641	1.302	-0.181

1494363224159	-0.191	2.442	0.239

1494363224170	0.747	3.715	1.12

1494363224181	1.934	6.081	1.11

1494363224190	1.58	7.47	2.566

1494363224200	3.198	13.005	4.175

1494363224210	2.499	19.269	6.445

1494363224219	1.072	19.614	7.546

1494363224231	5.669	19.614	7.173

1494363224264	5.947	18.349	5.593

1494363224267	5.458	12.009	3.917

1494363224271	4.692	7.288	2.327

1494363224274	3.706	3.945	2.279

1494363224045	0.89	1.618	2.825

1494363224054	-0.823	0.718	2.509

1494363224080	-0.747	2.02	2.039

1494363224083	-1.79	4.817	2.518

1494363224084	-3.246	13.101	0.718

1494363224086	-1.982	19.614	-2.106

1494363224087	5.286	19.614	-0.909

1494363224089	0.718	19.604	-3.61

1494363224090	3.907	13.091	-3.878

1494363224096	2.346	6.905	-4.328

1494363224105	-0.114	5.2	-2.116

1494363224116	-1.819	5.114	-2.336

1494363224129	-0.689	3.419	-2.604

1494363224152	-2.269	5.602	-1.455

1494363224153	-2.94	5.803	0.019

1494363224159	-2.614	8.226	0.0

1494363224165	-2.001	12.383	-1.819

1494363224174	-1.12	16.08	-3.208

1494363224186	0.44	18.512	-3.677

1494363224195	2.518	19.614	-2.796

1494363224212	2.403	16.501	-3.246

1494363224214	2.604	10.812	-2.547

1494363224225	3.964	7.451	-1.838

1494363224234	4.539	5.382	-1.091

1494363224246	3.486	4.472	-1.187

1494363224254	3.323	4.146	-1.465

1494363224264	3.112	5.344	-1.666

1494363224274	1.733	5.899	-0.996

1494363224284	0.814	6.665	-0.306

1494363224295	1.369	7.431	0.44

1494363224309	-0.114	7.345	0.603

1494363224314	-0.928	7.422	0.718

1494363224324	0.478	7.345	1.455

1494363224334	0.938	6.972	1.963

1494363224344	0.354	7.039	2.011

1494363224359	0.938	7.221	2.221

1494363224364	1.13	7.192	1.551

1494363224374	1.34	6.914	0.181

1494363224384	2.068	7.173	-0.957

1494363224397	2.604	11.463	-0.411

1494363224405	4.06	12.957	0.0

1494363224414	1.886	12.249	-1.455

1494363224430	3.553	10.726	-0.593

1494363224434	2.193	9.854	0.21

1494363224444	1.695	9.95	0.89

1494363224454	1.752	10.554	1.331

1494363224464	2.317	11.483	1.503

1494363224474	2.988	11.751	1.043

1494363224485	3.438	11.703	0.89

1494363224496	3.466	12.0	0.363

1494363224516	3.055	12.143	0.153

1494363224517	2.585	12.402	0.21

1494363224524	1.676	12.325	-0.411

1494363224534	0.555	11.377	-0.9

1494363224544	-0.565	9.385	-1.187

1494363224554	-1.676	8.121	0.086

1494363224569	-1.608	8.006	2.403

1494363224574	-1.857	10.984	2.892

1494363224584	-3.428	16.08	1.551

1494363224595	-4.932	19.575	-1.676

1494363224606	-6.598	19.614	-3.945

1494363224615	-4.434	19.614	-1.848

1494363224624	-2.614	19.614	-0.306

1494363224634	-0.114	19.183	-1.225

1494363224662	2.614	18.752	-1.819

1494363224663	4.118	17.784	2.145

1494363224664	1.177	10.295	4.319

1494363224674	1.79	10.87	4.683

1494363224684	3.055	11.396	1.532

1494363224694	2.097	7.834	0.411

1494363224704	2.193	5.573	0.536

1494363224717	2.432	3.677	-0.047

1494363224724	1.302	3.409	-0.076

1494363224734	0.593	3.122	0.172

1494363224744	-0.507	2.844	1.302

1494363224754	-1.455	3.256	2.049

1494363224764	-1.58	3.15	1.848

1494363224774	-1.388	2.595	1.494

1494363224802	-1.101	2.336	1.58

1494363224804	-1.024	2.26	1.541

1494363224807	-1.197	1.992	1.379

1494363224814	-1.187	1.561	1.13

1494363224824	-0.852	1.225	0.373

1494363224834	-0.268	1.091	-0.517

1494363224844	-0.383	0.794	-1.091

1494363224863	-0.373	0.66	-1.015

1494363224864	0.057	0.986	-0.545

1494363224874	0.469	1.953	-0.019

1494363224884	0.641	2.978	0.498

1494363224896	0.526	5.133	0.996

1494363224905	0.986	8.542	0.996

1494363224921	2.202	10.908	5.248

1494363224924	3.85	19.614	6.167

1494363224934	1.455	19.614	7.326

1494363224944	6.493	19.585	8.37

1494363224954	6.838	15.208	6.32

1494363224965	4.884	9.203	6.483

1494363224974	3.591	5.583	4.386

1494363224993	2.518	3.265	3.275

1494363225002	0.162	1.628	3.016

1494363225009	-1.867	1.024	3.026

1494363225016	-1.58	2.901	2.959

1494363225025	-1.58	7.096	2.719

1494363225035	-3.016	11.971	2.47

1494363225044	-2.825	18.981	-0.344

1494363225064	1.225	19.614	-3.409

1494363225065	0.871	19.614	-1.771

1494363225074	1.034	13.149	-1.637

1494363225084	1.532	5.928	-1.187

1494363225095	1.082	4.702	-1.972

1494363225104	0.249	5.889	-2.451

1494363225114	0.43	6.34	-2.825

1494363225124	0.114	5.439	-4.012

1494363225145	-1.436	6.656	-3.304

1494363225150	-2.183	7.326	-0.019

1494363225155	-2.087	8.6	0.842

1494363225164	-1.494	9.692	-0.316

1494363225175	0.335	15.4	-2.384

1494363225185	1.015	17.028	-1.982

1494363225197	2.26	17.056	-2.25

1494363225216	2.777	9.107	-2.241

1494363225225	2.777	7.316	-1.417

1494363225234	2.145	6.263	-0.852

1494363225249	2.106	5.315	-0.612

1494363225254	2.03	4.913	-1.158

1494363225264	1.628	5.363	-1.704

1494363225274	2.001	6.818	-1.177

1494363225284	0.612	7.412	-1.465

1494363225295	0.861	7.91	-0.593

1494363225309	2.001	8.791	0.162

1494363225314	0.191	8.322	0.067

1494363225324	1.254	8.312	1.398

1494363225334	2.03	8.533	2.087

1494363225344	0.986	8.111	1.896

1494363225355	1.407	7.7	2.106

1494363225383	1.522	7.881	1.608

1494363225384	1.886	8.36	0.996

1494363225385	1.292	7.747	0.459

1494363225395	1.407	7.68	0.622

1494363225404	1.733	8.207	0.66

1494363225414	1.915	9.232	0.325

1494363225424	1.848	10.745	-0.201

1494363225434	1.752	11.157	0.009

1494363225446	3.313	10.63	-0.44

1494363225475	4.348	9.471	0.325

1494363225478	3.735	9.835	0.794

1494363225480	2.882	10.927	1.283

1494363225485	3.074	11.578	0.632

1494363225511	2.442	12.268	0.354

1494363225514	2.221	11.846	0.459

1494363225527	1.896	10.314	-1.235

1494363225534	1.608	9.787	-2.442

1494363225544	-0.335	8.772	-1.503

1494363225564	-0.871	9.596	0.498

1494363225565	-1.063	11.444	1.8

1494363225574	-1.81	14.375	1.733

1494363225584	-4.022	18.1	-0.019

1494363225594	-6.033	19.614	-1.953

1494363225605	-7.977	19.614	-3.601

1494363225614	-7.613	19.614	-3.304

1494363225625	-6.646	19.556	0.498

1494363225652	-4.501	19.039	0.555

1494363225653	-2.212	18.407	-1.925

1494363225654	0.842	17.305	-3.122

1494363225664	4.089	14.672	-0.766

1494363225674	3.294	12.162	1.149

1494363225684	1.446	11.339	4.233

1494363225695	1.848	10.41	2.652

1494363225704	2.116	10.41	0.201

1494363225715	1.896	5.64	0.785

1494363225724	1.561	3.85	0.469

1494363225734	0.756	3.476	0.181

1494363225745	0.172	3.227	0.67

1494363225781	-0.517	3.15	1.206

1494363225785	-0.881	3.447	1.618

1494363225788	-1.024	3.093	1.925

1494363225790	-1.034	2.48	1.637

1494363225800	-1.13	2.279	1.58

1494363225804	-0.986	2.078	1.608

1494363225814	-0.967	1.465	1.331

1494363225826	-1.015	0.986	1.139

1494363225834	-0.957	0.679	0.823

1494363225844	-1.101	0.603	0.43

1494363225863	-1.292	0.354	0.469

1494363225864	-0.9	0.095	0.67

1494363225874	-0.459	0.095	1.005

1494363225884	0.689	1.235	1.388

1494363225894	1.666	2.451	1.264

1494363225904	1.733	4.415	1.168

1494363225914	1.963	8.226	0.67

1494363225938	1.618	10.726	2.269

1494363225940	4.644	17.439	2.154

1494363225944	6.11	19.614	5.506

1494363225955	5.305	19.614	8.265

1494363225964	6.972	19.527	7.508

1494363225975	3.332	6.962	8.322

1494363225984	1.637	4.108	6.282

1494363225995	0.21	3.064	3.189

1494363226014	-1.752	4.376	1.915

1494363226015	-3.533	8.322	2.892

1494363226024	-4.893	14.911	3.869

1494363226035	-6.11	19.614	0.766

1494363226045	-1.168	19.614	-2.106

1494363226056	1.359	18.119	-2.375

1494363226065	4.635	6.004	-2.499

1494363226092	2.585	-0.028	-1.043

1494363226096	-1.187	1.953	-0.498

1494363226103	0.095	6.32	-1.149

1494363226106	-0.067	5.746	-2.863

1494363226114	1.091	4.759	-4.185

1494363226124	0.402	6.119	-3.687

1494363226153	-1.733	7.115	-1.819

1494363226155	-2.193	9.385	-0.842

1494363226157	-0.833	13.264	-0.804

1494363226165	0.392	15.572	-1.79

1494363226174	1.81	17.047	-2.126

1494363226184	2.212	18.206	-1.685

1494363226199	2.106	16.338	-1.388

1494363226208	2.298	9.749	-0.392

1494363226255	1.541	8.15	0.229

1494363226257	0.871	6.234	-0.105

1494363226258	0.89	5.478	-0.737

1494363226259	0.833	5.248	-1.446

1494363226264	0.545	6.071	-2.03

1494363226275	0.814	7.067	-1.57

1494363226284	0.699	7.613	-1.388

1494363226295	1.101	8.466	-0.536

1494363226310	0.44	8.782	-0.038

1494363226314	0.526	8.715	0.392

1494363226324	1.063	8.676	1.321

1494363226334	0.306	7.977	1.235

1494363226345	0.536	7.479	1.388

1494363226354	0.574	7.134	0.823

1494363226364	0.699	7.048	0.239

1494363226380	0.536	7.249	-0.028

1494363226384	0.967	7.719	0.086

1494363226396	0.239	7.632	-0.172

1494363226404	1.13	8.514	0.316

1494363226421	1.551	9.816	0.172

1494363226424	1.359	11.387	-0.181

