1496005250637	0.057	-0.076	9.557

1496005250639	0.067	-0.095	9.538

1496005250649	0.105	-0.067	9.577

1496005250661	0.086	-0.019	9.557

1496005250672	0.076	-0.009	9.596

1496005250678	0.067	-0.009	9.529

1496005250689	0.086	-0.057	9.577

1496005250699	0.009	-0.009	9.577

1496005250709	0.076	-0.057	9.538

1496005250721	0.047	-0.067	9.529

1496005250732	0.057	-0.086	9.538

1496005250740	0.067	-0.086	9.586

1496005250749	0.038	-0.086	9.548

1496005250761	0.095	-0.076	9.557

1496005250769	0.038	-0.047	9.519

1496005250779	0.028	-0.067	9.567

1496005250793	0.028	-0.038	9.557

1496005250799	0.057	-0.038	9.577

1496005250809	0.076	-0.047	9.557

1496005250820	0.019	-0.019	9.529

1496005250829	0.038	-0.038	9.548

1496005250841	0.028	-0.009	9.529

1496005250849	0.067	-0.038	9.557

1496005250867	0.028	-0.047	9.519

1496005250870	0.047	-0.038	9.529

1496005250879	0.067	-0.038	9.615

1496005250891	0.067	-0.076	9.529

1496005250899	0.0	-0.047	9.548

1496005250909	0.047	-0.057	9.548

1496005250919	0.067	-0.047	9.605

1496005250929	0.047	-0.038	9.586

1496005250942	0.076	-0.047	9.577

1496005250949	0.067	-0.067	9.577

1496005250961	0.067	-0.076	9.548

1496005250979	0.076	-0.067	9.567

1496005250993	0.047	-0.047	9.538

1496005251000	0.038	-0.047	9.529

1496005251009	0.047	-0.047	9.567

1496005251019	0.076	-0.057	9.538

1496005251029	0.028	-0.038	9.519

1496005251042	0.047	-0.047	9.529

1496005251049	0.057	-0.067	9.557

1496005251061	0.028	-0.047	9.577

1496005251070	0.047	-0.047	9.557

1496005251079	0.047	-0.076	9.529

1496005251093	0.067	-0.047	9.577

1496005251099	0.067	-0.057	9.519

1496005251109	0.076	-0.047	9.577

1496005251119	0.076	-0.057	9.596

1496005251129	0.067	-0.047	9.5

1496005251141	0.086	-0.057	9.557

1496005251149	0.086	-0.057	9.577

1496005251160	0.057	-0.047	9.625

1496005251169	0.076	-0.057	9.567

1496005251179	0.067	-0.047	9.567

1496005251191	0.057	-0.047	9.557

1496005251199	0.047	-0.057	9.548

1496005251212	0.067	-0.028	9.51

1496005251219	-0.009	-0.019	9.586

1496005251229	0.009	-0.028	9.481

1496005251241	0.038	-0.047	9.548

1496005251249	0.019	-0.028	9.538

1496005251260	0.047	-0.028	9.519

1496005251269	0.047	-0.057	9.51

1496005251279	0.028	-0.038	9.519

1496005251291	0.076	-0.067	9.567

1496005251299	0.095	-0.086	9.567

1496005251309	0.086	-0.067	9.596

1496005251319	0.076	-0.076	9.567

1496005251329	0.047	-0.076	9.567

1496005251341	0.047	-0.047	9.577

1496005251349	0.086	-0.067	9.548

1496005251359	0.076	-0.067	9.577

1496005251369	0.047	-0.047	9.586

1496005251379	0.019	-0.047	9.519

1496005251393	0.028	-0.047	9.538

1496005251399	0.047	-0.047	9.548

1496005251409	0.0	-0.047	9.51

1496005251419	0.009	-0.019	9.538

1496005251429	0.019	-0.028	9.5

1496005251441	0.019	-0.019	9.538

1496005251449	0.038	-0.057	9.557

1496005251461	0.057	-0.009	9.529

1496005251469	0.038	-0.028	9.586

1496005251479	0.086	-0.028	9.557

1496005251492	0.047	-0.009	9.557

1496005251500	0.076	-0.057	9.538

1496005251510	0.028	-0.028	9.519

1496005251519	0.057	-0.047	9.519

1496005251529	0.019	-0.047	9.519

1496005251542	0.038	-0.038	9.538

1496005251549	0.028	-0.038	9.538

1496005251561	0.028	-0.057	9.529

1496005251583	0.067	-0.057	9.586

1496005251591	0.076	-0.047	9.529

1496005251607	0.038	-0.038	9.538

1496005251625	0.019	-0.019	9.529

1496005251629	0.047	-0.009	9.538

1496005251641	0.057	-0.038	9.529

1496005251649	0.028	-0.019	9.567

1496005251659	0.038	-0.028	9.586

1496005251669	0.038	-0.038	9.548

1496005251679	0.057	-0.057	9.548

1496005251703	0.067	-0.067	9.538

1496005251715	0.076	-0.057	9.548

1496005251720	0.086	-0.057	9.557

1496005251732	0.086	-0.076	9.557

1496005251741	0.067	-0.057	9.577

1496005251749	0.028	-0.047	9.548

1496005251760	0.057	-0.067	9.586

1496005251769	0.019	-0.038	9.519

1496005251791	0.038	-0.067	9.557

1496005251799	0.038	-0.067	9.548

1496005251809	0.047	-0.067	9.567

1496005251819	0.047	-0.057	9.557

1496005251829	0.076	-0.076	9.577

1496005251841	0.105	-0.076	9.557

1496005251849	0.076	-0.067	9.557

1496005251861	0.105	-0.067	9.615

1496005251869	0.095	-0.067	9.567

1496005251879	0.047	-0.028	9.577

1496005251891	0.114	-0.057	9.567

1496005251900	0.047	-0.028	9.557

1496005251909	0.067	-0.028	9.605

1496005251919	0.028	-0.019	9.538

1496005251929	0.009	-0.019	9.548

1496005251947	0.047	-0.038	9.567

1496005251949	0.028	-0.047	9.529

1496005251960	0.028	-0.067	9.577

1496005251975	0.028	-0.057	9.529

1496005251979	0.038	-0.047	9.529

1496005251993	0.038	-0.038	9.567

1496005251999	0.038	-0.038	9.538

1496005252009	0.067	-0.057	9.548

1496005252019	0.086	-0.057	9.529

1496005252029	0.057	-0.047	9.557

1496005252042	0.076	-0.047	9.529

1496005252049	0.076	-0.047	9.567

1496005252062	0.047	-0.038	9.51

1496005252069	0.057	-0.028	9.577

1496005252079	0.057	-0.028	9.538

1496005252091	0.038	-0.057	9.529

1496005252099	0.019	-0.057	9.519

1496005252109	0.057	-0.057	9.548

1496005252119	0.028	-0.028	9.519

1496005252129	0.028	-0.047	9.538

1496005252141	0.047	-0.057	9.529

1496005252152	0.0	-0.009	9.519

1496005252159	0.028	-0.028	9.49

1496005252173	0.038	-0.038	9.538

1496005252192	0.057	-0.038	9.529

1496005252199	0.057	-0.047	9.529

1496005252209	0.057	-0.028	9.538

1496005252219	0.047	-0.047	9.567

1496005252230	0.076	-0.047	9.548

1496005252245	0.067	-0.038	9.577

1496005252249	0.086	-0.047	9.567

1496005252260	0.076	-0.057	9.548

1496005252271	0.038	-0.047	9.51

1496005252279	0.019	-0.038	9.519

1496005252291	0.047	-0.047	9.548

1496005252299	0.028	-0.028	9.548

1496005252309	0.038	-0.057	9.557

1496005252319	0.019	-0.047	9.519

1496005252329	0.047	-0.057	9.577

1496005252341	0.038	-0.019	9.577

1496005252349	0.057	-0.038	9.577

1496005252359	0.057	-0.057	9.557

1496005252370	0.086	-0.057	9.567

1496005252379	0.086	-0.047	9.605

1496005252391	0.076	-0.057	9.577

1496005252399	0.076	-0.057	9.548

1496005252409	0.086	-0.057	9.577

1496005252421	0.076	-0.076	9.596

1496005252429	0.047	-0.047	9.529

1496005252441	0.057	-0.047	9.577

1496005252449	0.086	-0.057	9.567

1496005252459	0.067	-0.057	9.586

1496005252469	0.067	-0.057	9.605

1496005252479	0.076	-0.067	9.586

1496005252491	0.019	-0.028	9.567

1496005252500	0.038	-0.019	9.567

1496005252509	0.038	-0.038	9.557

1496005252519	0.076	-0.057	9.605

1496005252530	0.047	-0.047	9.577

1496005252552	0.067	-0.067	9.538

1496005252561	0.067	-0.067	9.567

1496005252572	0.086	-0.067	9.567

1496005252581	0.067	-0.067	9.548

1496005252590	0.076	-0.057	9.596

1496005252600	0.057	-0.057	9.605

1496005252609	0.086	-0.076	9.577

1496005252619	0.047	-0.067	9.605

1496005252631	0.047	-0.028	9.557

1496005252641	0.067	-0.067	9.548

1496005252649	0.057	-0.047	9.586

1496005252659	0.047	-0.047	9.557

1496005252670	0.057	-0.047	9.596

1496005252679	0.076	-0.057	9.538

1496005252691	0.057	-0.047	9.548

1496005252701	0.047	-0.038	9.557

1496005252709	0.076	-0.067	9.577

1496005252719	0.067	-0.038	9.586

1496005252729	0.038	-0.038	9.538

1496005252741	0.047	-0.038	9.519

1496005252749	0.086	-0.076	9.557

1496005252759	0.086	-0.038	9.596

1496005252769	0.067	-0.067	9.567

1496005252779	0.095	-0.067	9.605

1496005252791	0.076	-0.067	9.577

1496005252799	0.076	-0.067	9.615

1496005252811	0.086	-0.095	9.548

1496005252820	0.047	-0.057	9.557

1496005252829	0.038	-0.067	9.548

1496005252843	0.038	-0.047	9.548

1496005252849	0.038	-0.038	9.548

1496005252870	0.047	-0.047	9.577

1496005252879	0.076	-0.038	9.567

1496005252892	0.057	-0.047	9.548

1496005252899	0.038	-0.038	9.557

1496005252909	0.028	-0.038	9.557

1496005252919	0.067	-0.057	9.567

1496005252929	0.038	-0.047	9.538

1496005252941	0.076	-0.038	9.548

1496005252949	0.057	-0.067	9.577

1496005252959	0.067	-0.057	9.567

1496005252971	0.095	-0.086	9.567

1496005252979	0.038	-0.067	9.548

1496005252994	0.038	-0.057	9.538

1496005252999	0.067	-0.057	9.567

1496005253009	0.047	-0.038	9.596

1496005253022	0.038	-0.047	9.538

1496005253041	0.028	-0.038	9.538

1496005253049	0.038	-0.057	9.538

1496005253059	0.019	-0.028	9.519

1496005253069	0.057	-0.038	9.529

1496005253079	0.038	-0.047	9.538

1496005253092	0.067	-0.038	9.548

1496005253099	0.067	-0.057	9.557

1496005253109	0.057	-0.057	9.548

1496005253119	0.019	-0.057	9.538

1496005253129	0.047	-0.038	9.519

1496005253143	0.038	-0.057	9.538

1496005253150	0.047	-0.047	9.529

1496005253159	0.076	-0.076	9.557

1496005253177	0.047	-0.086	9.519

1496005253180	0.047	-0.057	9.567

1496005253193	0.067	-0.076	9.567

1496005253199	0.057	-0.086	9.548

1496005253209	0.057	-0.067	9.586

1496005253219	0.086	-0.086	9.548

1496005253229	0.086	-0.067	9.557

1496005253241	0.038	-0.038	9.538

1496005253250	0.038	0.0	9.529

1496005253263	0.047	-0.009	9.548

1496005253271	0.019	0.0	9.519

1496005253279	0.028	0.0	9.538

1496005253291	0.009	-0.009	9.529

1496005253299	-0.019	-0.038	9.519

1496005253309	0.047	-0.057	9.548

1496005253319	0.047	-0.076	9.567

1496005253329	0.038	-0.057	9.529

1496005253341	0.067	-0.086	9.577

1496005253349	0.047	-0.076	9.538

1496005253361	0.067	-0.076	9.519

1496005253370	0.095	-0.067	9.548

1496005253379	0.076	-0.057	9.548

1496005253393	0.086	-0.038	9.577

1496005253399	0.067	-0.019	9.538

1496005253409	0.067	-0.028	9.557

1496005253419	0.076	-0.028	9.557

1496005253430	0.057	-0.047	9.577

1496005253442	0.047	-0.057	9.538

1496005253449	0.028	-0.047	9.519

1496005253459	0.067	-0.057	9.577

1496005253470	0.028	-0.038	9.586

1496005253479	0.028	-0.057	9.529

1496005253491	0.019	-0.028	9.567

1496005253499	0.047	-0.028	9.567

1496005253509	0.009	-0.009	9.557

1496005253520	0.038	-0.009	9.529

1496005253529	0.067	-0.038	9.557

1496005253547	0.067	-0.047	9.548

1496005253550	0.086	-0.067	9.548

1496005253560	0.124	-0.076	9.586

1496005253571	0.086	-0.057	9.557

1496005253580	0.095	-0.057	9.548

1496005253591	0.057	-0.047	9.586

1496005253599	0.076	-0.067	9.519

1496005253609	0.028	-0.067	9.548

1496005253619	0.019	-0.028	9.557

1496005253629	0.0	-0.028	9.51

1496005253642	0.038	-0.047	9.538

1496005253649	0.019	-0.057	9.557

1496005253659	0.028	-0.028	9.557

1496005253669	0.019	-0.047	9.519

1496005253679	0.057	-0.028	9.538

1496005253693	0.057	-0.019	9.577

1496005253700	0.067	-0.028	9.586

1496005253709	0.038	-0.009	9.538

1496005253720	0.095	-0.028	9.577

1496005253736	0.076	-0.019	9.586

1496005253741	0.095	-0.057	9.586

1496005253749	0.076	-0.047	9.634

1496005253759	0.067	-0.047	9.586

1496005253770	0.067	-0.047	9.567

1496005253779	0.057	-0.086	9.596

1496005253791	0.057	-0.086	9.586

1496005253799	0.057	-0.067	9.548

1496005253812	0.019	-0.067	9.567

1496005253820	0.095	-0.076	9.557

1496005253829	0.038	-0.067	9.548

1496005253842	0.038	-0.038	9.548

1496005253850	0.047	-0.038	9.548

1496005253859	0.047	-0.047	9.538

1496005253870	0.067	-0.028	9.577

1496005253880	0.067	-0.038	9.605

1496005253892	0.086	-0.047	9.596

1496005253900	0.067	-0.038	9.586

1496005253910	0.086	-0.047	9.567

1496005253919	0.047	-0.038	9.567

1496005253929	0.047	-0.038	9.557

1496005253941	0.076	-0.067	9.557

1496005253949	0.047	-0.067	9.557

1496005253959	0.019	-0.047	9.51

1496005253969	0.028	-0.038	9.548

1496005253979	-0.009	-0.028	9.529

1496005254003	0.019	-0.038	9.519

1496005254004	0.009	-0.028	9.548

1496005254010	0.038	-0.047	9.538

1496005254019	0.047	-0.047	9.567

1496005254029	0.067	-0.038	9.586

1496005254041	0.105	-0.067	9.625

1496005254050	0.114	-0.076	9.577

1496005254060	0.086	-0.076	9.586

1496005254070	0.114	-0.067	9.605

1496005254079	0.076	-0.076	9.596

1496005254095	0.095	-0.095	9.605

1496005254100	0.038	-0.047	9.51

1496005254109	0.047	-0.038	9.529

1496005254119	0.009	-0.038	9.548

1496005254129	0.019	-0.047	9.519

1496005254142	0.009	-0.009	9.519

1496005254149	-0.009	-0.019	9.548

1496005254159	-0.009	-0.028	9.529

1496005254172	0.057	-0.047	9.567

1496005254181	0.028	-0.019	9.557

1496005254191	0.086	-0.057	9.567

1496005254199	0.105	-0.047	9.596

1496005254209	0.086	-0.095	9.567

1496005254219	0.105	-0.076	9.586

1496005254229	0.105	-0.086	9.567

1496005254241	0.076	-0.057	9.625

1496005254249	0.086	-0.057	9.577

1496005254259	0.076	-0.057	9.586

1496005254271	0.038	-0.047	9.557

1496005254280	0.038	-0.057	9.586

1496005254293	0.057	-0.038	9.596

1496005254299	0.0	-0.038	9.519

1496005254309	0.009	-0.028	9.548

1496005254319	-0.009	-0.009	9.481

1496005254329	0.019	-0.038	9.538

1496005254341	0.0	-0.009	9.548

1496005254349	0.028	-0.028	9.538

1496005254362	0.028	-0.009	9.548

1496005254371	0.028	0.0	9.586

1496005254379	0.067	-0.028	9.529

1496005254391	0.038	-0.038	9.538

1496005254399	0.076	-0.057	9.596

1496005254409	0.038	-0.057	9.529

1496005254419	0.086	-0.067	9.519

1496005254429	0.067	-0.067	9.596

1496005254441	0.095	-0.114	9.567

1496005254450	0.086	-0.105	9.557

1496005254459	0.086	-0.086	9.567

1496005254471	0.028	-0.076	9.519

1496005254479	0.076	-0.076	9.577

1496005254492	0.076	-0.067	9.557

1496005254499	0.086	-0.038	9.519

1496005254509	0.057	-0.028	9.538

1496005254519	0.095	-0.047	9.557

1496005254529	0.105	-0.047	9.557

1496005254542	0.086	-0.047	9.586

1496005254549	0.086	-0.019	9.577

1496005254559	0.028	-0.019	9.538

1496005254569	0.028	0.028	9.586

1496005254579	-0.028	0.047	9.5

1496005254593	0.0	-0.009	9.567

1496005254600	-0.047	0.019	9.538

1496005254609	-0.019	0.009	9.548

1496005254623	-0.009	-0.028	9.51

1496005254630	0.038	-0.076	9.567

1496005254643	0.047	-0.114	9.538

1496005254649	0.067	-0.105	9.538

1496005254659	0.114	-0.153	9.605

1496005254670	0.143	-0.153	9.577

1496005254679	0.124	-0.143	9.577

1496005254691	0.153	-0.134	9.586

1496005254699	0.124	-0.095	9.586

1496005254709	0.095	-0.067	9.596

1496005254720	0.057	0.009	9.596

1496005254729	0.038	0.019	9.557

1496005254741	0.038	0.028	9.596

1496005254749	-0.019	0.047	9.529

1496005254759	0.009	0.0	9.557

1496005254770	-0.019	0.028	9.538

1496005254779	0.028	0.0	9.538

1496005254791	0.0	-0.028	9.548

1496005254799	0.009	-0.057	9.548

1496005254809	0.067	-0.105	9.557

1496005254820	0.105	-0.095	9.615

1496005254829	0.095	-0.105	9.596

1496005254841	0.105	-0.114	9.605

1496005254849	0.086	-0.095	9.538

1496005254859	0.095	-0.095	9.596

1496005254869	0.105	-0.076	9.586

1496005254879	0.124	-0.105	9.567

1496005254893	0.076	-0.057	9.548

1496005254902	0.067	-0.009	9.586

1496005254915	0.0	-0.009	9.548

1496005254919	-0.019	0.009	9.519

1496005254929	0.0	0.009	9.51

1496005254941	0.019	-0.019	9.529

1496005254949	0.019	-0.028	9.529

1496005254959	0.028	-0.067	9.557

1496005254970	0.047	-0.067	9.529

1496005254980	0.057	-0.086	9.557

1496005254995	0.086	-0.076	9.577

1496005254999	0.095	-0.076	9.577

1496005255009	0.076	-0.076	9.557

1496005255019	0.057	-0.057	9.548

1496005255029	0.067	-0.028	9.548

1496005255041	0.067	-0.038	9.548

1496005255050	0.076	-0.028	9.577

1496005255059	0.047	-0.047	9.557

1496005255071	0.047	-0.038	9.519

1496005255079	0.067	-0.038	9.548

1496005255091	0.038	-0.067	9.548

1496005255099	0.057	-0.086	9.567

1496005255109	0.028	-0.057	9.548

1496005255119	0.028	-0.057	9.567

1496005255129	0.047	-0.057	9.586

1496005255155	0.047	-0.038	9.577

1496005255161	0.086	0.0	9.577

1496005255170	0.086	-0.047	9.577

1496005255182	0.067	-0.028	9.538

1496005255192	0.067	-0.038	9.596

1496005255202	0.095	-0.038	9.586

1496005255209	0.057	-0.028	9.557

1496005255220	0.076	-0.047	9.596

1496005255229	0.057	-0.057	9.586

1496005255241	0.057	-0.047	9.577

1496005255252	0.038	-0.057	9.577

1496005255259	0.047	-0.095	9.538

1496005255271	0.067	-0.095	9.567

1496005255279	0.028	-0.076	9.548

1496005255291	0.047	-0.067	9.567

1496005255299	0.057	-0.057	9.557

1496005255309	0.057	-0.019	9.605

1496005255319	0.076	-0.019	9.586

1496005255329	0.067	-0.028	9.577

1496005255341	0.095	-0.019	9.548

1496005255349	0.067	0.0	9.577

1496005255359	0.076	-0.019	9.557

1496005255371	0.057	-0.019	9.529

1496005255379	0.067	-0.047	9.557

1496005255391	0.095	-0.067	9.557

1496005255399	0.047	-0.057	9.557

1496005255409	0.047	-0.076	9.529

1496005255419	0.047	-0.057	9.557

1496005255429	0.047	-0.067	9.548

1496005255443	0.038	-0.067	9.519

1496005255459	0.047	-0.067	9.548

1496005255470	0.038	-0.028	9.586

1496005255479	0.047	-0.047	9.567

1496005255491	0.067	-0.047	9.586

1496005255499	0.067	-0.019	9.567

1496005255509	0.076	-0.019	9.596

1496005255519	0.047	-0.028	9.586

1496005255529	0.076	-0.028	9.605

1496005255541	0.047	-0.047	9.548

1496005255549	0.067	-0.057	9.519

1496005255559	0.067	-0.057	9.538

1496005255570	0.076	-0.067	9.577

1496005255579	0.038	-0.057	9.538

1496005255591	0.019	-0.047	9.538

1496005255599	0.0	-0.057	9.5

1496005255609	0.028	-0.047	9.548

