1495839194192	-9.653115	0.5493643	0.078480616

1495839194193	-9.653115	0.5493643	0.078480616

1495839194194	-9.653115	0.5493643	0.0

1495839194195	-9.653115	0.4708837	-0.078480616

1495839194195	-9.731596	0.5493643	-0.078480616

1495839194196	-9.731596	0.5493643	0.0

1495839194232	-9.731596	0.5493643	0.078480616

1495839194249	-9.731596	0.5493643	0.0

1495839194250	-9.731596	0.5493643	0.0

1495839194250	-9.653115	0.5493643	0.0

1495839194259	-9.653115	0.5493643	-0.078480616

1495839194274	-9.653115	0.4708837	0.0

1495839194279	-9.653115	0.5493643	0.078480616

1495839194289	-9.653115	0.5493643	0.078480616

1495839194299	-9.653115	0.5493643	0.0

1495839194309	-9.653115	0.4708837	0.0

1495839194322	-9.731596	0.5493643	0.0

1495839194329	-9.731596	0.5493643	0.078480616

1495839194339	-9.653115	0.5493643	0.0

1495839194369	-9.731596	0.5493643	0.0

1495839194385	-9.731596	0.5493643	0.0

1495839194389	-9.731596	0.4708837	0.078480616

1495839194399	-9.731596	0.4708837	0.0

1495839194409	-9.731596	0.5493643	0.078480616

1495839194429	-9.731596	0.4708837	0.078480616

1495839194430	-9.731596	0.5493643	0.0

1495839194439	-9.653115	0.5493643	0.0

1495839194449	-9.731596	0.5493643	0.0

1495839194468	-9.731596	0.5493643	0.078480616

1495839194470	-9.731596	0.5493643	0.0

1495839194489	-9.731596	0.5493643	0.0

1495839194507	-9.731596	0.4708837	0.0

1495839194511	-9.653115	0.4708837	0.0

1495839194520	-9.653115	0.4708837	0.078480616

1495839194529	-9.653115	0.5493643	0.0

1495839194540	-9.731596	0.5493643	0.0

1495839194561	-9.653115	0.5493643	0.0

1495839194599	-9.653115	0.5493643	0.0

1495839194619	-9.653115	0.5493643	0.078480616

1495839194639	-9.731596	0.5493643	0.0

1495839194649	-9.653115	0.5493643	0.078480616

1495839194676	-9.731596	0.5493643	0.078480616

1495839194679	-9.731596	0.5493643	0.0

1495839194689	-9.653115	0.5493643	0.0

1495839194699	-9.653115	0.5493643	0.078480616

1495839194718	-9.653115	0.5493643	0.0

1495839194719	-9.731596	0.5493643	0.0

1495839194739	-9.653115	0.5493643	0.0

1495839194749	-9.653115	0.5493643	0.0

1495839194769	-9.653115	0.4708837	0.0

1495839194786	-9.653115	0.4708837	0.078480616

1495839194789	-9.653115	0.5493643	0.078480616

1495839194799	-9.731596	0.4708837	0.078480616

1495839194827	-9.731596	0.5493643	0.0

1495839194828	-9.653115	0.5493643	0.078480616

1495839194830	-9.653115	0.5493643	0.078480616

1495839194839	-9.731596	0.5493643	0.078480616

1495839194849	-9.731596	0.4708837	0.078480616

1495839194864	-9.653115	0.4708837	0.078480616

1495839194869	-9.653115	0.4708837	0.078480616

1495839194879	-9.731596	0.5493643	0.078480616

1495839194906	-9.653115	0.5493643	0.0

1495839194907	-9.731596	0.4708837	0.0

1495839194909	-9.731596	0.5493643	0.0

1495839194919	-9.731596	0.5493643	-0.078480616

1495839194929	-9.731596	0.5493643	0.0

1495839194944	-9.653115	0.5493643	0.078480616

1495839194949	-9.653115	0.5493643	0.15696123

1495839194959	-9.653115	0.5493643	0.078480616

1495839194969	-9.731596	0.5493643	0.0

1495839194989	-9.653115	0.5493643	0.0

1495839194999	-9.731596	0.5493643	0.0

1495839195025	-9.731596	0.4708837	0.0

1495839195029	-9.653115	0.5493643	0.078480616

1495839195039	-9.653115	0.5493643	0.0

1495839195049	-9.653115	0.5493643	0.078480616

1495839195069	-9.731596	0.5493643	0.0

1495839195079	-9.653115	0.5493643	0.0

1495839195105	-9.653115	0.5493643	0.0

1495839195110	-9.731596	0.5493643	0.0

1495839195119	-9.731596	0.5493643	0.078480616

1495839195129	-9.731596	0.5493643	0.0

1495839195149	-9.731596	0.5493643	0.078480616

1495839195159	-9.653115	0.5493643	0.0

1495839195169	-9.731596	0.5493643	0.0

1495839195189	-9.731596	0.5493643	0.078480616

1495839195190	-9.731596	0.4708837	0.078480616

1495839195226	-9.731596	0.5493643	0.078480616

1495839195227	-9.653115	0.5493643	0.078480616

1495839195229	-9.653115	0.5493643	0.0

1495839195239	-9.731596	0.5493643	0.0

1495839195249	-9.731596	0.5493643	-0.078480616

1495839195265	-9.731596	0.5493643	0.0

1495839195269	-9.731596	0.5493643	0.078480616

1495839195289	-9.653115	0.5493643	0.078480616

1495839195303	-9.653115	0.5493643	0.078480616

1495839195310	-9.653115	0.5493643	0.078480616

1495839195319	-9.653115	0.5493643	0.0

1495839195329	-9.653115	0.5493643	0.078480616

1495839195359	-9.731596	0.5493643	0.078480616

1495839195382	-9.731596	0.4708837	0.078480616

1495839195389	-9.731596	0.5493643	0.078480616

1495839195399	-9.653115	0.5493643	0.078480616

1495839195423	-9.731596	0.4708837	0.0

1495839195424	-9.731596	0.5493643	0.0

1495839195429	-9.731596	0.5493643	0.078480616

1495839195439	-9.731596	0.5493643	0.078480616

1495839195461	-9.653115	0.5493643	0.078480616

1495839195469	-9.653115	0.5493643	0.078480616

1495839195506	-9.731596	0.5493643	0.0

1495839195539	-9.731596	0.5493643	0.078480616

1495839195559	-9.653115	0.5493643	0.078480616

1495839195560	-9.653115	0.5493643	0.0

1495839195579	-9.653115	0.5493643	0.078480616

1495839195597	-9.731596	0.5493643	0.078480616

1495839195610	-9.653115	0.5493643	0.078480616

1495839195634	-9.731596	0.5493643	0.0

1495839195639	-9.653115	0.5493643	0.0

1495839195649	-9.731596	0.5493643	0.0

1495839195659	-9.653115	0.5493643	0.0

1495839195678	-9.731596	0.5493643	0.078480616

1495839195679	-9.731596	0.5493643	0.0

1495839195689	-9.653115	0.5493643	0.0

1495839195699	-9.653115	0.5493643	0.078480616

1495839195729	-9.653115	0.5493643	0.078480616

1495839195739	-9.653115	0.5493643	0.078480616

1495839195794	-9.731596	0.5493643	0.078480616

1495839195809	-9.653115	0.5493643	0.0

1495839195839	-9.653115	0.4708837	0.0

1495839195849	-9.653115	0.5493643	0.0

1495839195900	-9.653115	0.5493643	0.0

1495839195901	-9.653115	0.5493643	0.078480616

1495839195909	-9.653115	0.4708837	0.0

1495839195932	-9.653115	0.5493643	0.0

1495839195939	-9.653115	0.5493643	0.078480616

1495839195968	-9.731596	0.5493643	0.0

1495839195970	-9.731596	0.5493643	0.078480616

1495839195979	-9.731596	0.5493643	0.078480616

1495839196009	-9.731596	0.5493643	0.0

1495839196010	-9.653115	0.5493643	0.0

1495839196011	-9.653115	0.5493643	0.0

1495839196019	-9.731596	0.4708837	0.0

1495839196029	-9.653115	0.4708837	0.0

1495839196049	-9.653115	0.4708837	0.0

1495839196059	-9.653115	0.4708837	0.0

1495839196082	-9.731596	0.5493643	0.0

1495839196089	-9.653115	0.5493643	0.0

1495839196099	-9.653115	0.5493643	0.0

1495839196125	-9.653115	0.5493643	0.0

1495839196129	-9.731596	0.5493643	0.0

1495839196139	-9.731596	0.5493643	0.0

1495839196149	-9.731596	0.5493643	0.0

1495839196164	-9.731596	0.5493643	0.0

1495839196169	-9.731596	0.5493643	0.078480616

1495839196179	-9.731596	0.4708837	0.078480616

1495839196189	-9.653115	0.5493643	0.078480616

1495839196206	-9.653115	0.5493643	0.0

1495839196243	-9.731596	0.5493643	0.078480616

1495839196249	-9.731596	0.5493643	0.078480616

1495839196259	-9.731596	0.5493643	0.078480616

1495839196269	-9.653115	0.5493643	0.0

1495839196289	-9.731596	0.5493643	0.0

1495839196290	-9.731596	0.5493643	0.078480616

1495839196299	-9.653115	0.5493643	0.078480616

1495839196309	-9.653115	0.5493643	0.078480616

1495839196330	-9.653115	0.5493643	0.078480616

1495839196331	-9.731596	0.5493643	0.0

1495839196339	-9.731596	0.5493643	0.078480616

1495839196349	-9.653115	0.5493643	0.078480616

1495839196366	-9.653115	0.5493643	0.078480616

1495839196369	-9.653115	0.5493643	0.078480616

1495839196379	-9.731596	0.5493643	0.0

1495839196389	-9.653115	0.5493643	0.0

1495839196410	-9.653115	0.5493643	0.078480616

1495839196419	-9.653115	0.5493643	0.0

1495839196429	-9.653115	0.5493643	0.078480616

1495839196449	-9.653115	0.5493643	0.078480616

1495839196450	-9.653115	0.5493643	0.0

1495839196459	-9.653115	0.4708837	0.0

1495839196490	-9.731596	0.5493643	0.078480616

1495839196490	-9.653115	0.5493643	0.078480616

1495839196491	-9.731596	0.5493643	0.078480616

1495839196509	-9.731596	0.5493643	0.15696123

1495839196532	-9.731596	0.5493643	0.078480616

1495839196533	-9.653115	0.5493643	0.078480616

1495839196539	-9.653115	0.4708837	0.078480616

1495839196549	-9.653115	0.4708837	0.0

1495839196571	-9.731596	0.4708837	0.078480616

1495839196572	-9.653115	0.5493643	0.078480616

1495839196589	-9.653115	0.5493643	0.0

1495839196607	-9.731596	0.5493643	0.078480616

1495839196619	-9.653115	0.5493643	0.078480616

1495839196629	-9.653115	0.5493643	0.0

1495839196645	-9.731596	0.5493643	0.078480616

1495839196649	-9.731596	0.5493643	0.0

1495839196659	-9.731596	0.5493643	0.078480616

1495839196669	-9.653115	0.5493643	0.078480616

1495839196689	-9.653115	0.4708837	0.078480616

1495839196690	-9.653115	0.5493643	0.078480616

1495839196699	-9.653115	0.5493643	0.0

1495839196709	-9.653115	0.5493643	0.0

1495839196732	-9.731596	0.5493643	0.0

1495839196733	-9.731596	0.5493643	0.0

1495839196749	-9.731596	0.5493643	0.0

1495839196765	-9.653115	0.5493643	0.078480616

1495839196770	-9.653115	0.4708837	0.0

1495839196789	-9.653115	0.5493643	0.078480616

1495839196819	-9.731596	0.5493643	0.078480616

1495839196829	-9.653115	0.4708837	0.078480616

1495839196849	-9.653115	0.4708837	0.078480616

1495839196850	-9.731596	0.5493643	0.0

1495839196869	-9.731596	0.5493643	0.078480616

1495839196885	-9.653115	0.6278449	0.078480616

1495839196889	-9.653115	0.5493643	0.0

1495839196909	-9.653115	0.5493643	0.078480616

1495839196929	-9.653115	0.5493643	0.0

1495839196939	-9.653115	0.5493643	0.078480616

1495839196949	-9.731596	0.5493643	0.078480616

1495839196966	-9.731596	0.5493643	0.078480616

1495839196970	-9.653115	0.5493643	0.078480616

1495839196979	-9.653115	0.5493643	0.078480616

1495839196989	-9.653115	0.5493643	0.078480616

1495839197011	-9.653115	0.5493643	0.0

1495839197019	-9.731596	0.5493643	0.0

1495839197047	-9.653115	0.5493643	0.078480616

1495839197050	-9.653115	0.5493643	0.0

1495839197069	-9.653115	0.5493643	0.078480616

1495839197090	-9.653115	0.5493643	0.0

1495839197099	-9.653115	0.4708837	0.0

1495839197109	-9.653115	0.5493643	0.0

1495839197120	-9.731596	0.5493643	-0.078480616

1495839197129	-9.731596	0.5493643	0.078480616

1495839197139	-9.653115	0.5493643	0.078480616

1495839197154	-9.731596	0.5493643	0.078480616

1495839197209	-9.731596	0.4708837	0.0

1495839197230	-9.731596	0.4708837	0.0

1495839197231	-9.653115	0.5493643	0.0

1495839197249	-9.731596	0.4708837	0.078480616

1495839197259	-9.731596	0.5493643	0.078480616

1495839197279	-9.653115	0.5493643	0.0

1495839197293	-9.731596	0.5493643	0.078480616

1495839197331	-9.653115	0.5493643	0.078480616

1495839197333	-9.653115	0.5493643	0.0

1495839197339	-9.731596	0.5493643	0.078480616

1495839197349	-9.731596	0.5493643	0.0

1495839197359	-9.731596	0.5493643	0.078480616

1495839197373	-9.731596	0.5493643	0.078480616

1495839197380	-9.731596	0.5493643	0.0

1495839197411	-9.731596	0.5493643	0.078480616

1495839197419	-9.653115	0.5493643	0.078480616

1495839197439	-9.653115	0.5493643	0.0

1495839197453	-9.653115	0.5493643	0.078480616

1495839197459	-9.731596	0.5493643	0.078480616

1495839197490	-9.731596	0.5493643	0.078480616

1495839197495	-9.653115	0.5493643	0.078480616

1495839197499	-9.653115	0.5493643	0.0

1495839197509	-9.653115	0.5493643	0.078480616

1495839197559	-9.653115	0.5493643	0.0

1495839197579	-9.653115	0.5493643	0.078480616

1495839197599	-9.653115	0.5493643	0.0

1495839197619	-9.731596	0.5493643	0.078480616

1495839197621	-9.653115	0.5493643	0.15696123

1495839197629	-9.653115	0.5493643	0.078480616

1495839197656	-9.731596	0.5493643	0.078480616

1495839197669	-9.653115	0.5493643	0.15696123

1495839197679	-9.653115	0.5493643	0.078480616

1495839197699	-9.653115	0.4708837	0.0

1495839197700	-9.731596	0.5493643	0.0

1495839197709	-9.653115	0.4708837	0.078480616

1495839197737	-9.731596	0.5493643	0.078480616

1495839197749	-9.653115	0.5493643	0.078480616

1495839197759	-9.731596	0.5493643	0.0

1495839197769	-9.731596	0.5493643	0.078480616

1495839197783	-9.731596	0.5493643	0.0

1495839197799	-9.731596	0.4708837	0.078480616

1495839197818	-9.653115	0.5493643	0.078480616

1495839197829	-9.731596	0.4708837	0.0

1495839197849	-9.653115	0.5493643	0.0

1495839197862	-9.653115	0.5493643	0.078480616

1495839197871	-9.731596	0.5493643	0.078480616

1495839197879	-9.731596	0.5493643	0.078480616

1495839197889	-9.731596	0.5493643	0.078480616

1495839197907	-9.731596	0.5493643	0.0

1495839197909	-9.653115	0.5493643	0.0

1495839197919	-9.653115	0.5493643	0.078480616

1495839197943	-9.653115	0.4708837	0.0

1495839197949	-9.653115	0.4708837	0.078480616

1495839197959	-9.731596	0.5493643	0.0

1495839197982	-9.653115	0.5493643	0.0

1495839197989	-9.731596	0.5493643	0.15696123

1495839197999	-9.731596	0.5493643	0.078480616

1495839198024	-9.653115	0.5493643	0.0

1495839198029	-9.731596	0.5493643	0.0

1495839198039	-9.653115	0.5493643	0.078480616

1495839198063	-9.653115	0.5493643	0.0

1495839198079	-9.653115	0.5493643	0.078480616

1495839198108	-9.731596	0.5493643	0.0

1495839198119	-9.731596	0.5493643	0.078480616

1495839198147	-9.653115	0.4708837	0.078480616

1495839198149	-9.653115	0.4708837	0.0

1495839198159	-9.731596	0.4708837	0.0

1495839198169	-9.731596	0.5493643	-0.078480616

1495839198189	-9.731596	0.5493643	0.0

1495839198190	-9.731596	0.4708837	0.078480616

1495839198199	-9.731596	0.5493643	0.078480616

1495839198209	-9.731596	0.4708837	0.078480616

1495839198232	-9.731596	0.5493643	0.0

1495839198239	-9.653115	0.5493643	0.0

1495839198249	-9.653115	0.5493643	0.078480616

1495839198266	-9.731596	0.5493643	0.078480616

1495839198279	-9.653115	0.5493643	0.078480616

1495839198289	-9.653115	0.5493643	0.078480616

1495839198309	-9.653115	0.5493643	0.0

1495839198329	-9.653115	0.4708837	0.078480616

1495839198350	-9.653115	0.5493643	0.078480616

1495839198351	-9.731596	0.5493643	0.078480616

1495839198369	-9.653115	0.5493643	0.078480616

1495839198389	-9.731596	0.4708837	0.078480616

1495839198399	-9.731596	0.5493643	0.078480616

1495839198409	-9.731596	0.5493643	0.0

1495839198430	-9.731596	0.5493643	0.078480616

1495839198431	-9.653115	0.5493643	0.078480616

1495839198439	-9.731596	0.5493643	0.0

1495839198469	-9.731596	0.4708837	0.0

1495839198489	-9.731596	0.5493643	0.0

1495839198504	-9.731596	0.5493643	0.078480616

1495839198509	-9.731596	0.5493643	0.0

1495839198519	-9.653115	0.5493643	0.0

1495839198529	-9.731596	0.5493643	0.0

1495839198549	-9.731596	0.5493643	0.0

1495839198550	-9.731596	0.5493643	0.0

1495839198559	-9.653115	0.5493643	0.0

1495839198569	-9.731596	0.5493643	-0.078480616

1495839198579	-9.731596	0.5493643	0.0

1495839198595	-9.731596	0.5493643	0.078480616

1495839198599	-9.653115	0.4708837	0.0

1495839198609	-9.731596	0.4708837	0.0

1495839198630	-9.731596	0.5493643	0.078480616

1495839198649	-9.731596	0.5493643	0.0

1495839198669	-9.731596	0.4708837	0.0

1495839198670	-9.731596	0.4708837	0.0

1495839198679	-9.731596	0.5493643	-0.078480616

1495839198694	-9.731596	0.5493643	0.0

1495839198699	-9.731596	0.4708837	0.0

1495839198709	-9.653115	0.4708837	0.0

1495839198729	-9.653115	0.5493643	0.0

1495839198739	-9.731596	0.5493643	0.0

1495839198762	-9.653115	0.5493643	0.0

1495839198763	-9.731596	0.5493643	0.0

1495839198779	-9.731596	0.5493643	0.0

1495839198789	-9.731596	0.5493643	0.0

1495839198799	-9.810077	0.5493643	0.0

1495839198817	-9.810077	0.5493643	0.078480616

1495839198819	-9.810077	0.5493643	0.0

1495839198829	-9.810077	0.5493643	0.0

1495839198842	-9.731596	0.5493643	0.0

1495839198877	-9.810077	0.5493643	0.0

1495839198880	-9.810077	0.4708837	0.0

1495839198889	-9.731596	0.4708837	0.0

1495839198905	-9.653115	0.4708837	0.078480616

1495839198909	-9.653115	0.4708837	0.078480616

1495839198919	-9.731596	0.4708837	0.0

1495839198935	-9.731596	0.4708837	0.078480616

1495839198939	-9.731596	0.4708837	0.078480616

1495839198949	-9.653115	0.5493643	0.0

1495839198967	-9.731596	0.4708837	0.078480616

1495839198970	-9.731596	0.4708837	0.078480616

1495839198979	-9.653115	0.5493643	0.078480616

1495839198989	-9.653115	0.5493643	0.0

1495839198999	-9.731596	0.4708837	0.0

1495839199012	-9.731596	0.4708837	0.078480616

1495839199019	-9.731596	0.5493643	0.078480616

1495839199046	-9.653115	0.5493643	0.0

1495839199049	-9.653115	0.4708837	0.078480616

1495839199069	-9.653115	0.5493643	0.0

1495839199082	-9.653115	0.5493643	0.078480616

1495839199089	-9.731596	0.5493643	0.078480616

