1496239797761	-0.019584332	-0.10578204	-0.058886223

1496239797768	-0.003197442	0.0075939246	-0.04143352

1496239797781	0.05009326	0.014122035	-0.026112443

1496239797787	0.018518519	-0.07300826	-0.04796163

1496239797795	-0.06648015	-0.057687182	-0.045696776

1496239797805	-0.003197442	-0.05662137	-0.061017852

1496239797815	0.077404745	0.06648015	-0.035971224

1496239797824	0.07633893	0.07847056	-0.016253663

1496239797834	0.02504663	-0.107913665	-0.057687182

1496239797844	-0.049027443	-0.11990408	-0.043565147

1496239797854	-0.020650147	-0.010791367	-0.033706367

1496239797865	0.061017852	0.062083665	-0.044630963

1496239797875	0.043565147	0.06434852	-0.02824407

1496239797886	-0.001065814	-0.06648015	-0.04796163

1496239797895	-0.030508926	-0.074074075	-0.043565147

1496239797906	0.003197442	-0.017452704	-0.04143352

1496239797917	0.039168663	0.04143352	-0.021715961

1496239797925	0.022781774	0.027178258	-0.039168663

1496239797934	-0.0119904075	-0.07513989	-0.039168663

1496239797944	0.02824407	0.034905408	-0.02504663

1496239797954	0.034905408	-0.07194245	-0.053423926

1496239797965	-0.0119904075	-0.037037037	-0.03810285

1496239797977	-0.003197442	0.009725553	-0.035971224

1496239797986	0.044630963	-0.026112443	-0.039168663

1496239797994	0.04143352	0.016253663	-0.033706367

1496239798004	0.010791367	-0.008659739	-0.020650147

1496239798017	-0.0075939246	-0.08499867	-0.057687182

1496239798025	-0.042499334	-0.00532907	-0.04796163

1496239798034	0.030508926	0.06648015	-0.0119904075

1496239798044	0.074074075	0.062083665	-0.010791367

1496239798054	-0.02504663	-0.023980815	-0.018518519

1496239798067	-0.06314948	-0.093791634	-0.049027443

1496239798075	-0.042499334	-0.03810285	-0.049027443

1496239798085	0.020650147	0.070876636	-0.014122035

1496239798094	0.049027443	0.07513989	-0.018518519

1496239798105	-0.016253663	-0.10351719	-0.042499334

1496239798116	-0.070876636	-0.1787903	-0.052358113

1496239798124	0.001065814	0.009725553	-0.033706367

1496239798134	0.07300826	0.080602184	-0.021715961

1496239798145	-0.019584332	-0.034905408	-0.03157474

1496239798155	-0.04143352	-0.12096989	-0.03810285

1496239798179	0.034905408	0.05995204	-0.019584332

1496239798188	0.021715961	-0.062083665	-0.023980815

1496239798211	-0.0065281107	-0.05009326	-0.022781774

1496239798213	-0.032640554	-0.08286704	-0.029443111

1496239798216	-0.023980815	-0.08939515	-0.039168663

1496239798224	-0.008659739	0.054489743	-0.013056221

1496239798235	-0.002131628	0.0119904075	-0.032640554

1496239798244	-0.018518519	-0.022781774	-0.017452704

1496239798255	-0.033706367	-0.049027443	-0.009725553

1496239798266	-0.05009326	-0.150413	-0.039168663

1496239798274	-0.08180123	-0.06648015	-0.034905408

1496239798284	-0.049027443	-0.016253663	-0.02824407

1496239798295	0.016253663	0.032640554	-0.021715961

1496239798304	-0.002131628	0.07300826	-0.004263256

1496239798316	-0.049027443	-0.14614974	-0.05009326

1496239798324	-0.101385556	-0.20063949	-0.042499334

1496239798335	-0.08499867	-0.03810285	-0.023980815

1496239798344	0.015187849	0.037037037	-0.029443111

1496239798354	-0.037037037	-0.07300826	-0.03157474

1496239798366	-0.055555556	-0.12869704	-0.021715961

1496239798374	-0.069810815	-0.09259259	-0.017452704

1496239798384	-0.06541433	-0.16679989	-0.04796163

1496239798396	-0.017452704	-0.001065814	-0.043565147

1496239798404	0.037037037	0.20610179	0.00532907

1496239798416	0.054489743	-0.002131628	-0.032640554

1496239798425	-0.055555556	-0.20823342	-0.054489743

1496239798435	-0.13082866	-0.18105516	-0.03810285

1496239798445	-0.0119904075	-0.037037037	-0.021715961

1496239798454	0.11231015	0.17985612	0.013056221

1496239798469	0.12536637	0.1449507	-0.02824407

1496239798475	0.004263256	-0.08499867	-0.042499334

1496239798484	-0.09485745	-0.16906475	-0.02824407

1496239798496	-0.013056221	-0.115507595	-0.04023448

1496239798505	0.12096989	0.093791634	-0.009725553

1496239798516	0.150413	0.10031974	-0.032640554

1496239798524	0.046895817	-0.093791634	-0.035971224

1496239798534	-0.019584332	-0.07300826	-0.030508926

1496239798544	0.16027178	0.107913665	-0.001065814

1496239798554	0.13735679	0.15267786	-0.003197442

1496239798566	0.043565147	-0.098054886	-0.027178258

1496239798574	-0.016253663	-0.117772445	-0.034905408

1496239798585	0.034905408	-0.010791367	-0.019584332

1496239798595	0.14068745	0.07513989	-0.010791367

1496239798604	0.1329603	0.16573408	0.013056221

1496239798616	0.053423926	-0.046895817	-0.033706367

1496239798625	-0.017452704	-0.11670663	-0.02824407

1496239798635	0.058886223	0.03157474	-0.0075939246

1496239798644	0.14281908	0.07847056	-0.00532907

1496239798655	0.093791634	0.080602184	0.0075939246

1496239798671	-0.016253663	-0.13629097	-0.04143352

1496239798685	0.02504663	0.014122035	-0.016253663

1496239798697	0.10245137	0.077404745	-0.004263256

1496239798705	0.05995204	-0.014122035	-0.013056221

1496239798726	0.001065814	-0.043565147	-0.023980815

1496239798735	0.034905408	0.02504663	-0.027178258

1496239798744	0.02824407	-0.015187849	-0.016253663

1496239798754	0.019584332	-0.05662137	-0.021715961

1496239798769	0.001065814	-0.07300826	-0.02824407

1496239798774	-0.004263256	-0.039168663	-0.033706367

1496239798785	0.014122035	-0.034905408	-0.033706367

1496239798797	0.034905408	0.002131628	-0.023980815

1496239798804	0.043565147	0.057687182	-0.010791367

1496239798815	0.04143352	-0.052358113	-0.029443111

1496239798825	-0.021715961	-0.08286704	-0.042499334

1496239798834	-0.04023448	-0.05995204	-0.044630963

1496239798844	0.03157474	0.00532907	-0.027178258

1496239798855	0.08606448	0.10031974	-0.008659739

1496239798867	0.033706367	0.022781774	-0.027178258

1496239798875	-0.03810285	-0.1438849	-0.043565147

1496239798886	-0.05009326	-0.069810815	-0.042499334

1496239798898	0.08939515	0.051159073	-0.023980815

1496239798917	-0.032640554	-0.1384226	-0.05009326

1496239798935	-0.029443111	-0.09925393	-0.04023448

1496239798945	0.070876636	0.2693845	-0.026112443

1496239798955	0.027178258	0.002131628	-0.021715961

1496239798965	0.00532907	-0.11670663	-0.045696776

1496239798975	-0.004263256	-0.08606448	-0.039168663

1496239798985	0.019584332	-0.008659739	-0.035971224

1496239798997	0.05009326	0.02824407	-0.019584332

1496239799005	0.021715961	0.02824407	-0.019584332

1496239799016	-0.014122035	-0.043565147	-0.034905408

1496239799024	-0.017452704	-0.06861178	-0.033706367

1496239799034	0.016253663	0.030508926	-0.023980815

1496239799045	0.026112443	-0.027178258	-0.034905408

1496239799055	-0.003197442	-0.017452704	-0.034905408

1496239799068	-0.013056221	0.035971224	-0.021715961

1496239799074	0.023980815	-0.033706367	-0.04796163

1496239799084	0.0119904075	-0.015187849	-0.03810285

1496239799096	0.0075939246	0.003197442	-0.021715961

1496239799105	0.023980815	-0.044630963	-0.034905408

1496239799118	-0.001065814	-0.008659739	-0.022781774

1496239799124	0.00532907	-0.05009326	-0.05009326

1496239799134	0.023980815	-0.00532907	-0.023980815

1496239799144	0.05009326	0.053423926	-0.03157474

1496239799154	-0.018518519	-0.08606448	-0.04023448

1496239799166	0.018518519	-0.0065281107	-0.032640554

1496239799174	0.069810815	0.043565147	-0.016253663

1496239799184	0.046895817	-0.029443111	-0.043565147

1496239799195	-0.0075939246	-0.07847056	-0.033706367

1496239799204	0.022781774	0.010791367	-0.021715961

1496239799216	0.051159073	-0.0075939246	-0.030508926

1496239799230	0.037037037	-0.017452704	-0.021715961

1496239799239	0.053423926	0.06861178	-0.010791367

1496239799245	0.039168663	-0.058886223	-0.027178258

1496239799254	-0.033706367	-0.083932854	-0.034905408

1496239799267	0.021715961	0.026112443	-0.020650147

1496239799274	0.07953637	0.026112443	-0.027178258

1496239799284	0.039168663	0.029443111	-0.0075939246

1496239799296	0.002131628	-0.058886223	-0.045696776

1496239799304	-0.014122035	-0.127498	-0.033706367

1496239799318	0.06861178	0.06648015	-0.017452704

1496239799334	0.061017852	-0.001065814	-0.034905408

1496239799344	-0.00532907	-0.022781774	-0.044630963

1496239799354	0.029443111	0.02504663	-0.020650147

1496239799369	0.070876636	0.09485745	-0.02824407

1496239799375	0.020650147	-0.027178258	-0.03810285

1496239799386	-0.039168663	-0.019584332	-0.030508926

1496239799397	0.023980815	-0.014122035	-0.034905408

1496239799405	0.052358113	0.05662137	-0.019584332

1496239799416	0.017452704	0.0065281107	-0.029443111

1496239799424	-0.019584332	-0.074074075	-0.05009326

1496239799434	0.015187849	0.019584332	-0.020650147

1496239799444	0.05662137	0.06648015	-0.027178258

1496239799454	0.009725553	-0.061017852	-0.03157474

1496239799467	-0.018518519	-0.077404745	-0.04796163

1496239799474	0.002131628	0.018518519	-0.03810285

1496239799484	0.06541433	0.07300826	-0.018518519

1496239799495	0.039168663	-0.0075939246	-0.044630963

1496239799504	-0.045696776	-0.12869704	-0.046895817

1496239799516	-0.0119904075	-0.026112443	-0.02824407

1496239799524	0.06861178	0.046895817	-0.017452704

1496239799534	0.05995204	0.039168663	-0.02824407

1496239799545	0.02824407	0.033706367	-0.045696776

1496239799554	-0.02824407	-0.054489743	-0.030508926

1496239799566	0.04023448	0.019584332	-0.04796163

1496239799574	0.061017852	0.04143352	-0.001065814

1496239799584	0.034905408	-0.043565147	-0.062083665

1496239799596	-0.045696776	-0.046895817	-0.043565147

1496239799604	0.027178258	0.052358113	-0.021715961

1496239799616	0.093791634	0.12216893	-0.027178258

1496239799624	0.034905408	-0.02824407	-0.021715961

1496239799635	-0.022781774	-0.06434852	-0.046895817

1496239799645	-0.017452704	0.004263256	-0.023980815

1496239799654	0.030508926	-0.046895817	-0.046895817

1496239799668	0.017452704	0.061017852	-0.009725553

1496239799675	0.008659739	-0.027178258	-0.02824407

1496239799685	-0.023980815	-0.12216893	-0.04796163

1496239799696	-0.010791367	0.002131628	-0.014122035

1496239799705	0.06314948	0.03810285	-0.020650147

1496239799717	0.042499334	0.00532907	-0.016253663

1496239799724	-0.042499334	-0.05995204	-0.037037037

1496239799735	-0.054489743	-0.12536637	-0.054489743

1496239799748	-0.009725553	-0.023980815	-0.02504663

1496239799755	0.049027443	-0.06541433	-0.023980815

1496239799768	-0.008659739	-0.044630963	-0.017452704

1496239799774	0.001065814	-0.023980815	-0.02824407

1496239799784	0.035971224	0.03157474	-0.029443111

1496239799796	0.049027443	0.10245137	-0.010791367

1496239799805	0.039168663	0.010791367	-0.033706367

1496239799818	-0.013056221	-0.13522515	-0.04796163

1496239799832	-0.02504663	-0.107913665	-0.043565147

1496239799835	0.00532907	0.00532907	-0.037037037

1496239799844	0.044630963	0.017452704	-0.02504663

1496239799854	0.0119904075	0.022781774	-0.021715961

1496239799866	0.002131628	0.020650147	-0.002131628

1496239799875	0.008659739	0.004263256	-0.027178258

1496239799885	-0.0075939246	-0.062083665	-0.02504663

1496239799897	-0.002131628	-0.02824407	-0.042499334

1496239799905	0.0119904075	0.049027443	-0.010791367

1496239799919	-0.037037037	-0.1558753	-0.04796163

1496239799934	-0.049027443	-0.07513989	-0.03810285

1496239799944	0.045696776	0.002131628	-0.0065281107

1496239799954	0.037037037	-0.21156408	-0.037037037

1496239799966	0.001065814	-0.08832934	-0.018518519

1496239799975	-0.020650147	-0.06541433	-0.019584332

1496239799985	0.030508926	-0.02504663	-0.037037037

1496239799996	0.061017852	0.049027443	-0.02504663

1496239800004	0.045696776	-0.010791367	-0.016253663

1496239800016	-0.0065281107	-0.11337597	-0.03157474

1496239800025	-0.03810285	-0.09698907	-0.02504663

1496239800035	0.023980815	-0.008659739	-0.04143352

1496239800044	0.061017852	0.053423926	-0.022781774

1496239800054	0.019584332	0.023980815	-0.027178258

1496239800067	0.010791367	-0.05662137	-0.019584332

1496239800075	-0.014122035	-0.044630963	-0.029443111

1496239800085	-0.015187849	-0.06314948	-0.04143352

1496239800095	0.017452704	0.061017852	-0.017452704

1496239800105	0.054489743	0.058886223	-0.016253663

1496239800116	0.0075939246	0.008659739	-0.015187849

1496239800125	-0.05009326	-0.054489743	-0.03157474

1496239800134	-0.05662137	-0.10245137	-0.051159073

1496239800144	0.002131628	-0.03157474	-0.04023448

1496239800158	0.008659739	-0.017452704	-0.029443111

1496239800167	-0.039168663	-0.14934719	-0.046895817

1496239800175	-0.055555556	-0.04796163	-0.033706367

1496239800184	0.020650147	0.077404745	-0.021715961

1496239800199	0.07953637	0.09259259	-0.017452704

1496239800204	0.019584332	-0.03810285	-0.02824407

1496239800218	-0.049027443	-0.080602184	-0.035971224

1496239800237	0.046895817	-0.021715961	-0.037037037

1496239800239	0.046895817	-0.021715961	-0.037037037

1496239800244	0.033706367	0.037037037	-0.034905408

1496239800255	0.035971224	0.034905408	-0.023980815

1496239800267	0.043565147	0.018518519	-0.018518519

1496239800274	0.032640554	-0.004263256	-0.032640554

1496239800284	0.019584332	-0.026112443	-0.044630963

1496239800296	0.03810285	0.033706367	-0.016253663

1496239800305	0.07513989	0.055555556	-0.017452704

1496239800317	0.061017852	0.062083665	-0.020650147

1496239800324	0.045696776	0.0	-0.037037037

1496239800335	0.016253663	-0.09152678	-0.039168663

1496239800344	0.03810285	0.03157474	-0.023980815

1496239800354	0.11231015	0.077404745	-0.026112443

1496239800366	0.021715961	-0.02824407	-0.022781774

1496239800374	0.06541433	0.016253663	-0.019584332

1496239800384	0.08939515	-0.019584332	-0.022781774

1496239800395	0.07847056	-0.039168663	-0.0065281107

1496239800404	0.083932854	-0.017452704	-0.019584332

1496239800417	0.07194245	0.05662137	-0.004263256

1496239800425	0.10471623	0.027178258	-0.014122035

1496239800437	0.061017852	-0.0119904075	-0.013056221

1496239800444	0.042499334	-0.055555556	-0.017452704

1496239800454	0.07300826	-0.0065281107	-0.004263256

1496239800466	0.083932854	0.019584332	-0.0075939246

1496239800474	0.05662137	-0.020650147	-0.018518519

1496239800484	0.044630963	-0.070876636	-0.015187849

1496239800496	0.043565147	-0.049027443	-0.023980815

1496239800504	0.04796163	-0.032640554	-0.018518519

1496239800518	0.069810815	-0.009725553	-0.0065281107

1496239800525	0.05662137	-0.008659739	-0.018518519

1496239800535	0.001065814	-0.07633893	-0.03157474

1496239800544	0.001065814	-0.044630963	-0.013056221

1496239800554	0.034905408	-0.033706367	-0.00532907

1496239800566	-0.029443111	0.001065814	-0.019584332

1496239800575	-0.004263256	-0.062083665	-0.027178258

1496239800585	-0.004263256	-0.083932854	-0.032640554

1496239800596	-0.017452704	-0.07953637	-0.029443111

1496239800604	-0.021715961	-0.08286704	-0.030508926

1496239800616	-0.020650147	-0.03810285	-0.019584332

1496239800624	0.018518519	0.02504663	-0.017452704

1496239800634	0.030508926	0.004263256	-0.029443111

1496239800644	-0.022781774	-0.10351719	-0.039168663

1496239800654	-0.051159073	-0.17452705	-0.045696776

1496239800666	-0.00532907	-0.035971224	-0.016253663

1496239800674	0.07633893	0.07633893	-0.0075939246

1496239800687	0.055555556	-0.05009326	-0.046895817

1496239800695	-0.06541433	-0.150413	-0.030508926

1496239800704	-0.030508926	-0.115507595	-0.02824407

1496239800717	0.04796163	0.032640554	-0.0119904075

1496239800725	0.07633893	0.09152678	-0.010791367

1496239800735	0.021715961	-0.049027443	-0.034905408

1496239800744	-0.07194245	-0.1558753	-0.030508926

1496239800755	0.021715961	-0.023980815	-0.014122035

1496239800771	0.03157474	0.014122035	-0.019584332

1496239800775	-0.018518519	-0.018518519	-0.03157474

1496239800785	-0.046895817	-0.08832934	-0.027178258

1496239800807	-0.020650147	-0.06861178	-0.03157474

1496239800822	-0.0119904075	-0.044630963	-0.02504663

1496239800831	-0.00532907	0.02504663	-0.008659739

1496239800832	0.008659739	-0.022781774	-0.019584332

1496239800838	-0.030508926	-0.07633893	-0.02824407

1496239800845	-0.042499334	-0.002131628	-0.022781774

1496239800855	0.004263256	-0.053423926	-0.020650147

1496239800864	-0.020650147	-0.0075939246	-0.0119904075

1496239800877	-0.00532907	0.0119904075	-0.015187849

1496239800884	0.022781774	-0.03157474	-0.023980815

1496239800896	-0.022781774	-0.027178258	-0.015187849

1496239800905	-0.029443111	-0.08499867	-0.023980815

1496239800917	0.001065814	-0.05995204	-0.013056221

1496239800924	0.03157474	0.11444178	0.008659739

1496239800935	0.055555556	0.02504663	-0.023980815

1496239800944	-0.013056221	-0.08606448	-0.0119904075

1496239800954	-0.04796163	-0.107913665	-0.027178258

1496239800968	0.06314948	0.09152678	0.020650147

1496239800974	0.05995204	0.018518519	-0.0075939246

1496239800984	-0.017452704	-0.11337597	-0.020650147

1496239800995	-0.034905408	-0.067545965	-0.010791367

1496239801004	0.04796163	-0.018518519	-0.009725553

1496239801016	0.049027443	0.061017852	-0.00532907

1496239801024	0.026112443	0.06541433	0.0065281107

1496239801035	0.001065814	-0.06434852	-0.026112443

1496239801044	-0.037037037	-0.06434852	-0.015187849

1496239801054	0.008659739	0.02504663	-0.010791367

1496239801067	0.034905408	0.08286704	0.0

1496239801074	0.013056221	0.12869704	0.004263256

1496239801084	0.014122035	0.074074075	-0.015187849

1496239801096	0.001065814	-0.0065281107	-0.013056221

1496239801105	-0.029443111	-0.08832934	-0.029443111

1496239801118	-0.04023448	-0.054489743	-0.018518519

1496239801125	-0.009725553	0.07300826	0.004263256

1496239801135	0.033706367	0.08180123	0.004263256

1496239801144	0.0119904075	0.004263256	-0.0119904075

1496239801154	-0.069810815	-0.111244336	-0.014122035

1496239801166	-0.009725553	0.13415934	0.019584332

1496239801175	0.055555556	0.1449507	0.016253663

1496239801185	0.026112443	0.034905408	-0.014122035

1496239801196	-0.08180123	-0.11990408	-0.029443111

1496239801204	-0.1100453	-0.1897149	-0.017452704

1496239801216	-0.046895817	-0.02504663	0.013056221

1496239801224	0.049027443	0.042499334	0.0075939246

1496239801234	0.004263256	-0.033706367	-0.015187849

1496239801244	-0.09152678	-0.10245137	-0.00532907

1496239801254	-0.037037037	-0.08832934	0.004263256

1496239801266	0.033706367	0.018518519	0.009725553

1496239801274	0.013056221	-0.023980815	-0.001065814

1496239801284	-0.019584332	-0.10578204	-0.018518519

1496239801298	-0.027178258	-0.035971224	-0.0065281107

1496239801304	0.035971224	-0.051159073	-0.0119904075

1496239801317	0.042499334	-0.061017852	-0.010791367

1496239801325	-0.027178258	-0.020650147	0.013056221

1496239801334	-0.003197442	-0.035971224	0.002131628

1496239801344	0.026112443	0.018518519	-0.009725553

1496239801354	0.015187849	0.0119904075	-0.003197442

1496239801368	-0.004263256	-0.017452704	0.001065814

1496239801374	-0.043565147	-0.15267786	-0.020650147

1496239801385	-0.019584332	-0.018518519	0.0

1496239801396	0.054489743	0.19197975	0.044630963

1496239801404	0.07847056	0.010791367	-0.0075939246

1496239801416	-0.05662137	-0.13962163	-0.0075939246

1496239801424	-0.074074075	-0.08286704	0.027178258

1496239801434	0.033706367	0.00532907	0.00532907

1496239801444	0.051159073	0.061017852	0.014122035

1496239801455	-0.00532907	-0.034905408	-0.018518519

1496239801466	-0.06541433	-0.12643218	0.008659739

1496239801474	-0.009725553	0.004263256	0.02824407

1496239801484	0.06314948	0.04143352	0.010791367

1496239801496	-0.001065814	-0.030508926	-0.008659739

1496239801504	-0.044630963	-0.067545965	0.0065281107

1496239801516	0.009725553	0.026112443	0.022781774

1496239801524	0.04796163	0.080602184	0.029443111

1496239801535	0.009725553	-0.05995204	-0.003197442

1496239801545	-0.055555556	-0.07300826	0.002131628

1496239801554	-0.0119904075	-0.002131628	0.015187849

1496239801566	-0.21702638	-0.027178258	0.004263256

1496239801574	-0.027178258	-0.052358113	0.020650147

1496239801584	0.001065814	-0.06541433	0.0075939246

1496239801595	0.0075939246	0.003197442	0.013056221

1496239801604	0.014122035	-0.06648015	-0.0065281107

1496239801616	-0.03157474	-0.07300826	0.023980815

1496239801624	-0.020650147	-0.034905408	0.022781774

1496239801635	0.00532907	-0.026112443	0.0075939246

1496239801644	0.018518519	0.02824407	0.016253663

1496239801654	0.009725553	-0.058886223	0.008659739

1496239801669	-0.034905408	-0.10471623	0.003197442

1496239801674	-0.027178258	-0.004263256	0.019584332

1496239801684	0.030508926	-0.008659739	0.002131628

1496239801696	0.010791367	-0.022781774	0.0065281107

1496239801705	0.0	-0.08939515	-0.0065281107

1496239801716	-0.001065814	-0.080602184	0.015187849

1496239801724	0.0065281107	-0.022781774	0.019584332

1496239801734	0.02504663	-0.054489743	0.003197442

1496239801744	0.03157474	0.014122035	0.021715961

1496239801754	0.037037037	0.042499334	0.017452704

1496239801766	0.02824407	-0.1100453	0.023980815

1496239801774	0.016253663	-0.034905408	0.021715961

1496239801784	0.04143352	-0.07300826	-0.010791367

1496239801797	0.020650147	0.06434852	0.026112443

1496239801823	0.051159073	0.008659739	0.014122035

1496239801826	0.021715961	-0.11444178	-0.0065281107

1496239801827	-0.017452704	-0.055555556	0.022781774

1496239801835	0.051159073	0.043565147	0.023980815

1496239801845	0.06314948	0.052358113	0.00532907

1496239801854	0.017452704	-0.087263525	-0.00532907

1496239801866	-0.042499334	-0.11990408	-0.0075939246

1496239801875	-0.009725553	0.001065814	0.03810285

1496239801886	0.09259259	0.02824407	0.013056221

1496239801896	0.03810285	-0.004263256	0.0075939246

1496239801905	-0.046895817	-0.05995204	0.0065281107

1496239801916	0.0075939246	-0.07194245	0.009725553

1496239801924	0.037037037	0.051159073	0.027178258

1496239801934	0.04023448	-0.033706367	0.009725553

1496239801944	0.0065281107	-0.080602184	0.004263256

1496239801955	0.03810285	-0.033706367	-0.002131628

1496239801969	0.03810285	-0.11670663	0.026112443

1496239801974	0.026112443	0.026112443	0.016253663

1496239801985	0.032640554	-0.074074075	-0.001065814

1496239801996	0.016253663	0.026112443	0.02504663

1496239802004	0.042499334	-0.027178258	0.008659739

1496239802016	-0.003197442	-0.07633893	0.00532907

1496239802024	-0.055555556	-0.027178258	0.02504663

1496239802034	-0.016253663	-0.05009326	-0.001065814

1496239802045	-0.018518519	0.00532907	0.016253663

1496239802055	-0.018518519	-0.029443111	0.008659739

1496239802066	-0.037037037	-0.044630963	0.023980815

1496239802074	-0.055555556	-0.03157474	0.02824407

1496239802084	-0.039168663	-0.06314948	0.0

1496239802096	-0.030508926	-0.020650147	0.0119904075

1496239802105	-0.034905408	-0.022781774	0.013056221

1496239802116	-0.049027443	-0.07300826	-0.001065814

1496239802124	-0.051159073	-0.052358113	0.016253663

1496239802135	-0.021715961	-0.115507595	0.010791367

1496239802145	-0.046895817	-0.098054886	0.008659739

1496239802154	-0.04023448	-0.013056221	0.010791367

1496239802166	0.015187849	0.009725553	0.02504663

1496239802174	-0.015187849	-0.04796163	0.00532907

1496239802184	-0.051159073	-0.111244336	0.002131628

1496239802195	-0.05662137	-0.058886223	0.004263256

1496239802204	-0.02504663	-0.017452704	0.018518519

1496239802216	-0.018518519	0.0075939246	0.026112443

1496239802224	-0.049027443	0.020650147	0.020650147

1496239802235	-0.04143352	-0.004263256	0.018518519

1496239802244	-0.016253663	0.018518519	0.013056221

1496239802254	-0.021715961	0.017452704	0.02504663

1496239802268	0.0	0.027178258	0.044630963

1496239802274	0.001065814	0.019584332	0.032640554

1496239802284	-0.034905408	-0.07953637	0.018518519

1496239802296	-0.054489743	-0.11231015	0.0065281107

1496239802304	-0.021715961	-0.053423926	0.010791367

1496239802317	0.020650147	-0.027178258	0.03157474

1496239802325	0.013056221	-0.07633893	0.026112443

1496239802335	-0.016253663	-0.10471623	0.019584332

1496239802344	0.016253663	-0.02824407	0.02824407

1496239802355	0.07513989	0.11444178	0.04143352

1496239802366	0.08939515	0.018518519	0.034905408

1496239802375	0.0065281107	-0.044630963	0.04023448

1496239802384	0.033706367	-0.02824407	0.022781774

1496239802396	0.030508926	0.03810285	0.03157474

1496239802405	0.033706367	0.0065281107	0.02504663

1496239802419	0.015187849	0.008659739	0.05009326

1496239802425	0.002131628	-0.014122035	0.03810285

1496239802440	0.002131628	-0.033706367	0.032640554

1496239802444	0.037037037	0.07513989	0.052358113

1496239802454	0.03810285	0.1100453	0.045696776

1496239802466	-0.0065281107	-0.05009326	0.04023448

1496239802474	-0.030508926	-0.044630963	0.046895817

1496239802484	0.002131628	-0.0119904075	0.046895817

1496239802495	0.0119904075	0.009725553	0.055555556

1496239802505	0.001065814	0.07633893	0.062083665

1496239802516	-0.004263256	-0.021715961	0.042499334

1496239802524	-0.030508926	-0.101385556	0.035971224

1496239802534	-0.022781774	-0.07847056	0.042499334

1496239802544	0.014122035	-0.06541433	0.043565147

1496239802554	-0.022781774	0.019584332	0.037037037

1496239802568	-0.033706367	-0.027178258	0.04023448

1496239802574	0.015187849	0.27378097	0.069810815

1496239802585	0.023980815	-0.08939515	0.053423926

1496239802596	-0.061017852	-0.09046096	0.020650147

1496239802604	-0.054489743	-0.05009326	0.042499334

1496239802617	0.030508926	0.026112443	0.05009326

1496239802624	0.03157474	0.083932854	0.061017852

1496239802634	0.002131628	-0.09259259	0.037037037

1496239802644	-0.020650147	-0.1438849	0.027178258

1496239802654	-0.0065281107	-0.08606448	0.043565147

1496239802667	0.02824407	-0.002131628	0.045696776

1496239802674	0.0065281107	0.077404745	0.053423926

1496239802684	-0.008659739	-0.03810285	0.030508926

1496239802696	-0.05009326	-0.032640554	0.033706367

1496239802704	-0.008659739	0.03157474	0.054489743

1496239802716	0.049027443	-0.02504663	0.033706367

1496239802724	-0.023980815	-0.052358113	0.034905408

1496239802734	-0.053423926	-0.029443111	0.039168663

1496239802745	-0.032640554	0.016253663	0.037037037

