1495701762904	-1.1875	-4.6875	-12.4375

1495701763125	-1.3125	-4.25	-12.5625

1495701763540	-1.3125	-3.9375	-13.625

1495701763672	-1.25	-3.25	-13.75

1495701765001	-0.5	-3.5625	-13.875

1495701765191	-0.9375	-3.6875	-14.3125

1495701765361	-0.9375	-3.875	-13.5625

1495701765420	-1.125	-4.125	-13.5625

1495701766186	-0.875	-4.1875	-13.3125

1495701766231	-0.4375	-4.1875	-12.875

1495701766431	0.0	-4.375	-13.3125

1495701766454	0.25	-4.3125	-13.25

1495701766541	-0.375	-4.4375	-13.4375

1495701766646	-0.3125	-4.5	-13.8125

1495701766740	-0.5	-4.75	-13.5625

1495701766900	-0.75	-4.9375	-13.5

1495701767401	-0.8125	-5.1875	-13.125

1495701767440	-0.5	-5.3125	-13.0

1495701767511	-0.4375	-4.9375	-12.75

