1496005468039	28.38	12.78	-27.36

1496005468119	28.44	13.02	-27.66

1496005468219	28.5	12.9	-28.2

1496005468319	28.5	13.08	-28.62

1496005468430	28.56	13.08	-28.92

1496005468528	28.74	13.38	-28.98

1496005468629	28.86	13.14	-29.1

1496005468728	28.62	13.38	-29.22

1496005468830	28.8	13.56	-29.34

1496005468929	29.1	13.32	-29.16

1496005469032	28.92	13.5	-29.04

1496005469128	28.74	13.5	-29.04

1496005469229	28.74	13.38	-29.16

1496005469329	28.5	13.2	-28.98

1496005469429	28.56	13.38	-29.04

1496005469529	28.86	13.44	-28.92

1496005469629	28.68	13.32	-28.86

1496005469729	28.5	13.44	-28.8

1496005469829	28.62	13.26	-28.86

1496005469928	28.62	13.08	-28.44

1496005470029	28.5	13.2	-28.56

1496005470229	28.56	13.2	-28.5

1496005470328	28.5	12.96	-28.68

1496005470429	28.2	13.26	-28.86

1496005470528	27.96	13.38	-29.22

1496005470629	28.08	13.32	-28.98

1496005470729	27.96	13.44	-29.28

1496005470829	28.08	13.44	-29.16

1496005470929	28.2	13.5	-29.22

1496005471029	28.14	13.5	-29.28

1496005471128	28.14	13.74	-29.46

1496005471229	28.32	13.5	-29.4

1496005471329	28.38	13.32	-29.22

1496005471437	28.44	13.44	-29.4

1496005471573	28.5	13.32	-29.52

1496005471639	28.5	13.38	-29.46

1496005471730	28.56	13.44	-29.64

1496005471835	28.5	13.56	-30.0

1496005471929	28.62	13.5	-29.94

1496005472031	28.68	13.56	-29.76

1496005472131	28.56	13.62	-29.7

1496005472229	28.26	13.8	-29.88

1496005472339	28.2	13.62	-29.82

1496005472430	28.38	13.5	-29.7

1496005472529	28.14	13.56	-30.0

1496005472645	28.08	13.44	-29.4

1496005472729	27.96	13.38	-29.34

1496005472820	28.08	13.14	-29.64

1496005472930	28.14	13.14	-29.46

