1496211716549	0.023980815	0.004263256	0.013056221

1496211716557	0.023980815	0.004263256	0.010791367

1496211716567	0.0065281107	0.015187849	0.004263256

1496211716577	0.026112443	0.0	0.004263256

1496211716590	0.009725553	0.009725553	0.0

1496211716599	0.013056221	0.013056221	-0.002131628

1496211716607	0.020650147	0.009725553	0.00532907

1496211716617	0.010791367	0.017452704	-0.003197442

1496211716627	0.016253663	0.002131628	-0.001065814

1496211716637	0.004263256	0.013056221	-0.002131628

1496211716647	0.015187849	-0.001065814	0.004263256

1496211716657	0.019584332	0.002131628	0.001065814

1496211716667	0.008659739	0.013056221	-0.003197442

1496211716677	0.003197442	0.015187849	-0.0075939246

1496211716687	0.013056221	0.004263256	-0.004263256

1496211716699	0.0	0.0065281107	-0.010791367

1496211716707	0.0075939246	0.001065814	-0.0075939246

1496211716717	0.001065814	-0.001065814	-0.0075939246

1496211716727	0.0	-0.002131628	-0.003197442

1496211716738	-0.013056221	-0.002131628	-0.0119904075

1496211716757	-0.008659739	-0.004263256	-0.001065814

1496211716768	-0.018518519	-0.001065814	-0.009725553

1496211716777	-0.003197442	-0.014122035	-0.003197442

1496211716787	-0.019584332	-0.0075939246	-0.0065281107

1496211716799	0.002131628	-0.0119904075	-0.001065814

1496211716808	-0.013056221	-0.0075939246	-0.002131628

1496211716818	-0.021715961	-0.004263256	0.001065814

1496211716827	-0.010791367	-0.015187849	-0.00532907

1496211716837	-0.010791367	-0.008659739	-0.0075939246

1496211716847	-0.0119904075	-0.004263256	-0.014122035

1496211716858	-0.015187849	0.002131628	-0.004263256

1496211716867	-0.010791367	-0.0065281107	-0.008659739

1496211716877	-0.004263256	-0.001065814	-0.010791367

1496211716887	-0.002131628	0.002131628	0.002131628

1496211716898	-0.014122035	0.002131628	-0.008659739

1496211716910	0.002131628	-0.004263256	-0.004263256

1496211716927	-0.014122035	0.00532907	-0.0119904075

1496211716937	0.009725553	0.0	-0.004263256

1496211716947	0.004263256	-0.004263256	-0.0065281107

1496211716958	0.014122035	0.0075939246	-0.00532907

1496211716967	-0.003197442	0.009725553	-0.004263256

1496211716977	0.010791367	0.004263256	-0.002131628

1496211716987	0.015187849	0.009725553	0.002131628

1496211716997	0.013056221	0.009725553	-0.0065281107

1496211717008	0.022781774	0.014122035	-0.002131628

1496211717017	0.019584332	0.0075939246	-0.008659739

1496211717027	0.00532907	0.018518519	-0.004263256

1496211717037	0.018518519	0.0075939246	0.003197442

1496211717047	0.018518519	0.001065814	-0.002131628

1496211717058	0.0075939246	0.00532907	0.003197442

1496211717067	0.013056221	0.001065814	-0.001065814

1496211717077	0.00532907	0.0	-0.002131628

1496211717087	0.010791367	-0.003197442	0.0065281107

1496211717098	0.002131628	0.001065814	0.002131628

1496211717108	0.008659739	0.0	0.0

1496211717117	0.001065814	-0.004263256	-0.003197442

1496211717127	0.0075939246	-0.0065281107	0.0

1496211717137	-0.002131628	0.0065281107	-0.003197442

1496211717147	0.00532907	-0.010791367	0.003197442

1496211717158	0.0119904075	-0.0119904075	-0.003197442

1496211717167	0.00532907	-0.00532907	-0.002131628

1496211717177	-0.003197442	-0.00532907	-0.0075939246

1496211717187	0.019584332	-0.02504663	-0.009725553

1496211717198	0.003197442	-0.001065814	-0.00532907

1496211717209	0.0119904075	-0.001065814	-0.003197442

1496211717217	0.0075939246	-0.00532907	-0.004263256

1496211717228	0.0065281107	-0.0075939246	-0.0075939246

1496211717237	0.008659739	-0.008659739	0.001065814

1496211717247	-0.002131628	-0.010791367	-0.002131628

1496211717258	0.002131628	-0.009725553	-0.002131628

1496211717267	0.0119904075	-0.009725553	-0.002131628

1496211717277	0.010791367	-0.004263256	-0.0075939246

1496211717287	0.008659739	-0.003197442	-0.00532907

1496211717297	0.020650147	-0.013056221	-0.001065814

1496211717308	0.016253663	-0.00532907	0.002131628

1496211717317	0.009725553	0.0075939246	0.002131628

1496211717327	0.016253663	0.002131628	-0.004263256

1496211717337	0.016253663	0.004263256	-0.0075939246

1496211717347	0.02504663	0.002131628	-0.0075939246

1496211717357	0.009725553	0.023980815	-0.004263256

1496211717367	0.022781774	0.0075939246	0.002131628

1496211717377	0.016253663	0.016253663	-0.004263256

1496211717388	0.030508926	0.0075939246	0.0

1496211717400	0.0065281107	0.019584332	-0.004263256

1496211717422	0.0075939246	0.003197442	0.0

1496211717448	0.0065281107	-0.0075939246	0.0

1496211717448	-0.0065281107	-0.004263256	-0.0119904075

1496211717449	0.003197442	-0.017452704	-0.0065281107

1496211717450	0.010791367	-0.022781774	0.0

1496211717458	0.008659739	-0.017452704	-0.002131628

1496211717467	-0.004263256	-0.008659739	-0.002131628

1496211717477	-0.0065281107	-0.001065814	-0.0075939246

1496211717487	0.002131628	-0.00532907	-0.001065814

1496211717499	0.016253663	-0.018518519	0.00532907

1496211717510	-0.003197442	0.0	0.0065281107

1496211717527	0.0075939246	-0.016253663	0.0

1496211717537	0.0065281107	-0.013056221	-0.00532907

1496211717547	0.008659739	-0.018518519	-0.0075939246

1496211717558	0.016253663	-0.0119904075	-0.002131628

1496211717567	0.013056221	-0.015187849	-0.003197442

1496211717577	0.0	-0.004263256	-0.003197442

1496211717587	0.015187849	-0.0065281107	0.001065814

1496211717597	0.009725553	0.0	-0.001065814

1496211717608	0.026112443	-0.00532907	0.004263256

1496211717617	0.016253663	-0.002131628	0.0065281107

1496211717627	0.0	0.004263256	-0.0065281107

1496211717637	0.020650147	-0.013056221	-0.0065281107

1496211717647	0.014122035	0.00532907	-0.00532907

1496211717658	0.010791367	0.00532907	-0.009725553

1496211717667	0.014122035	-0.001065814	0.002131628

1496211717677	0.009725553	-0.002131628	-0.001065814

1496211717687	-0.003197442	0.010791367	0.003197442

1496211717700	0.014122035	0.002131628	0.001065814

1496211717708	0.0065281107	0.0065281107	-0.008659739

1496211717717	0.0119904075	0.003197442	-0.003197442

1496211717727	0.017452704	0.001065814	-0.001065814

1496211717737	-0.001065814	0.019584332	-0.0075939246

1496211717747	0.02504663	0.001065814	-0.00532907

1496211717759	-0.002131628	0.0119904075	-0.002131628

1496211717768	0.019584332	0.001065814	0.003197442

1496211717777	0.00532907	0.009725553	-0.004263256

1496211717787	0.016253663	0.00532907	0.0065281107

1496211717798	0.0065281107	0.013056221	0.002131628

1496211717810	0.00532907	0.0065281107	-0.004263256

1496211717817	0.008659739	0.00532907	-0.003197442

1496211717827	0.003197442	0.002131628	-0.008659739

1496211717840	-0.00532907	0.016253663	-0.00532907

1496211717847	0.0075939246	0.0075939246	0.002131628

1496211717858	-0.00532907	0.010791367	-0.0075939246

1496211717867	-0.008659739	0.010791367	-0.001065814

1496211717877	-0.014122035	0.010791367	-0.003197442

1496211717887	-0.010791367	0.002131628	-0.004263256

1496211717897	-0.003197442	0.00532907	0.002131628

1496211717908	-0.010791367	0.015187849	-0.002131628

1496211717917	-0.0075939246	0.008659739	0.0075939246

1496211717927	-0.004263256	0.001065814	-0.00532907

1496211717937	-0.020650147	0.016253663	-0.003197442

1496211717947	-0.2748468	0.0065281107	-0.00532907

1496211717958	0.001065814	0.010791367	-0.003197442

1496211717967	0.0075939246	0.0065281107	0.001065814

1496211717977	-0.016253663	0.017452704	-0.0075939246

1496211717987	0.001065814	0.002131628	-0.003197442

1496211717998	0.00532907	0.009725553	-0.0065281107

1496211718008	0.004263256	0.016253663	-0.008659739

1496211718017	0.018518519	0.010791367	-0.003197442

1496211718027	0.019584332	0.004263256	-0.008659739

1496211718037	0.022781774	0.002131628	-0.008659739

1496211718047	0.033706367	0.0119904075	-0.002131628

1496211718060	0.022781774	0.013056221	-0.009725553

1496211718067	0.042499334	0.001065814	0.004263256

1496211718077	0.043565147	0.010791367	-0.003197442

1496211718087	0.037037037	0.010791367	-0.003197442

1496211718099	0.033706367	0.0	0.003197442

1496211718108	0.020650147	0.0065281107	-0.0075939246

1496211718117	0.035971224	0.001065814	-0.002131628

1496211718127	0.026112443	-0.002131628	-0.003197442

1496211718137	0.022781774	0.00532907	0.004263256

1496211718147	0.023980815	0.002131628	0.0

1496211718158	0.013056221	-0.001065814	-0.001065814

1496211718167	-0.001065814	0.003197442	0.008659739

1496211718177	0.002131628	0.001065814	0.0

1496211718187	0.0065281107	-0.001065814	0.009725553

1496211718198	-0.004263256	-0.0065281107	0.003197442

1496211718208	-0.00532907	-0.003197442	0.001065814

1496211718217	0.009725553	-0.00532907	-0.002131628

1496211718227	0.0	0.002131628	0.0

1496211718237	0.001065814	0.004263256	-0.001065814

1496211718247	0.026112443	-0.004263256	-0.002131628

1496211718258	0.002131628	0.00532907	-0.009725553

1496211718267	0.021715961	-0.00532907	-0.001065814

1496211718277	0.008659739	0.0	-0.002131628

1496211718287	0.009725553	-0.003197442	0.002131628

1496211718298	0.02504663	-0.0065281107	0.001065814

1496211718308	0.009725553	0.003197442	-0.00532907

1496211718317	0.0119904075	-0.003197442	0.003197442

1496211718327	0.02504663	-0.00532907	0.0

1496211718337	0.020650147	-0.004263256	-0.004263256

1496211718347	0.003197442	-0.004263256	0.001065814

1496211718365	-0.003197442	-0.001065814	0.004263256

1496211718368	0.001065814	-0.009725553	0.003197442

1496211718377	-0.013056221	-0.0075939246	-0.0075939246

1496211718387	0.002131628	-0.010791367	-0.001065814

1496211718398	-0.009725553	-0.001065814	0.00532907

1496211718408	-0.010791367	-0.008659739	-0.002131628

1496211718417	-0.003197442	-0.008659739	0.0

1496211718427	-0.023980815	-0.009725553	0.0

1496211718437	-0.016253663	-0.004263256	0.001065814

1496211718447	-0.00532907	-0.0075939246	0.002131628

1496211718458	-0.030508926	0.016253663	0.0

1496211718467	-0.013056221	-0.0075939246	-0.002131628

1496211718477	-0.015187849	-0.003197442	-0.001065814

1496211718487	-0.02504663	0.0	0.0

1496211718498	-0.019584332	0.001065814	0.001065814

1496211718510	-0.013056221	0.00532907	0.002131628

1496211718527	-0.022781774	0.002131628	-0.002131628

1496211718537	-0.013056221	-0.010791367	0.003197442

1496211718547	-0.022781774	-0.002131628	0.002131628

1496211718560	-0.016253663	-0.008659739	-0.004263256

1496211718567	-0.020650147	-0.001065814	-0.0065281107

1496211718577	0.0	-0.0065281107	-0.004263256

1496211718587	-0.0075939246	0.00532907	0.0

1496211718598	-0.00532907	0.003197442	0.003197442

1496211718608	-0.016253663	-0.004263256	-0.002131628

1496211718617	-0.0065281107	-0.009725553	-0.0075939246

1496211718627	-0.00532907	-0.020650147	-0.001065814

1496211718637	-0.002131628	-0.018518519	-0.004263256

1496211718647	0.009725553	-0.027178258	0.001065814

1496211718660	-0.009725553	-0.020650147	-0.002131628

1496211718667	-0.001065814	-0.02824407	0.002131628

1496211718677	0.002131628	-0.030508926	-0.001065814

1496211718688	0.002131628	-0.033706367	0.001065814

1496211718699	0.023980815	-0.03157474	0.001065814

1496211718708	0.026112443	-0.027178258	-0.002131628

1496211718717	0.014122035	-0.023980815	-0.003197442

1496211718727	0.017452704	-0.02824407	0.001065814

1496211718737	0.03810285	-0.046895817	-0.001065814

1496211718747	0.037037037	-0.033706367	0.00532907

1496211718759	0.04796163	-0.030508926	0.002131628

1496211718767	0.033706367	-0.018518519	0.00532907

1496211718777	0.04796163	-0.032640554	0.0065281107

1496211718787	0.034905408	-0.021715961	-0.001065814

1496211718797	0.04796163	-0.018518519	0.008659739

1496211718808	0.043565147	-0.009725553	0.003197442

1496211718817	0.046895817	-0.009725553	0.001065814

1496211718827	0.049027443	-0.014122035	0.002131628

1496211718837	0.032640554	-0.001065814	0.004263256

1496211718847	0.035971224	-0.00532907	0.0075939246

1496211718858	0.030508926	-0.004263256	-0.001065814

1496211718867	0.029443111	0.003197442	0.002131628

1496211718877	0.03810285	-0.0065281107	0.0

1496211718887	0.034905408	-0.013056221	0.001065814

1496211718898	0.0119904075	0.001065814	-0.00532907

1496211718909	0.027178258	-0.009725553	-0.0065281107

1496211718917	0.014122035	-0.008659739	-0.0065281107

1496211718927	0.027178258	-0.003197442	-0.002131628

1496211718937	0.016253663	0.002131628	-0.004263256

1496211718947	0.013056221	-0.0065281107	0.002131628

1496211718961	0.009725553	0.0	-0.014122035

1496211718967	0.0119904075	0.002131628	-0.010791367

1496211718977	0.018518519	-0.0065281107	-0.004263256

1496211718987	-0.003197442	0.008659739	-0.0119904075

1496211718999	0.0075939246	0.003197442	-0.002131628

1496211719008	-0.004263256	-0.003197442	-0.014122035

1496211719017	-0.017452704	0.002131628	-0.016253663

1496211719027	0.004263256	-0.0075939246	-0.0065281107

1496211719037	-0.015187849	0.002131628	-0.013056221

1496211719047	-0.019584332	0.008659739	-0.0065281107

1496211719058	-0.016253663	0.009725553	-0.0065281107

1496211719067	-0.02504663	0.013056221	-0.0065281107

1496211719077	-0.013056221	0.003197442	-0.0075939246

1496211719087	-0.037037037	0.015187849	-0.013056221

1496211719097	-0.02504663	0.0119904075	-0.0065281107

1496211719108	-0.020650147	0.002131628	-0.003197442

1496211719117	-0.03810285	0.0119904075	-0.001065814

1496211719127	-0.03157474	0.003197442	0.001065814

1496211719137	-0.030508926	0.017452704	-0.004263256

1496211719147	-0.022781774	0.001065814	0.003197442

1496211719158	-0.034905408	0.0075939246	-0.014122035

1496211719167	-0.03157474	-0.002131628	-0.0075939246

1496211719177	-0.020650147	-0.004263256	-0.001065814

1496211719187	-0.037037037	0.009725553	-0.010791367

1496211719198	-0.026112443	0.00532907	0.0

1496211719208	-0.027178258	0.010791367	-0.008659739

1496211719217	-0.008659739	-0.010791367	-0.002131628

1496211719227	-0.009725553	0.003197442	0.002131628

1496211719237	-0.0119904075	0.019584332	-0.002131628

1496211719247	-0.004263256	0.018518519	0.00532907

1496211719260	-0.001065814	0.010791367	-0.003197442

1496211719267	0.003197442	0.017452704	-0.003197442

1496211719277	0.015187849	0.009725553	-0.002131628

1496211719287	0.009725553	0.014122035	-0.003197442

1496211719299	0.002131628	0.009725553	0.004263256

1496211719310	0.014122035	0.00532907	-0.0065281107

1496211719327	0.026112443	0.004263256	0.0065281107

1496211719337	0.016253663	0.020650147	0.003197442

1496211719347	0.030508926	0.0	0.00532907

1496211719358	0.019584332	0.015187849	0.004263256

1496211719367	0.037037037	0.0	0.0075939246

1496211719377	0.014122035	0.008659739	0.00532907

1496211719387	0.013056221	0.015187849	0.00532907

1496211719398	0.039168663	0.003197442	0.00532907

1496211719417	0.029443111	0.0075939246	0.00532907

1496211719419	0.029443111	0.0075939246	0.00532907

1496211719427	0.035971224	-0.00532907	0.0065281107

1496211719437	0.023980815	0.008659739	0.001065814

1496211719447	0.029443111	0.001065814	0.0075939246

1496211719458	0.023980815	-0.0065281107	0.002131628

1496211719467	0.020650147	-0.003197442	-0.001065814

1496211719477	0.030508926	-0.0119904075	0.0075939246

1496211719487	0.032640554	-0.0065281107	-0.002131628

1496211719498	0.020650147	-0.002131628	0.0

1496211719509	0.0119904075	-0.014122035	-0.003197442

1496211719527	0.023980815	-0.010791367	0.00532907

1496211719537	0.0	-0.021715961	-0.004263256

1496211719547	0.02824407	-0.022781774	0.002131628

1496211719558	0.0065281107	-0.004263256	-0.0065281107

1496211719567	0.010791367	-0.014122035	-0.001065814

1496211719577	0.017452704	-0.017452704	0.002131628

1496211719587	-0.004263256	0.002131628	-0.0119904075

1496211719599	0.027178258	-0.0065281107	0.002131628

1496211719608	0.008659739	-0.002131628	-0.0065281107

1496211719617	0.020650147	-0.009725553	-0.0075939246

1496211719627	0.0065281107	-0.001065814	0.001065814

1496211719637	-0.002131628	0.001065814	-0.009725553

1496211719647	0.013056221	-0.001065814	-0.010791367

1496211719657	0.014122035	0.004263256	-0.0075939246

1496211719667	0.015187849	-0.0075939246	-0.0075939246

1496211719677	0.0119904075	-0.0065281107	-0.004263256

1496211719687	0.002131628	0.00532907	-0.013056221

1496211719698	0.013056221	-0.0065281107	-0.013056221

1496211719708	0.010791367	-0.001065814	0.004263256

1496211719717	-0.003197442	0.0075939246	-0.0119904075

1496211719727	0.010791367	-0.009725553	0.0

1496211719737	-0.001065814	0.001065814	-0.00532907

1496211719747	0.0119904075	-0.001065814	-0.00532907

1496211719758	0.013056221	0.004263256	-0.013056221

1496211719767	0.003197442	0.003197442	0.0

1496211719777	0.004263256	-0.002131628	-0.004263256

1496211719787	-0.008659739	0.001065814	-0.002131628

1496211719799	0.0119904075	-0.009725553	-0.00532907

1496211719808	0.008659739	0.0119904075	0.001065814

1496211719817	0.032640554	0.0075939246	-0.001065814

1496211719827	0.018518519	0.0075939246	-0.0075939246

1496211719837	0.029443111	0.0	-0.00532907

1496211719847	0.035971224	0.010791367	-0.00532907

1496211719860	0.022781774	0.008659739	-0.00532907

1496211719867	0.029443111	0.003197442	-0.00532907

1496211719878	0.026112443	-0.002131628	0.001065814

1496211719887	0.022781774	-0.0075939246	-0.003197442

1496211719899	0.017452704	-0.020650147	0.0065281107

1496211719909	0.021715961	-0.010791367	0.0

1496211719927	0.019584332	-0.008659739	0.001065814

1496211719937	0.003197442	-0.001065814	0.004263256

1496211719947	0.0119904075	-0.003197442	0.002131628

1496211719958	-0.001065814	0.0	0.004263256

1496211719967	-0.02504663	0.017452704	0.003197442

1496211719977	-0.027178258	0.0119904075	0.0075939246

1496211719987	-0.021715961	-0.001065814	-0.002131628

1496211720003	-0.002131628	-0.00532907	0.001065814

1496211720007	0.0	0.001065814	-0.004263256

1496211720017	0.001065814	0.0065281107	-0.001065814

1496211720027	-0.00532907	0.003197442	0.0

1496211720037	-0.004263256	0.0065281107	-0.004263256

1496211720047	-0.0075939246	0.0065281107	0.003197442

1496211720057	-0.015187849	0.004263256	-0.001065814

1496211720067	-0.003197442	0.004263256	0.002131628

1496211720077	0.008659739	0.004263256	0.001065814

1496211720087	-0.0065281107	0.002131628	0.003197442

1496211720097	-0.001065814	0.00532907	0.001065814

1496211720108	0.010791367	-0.004263256	-0.002131628

1496211720125	0.0	0.009725553	-0.0075939246

1496211720130	0.002131628	0.008659739	-0.008659739

1496211720137	0.004263256	0.0119904075	-0.008659739

1496211720147	0.014122035	0.0065281107	0.004263256

1496211720157	-0.004263256	0.0119904075	-0.003197442

1496211720167	0.00532907	0.0119904075	0.004263256

1496211720177	0.004263256	0.002131628	0.004263256

1496211720187	-0.014122035	0.0075939246	-0.001065814

1496211720197	-0.004263256	-0.018518519	0.003197442

1496211720209	-0.015187849	-0.0065281107	-0.003197442

1496211720217	-0.008659739	-0.009725553	-0.003197442

1496211720227	-0.010791367	-0.013056221	0.0

1496211720237	-0.029443111	-0.0075939246	0.002131628

1496211720247	-0.030508926	-0.001065814	0.002131628

1496211720257	-0.019584332	-0.02824407	0.009725553

1496211720267	-0.042499334	-0.00532907	0.008659739

1496211720277	-0.033706367	-0.00532907	0.009725553

1496211720287	-0.0119904075	-0.009725553	0.004263256

1496211720298	-0.015187849	-0.003197442	0.0065281107

1496211720308	-0.003197442	-0.004263256	0.0065281107

1496211720317	-0.021715961	0.0	0.002131628

1496211720327	-0.008659739	0.00532907	0.004263256

1496211720337	-0.001065814	0.013056221	-0.013056221

1496211720347	0.02824407	0.004263256	0.00532907

1496211720357	0.03157474	0.029443111	-0.003197442

1496211720367	0.053423926	-0.001065814	-0.00532907

1496211720377	0.032640554	0.017452704	-0.002131628

1496211720387	0.034905408	0.017452704	-0.00532907

1496211720397	0.02504663	0.009725553	-0.003197442

1496211720411	0.03810285	0.009725553	-0.00532907

1496211720417	0.051159073	0.0	0.003197442

1496211720427	0.035971224	0.016253663	0.002131628

1496211720437	0.043565147	0.0	0.001065814

1496211720447	0.049027443	-0.001065814	0.0

1496211720457	0.042499334	0.004263256	0.004263256

1496211720467	0.046895817	0.004263256	0.002131628

1496211720477	0.030508926	0.008659739	0.0065281107

1496211720487	0.022781774	0.008659739	0.002131628

1496211720497	0.017452704	0.018518519	0.004263256

1496211720508	0.023980815	-0.001065814	0.002131628

1496211720527	0.018518519	-0.010791367	0.0

1496211720537	0.0065281107	0.002131628	-0.009725553

1496211720547	0.045696776	-0.03157474	0.002131628

1496211720565	0.032640554	-0.015187849	0.0

1496211720569	0.015187849	-0.002131628	0.002131628

1496211720590	0.026112443	-0.014122035	0.001065814

1496211720593	0.003197442	-0.00532907	-0.002131628

1496211720597	0.03157474	-0.014122035	0.001065814

1496211720607	0.021715961	0.002131628	-0.003197442

1496211720617	0.021715961	-0.0065281107	-0.00532907

1496211720627	0.014122035	0.002131628	-0.001065814

1496211720637	0.0075939246	0.0	-0.009725553

1496211720647	0.0	0.0065281107	-0.004263256

1496211720658	0.003197442	0.008659739	-0.002131628

1496211720667	0.018518519	0.0	-0.010791367

1496211720677	0.03157474	-0.008659739	-0.0065281107

1496211720687	0.014122035	-0.003197442	-0.0065281107

1496211720700	0.017452704	0.001065814	0.003197442

1496211720714	0.010791367	0.004263256	-0.009725553

1496211720727	0.018518519	-0.2715161	-0.0075939246

1496211720737	0.00532907	-0.015187849	-0.009725553

1496211720750	0.019584332	-0.013056221	-0.002131628

1496211720762	0.0119904075	0.00532907	-0.008659739

1496211720767	0.009725553	-0.003197442	-0.009725553

1496211720777	0.04143352	-0.020650147	-0.008659739

1496211720787	0.001065814	-0.008659739	-0.002131628

1496211720797	0.0075939246	0.00532907	0.0

1496211720807	0.009725553	0.0065281107	-0.0075939246

1496211720817	0.00532907	0.009725553	0.002131628

1496211720827	0.014122035	0.004263256	0.001065814

1496211720837	-0.008659739	0.008659739	-0.001065814

1496211720847	0.009725553	-0.009725553	0.001065814

1496211720857	-0.013056221	0.010791367	-0.004263256

1496211720867	0.013056221	-0.001065814	-0.001065814

1496211720877	0.0119904075	0.008659739	0.0065281107

1496211720887	0.00532907	-0.0065281107	-0.004263256

1496211720898	0.021715961	-0.013056221	0.004263256

1496211720916	-0.0065281107	0.00532907	-0.004263256

1496211720928	-0.0065281107	0.00532907	0.2748468

1496211720946	0.004263256	-0.013056221	-0.003197442

1496211720950	0.010791367	-0.009725553	-0.004263256

1496211720953	0.023980815	-0.022781774	0.003197442

1496211720958	0.004263256	-0.001065814	-0.001065814

1496211720967	0.018518519	-0.010791367	0.002131628

1496211720977	0.021715961	-0.009725553	0.0065281107

1496211720987	0.009725553	0.0	0.0

1496211720997	0.023980815	-0.0075939246	0.001065814

1496211721008	0.018518519	-0.001065814	0.003197442

1496211721017	0.016253663	0.008659739	0.001065814

1496211721027	0.03157474	0.008659739	0.00532907

1496211721037	0.022781774	0.00532907	-0.004263256

1496211721047	0.034905408	-0.003197442	0.0

1496211721057	0.013056221	-0.002131628	-0.00532907

1496211721067	0.00532907	0.013056221	0.002131628

1496211721078	0.016253663	-0.00532907	0.004263256

1496211721087	0.013056221	-0.002131628	-0.004263256

1496211721097	0.03810285	-0.009725553	0.004263256

1496211721107	0.027178258	-0.004263256	0.003197442

1496211721117	0.017452704	0.001065814	0.002131628

1496211721127	0.004263256	0.009725553	-0.0065281107

1496211721137	0.0065281107	0.015187849	-0.001065814

1496211721147	0.016253663	0.002131628	-0.001065814

1496211721157	0.0	0.002131628	-0.003197442

1496211721168	-0.008659739	0.0065281107	0.001065814

1496211721182	-0.0075939246	0.0	0.0075939246

1496211721188	-0.00532907	0.0065281107	0.001065814

1496211721197	0.010791367	0.00532907	0.003197442

1496211721211	0.001065814	0.009725553	0.001065814

1496211721217	0.0	-0.001065814	-0.0065281107

1496211721227	-0.0075939246	0.00532907	0.004263256

1496211721237	-0.009725553	0.0119904075	0.003197442

1496211721247	-0.018518519	0.022781774	0.010791367

1496211721267	0.0	-0.015187849	0.001065814

1496211721270	0.0	-0.015187849	0.001065814

1496211721277	-0.013056221	-0.008659739	0.00532907

1496211721292	-0.019584332	-0.0119904075	0.0

1496211721297	-0.015187849	-0.004263256	0.0065281107

1496211721307	-0.030508926	-0.00532907	-0.2748468

1496211721318	-0.02824407	-0.001065814	0.2769784

1496211721327	-0.019584332	-0.023980815	0.002131628

1496211721337	-0.018518519	-0.021715961	0.002131628

1496211721347	-0.02824407	-0.0065281107	0.0065281107

1496211721357	-0.039168663	-0.002131628	0.0065281107

1496211721367	-0.03157474	-0.004263256	0.00532907

1496211721377	-0.010791367	-0.019584332	0.002131628

1496211721388	-0.026112443	0.0	0.001065814

1496211721398	-0.021715961	-0.009725553	0.004263256

1496211721410	-0.023980815	-0.002131628	0.0065281107

1496211721417	-0.019584332	-0.0119904075	0.002131628

1496211721427	-0.029443111	0.010791367	0.003197442

1496211721437	-0.020650147	0.003197442	0.002131628

1496211721450	-0.0065281107	-0.016253663	0.0119904075

1496211721460	-0.04023448	0.013056221	0.008659739

1496211721467	0.0	-0.004263256	0.0

1496211721477	-0.002131628	-0.009725553	0.001065814

1496211721487	-0.018518519	-0.002131628	0.013056221

1496211721497	0.003197442	-0.0075939246	0.014122035

1496211721507	-0.020650147	0.019584332	0.00532907

1496211721517	0.013056221	-0.002131628	0.014122035

1496211721527	-0.002131628	0.016253663	-0.001065814

1496211721537	0.004263256	0.014122035	0.003197442

