1498310941557	63.5	-67.5	-73.25

1498310941601	63.5	-67.5	-73.25

1498310941642	63.75	-68.0	-73.25

1498310941692	63.75	-68.0	-73.25

1498310941743	64.0	-68.0	-73.25

1498310941795	64.0	-68.0	-73.25

1498310941844	64.5	-68.0	-73.25

1498310941894	64.5	-68.0	-73.25

1498310941945	64.75	-68.0	-73.0

1498310941996	64.75	-68.0	-73.0

1498310942046	64.75	-68.0	-73.0

1498310942096	64.75	-68.0	-73.0

1498310942146	64.75	-68.0	-73.0

1498310942196	64.75	-68.0	-73.0

1498310942246	64.75	-68.0	-73.0

1498310942296	64.75	-68.0	-73.0

1498310942347	64.75	-68.0	-73.0

1498310942397	64.75	-68.0	-73.0

1498310942447	64.5	-68.75	-73.5

1498310942497	64.5	-68.75	-73.5

1498310942547	64.0	-68.25	-73.5

1498310942597	64.0	-68.25	-73.5

1498310942672	64.25	-68.0	-73.25

1498310942698	64.25	-68.0	-73.25

1498310942749	64.25	-68.25	-73.25

1498310942799	64.25	-68.25	-73.25

1498310942849	64.0	-68.5	-73.0

1498310942899	64.0	-68.5	-73.0

1498310942950	64.0	-68.25	-72.5

1498310943000	64.0	-68.25	-72.5

1498310943050	64.25	-68.5	-72.75

1498310943100	64.25	-68.5	-72.75

1498310943151	64.75	-68.25	-72.75

1498310943201	64.75	-68.25	-72.75

1498310943259	64.75	-68.25	-72.75

1498310943307	64.75	-68.25	-72.75

1498310943354	64.75	-68.25	-72.75

1498310943404	64.75	-68.25	-72.75

1498310943455	64.75	-68.25	-72.75

1498310943512	64.75	-68.25	-72.75

1498310943555	64.75	-68.25	-72.75

1498310943605	64.75	-68.25	-72.75

1498310943655	64.75	-68.25	-72.75

1498310943710	64.75	-68.25	-72.75

1498310943755	64.75	-68.25	-72.75

1498310943805	64.75	-68.25	-72.75

1498310943856	64.75	-68.25	-72.75

1498310943906	64.75	-68.25	-72.75

1498310943969	64.75	-68.25	-72.75

1498310944007	64.75	-68.25	-72.75

1498310944058	64.75	-68.25	-72.75

1498310944108	64.75	-68.25	-72.75

1498310944159	64.75	-68.25	-72.75

1498310944209	64.75	-68.25	-72.75

1498310944260	64.75	-68.25	-72.75

1498310944311	64.75	-68.25	-72.75

1498310944361	64.75	-68.25	-72.75

1498310944411	64.75	-68.25	-72.75

1498310944462	64.75	-68.25	-72.75

1498310944512	64.75	-68.25	-72.75

1498310944562	64.75	-68.25	-72.75

1498310944613	64.75	-68.25	-72.75

1498310944664	64.75	-68.25	-72.75

1498310944714	64.75	-68.25	-72.75

1498310944765	64.75	-68.25	-72.75

1498310944836	64.75	-68.25	-72.75

1498310944865	64.75	-68.25	-72.75

1498310944915	64.75	-68.25	-72.75

1498310944966	64.75	-68.25	-72.75

1498310945033	64.75	-68.25	-72.75

1498310945067	64.75	-68.25	-72.75

1498310945117	64.75	-68.25	-72.75

1498310945167	64.75	-68.25	-72.75

1498310945217	64.75	-68.25	-72.75

1498310945268	64.75	-68.25	-72.75

1498310945319	64.75	-68.25	-72.75

1498310945370	64.75	-68.25	-72.75

1498310945420	64.75	-68.25	-72.75

1498310945471	64.75	-68.25	-72.75

1498310945521	64.75	-68.25	-72.75

1498310945572	64.75	-68.25	-72.75

1498310945622	64.75	-68.25	-72.75

1498310945680	64.75	-68.25	-72.75

1498310945723	64.75	-68.25	-72.75

1498310945774	64.75	-68.25	-72.75

1498310945824	64.75	-68.25	-72.75

1498310945875	64.75	-68.25	-72.75

1498310945925	64.75	-68.25	-72.75

1498310945975	64.75	-68.25	-72.75

1498310946025	64.75	-68.25	-72.75

1498310946075	64.75	-68.25	-72.75

1498310946125	64.75	-68.25	-72.75

1498310946176	64.75	-68.25	-72.75

1498310946226	64.75	-68.25	-72.75

1498310946276	64.75	-68.25	-72.75

1498310946327	64.75	-68.25	-72.75

1498310946378	64.75	-68.25	-72.75

1498310946429	64.75	-68.25	-72.75

1498310946479	64.75	-68.25	-72.75

