1495957491887	-3.85	-18.914	-0.201

1495957491892	-5.181	-19.345	-0.354

1495957491896	-4.941	-19.604	1.925

1495957491913	-4.146	-19.604	2.48

1495957491918	-3.945	-19.508	3.189

1495957491925	-2.777	-17.995	3.294

1495957491953	-0.737	-16.491	2.26

1495957491954	0.047	-15.265	0.028

1495957491971	-0.632	-14.116	-1.551

1495957491972	0.402	-12.546	0.038

1495957491977	2.078	-10.678	0.373

1495957491988	1.35	-9.127	-1.082

1495957491994	1.637	-7.316	-0.612

1495957492008	2.288	-3.792	0.44

1495957492025	2.365	-1.34	0.584

1495957492037	2.039	1.254	0.363

1495957492044	1.589	3.754	0.21

1495957492054	0.565	5.956	0.402

1495957492067	0.402	6.818	0.201

1495957492075	0.383	7.067	0.584

1495957492092	0.354	7.269	0.833

1495957492095	-0.373	6.636	0.833

1495957492106	-0.507	5.267	0.948

1495957492116	-0.383	4.003	1.407

1495957492124	-1.024	2.126	2.806

1495957492137	-1.79	-0.325	6.799

1495957492145	-2.298	-4.846	14.93

1495957492154	-6.215	-14.471	19.604

1495957492164	-17.439	-19.604	7.824

1495957492174	-0.526	-19.604	-18.886

1495957492186	6.905	-18.407	-9.682

1495957492195	5.162	-12.44	18.311

1495957492207	8.657	-6.972	13.206

1495957492214	7.259	-2.49	-13.762

1495957492224	5.545	-0.555	-11.128

1495957492237	2.001	-1.57	-7.221

1495957492244	-0.584	-5.334	-5.956

1495957492254	-0.363	-10.257	-4.079

1495957492264	-1.369	-17.631	1.35

1495957492275	-8.734	-19.604	2.308

1495957492289	-8.734	-19.604	3.074

1495957492296	-4.501	-18.876	2.48

1495957492305	-3.217	-15.524	1.513

1495957492315	-2.308	-13.264	1.053

1495957492325	0.258	-12.172	1.618

1495957492338	2.882	-12.182	1.168

1495957492344	4.644	-12.593	1.695

1495957492354	5.037	-14.087	3.361

1495957492364	3.284	-15.467	5.861

1495957492374	0.555	-14.911	7.374

1495957492386	-1.704	-12.747	6.617

1495957492395	-2.059	-9.768	5.487

1495957492410	-2.423	-7.039	4.96

1495957492414	-2.202	-4.711	3.16

1495957492425	-1.494	-2.719	1.273

1495957492436	-1.628	-1.455	0.967

1495957492444	-1.819	-0.574	1.963

1495957492454	-2.298	0.134	2.241

1495957492464	-2.47	0.708	2.078

1495957492474	-3.17	0.747	2.116

1495957492497	-4.022	0.488	2.231

1495957492498	-4.357	-0.22	2.02

1495957492521	-4.616	-1.043	1.666

1495957492522	-7.096	-2.643	2.298

1495957492525	-6.866	-4.328	2.279

1495957492536	-4.903	-8.15	-0.277

1495957492544	-2.758	-13.379	-2.145

1495957492554	-0.478	-17.526	-0.134

1495957492564	1.015	-18.799	7.297

1495957492574	2.786	-16.75	7.259

1495957492587	3.83	-16.051	5.363

1495957492595	4.951	-17.765	2.403

1495957492605	5.219	-19.594	-1.857

1495957492615	4.089	-19.604	-1.359

1495957492624	2.806	-19.604	-0.536

1495957492644	0.191	-19.604	-0.986

1495957492655	-3.227	-19.163	0.909

1495957492665	-5.095	-19.604	1.359

1495957492675	-6.981	-19.604	4.127

1495957492687	-6.282	-19.604	5.2

1495957492694	-4.692	-18.914	5.066

1495957492706	-2.767	-17.19	3.332

1495957492715	-2.03	-15.936	0.775

1495957492724	-2.212	-14.854	-0.622

1495957492736	-1.589	-13.628	0.22

1495957492745	-0.067	-12.258	0.469

1495957492755	2.164	-10.199	0.21

1495957492764	2.681	-6.273	-0.201

1495957492774	2.566	-4.539	-0.383

1495957492786	2.652	-3.486	-0.067

1495957492794	2.882	-0.459	0.191

1495957492806	2.557	1.034	0.153

1495957492814	2.892	1.963	-0.373

1495957492824	2.652	3.553	-0.507

1495957492836	2.47	4.376	-0.421

1495957492845	2.126	5.257	-0.459

1495957492855	1.426	5.976	-0.105

1495957492864	0.881	6.454	0.66

1495957492875	0.555	6.981	1.34

1495957492892	0.0	6.761	1.618

1495957492895	-0.249	5.832	2.174

1495957492908	-0.565	4.252	3.763

1495957492925	-1.388	1.34	8.245

1495957492927	-2.767	-4.529	17.353

1495957492936	-8.111	-15.639	19.604

1495957492945	-19.307	-19.604	14.863

1495957492955	-13.398	-19.604	-14.585

1495957492966	9.289	-17.861	0.871

1495957492975	9.289	-9.644	0.871

1495957492985	19.604	-5.631	19.604

1495957492994	7.632	3.85	-12.651

1495957493004	3.773	3.007	-7.46

1495957493016	0.229	-2.078	-4.903

1495957493026	-1.972	-7.632	-4.836

1495957493037	-0.814	-15.352	-1.283

1495957493044	-1.685	-19.604	2.71

1495957493054	-8.207	-19.604	0.957

1495957493064	-11.99	-19.604	1.905

1495957493074	-5.947	-19.575	1.676

1495957493086	-3.007	-15.735	1.302

1495957493094	-2.643	-12.009	0.948

1495957493105	-1.494	-11.214	0.363

1495957493115	0.881	-11.751	1.13

1495957493127	2.48	-12.028	2.154

1495957493137	2.825	-12.325	2.777

1495957493144	2.394	-13.81	4.52

1495957493155	0.181	-15.333	7.556

1495957493164	-3.055	-15.208	9.05

1495957493174	-5.42	-13.293	7.795

1495957493189	-6.186	-10.63	5.277

1495957493194	-4.941	-6.943	3.735

1495957493205	-4.223	-4.415	3.83

1495957493216	-1.982	-2.413	0.354

1495957493225	-1.982	-0.833	0.66

1495957493236	-0.833	0.928	2.193

1495957493244	-1.245	0.938	2.652

1495957493254	-2.375	0.507	2.71

1495957493265	-3.141	0.057	2.624

1495957493275	-4.022	-0.172	2.308

1495957493286	-5.123	-0.814	1.829

1495957493295	-6.713	-1.781	1.676

1495957493307	-7.556	-2.681	2.241

1495957493317	-6.742	-4.099	1.561

1495957493326	-4.031	-7.125	-1.312

1495957493338	-2.308	-11.76	-3.457

1495957493344	-2.777	-17.353	-1.541

1495957493355	-1.101	-18.368	6.359

1495957493364	3.888	-16.261	12.067

1495957493379	6.273	-19.068	4.204

1495957493405	7.824	-19.604	-1.982

1495957493420	5.114	-19.604	-0.411

1495957493426	1.695	-19.604	0.9

1495957493437	-1.513	-19.355	0.814

1495957493444	-4.175	-19.46	1.436

1495957493454	-5.976	-19.604	2.949

1495957493464	-6.273	-19.604	5.717

1495957493475	-4.376	-19.02	4.07

1495957493492	-3.447	-17.832	0.957

1495957493497	-3.811	-17.334	-1.532

1495957493505	-2.758	-16.223	-0.976

1495957493516	-1.149	-14.633	-0.498

1495957493525	-0.555	-12.067	-0.316

1495957493537	0.517	-8.753	-0.114

1495957493544	1.245	-5.985	-0.565

1495957493555	1.972	-3.342	-0.344

1495957493565	2.547	-0.852	-0.565

1495957493574	2.815	0.766	-0.028

1495957493586	3.658	2.949	-0.067

1495957493595	3.438	5.755	-0.354

1495957493604	3.457	7.288	-0.708

1495957493615	3.438	7.719	-0.871

1495957493625	3.026	7.939	-1.034

1495957493636	2.509	8.217	-0.833

1495957493645	1.953	7.862	-0.584

1495957493656	1.13	6.991	-0.009

1495957493664	0.507	5.411	0.507

1495957493674	-0.411	3.553	1.494

1495957493686	-1.13	1.781	2.815

1495957493695	-3.639	-3.888	11.128

1495957493704	-4.999	-8.897	18.685

1495957493715	-3.457	-16.798	19.604

1495957493725	-0.067	-19.604	12.383

1495957493736	-3.715	-19.604	-19.278

1495957493745	2.039	-19.403	-15.495

1495957493756	4.328	-7.968	-2.643

1495957493765	14.02	0.363	18.005

1495957493774	12.182	4.242	-1.704

1495957493788	7.738	4.52	-9.988

1495957493795	5.104	2.537	-5.794

1495957493804	2.71	-2.26	-4.865

1495957493816	4.07	-8.265	-6.081

1495957493825	5.803	-15.246	-4.798

1495957493837	0.641	-19.604	-4.711

1495957493844	-10.544	-19.604	1.963

1495957493854	-18.512	-19.604	8.581

1495957493864	-12.574	-19.546	3.256

1495957493874	-7.632	-14.643	0.622

1495957493886	-5.296	-9.988	0.028

1495957493896	-3.122	-8.054	0.306

1495957493908	-0.794	-8.006	0.335

1495957493918	1.005	-9.615	1.676

1495957493926	1.541	-11.645	2.758

1495957493937	1.388	-12.986	3.754

1495957493945	-0.363	-15.122	5.487

1495957493955	-2.403	-13.733	7.364

1495957493965	-3.131	-11.664	6.263

1495957493975	-3.026	-8.887	5.602

1495957493987	-2.767	-6.397	5.526

1495957493995	-3.505	-5.152	3.581

1495957494004	-3.466	-3.658	2.442

1495957494015	-2.71	-1.944	2.758

1495957494028	-2.892	-0.996	3.581

1495957494037	-3.601	-0.708	3.141

1495957494045	-3.993	-0.45	2.537

1495957494054	-4.472	-0.114	2.193

1495957494064	-5.449	-0.411	1.867

1495957494074	-6.78	-1.11	1.426

1495957494088	-7.412	-2.164	1.733

1495957494095	-7.269	-3.495	1.503

1495957494105	-5.564	-4.185	0.306

1495957494117	-2.394	-6.454	-1.972

1495957494125	-0.134	-10.467	-3.964

1495957494137	1.216	-13.293	0.249

1495957494144	2.643	-12.814	9.059

1495957494154	3.198	-12.957	10.017

1495957494164	2.882	-16.099	6.502

1495957494174	6.569	-18.263	0.632

1495957494186	7.901	-19.604	-1.723

1495957494196	8.255	-19.604	0.498

1495957494205	4.96	-19.604	0.66

1495957494216	1.11	-18.838	0.009

1495957494225	-1.292	-18.062	0.153

1495957494236	-3.083	-18.991	2.49

1495957494244	-4.491	-19.604	3.409

1495957494254	-6.177	-19.604	3.869

1495957494264	-5.909	-19.604	4.673

1495957494274	-4.357	-18.78	4.185

1495957494287	-3.15	-16.692	2.116

1495957494296	-2.767	-15.476	0.555

1495957494304	-2.566	-15.064	0.603

1495957494315	-1.934	-14.116	0.718

1495957494325	0.306	-11.502	0.66

1495957494338	1.091	-8.734	-0.009

1495957494345	2.116	-5.947	-0.181

1495957494355	2.403	-4.29	-0.134

1495957494365	2.786	-1.925	0.028

1495957494376	2.499	0.325	0.201

1495957494386	2.336	1.561	-0.181

1495957494395	2.193	3.773	0.181

1495957494404	1.857	4.951	0.239

1495957494416	1.177	6.177	0.038

1495957494425	0.785	6.78	0.172

1495957494436	-0.067	7.077	0.478

1495957494444	-1.091	6.215	1.063

1495957494455	-1.896	4.587	1.838

1495957494465	-2.509	2.882	2.777

1495957494474	-3.102	0.699	4.769

1495957494487	-4.079	-2.298	8.791

1495957494495	-4.644	-7.977	16.261

1495957494505	-8.581	-17.009	19.441

1495957494516	-18.694	-19.604	7.221

1495957494526	-0.641	-19.604	-15.898

1495957494538	11.684	-16.223	-16.999

1495957494545	13.101	-10.372	12.182

1495957494555	19.278	-7.259	19.115

1495957494565	12.22	-0.622	-8.743

1495957494575	5.602	2.097	-14.068

1495957494587	1.656	0.296	-6.742

1495957494594	-0.325	-4.051	-4.089

1495957494604	-0.363	-9.155	-5.209

1495957494616	-0.316	-16.702	-0.775

1495957494625	-5.391	-19.604	-0.019

1495957494639	-12.23	-19.604	4.06

1495957494647	-12.23	-19.604	2.25

1495957494655	-6.11	-13.906	0.612

1495957494665	-4.568	-11.253	0.833

1495957494674	-3.131	-10.774	0.89

1495957494686	-1.446	-11.281	1.206

1495957494695	-0.21	-12.239	2.001

1495957494704	1.158	-14.25	2.978

1495957494717	1.034	-16.281	3.715

1495957494725	0.794	-15.763	6.598

1495957494736	-0.45	-13.781	7.393

1495957494744	-0.335	-10.707	6.081

1495957494754	-0.593	-7.719	4.405

1495957494764	-1.168	-6.052	4.012

1495957494774	-1.197	-4.06	2.777

1495957494787	-1.072	-2.537	2.001

1495957494795	-1.034	-0.948	1.992

1495957494805	-1.446	0.067	2.317

1495957494816	-1.838	0.775	2.662

1495957494825	-2.518	0.986	3.562

1495957494836	-3.342	0.976	3.744

1495957494844	-3.974	0.718	2.662

1495957494854	-4.309	-0.057	1.982

1495957494864	-5.085	-1.139	2.298

1495957494874	-6.531	-2.126	2.7

1495957494886	-3.706	-3.572	-1.541

1495957494895	-1.522	-12.565	-5.296

1495957494909	-0.047	-15.821	-2.892

1495957494918	1.781	-14.94	6.684

1495957494925	1.829	-15.333	8.456

1495957494939	1.8	-17.545	7.077

1495957494945	4.204	-19.432	4.836

1495957494955	6.541	-19.604	0.469

1495957494965	6.253	-19.604	-1.206

1495957494974	5.152	-19.604	-0.268

1495957494986	3.17	-19.604	-0.009

1495957494995	1.484	-19.432	-0.153

1495957495006	0.268	-19.173	1.245

1495957495016	-0.938	-19.489	1.628

1495957495025	-3.658	-19.604	3.869

1495957495036	-5.803	-19.604	6.043

1495957495044	-5.966	-19.604	5.889

1495957495054	-5.008	-19.058	3.888

1495957495064	-4.759	-18.483	0.038

1495957495074	-3.859	-17.717	-0.871

1495957495086	-3.639	-16.357	0.536

1495957495095	-2.394	-14.509	0.392

1495957495105	0.363	-11.052	0.086

1495957495116	1.8	-6.991	-0.967

1495957495125	2.576	-6.991	-0.861

1495957495137	2.892	-0.296	-0.44

1495957495144	2.844	1.398	-0.22

1495957495154	2.863	2.911	-0.632

1495957495164	2.25	2.959	-1.11

1495957495174	2.279	3.955	-1.781

1495957495193	1.551	4.568	-1.637

1495957495195	0.967	5.324	-0.938

1495957495205	0.699	6.646	0.363

1495957495215	0.555	7.278	1.503

1495957495225	0.335	7.259	2.001

1495957495238	-0.057	6.368	2.154

1495957495245	-0.335	4.836	2.94

1495957495255	-1.331	3.112	4.529

1495957495265	-2.499	1.245	7.728

1495957495275	-2.614	-2.269	12.392

1495957495287	-2.365	-11.08	16.539

1495957495296	-12.115	-19.173	8.676

1495957495304	-5.573	-19.604	-8.006

1495957495316	9.605	-19.604	-13.455

1495957495325	9.605	-19.46	8.734

1495957495336	8.533	-14.059	14.796

1495957495345	5.104	-7.403	-7.68

1495957495355	2.643	-3.102	-7.987

1495957495364	-1.11	-2.068	-3.332

1495957495374	0.124	-7.968	-3.093

1495957495386	1.264	-13.982	-1.81

1495957495395	-1.819	-19.556	-1.8

1495957495405	-6.454	-19.604	-0.134

1495957495416	-10.87	-19.604	2.317

1495957495426	-9.021	-19.604	1.819

1495957495443	-6.435	-17.286	1.235

1495957495445	-4.74	-13.724	0.651

1495957495459	-3.15	-12.44	1.685

1495957495465	-1.034	-12.469	1.896

1495957495475	0.21	-13.398	3.256

1495957495490	1.867	-14.7	5.056

1495957495495	1.494	-15.342	5.133

1495957495505	1.379	-14.518	7.048

1495957495515	0.823	-12.191	8.159

1495957495525	0.708	-9.51	5.516

1495957495538	1.053	-6.713	2.806

1495957495544	0.287	-4.309	1.963

1495957495555	-0.555	-2.758	1.398

1495957495565	-0.488	-1.359	0.708

1495957495574	-0.948	-0.162	1.273

1495957495587	-1.838	0.459	2.145

1495957495595	-2.298	0.766	2.279

1495957495604	-3.735	0.747	2.336

1495957495617	-4.836	0.095	1.101

1495957495625	-6.119	-0.976	1.063

1495957495636	-7.412	-2.164	2.442

1495957495644	-8.686	-2.815	4.721

1495957495655	-8.954	-3.773	6.598

1495957495664	-7.422	-6.167	4.079

1495957495674	-3.581	-10.678	0.498

1495957495686	-0.517	-15.467	-1.331

1495957495695	-1.053	-18.483	2.432

1495957495705	-0.651	-17.526	5.736

1495957495716	-0.785	-17.258	2.327

1495957495725	0.574	-19.25	2.614

1495957495736	3.591	-19.604	-1.072

1495957495744	5.784	-19.604	-2.93

1495957495754	3.486	-19.604	-0.469

1495957495764	2.068	-19.604	2.968

1495957495774	0.421	-18.617	2.748

1495957495787	0.268	-16.788	1.743

1495957495795	-0.363	-17.162	0.651

1495957495805	-0.861	-17.756	1.628

1495957495815	-2.049	-17.554	4.156

1495957495825	-3.141	-17.401	4.865

1495957495838	-2.672	-17.325	3.907

1495957495845	-2.834	-17.545	0.478

1495957495855	-0.766	-16.08	0.66

1495957495865	1.407	-13.063	0.411

1495957495875	1.561	-11.071	-0.565

1495957495887	2.672	-7.862	-0.421

1495957495895	3.754	-5.765	-0.574

1495957495906	3.533	-2.403	-0.258

1495957495916	3.035	-0.162	-0.287

1495957495925	2.873	2.135	-0.287

1495957495937	2.585	3.696	0.21

1495957495945	3.428	4.175	1.015

1495957495958	2.978	4.635	0.976

1495957495965	2.672	4.529	0.277

1495957495975	2.336	4.328	0.114

1495957495986	1.561	4.118	0.545

1495957495994	0.775	4.003	1.11

1495957496004	0.201	3.869	1.273

1495957496016	-0.737	3.189	0.708

1495957496028	-1.426	2.279	1.168

1495957496042	-1.963	1.245	2.652

1495957496046	-2.327	0.028	5.775

1495957496056	-3.361	-1.695	11.454

1495957496066	-4.06	-7.039	18.455

1495957496076	-2.863	-15.802	1.551

1495957496089	4.051	-19.604	-15.945

1495957496095	6.761	-19.326	-7.479

1495957496106	7.0	-13.877	6.091

1495957496117	6.205	-8.676	12.909

1495957496125	2.308	-4.903	-6.282

1495957496136	-0.708	-1.752	-10.161

1495957496144	-2.461	-2.327	-5.209

1495957496155	-3.38	-5.794	-3.591

1495957496165	-1.513	-10.123	-2.413

1495957496174	-1.57	-16.3	-0.191

1495957496186	-5.344	-19.604	0.861

1495957496195	-8.475	-19.604	1.992

1495957496204	-7.364	-19.604	1.79

1495957496216	-6.368	-19.24	-0.114

1495957496225	-4.98	-15.706	0.747

1495957496236	-2.585	-12.383	1.676

1495957496245	0.383	-11.099	2.461

1495957496256	1.666	-11.243	4.079

1495957496265	2.097	-11.894	4.453

1495957496274	1.388	-12.507	3.869

1495957496286	0.0	-14.03	3.208

1495957496296	-3.419	-14.7	4.606

1495957496305	-3.419	-13.35	4.606

1495957496316	-2.566	-8.619	4.242

1495957496326	-2.863	-7.0	4.118

1495957496338	-2.681	-5.516	3.141

1495957496352	-2.183	-4.012	2.279

1495957496355	-1.752	-2.949	2.241

1495957496366	-2.241	-2.375	2.499

1495957496375	-2.614	-1.819	2.279

1495957496390	-3.026	-1.063	1.676

1495957496394	-3.782	-0.373	1.11

1495957496404	-4.529	-0.019	1.446

1495957496416	-5.142	0.028	2.03

1495957496426	-5.075	-0.258	3.581

1495957496437	-5.42	-0.89	5.956

1495957496444	-4.74	-1.676	7.0

1495957496454	-3.696	-5.114	2.844

1495957496464	-1.972	-12.316	-0.814

1495957496474	-0.919	-17.009	-0.565

1495957496486	-1.666	-19.479	4.616

1495957496494	0.229	-18.55	4.683

1495957496505	-0.517	-18.474	3.744

1495957496517	1.551	-19.537	4.319

1495957496526	3.945	-19.604	-0.124

1495957496546	3.677	-19.604	-4.07

1495957496548	2.317	-19.604	-1.474

1495957496556	0.938	-19.24	4.348

1495957496571	0.43	-15.735	2.786

1495957496574	-0.172	-16.645	1.532

1495957496587	-2.221	-18.033	1.972

1495957496595	-3.811	-18.819	3.993

1495957496604	-3.993	-18.522	4.75

1495957496616	-2.901	-18.062	3.696

1495957496625	-3.304	-18.273	1.522

1495957496636	-3.706	-17.803	0.316

1495957496645	-2.078	-16.587	0.67

1495957496656	-0.344	-13.657	0.201

1495957496665	1.063	-10.764	-0.181

1495957496675	2.212	-7.671	-0.574

1495957496688	3.035	-6.091	-0.258

1495957496701	3.16	-2.988	0.584

1495957496708	3.189	-0.469	0.67

1495957496715	2.901	0.459	0.545

1495957496728	3.227	2.202	1.522

1495957496736	3.399	2.758	1.771

1495957496746	2.739	2.949	1.216

1495957496754	2.346	2.739	0.354

1495957496764	2.03	2.892	0.22

1495957496774	1.34	3.179	0.555

1495957496786	0.555	3.715	1.206

1495957496795	-1.733	4.031	1.637

1495957496807	-2.135	3.648	1.628

1495957496816	-2.336	2.25	2.164

1495957496825	-2.47	0.191	4.415

1495957496836	-3.17	-2.097	9.299

1495957496844	-3.945	-7.355	17.095

1495957496854	-7.383	-17.143	18.225

1495957496864	-11.176	-19.604	-1.647

