1495210888815	-0.39894155	0.45540056	-0.36272255

1495210888826	-0.52331114	0.10173275	-0.4679174

1495210888837	-0.5885586	-0.44474792	-0.5589975

1495210888848	-0.63037026	-1.0167949	-0.64794713

1495210888890	-0.7123956	-1.454086	-0.72198296

1495210888962	-0.8447547	-1.6570189	-0.7981494

1495210888968	-1.1510183	-1.3997575	-1.0791129

1495210888972	-1.5984293	-0.6711166	-1.3329122

1495210888975	-2.4301345	0.07563378	-1.5986956

1495210888978	-3.3529198	0.28868666	-1.9678098

1495210888980	-4.0011334	0.1784318	-2.4985778

1495210888982	-4.1968756	0.25406557	-3.0644996

1495210888984	-3.981426	0.58483016	-3.299124

1495210888989	-3.1097732	1.4263891	-2.406965

1495210888992	-2.5489116	1.7241305	-1.5161376

1495210889090	-1.8271948	1.6761936	-0.68203557

1495210889092	-1.1249193	0.65247446	-0.6314355

1495210889094	-1.0018812	-0.44741106	-1.1283814

1495210889099	-1.2937636	-0.1784318	-1.2468921

1495210889101	-1.3014868	0.9736517	-1.4508902

1495210889104	-1.2279836	1.365669	-1.6373115

1495210889106	-1.2146678	0.52837116	-1.6205336

1495210889111	-0.8772453	0.2593919	-1.470065

1495210889114	-0.63862604	0.087884314	-1.2026836

1495210889116	-0.520648	-0.21571605	-0.953678

1495210889384	-0.38722363	-0.75633776	-0.7483483

1495210889386	-0.27537087	-1.7608821	-0.55580175

1495210889389	-0.14966966	-2.7425234	-0.35739622

1495210889391	0.009054748	-3.2522523	-0.059388492

1495210889398	0.14008227	-3.0365362	-0.016511599

1495210889400	0.31824777	-2.7846012	0.020506341

1495210889403	0.54941016	-2.4399881	0.079095885

1495210889405	0.8245147	-1.991512	0.19947077

1495210889408	1.1259845	-1.4674017	0.43809

1495210889411	1.6761936	-0.5363607	1.0865698

1495210889413	1.9001654	-0.23435818	1.3414342

1495210889416	2.1371868	-0.06551377	1.4721955

1495210889418	-1.940113	-3.1941955	-3.1704934

1495210889420	-1.2602079	-2.5220137	-3.5438685

1495210889423	-0.48682585	-0.18588865	-2.3329291

1495210889425	0.6892261	3.7215014	-0.42077947

1495210889496	0.87058735	4.381965	0.36964676

1495210889499	1.0293118	4.6823697	1.0764498

1495210889503	1.1523498	4.706871	1.5454324

1495210889505	0.92757905	3.8472025	1.839978

1495210889509	0.6892261	1.5638082	1.8136127

1495210889529	0.6460829	-1.73212	1.4588797

1495210889538	0.52837116	-4.24934	1.3531522

1495210889620	0.67484504	-4.695686	1.6061525

1495210889623	1.8671423	-3.2852757	1.2977585

1495210889630	1.7004284	-1.5867114	0.99069595

1495210889633	1.1941614	-0.34993938	0.81412834

1495210889634	0.81066626	-0.34301516	0.59148806

1495210889636	0.69748193	-0.4910869	0.30280143

1495210889639	0.8317052	-0.027164243	0.06178534

1495210889643	1.2215921	0.5044027	-0.101999074

1495210889644	1.6852484	0.17470337	-0.13475595

1495210889647	1.7403758	-0.7728494	-0.12783173

1495210889649	0.690824	-1.0508834	0.0561927

1495210889712	0.47484162	-0.39254996	0.101999074

1495210889713	0.47510794	0.38615838	0.082025364

1495210889714	0.29028457	1.0583402	-0.03542004

1495210889715	-0.03195793	1.5142734	-0.17869811

1495210889716	-0.2016013	1.567004	-0.28309402

1495210889716	-0.0958738	1.1227888	-0.28362668

1495210889728	0.12516858	0.53103435	-0.24527714

1495210889740	0.39281628	0.2514024	-0.23675503

1495210889754	0.94568855	0.5299691	-0.3006709

1495210889765	0.89588743	0.6066681	-0.29294774

1495210889777	0.6791061	0.5209143	-0.22929817

1495210889788	0.4878911	0.44048685	-0.20399815

1495210889800	0.42317632	0.44741106	-0.1768339

1495210889813	0.46978164	0.50600064	-0.10945592

1495210889825	0.5699165	0.56938386	0.007989483

1495210889837	0.6564692	0.5795039	0.12650016

1495210889864	0.68150294	0.5187838	0.2213087

1495210889865	0.6668556	0.36272255	0.36938044

1495210889873	0.6428871	0.051132694	0.71106404

1495210889885	0.6562029	-0.0015978967	0.84555364

1495210889897	0.6849651	0.04314321	0.9424927

1495210889909	0.69135666	0.21198763	0.9882991

1495210889920	0.62238073	0.45486793	0.96805906

1495210889933	0.4993427	0.6514092	0.8743158

1495210889944	0.37736994	0.7078682	0.7552725

1495210889957	0.2942793	0.6098639	0.6982809

1495210889968	0.2412824	0.4133226	0.70467246

1495210889980	0.22450449	0.033023197	0.68363345

1495210889993	0.2263687	-0.5411543	0.5888249

1495210890004	0.29694247	-1.0679276	0.4032026

1495210890016	0.4167847	-0.72970617	0.2724414

1495210890028	0.48522797	-0.17044231	0.16884442

1495210890041	0.3787015	0.3158509	0.05486112

1495210890053	0.11052119	0.5273059	-0.133957

1495210890065	-0.24261399	0.49960902	-0.32783514

1495210890078	-0.60720074	0.34887412	-0.5001417

1495210890089	-0.9036106	0.15339808	-0.7099988

1495210890102	-1.1824435	-0.070307456	-0.88843054

1495210890114	-2.0077572	0.17949706	-1.3310479

1495210890126	-2.499643	0.6135923	-1.5672703

1495210890148	-2.8692899	0.850081	-1.7923075

1495210890180	-2.9984531	0.8681905	-1.9995013

1495210890181	-2.8581045	0.8159926	-2.0932446

1495210890182	-2.5292041	0.74035877	-2.0056267

1495210890188	-2.1981733	0.721184	-1.8868496

1495210890201	-2.0085561	0.9400959	-1.7145431

1495210890214	-1.5811188	1.5781893	-1.128115

1495210890225	-1.32945	0.9443569	-0.96939063

1495210890238	-1.2436962	-0.20612867	-0.92065483

1495210890248	-1.3528858	-1.200553	-1.0982877

1495210890264	-1.5097461	-1.4141386	-1.2325109

1495210890276	-1.3781859	-0.84155893	-1.2434299

1495210890291	-0.819721	0.03834952	-1.4088123

1495210890303	-0.53502905	0.0479369	-1.4825819

1495210890316	-0.27137613	-0.10279802	-1.4847124

1495210890331	-0.017310547	-0.28655612	-1.5201324

1495210890342	0.12783173	-0.7318367	-1.5472966

1495210890356	0.14327806	-1.3938985	-1.5302523

1495210890371	-0.054062173	-2.5369272	-1.3222595

1495210890383	-0.21092236	-2.6908581	-1.113734

1495210890395	-0.35127094	-2.541721	-0.8594021

1495210890408	-0.37337518	-2.2892532	-0.58429754

1495210890420	-0.20106867	-2.0229373	-0.3110572

1495210890433	0.5238438	-1.4812502	0.06657903

1495210890446	0.89508843	-1.1819109	0.17257284

1495210890461	1.1914983	-0.86392945	0.2793656

1495210890473	1.4000238	-0.5091964	0.41518682

1495210890485	1.5776566	-0.22743396	0.6327671

1495210890501	1.7635453	0.03355583	0.8676579

1495210890509	1.9616845	0.24767399	1.0934939

1495210890522	2.4248083	0.57417756	1.602424

1495210890534	2.6493127	0.71159667	1.8522285

1495210890546	2.8141625	0.77391464	2.118811

1495210890559	2.8189561	0.6428871	2.4349282

1495210890572	2.4636903	0.10865697	2.715093

1495210890585	1.3688648	-1.0423613	2.5347967

1495210890599	-0.58243334	-2.0948424	1.6588831

1495210890612	-2.6620958	-1.7374463	-2.0855215

1495210890626	-1.3518206	-1.4929681	-3.3345442

1495210890638	-0.29640985	-0.314253	-2.6695528

1495210890660	0.06791061	1.216532	-1.5142734

1495210890662	0.18269286	2.900715	-0.62531024

1495210890675	0.44448158	2.9289446	0.72970617

1495210890688	0.44448158	2.3542345	0.9869675

1495210890699	-0.25300032	1.5275892	0.9933591

1495210890711	-0.00479369	0.40906155	0.73316824

1495210890723	0.23222765	-1.2522184	0.6468818

1495210890735	0.4063984	-2.606702	0.9518138

1495210890748	0.6791061	-2.779275	0.9781791

1495210890759	1.0546118	-1.984055	0.7800399

1495210890772	1.1558119	-1.2303804	0.6045376

1495210890786	0.2609898	-1.433846	0.3787015

1495210890798	0.27164245	-2.495382	0.28549087

1495210890821	0.59601545	-1.7560885	0.040746365

1495210890824	0.9835054	0.35952675	-0.1488707

1495210890834	1.3989586	1.4817829	-0.3387541

1495210890848	1.7403758	0.83037364	-0.531567

1495210890858	1.7672738	-0.6061355	-0.5861618

1495210890873	0.5784386	-2.4341292	-0.12863068

1495210890886	0.22050974	-1.8439728	0.34248254

1495210890899	0.2660498	-0.8250473	0.6828345

1495210890912	0.4327637	-0.18588865	0.7089335

1495210890926	0.5683186	-0.06338324	0.8839032

1495210890939	0.675644	-0.07243799	1.0112023

1495210890952	0.8514126	0.24074976	0.92012215

1495210890966	0.8426242	0.29561087	0.8085357

1495210890979	0.8444884	0.2034655	0.6889598

1495210890992	0.9470201	0.14274544	0.54807854

1495210891006	1.155013	0.41172472	0.42530683

1495210891019	1.135572	0.6354303	0.34141725

1495210891032	1.0396981	0.9219864	0.3075951

1495210891045	0.958738	1.1648667	0.32091093

1495210891064	0.9760485	1.2239889	0.36139098

1495210891070	1.0636666	1.0114686	0.4396879

1495210891080	1.0040118	0.66632295	0.57151437

1495210891092	0.25859293	0.29614353	0.7946873

1495210891104	-0.0628506	0.25832662	0.78723043

1495210891118	-0.2428803	0.35153726	0.727043

1495210891129	-0.23222765	0.6040049	0.6034723

1495210891142	-0.028495824	0.9033443	0.44208476

1495210891154	0.13688648	1.0791129	0.27537087

1495210891166	0.07803062	0.96140116	0.09534117

1495210891179	-0.09640643	0.49960902	-0.06924219

1495210891193	-0.19148129	-0.7435546	-0.16990969

1495210891205	-0.18429075	-1.1350393	-0.109988555

1495210891218	-0.22663501	-1.220793	-0.03195793

1495210891230	-0.3368899	-0.93157375	-0.02743056

1495210891243	-0.5219796	-0.5075985	-0.13022858

1495210891255	-0.83996105	-0.15819177	-0.2841593

1495210891267	-1.3028184	0.03568636	-0.5006743

1495210891279	-2.4993768	-0.33822146	-1.2772521

1495210891292	-3.0192258	-0.6061355	-1.7313211

1495210891304	-3.2860746	-0.50173956	-2.0604877

1495210891318	-3.3028524	-0.04527374	-2.262888

1495210891329	-3.125486	0.43782368	-2.3062975

1495210891341	-2.9036446	0.7456851	-2.2343922

1495210891353	-2.7808728	1.077515	-2.150769

1495210891365	-2.6381273	1.4935007	-1.9305255

1495210891390	-2.2298648	1.8258632	-1.4620755

1495210891391	-0.6668556	0.28708878	-1.051416

1495210891402	-0.46711847	-0.20080236	-1.2639363

1495210891414	-0.7323693	-0.2412824	-1.4349113

1495210891426	-0.77258307	-0.5187838	-1.4761902

1495210891438	-0.53502905	-0.7861652	-1.5177355

1495210891452	-0.16298546	-0.799481	-1.6128104

1495210891464	0.007190535	-0.82611257	-1.6287893

1495210891476	-0.15020229	-1.2277173	-1.5398397

1495210891489	-0.3009372	-1.6559536	-1.134773

1495210891502	-0.1635181	-2.0676782	-1.0681939

1495210891514	-0.02609898	-2.8367991	-1.0636666

1495210891540	0.10705908	-3.4967306	-1.0745856

1495210891541	0.21784659	-3.7662425	-1.0847056

1495210891550	0.31505197	-3.7662425	-1.0277139

1495210891563	0.39148468	-3.6703687	-0.88443583

1495210891575	0.46898267	-3.4530547	-0.633566

1495210891587	0.7206514	-2.3180156	0.12516858

1495210891599	1.0135992	-1.506284	0.464189

1495210891614	1.4322481	-0.80533993	0.5659217

1495210891625	1.8269285	-0.23915187	0.479369

1495210891638	2.0991037	0.36485308	0.3749731

1495210891650	2.212288	0.9470201	0.30706248

1495210891664	2.288987	1.109473	0.6314355

1495210891676	2.3198798	1.0173275	0.93636745

1495210891689	2.3371902	0.93849796	1.2543489

1495210891715	2.3070965	0.7004114	1.5747272

1495210891716	2.1257353	0.11132014	1.8716697

1495210891724	1.7992316	-0.7307714	2.0090888

1495210891736	1.3393037	-1.5238608	1.7627463

1495210891748	0.66632295	-1.8983012	1.2524847

1495210891763	-1.7025589	-0.4282363	0.48735848

1495210891775	-2.1694112	0.18002969	-0.86206526

1495210891788	-0.92651373	0.5086638	-2.4157534

1495210891798	0.3406183	1.7656758	-2.6093652

1495210891810	0.7882957	3.1228228	-1.6943032

1495210891825	0.633566	3.584615	-0.8993495

1495210891837	0.40852892	3.724697	-0.52837116

1495210891849	0.27537087	3.6155076	-0.12250541

1495210891860	0.29507825	3.1547806	0.39148468

1495210891873	0.73343456	0.5763081	1.5547534

1495210891888	0.9302422	-0.7669904	2.0716732

1495210891901	1.0982877	-2.1885858	2.2828617

1495210891913	1.2061456	-3.4866107	2.12467

1495210891929	1.7470337	-4.287689	1.3800501

1495210891939	2.0937772	-2.2264028	0.7595336

1495210891960	1.9254655	0.6109292	0.46818373

1495210891963	1.2351742	2.2109563	0.504669

1495210891975	0.5368933	2.4644892	0.33103094

1495210891988	0.23782028	1.7789917	0.14807177

1495210891999	0.1685781	0.40959418	0.09880328

1495210892011	0.09134643	-1.0737866	0.20772657

1495210892024	0.1307612	-2.2743397	0.40266997

1495210892038	0.3155846	-2.9252162	0.8066715

1495210892050	0.48336375	-2.172607	0.59894496

1495210892064	1.1089402	-1.6948358	0.14114754

1495210892075	1.6471652	-1.3006879	-0.18935075

1495210892089	1.4407701	-0.37071204	-0.24181503

1495210892100	0.6412892	1.1749867	-0.32756883

1495210892113	0.11265171	2.8554413	-0.7419567

1495210892125	0.34993938	2.2876554	-0.68336713

1495210892138	0.46578687	1.1925635	-0.5400891

1495210892150	0.4146542	0.2796319	-0.3520699

1495210892164	0.3009372	-0.00958738	-0.19361182

1495210892176	0.2727077	0.11504856	-0.07829694

1495210892190	0.3358246	0.36432046	-0.012250541

1495210892204	0.4359595	0.4607269	0.05006743

1495210892216	0.46019423	0.38935417	0.08149273

1495210892229	0.5107943	0.38562572	0.1041296

1495210892240	0.5696502	0.48149952	0.10759171

1495210892257	0.6135923	0.644485	0.10226539

1495210892274	0.6359629	0.79894835	0.11851067

1495210892278	0.6447513	0.8974853	0.16431704

1495210892290	0.6197176	0.8335694	0.36724994

1495210892302	0.59361863	0.721184	0.50120693

1495210892314	0.5747102	0.5906891	0.6175871

1495210892326	0.5289038	0.4495416	0.70147663

1495210892338	0.44687843	0.34301516	0.75127774

1495210892350	0.36565202	0.27324033	0.74275565

1495210892363	0.3022688	0.30306774	0.6460829

1495210892378	0.26232138	0.46711847	0.49801114

1495210892390	0.06657903	0.6791061	0.3110572

1495210892403	-0.06338324	0.39574575	0.3139867

1495210892416	-0.10333065	-0.1949434	0.36432046

1495210892429	-0.09880328	-0.8362326	0.39494678

1495210892441	-0.08681905	-1.2554141	0.37763625

1495210892453	-0.015978966	-1.3038837	0.30626354

1495210892466	-0.00958738	-0.3206446	0.17603496

1495210892481	-0.24341293	0.2050634	0.13209279

1495210892494	-0.6215818	0.4346279	0.0892159

1495210892505	-1.0548781	0.33289513	-0.03089267

1495210892518	-1.417068	0.13369069	-0.3190467

1495210892530	-1.7787253	-0.06391586	-0.69748193

1495210892543	-2.7824707	-0.48309743	-1.3502227

1495210892555	-3.063168	-0.2759035	-1.6415725

1495210892567	-3.10711	0.24394555	-1.9190739

1495210892580	-2.9055088	0.89322424	-2.0716732

1495210892606	-2.49192	1.5169365	-2.0138824

1495210892607	-2.1049626	1.8503643	-1.839978

1495210892616	-1.6261262	3.818973	-1.6932379

1495210892628	-1.4735271	3.3550503	-1.547563

1495210892640	-1.5347798	1.3997575	-1.1571435

1495210892654	-1.2463595	-1.0146644	-0.5153217

1495210892666	-1.0647318	-1.2900352	-0.72171664

1495210892678	-1.0239855	-1.0551444	-0.9667275

1495210892690	-1.0335728	-0.53529537	-1.1182613

1495210892702	-0.9147959	-0.04261058	-1.2037488

1495210892714	-0.70813453	0.37923414	-1.2277173

1495210892726	-0.4993427	0.6562029	-1.2751216

1495210892739	-0.35899413	0.6114618	-1.3203954

1495210892760	-0.26391926	0.32277513	-1.3507553

1495210892763	-0.036218993	-0.572047	-1.3262542

1495210892775	0.04474111	-1.1574098	-1.2247878

1495210892786	0.063116916	-1.743838	-1.0591391

1495210892798	0.016511599	-2.2338595	-0.87032104

1495210892810	-0.022370555	-2.5758095	-0.6578008

1495210892825	0.03568636	-2.6264095	-0.4167847

1495210892838	0.18295917	-2.4298682	-0.18961707

1495210892852	0.67511135	-1.7150757	0.20959078

1495210892864	0.933438	-1.2346416	0.39228365

1495210892878	1.1787151	-0.7930894	0.53929013

1495210892890	1.4133396	-0.4809669	0.76113147

1495210892925	1.6397083	-0.13315806	1.0149307

1495210892927	1.8937739	0.24820662	1.2799152

1495210892928	2.5502431	0.8671253	1.8511633

1495210892939	2.901514	1.005077	2.196309

1495210892951	3.150786	0.73769563	2.646117

1495210892963	3.0700922	-0.2876214	2.9952574

1495210892977	2.147307	-1.871137	2.4833977

1495210892990	0.0958738	-2.3845944	1.4807175

1495210893004	-2.0501015	-1.9504992	-1.974734

1495210893016	-1.2479573	-1.3427658	-3.4120421

1495210893033	-0.42077947	0.13688648	-2.8546424

1495210893040	0.21118867	1.5600798	-1.3989586

1495210893053	0.6716492	3.2000544	-0.25992453

1495210893068	1.107076	4.6615973	0.7462177

1495210893082	0.65726817	4.200338	1.4884408

1495210893094	0.19121496	1.9845877	0.773382

1495210893106	0.19121496	-0.4293016	0.4167847

1495210893120	0.4016047	-2.4335966	0.68869346

1495210893133	0.5653891	-3.5691686	1.3129385

1495210893145	1.0175939	-3.4589138	1.5134745

1495210893164	1.1251856	-1.3289174	0.71798825

1495210893169	0.77391464	-0.47723848	0.3387541

1495210893182	0.61865234	-0.8341021	0.15899073

1495210893194	0.52357745	-2.0096214	0.1834918

1495210893206	0.64821345	-1.9813919	0.05965481

1495210893218	0.9803096	0.54275227	0.03488741

1495210893230	1.2194614	3.4983284	-0.07456851

1495210893243	1.7100158	3.534015	-0.49028796

1495210893255	1.9923109	1.2532836	-0.8231831

1495210893268	0.8317052	-1.7475663	-0.03355583

1495210893279	0.4812332	-1.3949639	0.252734

1495210893292	0.34674358	-0.16831179	0.29481193

1495210893304	0.23089607	1.1329087	0.22264028

1495210893316	0.21065605	1.6825852	0.06578008

1495210893329	0.29161614	1.5824504	-0.019707393

1495210893340	0.4133226	1.194694	0.023702133

1495210893354	0.5118596	0.73609775	0.07403588

1495210893368	0.695884	0.36964676	0.12623383

1495210893382	0.7850999	0.47351006	0.092145376

1495210893394	0.804541	0.67058396	0.05486112

1495210893409	0.7864315	0.8511463	0.017044231

1495210893419	0.7552725	0.93636745	0.008522116

1495210893433	0.71958613	0.74781567	0.16484967

1495210893446	0.7504788	0.5789712	0.29028457

1495210893458	0.79229045	0.46658584	0.40426785

1495210893471	0.80134517	0.3930826	0.54461646

1495210893489	0.7576693	0.32756883	0.69961244

1495210893495	0.7076019	0.32437304	0.83543366

1495210893508	0.7052051	0.34780884	0.9337043

1495210893519	0.70680296	0.31691617	0.96752644

1495210893531	0.66339344	0.2972088	0.8594021

1495210893544	0.57763964	0.49375007	0.7526093

1495210893558	0.3920173	0.77870834	0.6801714

1495210893570	0.18801917	0.8431568	0.64768076

1495210893584	0.06098639	0.5603291	0.5970807

1495210893600	0.01438107	0.061252706	0.51052797

1495210893609	0.04314321	-0.68176925	0.3006709

1495210893622	0.04234426	-0.5294364	0.2130529

1495210893634	0.018908445	-0.19547603	0.0644485

1495210893652	-0.098004326	0.025033714	-0.10759171

1495210893658	-0.3190467	0.0010652645	-0.2894856

1495210893670	-0.6420882	-0.1784318	-0.51691955

1495210893682	-1.1563445	-0.24341293	-0.6578008

1495210893694	-1.7997643	-0.1933455	-0.78270304

1495210893706	-2.768356	-0.13795175	-1.4045511

1495210893719	-3.1443944	-0.0127831735	-1.8487664

1495210893730	-3.3087113	0.36112466	-2.1185446

1495210893743	-3.2756882	0.65886605	-2.1539648

1495210893755	-3.1643682	0.6151902	-1.9851203

1495210893768	-2.9699574	0.76752305	-1.783519

1495210893780	-2.6844664	1.371528	-1.6676716

1495210893792	-2.4064324	2.07407	-1.5646071

