1495818836586	-9.731596	1.020248	-0.15696123

1495818836627	-9.731596	1.020248	-0.23544185

1495818836632	-9.731596	1.020248	-0.15696123

1495818836633	-9.731596	1.020248	-0.23544185

1495818836640	-9.653115	1.020248	-0.15696123

1495818836641	-9.731596	1.0987287	-0.15696123

1495818836647	-9.731596	1.020248	-0.15696123

1495818836649	-9.731596	1.020248	-0.15696123

1495818836650	-9.731596	1.020248	-0.23544185

1495818836651	-9.731596	1.0987287	-0.23544185

1495818836664	-9.731596	1.020248	-0.15696123

1495818836665	-9.731596	1.020248	-0.15696123

1495818836665	-9.731596	1.020248	-0.078480616

1495818836666	-9.731596	1.020248	-0.078480616

1495818836673	-9.731596	1.020248	-0.15696123

1495818836694	-9.731596	1.020248	-0.078480616

1495818836699	-9.731596	1.020248	-0.15696123

1495818836729	-9.731596	1.020248	-0.23544185

1495818836739	-9.731596	1.020248	-0.15696123

1495818836769	-9.731596	1.020248	-0.15696123

1495818836779	-9.731596	1.020248	-0.15696123

1495818836810	-9.731596	1.020248	-0.15696123

1495818836829	-9.731596	1.020248	-0.15696123

1495818836891	-9.731596	1.020248	-0.15696123

1495818836927	-9.731596	1.020248	-0.078480616

1495818836927	-9.731596	1.020248	-0.15696123

1495818836939	-9.810077	1.020248	-0.15696123

1495818836949	-9.731596	1.020248	-0.078480616

1495818836965	-9.731596	1.020248	-0.15696123

1495818837000	-9.731596	1.020248	-0.15696123

1495818837000	-9.653115	1.020248	-0.15696123

1495818837019	-9.731596	1.020248	-0.15696123

1495818837029	-9.731596	1.020248	-0.078480616

1495818837047	-9.653115	1.020248	-0.15696123

1495818837049	-9.731596	1.020248	-0.078480616

1495818837073	-9.731596	1.020248	-0.15696123

1495818837079	-9.731596	1.020248	-0.15696123

1495818837089	-9.731596	1.020248	-0.15696123

1495818837119	-9.731596	1.020248	-0.078480616

1495818837129	-9.731596	1.020248	-0.15696123

1495818837143	-9.731596	1.020248	-0.15696123

1495818837159	-9.731596	1.020248	-0.078480616

1495818837169	-9.731596	1.020248	-0.15696123

1495818837192	-9.731596	1.020248	-0.23544185

1495818837216	-9.731596	1.0987287	-0.23544185

1495818837217	-9.731596	1.020248	-0.15696123

1495818837219	-9.731596	1.020248	-0.078480616

1495818837229	-9.653115	1.0987287	-0.078480616

1495818837247	-9.653115	1.020248	-0.15696123

1495818837249	-9.731596	1.020248	-0.15696123

1495818837259	-9.731596	1.020248	-0.15696123

1495818837269	-9.731596	1.020248	-0.15696123

1495818837285	-9.731596	1.020248	-0.15696123

1495818837299	-9.731596	1.020248	-0.15696123

1495818837309	-9.731596	1.020248	-0.15696123

1495818837330	-9.731596	1.020248	-0.23544185

1495818837349	-9.731596	1.020248	-0.15696123

1495818837360	-9.731596	1.0987287	-0.15696123

1495818837369	-9.731596	1.020248	-0.15696123

1495818837399	-9.731596	1.0987287	-0.15696123

1495818837419	-9.731596	1.020248	-0.15696123

1495818837439	-9.731596	1.020248	-0.078480616

1495818837455	-9.653115	1.020248	-0.078480616

1495818837459	-9.731596	1.0987287	-0.15696123

1495818837469	-9.731596	1.020248	-0.078480616

1495818837491	-9.731596	1.0987287	-0.078480616

1495818837499	-9.731596	1.020248	-0.15696123

1495818837519	-9.731596	1.0987287	-0.15696123

1495818837546	-9.731596	1.0987287	-0.15696123

1495818837580	-9.731596	1.020248	-0.15696123

1495818837581	-9.731596	1.020248	-0.078480616

1495818837582	-9.653115	1.020248	-0.078480616

1495818837582	-9.731596	1.020248	-0.078480616

1495818837583	-9.731596	1.020248	-0.15696123

1495818837589	-9.731596	1.020248	-0.23544185

1495818837599	-9.731596	1.020248	-0.15696123

1495818837619	-9.731596	1.0987287	-0.15696123

1495818837640	-9.731596	1.020248	-0.15696123

1495818837641	-9.731596	1.020248	-0.15696123

1495818837654	-9.731596	1.020248	-0.15696123

1495818837679	-9.731596	1.0987287	-0.15696123

1495818837693	-9.731596	1.020248	-0.15696123

1495818837699	-9.731596	1.020248	-0.23544185

1495818837709	-9.731596	1.020248	-0.15696123

1495818837734	-9.731596	1.020248	-0.15696123

1495818837734	-9.653115	1.020248	-0.15696123

1495818837739	-9.731596	1.020248	-0.15696123

1495818837749	-9.731596	1.020248	-0.23544185

1495818837771	-9.731596	1.020248	-0.15696123

1495818837772	-9.731596	1.0987287	-0.15696123

1495818837807	-9.731596	1.020248	-0.15696123

1495818837810	-9.653115	1.020248	-0.15696123

1495818837819	-9.653115	1.020248	-0.23544185

1495818837829	-9.653115	1.020248	-0.23544185

1495818837851	-9.731596	1.020248	-0.15696123

1495818837852	-9.731596	1.020248	-0.15696123

1495818837879	-9.653115	1.020248	-0.15696123

1495818837889	-9.731596	1.020248	-0.15696123

1495818837899	-9.731596	1.020248	-0.23544185

1495818837914	-9.810077	1.020248	-0.15696123

1495818837919	-9.810077	1.020248	-0.15696123

1495818837953	-9.731596	1.0987287	-0.23544185

1495818837953	-9.731596	1.020248	-0.15696123

1495818837959	-9.731596	1.020248	-0.15696123

1495818837969	-9.731596	1.020248	-0.23544185

1495818837979	-9.731596	1.020248	-0.15696123

1495818838030	-9.731596	1.020248	-0.15696123

1495818838039	-9.731596	1.020248	-0.15696123

1495818838089	-9.731596	1.020248	-0.23544185

1495818838109	-9.731596	1.020248	-0.15696123

1495818838119	-9.731596	1.020248	-0.15696123

1495818838147	-9.731596	1.020248	-0.15696123

1495818838149	-9.653115	1.020248	-0.15696123

1495818838169	-9.731596	1.020248	-0.23544185

1495818838179	-9.731596	1.020248	-0.15696123

1495818838189	-9.731596	1.020248	-0.15696123

1495818838212	-9.653115	1.020248	-0.078480616

1495818838219	-9.653115	1.020248	-0.15696123

1495818838250	-9.731596	1.020248	-0.15696123

1495818838251	-9.731596	0.9417674	-0.23544185

1495818838259	-9.731596	1.020248	-0.15696123

1495818838299	-9.731596	1.020248	-0.078480616

1495818838328	-9.653115	1.020248	-0.15696123

1495818838330	-9.731596	1.020248	-0.15696123

1495818838367	-9.731596	1.0987287	-0.15696123

1495818838370	-9.731596	1.020248	-0.15696123

1495818838379	-9.653115	1.020248	-0.078480616

1495818838389	-9.653115	1.0987287	-0.15696123

1495818838410	-9.731596	1.020248	-0.15696123

1495818838412	-9.731596	1.020248	-0.078480616

1495818838419	-9.731596	1.020248	-0.15696123

1495818838429	-9.653115	1.020248	-0.15696123

1495818838451	-9.653115	1.0987287	-0.078480616

1495818838452	-9.731596	1.020248	-0.15696123

1495818838486	-9.653115	1.020248	-0.15696123

1495818838489	-9.731596	1.0987287	-0.15696123

1495818838499	-9.731596	1.020248	-0.15696123

1495818838538	-9.731596	1.0987287	-0.15696123

1495818838572	-9.731596	1.020248	-0.078480616

1495818838579	-9.731596	1.020248	-0.15696123

1495818838589	-9.731596	1.020248	-0.23544185

1495818838599	-9.731596	1.020248	-0.15696123

1495818838614	-9.653115	1.020248	-0.15696123

1495818838619	-9.731596	1.020248	-0.23544185

1495818838639	-9.731596	1.020248	-0.15696123

1495818838649	-9.731596	1.020248	-0.15696123

1495818838671	-9.731596	1.020248	-0.15696123

1495818838672	-9.731596	1.0987287	-0.15696123

1495818838689	-9.731596	1.020248	-0.15696123

1495818838712	-9.731596	1.020248	-0.15696123

1495818838715	-9.731596	1.020248	-0.15696123

1495818838719	-9.731596	1.020248	-0.15696123

1495818838729	-9.731596	1.020248	-0.15696123

1495818838739	-9.810077	1.020248	-0.15696123

1495818838753	-9.731596	1.020248	-0.15696123

1495818838760	-9.731596	1.020248	-0.078480616

1495818838769	-9.731596	1.0987287	-0.15696123

1495818838791	-9.731596	1.020248	-0.15696123

1495818838799	-9.731596	1.020248	-0.15696123

1495818838809	-9.731596	1.020248	-0.15696123

1495818838819	-9.731596	1.020248	-0.078480616

1495818838833	-9.731596	1.020248	-0.15696123

1495818838839	-9.731596	1.020248	-0.15696123

1495818838861	-9.731596	1.020248	-0.15696123

1495818838869	-9.731596	1.0987287	-0.15696123

1495818838879	-9.731596	1.0987287	-0.078480616

1495818838896	-9.731596	1.0987287	-0.15696123

1495818838899	-9.731596	1.020248	-0.15696123

1495818838909	-9.731596	1.020248	-0.23544185

1495818838930	-9.731596	1.0987287	-0.15696123

1495818838931	-9.810077	1.020248	-0.15696123

1495818838949	-9.731596	1.020248	-0.15696123

1495818838965	-9.731596	1.020248	-0.15696123

1495818838979	-9.653115	1.020248	-0.15696123

1495818838990	-9.653115	1.020248	-0.15696123

1495818839007	-9.731596	1.020248	-0.15696123

1495818839009	-9.731596	1.020248	-0.078480616

1495818839019	-9.731596	1.020248	-0.15696123

1495818839049	-9.731596	1.020248	-0.078480616

1495818839071	-9.731596	1.020248	-0.078480616

1495818839079	-9.731596	1.020248	-0.15696123

1495818839089	-9.731596	1.020248	-0.15696123

1495818839139	-9.653115	1.020248	-0.15696123

1495818839149	-9.731596	0.9417674	-0.23544185

1495818839169	-9.653115	0.9417674	-0.15696123

1495818839170	-9.731596	1.020248	-0.15696123

1495818839209	-9.731596	1.020248	-0.15696123

1495818839219	-9.731596	1.020248	-0.078480616

1495818839242	-9.653115	1.020248	-0.15696123

1495818839249	-9.731596	1.020248	-0.15696123

1495818839259	-9.731596	1.0987287	-0.15696123

1495818839275	-9.731596	1.020248	-0.15696123

1495818839299	-9.731596	1.020248	-0.078480616

1495818839314	-9.731596	1.020248	-0.15696123

1495818839339	-9.731596	1.0987287	-0.15696123

1495818839349	-9.731596	1.0987287	-0.15696123

1495818839371	-9.731596	1.020248	-0.15696123

1495818839389	-9.731596	1.020248	-0.15696123

1495818839406	-9.653115	1.020248	-0.078480616

1495818839409	-9.653115	1.020248	-0.15696123

1495818839419	-9.731596	1.0987287	-0.15696123

1495818839429	-9.731596	1.020248	-0.15696123

1495818839452	-9.731596	1.020248	-0.15696123

1495818839453	-9.653115	1.020248	-0.15696123

1495818839490	-9.731596	1.020248	-0.078480616

1495818839491	-9.731596	1.020248	-0.15696123

1495818839492	-9.731596	1.020248	-0.15696123

1495818839492	-9.731596	1.020248	-0.15696123

1495818839499	-9.731596	1.020248	-0.15696123

1495818839519	-9.731596	1.020248	-0.15696123

1495818839537	-9.731596	1.020248	-0.078480616

1495818839539	-9.731596	1.020248	-0.15696123

1495818839574	-9.731596	0.9417674	-0.15696123

1495818839574	-9.653115	1.020248	-0.15696123

1495818839579	-9.731596	1.020248	-0.15696123

1495818839609	-9.731596	1.020248	-0.23544185

1495818839619	-9.731596	1.020248	-0.15696123

1495818839649	-9.731596	1.020248	-0.078480616

1495818839650	-9.653115	1.020248	-0.15696123

1495818839651	-9.731596	1.020248	-0.15696123

1495818839659	-9.731596	1.020248	-0.078480616

1495818839669	-9.731596	1.020248	-0.15696123

1495818839685	-9.731596	1.020248	-0.23544185

1495818839699	-9.731596	1.0987287	-0.23544185

1495818839729	-9.731596	1.020248	-0.23544185

1495818839731	-9.731596	1.020248	-0.15696123

1495818839732	-9.731596	1.020248	-0.15696123

1495818839779	-9.653115	1.020248	-0.15696123

1495818839789	-9.653115	1.020248	-0.15696123

1495818839809	-9.653115	1.020248	-0.23544185

1495818839819	-9.731596	1.020248	-0.15696123

1495818839849	-9.731596	0.9417674	-0.23544185

1495818839859	-9.731596	1.020248	-0.23544185

1495818839869	-9.731596	1.020248	-0.23544185

1495818839885	-9.731596	1.020248	-0.15696123

1495818839926	-9.731596	1.020248	-0.15696123

1495818839939	-9.731596	1.020248	-0.15696123

1495818839969	-9.810077	1.020248	-0.15696123

1495818839979	-9.731596	1.020248	-0.15696123

1495818839989	-9.731596	1.020248	-0.15696123

1495818840006	-9.810077	1.020248	-0.15696123

1495818840011	-9.731596	1.020248	-0.078480616

1495818840030	-9.653115	1.020248	-0.15696123

1495818840031	-9.731596	1.020248	-0.15696123

1495818840100	-9.731596	1.020248	-0.15696123

1495818840101	-9.810077	1.020248	-0.23544185

1495818840101	-9.731596	1.020248	-0.15696123

1495818840102	-9.731596	1.0987287	-0.15696123

1495818840102	-9.731596	1.020248	-0.15696123

1495818840103	-9.731596	1.020248	-0.15696123

1495818840139	-9.810077	1.020248	-0.15696123

1495818840149	-9.731596	1.020248	-0.15696123

1495818840179	-9.731596	1.020248	-0.15696123

1495818840197	-9.731596	1.020248	-0.15696123

1495818840199	-9.731596	1.020248	-0.15696123

1495818840269	-9.810077	1.020248	-0.15696123

1495818840270	-9.731596	1.020248	-0.15696123

1495818840279	-9.653115	1.0987287	-0.15696123

1495818840298	-9.731596	1.020248	-0.15696123

1495818840332	-9.731596	1.0987287	-0.15696123

1495818840339	-9.731596	1.020248	-0.15696123

1495818840371	-9.731596	1.020248	-0.15696123

1495818840372	-9.731596	1.020248	-0.078480616

1495818840372	-9.810077	1.020248	-0.15696123

1495818840379	-9.731596	1.020248	-0.15696123

1495818840411	-9.731596	1.020248	-0.23544185

1495818840412	-9.810077	1.020248	-0.15696123

1495818840419	-9.731596	1.020248	-0.15696123

1495818840449	-9.653115	1.020248	-0.15696123

1495818840459	-9.731596	1.020248	-0.15696123

1495818840509	-9.731596	1.020248	-0.23544185

1495818840520	-9.653115	1.020248	-0.15696123

1495818840529	-9.731596	1.020248	-0.23544185

1495818840549	-9.653115	1.020248	-0.15696123

1495818840559	-9.731596	1.020248	-0.15696123

1495818840575	-9.731596	1.020248	-0.15696123

1495818840579	-9.731596	1.020248	-0.15696123

1495818840599	-9.731596	1.020248	-0.23544185

1495818840614	-9.731596	1.020248	-0.15696123

1495818840619	-9.731596	1.020248	-0.15696123

1495818840629	-9.731596	1.020248	-0.23544185

1495818840642	-9.731596	1.020248	-0.15696123

1495818840649	-9.731596	1.0987287	-0.15696123

1495818840659	-9.653115	1.020248	-0.15696123

1495818840676	-9.731596	1.020248	-0.15696123

1495818840679	-9.810077	0.9417674	-0.15696123

1495818840689	-9.731596	1.020248	-0.15696123

1495818840719	-9.810077	1.020248	-0.15696123

1495818840730	-9.810077	1.020248	-0.23544185

1495818840739	-9.731596	1.020248	-0.15696123

1495818840759	-9.810077	0.9417674	-0.23544185

1495818840769	-9.810077	1.020248	-0.23544185

1495818840789	-9.731596	1.020248	-0.15696123

1495818840799	-9.731596	1.020248	-0.15696123

1495818840817	-9.810077	1.020248	-0.23544185

1495818840826	-9.731596	1.020248	-0.23544185

1495818840845	-9.731596	1.020248	-0.15696123

1495818840846	-9.731596	1.0987287	-0.15696123

1495818840853	-9.731596	1.0987287	-0.23544185

1495818840859	-9.653115	1.020248	-0.15696123

1495818840869	-9.653115	1.020248	-0.078480616

1495818840884	-9.653115	1.020248	-0.078480616

1495818840889	-9.731596	1.020248	-0.078480616

1495818840899	-9.731596	1.020248	-0.078480616

1495818840909	-9.731596	1.0987287	-0.078480616

1495818840926	-9.653115	1.020248	-0.078480616

1495818840929	-9.731596	1.020248	-0.15696123

1495818840939	-9.731596	1.020248	-0.23544185

1495818840949	-9.731596	1.020248	-0.15696123

1495818840966	-9.731596	1.020248	-0.15696123

1495818841004	-9.731596	1.020248	-0.23544185

1495818841009	-9.731596	1.020248	-0.15696123

1495818841019	-9.653115	1.0987287	-0.15696123

1495818841029	-9.731596	1.020248	-0.15696123

1495818841047	-9.731596	1.020248	-0.23544185

1495818841049	-9.731596	1.020248	-0.15696123

1495818841060	-9.731596	1.020248	-0.15696123

1495818841077	-9.653115	1.0987287	-0.15696123

1495818841079	-9.653115	1.0987287	-0.078480616

1495818841089	-9.731596	1.020248	-0.078480616

1495818841109	-9.731596	1.020248	-0.15696123

1495818841119	-9.731596	1.020248	-0.078480616

1495818841146	-9.731596	1.020248	-0.15696123

1495818841149	-9.731596	1.020248	-0.15696123

1495818841160	-9.731596	1.020248	-0.078480616

1495818841188	-9.731596	1.020248	-0.15696123

1495818841239	-9.731596	1.020248	-0.078480616

1495818841249	-9.731596	1.020248	-0.15696123

1495818841266	-9.731596	1.020248	-0.23544185

1495818841270	-9.731596	1.020248	-0.15696123

1495818841279	-9.810077	1.020248	-0.15696123

1495818841308	-9.731596	1.020248	-0.15696123

1495818841310	-9.731596	1.020248	-0.15696123

1495818841311	-9.653115	1.020248	-0.15696123

1495818841319	-9.731596	1.020248	-0.23544185

1495818841329	-9.731596	1.020248	-0.23544185

1495818841345	-9.731596	1.020248	-0.15696123

1495818841359	-9.731596	1.020248	-0.15696123

1495818841369	-9.731596	1.020248	-0.15696123

1495818841385	-9.731596	1.020248	-0.15696123

1495818841389	-9.731596	1.020248	-0.15696123

