1495915981979	1.676	-7.479	0.804

1495915981986	1.676	-7.661	0.9

1495915981988	1.685	-8.035	0.967

1495915981990	1.484	-8.629	0.919

1495915981992	1.13	-8.983	0.689

1495915981993	0.727	-9.337	0.622

1495915982027	0.316	-9.625	1.005

1495915982030	-0.076	-9.596	1.484

1495915982060	-0.584	-9.031	1.063

1495915982069	-0.44	-8.734	0.804

1495915982071	-0.411	-8.686	0.794

1495915982072	-0.555	-9.098	0.794

1495915982074	-0.459	-10.17	0.66

1495915982089	-0.498	-11.176	0.814

1495915982109	-0.699	-12.038	1.072

1495915982114	-0.89	-12.718	1.407

1495915982129	-0.756	-13.637	1.12

1495915982181	-0.249	-14.633	0.967

1495915982194	0.134	-15.208	1.398

1495915982196	0.603	-15.285	1.177

1495915982199	0.871	-15.016	0.718

1495915982201	1.091	-14.71	0.881

1495915982233	1.446	-14.672	1.187

1495915982235	2.078	-14.892	0.976

1495915982237	2.662	-15.313	0.928

1495915982239	3.706	-16.08	1.024

1495915982240	3.754	-15.428	1.12

1495915982242	2.921	-14.241	1.58

1495915982264	2.26	-12.728	2.059

1495915982279	1.81	-11.569	2.059

1495915982289	1.292	-10.506	2.126

1495915982326	0.804	-9.356	1.857

1495915982334	0.89	-8.6	1.369

1495915982336	1.158	-7.91	0.794

1495915982338	1.426	-7.594	0.316

1495915982347	1.417	-7.508	0.22

1495915982372	1.177	-7.46	0.181

1495915982384	0.986	-7.374	0.296

1495915982426	0.775	-7.383	0.545

1495915982450	0.632	-7.594	1.024

1495915982452	0.727	-8.399	1.762

1495915982464	1.331	-9.146	2.087

1495915982484	1.857	-10.199	1.034

1495915982488	2.174	-10.448	-0.22

1495915982490	2.087	-10.372	-1.312

1495915982492	1.695	-10.056	-1.647

1495915982493	1.436	-9.797	-1.005

1495915982494	1.599	-9.653	0.086

1495915982499	1.896	-9.519	1.407

1495915982552	2.03	-9.529	2.652

1495915982578	1.972	-9.615	3.84

1495915982580	1.944	-9.739	4.29

1495915982646	2.02	-9.768	4.06

1495915982661	2.068	-9.72	3.581

1495915982663	2.068	-9.625	3.16

1495915982665	1.934	-9.347	2.719

1495915982666	1.723	-9.05	2.442

1495915982668	1.398	-8.83	2.413

1495915982670	1.043	-8.456	1.829

1495915982696	0.852	-8.265	1.628

1495915982698	0.632	-8.207	1.618

1495915982700	0.565	-7.738	1.685

1495915982701	0.507	-7.422	1.762

1495915982703	0.43	-7.077	1.819

1495915982704	0.612	-6.225	1.896

1495915982706	0.565	-5.612	1.925

1495915982707	0.363	-4.769	2.049

1495915982709	0.105	-3.878	2.298

1495915982711	-0.201	-3.658	2.662

1495915982713	-0.517	-3.514	2.911

1495915982739	-0.747	-3.533	3.601

1495915982741	-0.804	-3.821	3.601

1495915982743	-0.756	-4.022	3.754

1495915982745	-0.708	-4.213	4.108

1495915982747	-0.737	-4.846	5.727

1495915982749	-0.842	-5.19	6.091

1495915982757	-0.909	-5.621	6.282

1495915982759	-1.158	-5.985	6.608

1495915982765	-1.589	-6.55	7.316

1495915982768	-2.011	-7.326	7.834

