1496657239609	-3.2561142	-17.7554	1.1875241

1496657239613	-1.2162545	-11.856087	-2.9975405

1496657239618	1.1683705	-8.676587	-4.865018

1496657239661	1.5705963	-8.628703	-4.0222588

1496657239664	-0.019153614	-10.907983	-1.7525556

1496657239668	-1.8291701	-15.102624	-0.05746084

1496657239672	-1.5610195	-17.563864	0.46926352

1496657239676	-0.20111294	-17.286137	0.7374141

1496657239680	0.7757214	-15.102624	1.0247183

1496657239683	1.9153614	-12.440272	1.2641385

1496657239754	2.72939	-10.266336	1.091756

1496657239758	3.715801	-9.059659	1.6280571

1496657239766	3.916914	-8.590396	2.1068976

1496657239771	4.146757	-8.619126	2.3558946

1496657239774	4.012682	-8.896853	2.767697

1496657239779	3.1890767	-9.107543	2.633622

1496657239783	2.1164744	-9.097966	2.1930888

1496657239787	1.1587936	-8.868123	1.5801731

1496657239789	0.5746084	-8.714894	1.3694834

1496657239793	0.24899697	-8.676587	2.183512

1496657239797	-0.095768064	-8.944737	3.064578

1496657239962	-0.7757214	-9.56723	3.9935284

1496657239965	-0.7182605	-9.710882	4.7022123

1496657239969	-0.59376204	-9.682152	5.535394

1496657239972	-0.2777274	-9.519346	5.6407394

1496657239975	0.32561144	-9.174581	4.8937483

1496657239979	0.80445176	-8.916007	4.0892963

1496657239983	0.8619126	-8.839393	3.2752678

1496657239986	0.35434186	-8.599973	2.8060043

1496657239989	-0.1340753	-8.303091	2.7868507

1496657239993	-0.4213795	-8.00621	2.8443117

1496657239998	-0.49799395	-8.063671	3.1124623

1496657240001	-0.58418524	-8.2169	3.2944214

1496657240004	-0.45010993	-8.2169	3.3039982

1496657240008	0.076614454	-8.197746	3.3518825

1496657240011	0.16280572	-8.169016	3.3135753

1496657240015	-0.59376204	-8.149862	3.1411927

1496657240018	-1.2066777	-7.9008656	2.480393

1496657240021	-0.8331822	-7.5944076	1.8387469

1496657240024	-0.20111294	-7.297527	1.0534488

1496657240027	0.5554548	-7.067683	0.7565677

1496657240030	1.3024458	-7.0964136	1.7525556

1496657240034	1.5993267	-7.5465236	1.8579005

1496657240038	1.4269443	-8.197746	1.13964

1496657240041	1.5610195	-8.887277	1.9632454

1496657240044	1.4173675	-9.404425	2.585738

1496657240250	0.49799395	-9.864111	3.4476504

1496657240253	-1.3120226	-10.697293	4.0701427

1496657240257	-2.3654714	-11.013328	2.9017725

1496657240260	-2.4516625	-10.620679	2.7581203

1496657240264	-1.4939818	-9.643845	3.916914

1496657240267	-0.8331822	-9.11712	4.912902

1496657240270	-0.6799533	-8.676587	5.094861

1496657240274	-0.62249243	-8.724471	5.0757074

1496657240277	0.21068975	-9.251195	4.7309427

1496657240280	0.4405331	-10.7356	3.6966474

1496657240284	1.2066777	-11.310209	4.8745947

1496657240287	1.4939818	-12.210428	5.554548

1496657240290	1.9249382	-13.905523	4.596867

1496657240293	2.3750482	-15.964537	4.4819455

1496657240297	3.2848446	-17.535133	5.851429

1496657240300	3.8594532	-17.860744	6.5601125

1496657240304	4.5394063	-16.22311	5.6886234

1496657240307	5.889736	-13.570335	5.094861

1496657240310	5.363012	-12.871228	5.1810527

1496657240314	4.759673	-14.489709	5.2002063

1496657240317	4.3478703	-17.688362	5.6215854

1496657240320	4.0797195	-19.58457	5.717354

1496657240324	4.462792	-18.885464	6.0525417

1496657240328	4.098873	-15.02601	6.4164605

1496657240331	3.4284968	-11.147403	5.7269306

1496657240334	2.825158	-9.069236	4.76925

1496657240338	1.7908629	-8.552089	3.964798

1496657240341	0.58418524	-8.7053175	3.265691

1496657240345	0.51714754	-9.212888	3.1794999

1496657240350	1.0151415	-9.959879	3.217807

1496657240353	1.7046716	-10.850522	3.6008794

1496657240570	2.3558946	-11.166556	3.964798

1496657240574	2.5953147	-10.821792	3.6296098

1496657240577	3.0071173	-9.80665	3.0071173

1496657240580	3.6583402	-8.264784	2.4133554

1496657240584	4.31914	-6.3111157	2.1260512

1496657240588	4.9416323	-4.3478703	1.6950948

1496657240591	4.050989	-3.2752678	1.388637

1496657240594	2.930503	-2.8634653	0.81402856

1496657240597	2.0494366	-3.1986535	0.61291564

1496657240601	1.1300632	-3.86903	0.9864111

1496657240604	0.11492168	-4.5777135	2.480393

1496657240607	-1.7046716	-5.7748146	3.6870706

1496657240610	-2.3750482	-7.240066	2.8538885

1496657240613	-0.9576807	-8.686164	2.7485435

1496657240616	0.9768343	-7.776367	2.2409728

1496657240619	3.3327289	-6.5601125	2.681506

1496657240622	5.755661	-5.861006	2.8634653

1496657240627	7.0964136	-6.483498	3.6104562

1496657240629	7.0964136	-7.479486	4.501099

1496657240632	5.985504	-8.42759	5.765238

1496657240635	3.8498764	-9.011775	7.393295

1496657240638	1.1204864	-8.935161	7.3071036

1496657240642	-0.51714754	-7.699753	7.3645644

1496657240645	-1.2545617	-6.646304	6.0525417

1496657240648	-1.5227122	-6.5122285	4.9703627

1496657240651	-1.7142484	-7.297527	4.2904096

1496657240655	-1.7812861	-8.341399	3.5051112

1496657240658	-1.2162545	-9.471462	2.9496565

1496657240661	-0.48841715	-10.409989	3.217807

1496657240665	0.62249243	-11.099519	3.6870706

1496657240668	1.7429788	-11.3964	4.903325

1496657240672	2.6240451	-11.15698	6.2249246

1496657240931	3.6104562	-10.812215	6.7708025

1496657240934	4.2042184	-10.457873	6.090849

1496657240936	4.4819455	-10.429143	5.3725886

1496657240938	3.8019924	-10.572795	5.353435

1496657240941	2.6527755	-10.658986	4.4723687

1496657240945	1.685518	-10.0748005	3.0071173

1496657240947	0.0	-10.132261	2.96881

1496657240949	-1.1204864	-11.405977	3.371036

1496657240952	-0.4405331	-12.689269	3.2465374

1496657240955	0.6799533	-13.139379	2.2984335

1496657240957	3.0071173	-11.166556	3.0933087

1496657240960	3.0071173	-11.166556	3.0933087

1496657240964	2.777274	-11.147403	3.2082303

1496657240966	2.3654714	-12.172121	3.8977604

1496657240968	1.3215994	-13.330915	4.175488

1496657240971	0.31603462	-14.259866	2.7868507

1496657240974	0.16280572	-14.642938	3.2369606

1496657240977	2.6240451	-14.729129	2.9975405

1496657240980	1.685518	-15.725117	2.6527755

1496657240983	-0.076614454	-15.7825775	2.585738

1496657240985	-1.3982137	-14.489709	0.1340753

1496657240987	-1.0055647	-12.401965	-2.2697031

1496657240989	0.34476504	-10.611102	-3.1507695

1496657240992	1.3024458	-9.835381	-2.0015526

1496657240994	1.292869	-10.457873	-1.3215994

1496657240996	1.0726024	-11.712435	-1.3503298

1496657240999	1.3024458	-12.459426	-0.7661445

1496657241002	2.231396	-13.40753	0.06703765

1496657241005	3.0262709	-14.12579	1.8100165

1496657241007	2.231396	-14.652514	2.4708161

1496657241009	1.436521	-13.876793	2.135628

1496657241012	1.3024458	-11.769896	1.9440918

1496657241014	2.4612393	-9.32781	2.1164744

1496657241016	2.7006595	-8.034941	2.1068976

1496657241153	2.633622	-7.747637	2.2697031

1496657241156	2.2888567	-8.293514	2.2984335

1496657241159	1.8195933	-9.184157	2.5187001

1496657241162	1.0247183	-10.103531	3.1028855

1496657241165	0.29688102	-10.601525	3.8307228

1496657241168	0.009576807	-10.515334	4.309563

1496657241172	-0.095768064	-9.864111	4.405331

1496657241176	-0.46926352	-9.14585	4.5777135

1496657241179	-0.90021986	-8.178593	4.2999864

1496657241183	-0.7757214	-7.52737	4.0701427

1496657241187	-0.41180268	-7.1347213	4.223372

1496657241190	-0.08619126	-7.0581064	4.367024

1496657241194	0.019153614	-7.52737	4.280833

1496657241197	-0.06703765	-7.967903	3.8786068

1496657241200	-0.15322891	-8.0924015	2.96881

1496657241203	0.19153613	-7.843405	1.8579005

1496657241206	0.78529817	-7.441179	1.9057846

1496657241210	1.2162545	-7.2783732	2.1164744

1496657241213	0.49799395	-7.6231384	1.8291701

1496657241217	0.79487497	-7.699753	1.6280571

1496657241391	1.8291701	-7.632715	2.2218192

1496657241395	2.27928	-7.7093296	2.4899697

1496657241397	1.6759412	-8.207323	2.834735

1496657241401	0.62249243	-9.050082	3.6008794

1496657241404	-0.34476504	-9.481039	4.2521024

1496657241408	-0.7182605	-9.299079	3.3806129

1496657241411	-0.08619126	-8.571242	2.327164

1496657241414	0.38307226	-7.8625584	2.6910827

1496657241418	0.019153614	-8.073248	3.8881836

1496657241422	-0.21068975	-9.050082	4.261679

1496657241425	-0.59376204	-10.170568	3.7445314

1496657241429	-0.1340753	-11.061212	3.7924154

1496657241433	0.49799395	-10.869676	4.367024

1496657241436	0.7278373	-10.927136	5.439626

1496657241439	0.8523358	-12.287044	5.142745

1496657241443	1.0055647	-14.441825	4.548983

1496657241446	0.7182605	-16.347609	5.209783

1496657241450	1.6950948	-17.06587	6.3302693

1496657241454	2.5570073	-16.46253	6.4068837

1496657241457	2.9975405	-15.437813	6.291962

1496657241460	3.9360676	-14.939818	5.631162

1496657241463	5.6215854	-14.317327	4.2904096

1496657241467	6.4643445	-13.627796	3.1794999

1496657241470	6.1770406	-13.551182	2.5091233

1496657241473	5.6407394	-13.88637	2.5378537

1496657241476	4.8937483	-14.384364	3.3518825

1496657241671	4.5872903	-14.662091	4.5202527

1496657241674	4.146757	-14.5567465	5.861006

1496657241678	3.3806129	-13.781025	6.1866174

1496657241681	2.4420857	-12.564771	5.257667

1496657241685	2.087744	-11.099519	4.4436383

1496657241688	2.5378537	-9.423578	3.86903

1496657241691	2.873042	-8.312668	3.217807

1496657241694	3.1507695	-8.00621	2.9113493

1496657241698	3.1794999	-8.274361	2.633622

1496657241701	3.0933087	-8.197746	2.3750482

1496657241704	2.9879637	-7.747637	2.2601264

1496657241708	3.2273839	-6.847417	2.336741

1496657241712	4.10845	-5.2289367	2.834735

1496657241715	4.223372	-4.0414124	3.4763808

1496657241719	1.982399	-3.8786068	3.2273839

1496657241722	-0.2681506	-4.414908	2.9496565

1496657241725	-1.8770541	-5.257667	2.2697031

1496657241728	-2.767697	-6.244078	1.9440918

1496657241732	-2.6623523	-7.0485296	1.7717092

1496657241735	-1.6089035	-7.2304893	2.030283

1496657241738	0.19153613	-6.6271505	1.6472107

1496657241742	2.27928	-5.6120086	1.7046716

1496657241746	4.261679	-5.0278234	2.2122424

1496657241749	4.855441	-5.315128	2.72939

1496657241753	4.309563	-6.253655	3.86903

1496657241756	3.1411927	-7.2113357	4.606444

1496657241760	2.1452048	-7.843405	5.0278234

1496657241763	1.1492168	-8.542512	6.0142345

1496657241767	0.45968673	-9.289502	7.2304893

1496657241979	0.34476504	-9.739613	8.054094

1496657241983	1.1683705	-9.749189	7.575254

1496657241986	1.8770541	-9.528923	5.995081

1496657241988	2.6527755	-9.279925	4.7022123

1496657241992	3.3997664	-9.289502	4.596867

1496657241996	3.8019924	-9.56723	4.8937483

1496657242000	3.715801	-9.9790325	5.1906295

1496657242004	3.323152	-10.67814	5.6790466

1496657242008	2.9592333	-11.310209	6.3111157

1496657242017	2.6527755	-11.654974	6.531382

1496657242021	3.0358477	-11.865664	6.8761473

1496657242025	2.777274	-12.08593	6.9719152

1496657242028	0.61291564	-11.932701	5.4204726

1496657242032	-0.22984336	-11.377247	4.3382936

1496657242035	-0.93852705	-12.038046	3.3997664

1496657242038	-0.7374141	-12.29662	1.7525556

1496657242041	1.0151415	-12.162544	-0.6607997

1496657242044	2.834735	-11.262324	-0.12449849

1496657242048	4.003105	-9.835381	1.3790601

1496657242052	3.7445314	-9.481039	1.6376339

1496657242055	2.6910827	-10.314221	2.2218192

1496657242058	1.2641385	-12.143391	2.9783869

1496657242062	0.05746084	-14.020445	3.083732

1496657242066	-1.0247183	-15.198392	1.6184803

1496657242069	-0.40222588	-15.20797	0.047884032

1496657242072	1.4173675	-15.389929	1.1683705

1496657242075	2.633622	-16.864758	4.6160207

1496657242078	1.8004397	-17.832014	6.0621185

1496657242085	-0.40222588	-16.711529	5.497087

1496657242088	0.0	-13.034034	2.336741

1496657242091	0.21068975	-10.67814	-0.5554548

1496657242095	0.7757214	-9.394848	-2.5187001

1496657242098	0.8714894	-9.251195	-2.5187001

1496657242102	0.39264908	-10.314221	-1.8674773

1496657242489	0.2873042	-12.143391	-0.8810662

1496657242492	0.6703765	-13.283031	0.15322891

1496657242496	1.3694834	-13.512875	0.8810662

1496657242499	1.8291701	-13.110648	1.3311762

1496657242502	2.087744	-12.152967	1.1204864

1496657242506	2.2601264	-10.6877165	0.8714894

1496657242509	2.96881	-9.251195	1.0247183

1496657242513	2.327164	-8.916007	2.4899697

1496657242517	2.327164	-8.916007	2.4899697

1496657242520	1.6950948	-9.385271	2.6431987

1496657242523	1.0534488	-9.615114	2.681506

1496657242526	0.6991069	-9.691729	2.719813

1496657242529	0.60333884	-9.423578	2.7102363

1496657242533	0.17238252	-8.465898	3.0550013

1496657242537	0.08619126	-7.9487495	3.466804

1496657242540	0.2681506	-7.6710224	3.6487634

1496657242543	0.047884032	-7.9966335	4.1371803

1496657242547	-0.63206923	-8.580819	4.6351743

1496657242550	-1.3599066	-8.418014	4.501099

1496657242554	-1.3694834	-7.5944076	4.2999864

1496657242558	-0.58418524	-7.07726	4.1946416

1496657242561	-0.038307227	-7.565677	4.2999864

1496657242564	-0.2873042	-8.801085	4.4340615

1496657242567	-1.7621324	-9.682152	3.3135753

1496657242571	-2.4229321	-9.883265	2.1068976

1496657242574	-1.6184803	-9.097966	1.3982137

1496657242578	-0.20111294	-7.776367	1.3694834

1496657242580	1.1971009	-6.799533	0.9864111

1496657242584	1.3120226	-6.885724	0.5650316

1496657242587	0.641646	-7.5082164	0.7757214

1496657242590	0.2873042	-8.082825	1.3120226

1496657242593	0.6512229	-8.207323	1.091756

1496657242597	1.5993267	-7.8146744	1.532289

1496657242600	2.2026656	-7.5465236	3.2944214

1496657242603	1.8004397	-7.699753	3.6583402

1496657242607	0.7182605	-8.312668	2.882619

1496657242610	0.0	-8.820239	2.7006595

1496657242614	-0.20111294	-8.954314	3.074155

1496657242617	-0.17238252	-8.935161	4.309563

1496657242621	-0.32561144	-9.595961	4.510676

1496657242624	-0.45968673	-10.477027	4.453215

1496657242628	-0.19153613	-11.405977	4.453215

1496657242630	0.24899697	-12.11466	4.76925

1496657242633	1.0534488	-13.283031	5.0757074

1496657242637	2.3942018	-14.470555	6.1770406

1496657242640	2.9017725	-15.7825775	7.1155677

1496657242643	4.0222588	-17.075447	7.393295

1496657242647	5.094861	-17.362751	5.133168

1496657242650	6.3302693	-14.001291	4.5298295

1496657242654	5.5258174	-12.162544	4.0892963

1496657242657	4.4915223	-11.176133	3.9743748

1496657242660	2.882619	-11.051635	3.0358477

1496657242663	1.283292	-12.0093155	2.4899697

1496657242667	0.81402856	-13.599066	2.5378537

1496657242670	1.7621324	-15.150508	3.7541082

1496657242674	3.8594532	-15.859192	5.3247046

1496657242677	5.544971	-15.466543	5.6215854

1496657243128	6.3685765	-13.972561	5.2002063

1496657243133	5.985504	-11.808203	4.280833

1496657243136	5.9759274	-9.490616	3.3039982

1496657243139	5.6120086	-7.7189064	2.585738

1496657243143	4.960786	-6.6079965	2.3654714

1496657243146	4.1659107	-5.535394	2.1260512

1496657243149	3.5242648	-4.8458643	2.0685902

1496657243153	2.767697	-4.414908	1.8866309

1496657243157	2.2409728	-4.1180267	1.8291701

1496657243160	1.1683705	-4.0701427	1.6280571

1496657243163	0.076614454	-4.185065	2.2505496

1496657243167	-0.9864111	-4.5872903	2.7102363

1496657243170	-2.27928	-5.5737014	2.3175871

1496657243173	-2.480393	-7.1634517	2.0973208

1496657243176	-1.6184803	-8.1881695	1.8866309

1496657243179	0.10534488	-8.571242	1.4556746

1496657243183	1.7238252	-7.8625584	0.9672575

1496657243186	2.9975405	-7.0964136	1.541866

1496657243190	3.8115692	-6.5984197	3.1507695

1496657243193	3.9264908	-6.445191	5.315128

1496657243197	3.5338416	-6.7324953	7.1251445

1496657243200	2.6431987	-7.4603324	7.8050976

1496657243204	1.6280571	-8.341399	7.335834

1496657243207	0.5363012	-9.356541	6.5984197

1496657243211	0.37349546	-9.844957	6.033388

1496657243214	1.9057846	-9.528923	5.7269306

1496657243217	3.2944214	-7.9391727	5.4300494

1496657243221	3.016694	-7.4507556	5.659893

1496657243225	2.1547816	-6.895301	5.48751

1496657243227	1.484405	-6.5984197	5.056554

1496657243230	1.9728222	-7.97748	4.999093

1496657243233	1.8195933	-10.362105	4.807557

1496657243237	1.3599066	-12.612655	4.2999864

1496657243240	0.8523358	-15.303738	4.5681367

1496657243244	-0.11492168	-17.295713	5.2768207

1496657243247	-1.1875241	-18.176779	4.501099

1496657243251	-0.21068975	-18.004396	2.231396

1496657243254	1.2449849	-16.002844	0.58418524

1496657243258	1.9632454	-12.660539	0.1340753

1496657243261	2.6910827	-9.461885	0.20111294

1496657243264	3.6296098	-7.2687964	1.5610195

1496657243268	3.064578	-7.881712	1.541866

1496657243271	3.2369606	-11.482592	1.1492168

1496657243274	3.9935284	-15.591042	2.6527755

1496657243278	4.721366	-17.84159	4.2425256

1496657243281	3.7541082	-19.239805	5.5641246

1496657243284	0.842759	-19.412188	4.5298295

1496657243287	-1.6089035	-17.611748	3.0550013

1496657243290	-0.641646	-13.694834	1.2162545

1496657243293	1.3982137	-10.01734	-0.78529817

1496657243297	2.2122424	-8.619126	-2.2697031

1496657243300	1.541866	-9.356541	-2.633622

1496657243304	-0.1436521	-11.894394	-1.733402

1496657243307	-0.6799533	-14.566323	-0.20111294

1496657243310	-0.22984336	-15.514427	0.8523358

1496657243313	0.36391866	-14.824897	1.4652514

1496657243317	0.78529817	-13.01488	1.5035586

1496657243320	1.8866309	-10.783484	1.9057846

1496657243323	2.9400797	-9.14585	2.1164744

1496657243327	2.9113493	-8.599973	2.0111294

1496657243329	2.3175871	-9.107543	2.231396

1496657243333	1.6184803	-9.56723	2.4708161

1496657243336	1.0726024	-9.749189	2.4420857

1496657243339	0.9672575	-9.749189	2.4133554

1496657243343	0.8714894	-9.605537	2.3750482

1496657243346	0.79487497	-9.442732	2.5761611

1496657243349	0.5554548	-9.394848	2.9113493

1496657243353	0.2777274	-9.126697	3.3135753

1496657244071	0.095768064	-8.676587	3.3901896

1496657244074	0.21068975	-8.082825	3.1411927

1496657244078	0.545878	-7.690176	2.8634653

1496657244082	0.6991069	-7.728483	2.9400797

1496657244086	0.60333884	-8.149862	2.9400797

1496657244088	0.641646	-8.781932	2.6527755

1496657244092	0.6799533	-9.184157	2.3463178

1496657244095	0.82360536	-8.983045	2.4420857

1496657244099	0.9768343	-8.178593	2.4133554

1496657244102	1.0247183	-7.5082164	1.8483237

1496657244106	1.1109096	-7.038953	1.0151415

1496657244109	1.9057846	-7.1347213	1.292869

1496657244112	2.96881	-7.843405	2.719813

1496657244116	3.1507695	-9.155427	3.1986535

1496657244119	1.6759412	-10.381259	2.2697031

1496657244122	-0.23942018	-11.291056	1.9728222

1496657244126	-1.532289	-11.271901	1.2066777

1496657244129	-1.6663644	-10.419566	0.58418524

1496657244133	-0.90979666	-9.356541	1.4173675

1496657244137	-0.34476504	-8.504205	1.8387469

1496657244141	0.31603462	-7.651869	2.3942018

1496657244144	0.7182605	-7.1155677	2.920926

1496657244147	0.90021986	-6.5218053	2.6719291

1496657244150	1.5131354	-6.540959	2.5570073

1496657244154	2.087744	-7.469909	4.4723687

1496657244157	0.80445176	-8.954314	3.083732

1496657244160	-0.78529817	-10.333375	3.0454245

1496657244163	-1.1204864	-9.797073	3.8881836

1496657244167	-0.91937345	-9.059659	4.5394063

1496657244171	-1.091756	-8.734048	4.1659107

1496657244174	-0.6799533	-8.695741	3.1316159

1496657244178	0.4405331	-9.126697	2.9783869

1496657244180	1.1013328	-10.582372	4.223372

1496657244184	1.8100165	-12.670115	4.9799395

1496657244188	2.030283	-15.322891	5.1906295

1496657244193	3.169923	-17.391481	6.4643445

1496657244196	4.2425256	-17.583017	6.646304

1496657244199	5.9663506	-15.045163	5.803545

1496657244202	6.2823853	-12.899959	5.3342814

1496657244206	5.142745	-14.068329	4.31914

1496657244209	4.55856	-15.68681	3.7349546

1496657244212	4.2904096	-17.03714	3.6391866

1496657244216	3.5051112	-17.60217	3.41892

1496657244219	3.064578	-17.54471	3.514688

1496657244222	3.0358477	-16.663643	3.0071173

1496657244226	3.763685	-14.81532	2.8634653

1496657244228	4.5298295	-12.890382	2.8634653

1496657244231	4.5872903	-11.530476	3.3135753

1496657244234	4.156334	-10.0269165	3.8115692

1496657244238	3.122039	-8.992621	3.4955344

1496657244242	1.9632454	-8.274361	3.0550013

1496657244245	1.0534488	-7.881712	2.5761611

1496657244248	0.8714894	-7.8529816	2.2984335

1496657244251	0.90021986	-7.9104424	1.7812861

1496657244262	1.1971009	-8.00621	1.340753

1496657244265	1.6472107	-8.0445175	0.9864111

1496657244269	2.1452048	-7.7572136	0.62249243

1496657244275	2.432509	-7.4603324	0.32561144

1496657244279	2.566584	-6.991069	0.16280572

1496657244284	2.7389667	-6.5505357	0.7757214

1496657244292	2.834735	-5.947197	1.4077905

1496657244305	2.2697031	-6.799533	2.1739352

1496657244313	1.283292	-7.747637	2.9017725

1496657244316	0.62249243	-8.973468	3.5625722

1496657244320	0.33518824	-9.892841	3.5913026

1496657244329	0.6512229	-10.103531	3.2752678

1496657244333	1.7046716	-9.883265	3.0071173

1496657244337	3.9264908	-9.701305	4.261679

1496657244340	5.813122	-9.710882	5.9567738

1496657244344	6.694188	-10.25676	8.034941

1496657244348	6.751649	-11.18571	9.9790325

1496657244352	5.3821654	-11.808203	11.540052

1496657244355	2.873042	-12.076353	11.032481

1496657244358	0.7565677	-11.9614315	8.504205

1496657244362	-0.45968673	-11.492168	6.646304

1496657244365	-1.1492168	-10.927136	4.9799395

1496657244369	-1.8100165	-10.793061	4.76925

1496657244372	-2.2409728	-11.051635	4.9703627

1496657244375	-2.5570073	-11.262324	4.7405195

1496657244379	-2.873042	-11.453861	4.405331

1496657244382	-3.0550013	-11.36767	4.012682

1496657244386	-2.8443117	-10.70687	3.6296098

1496657244389	-2.183512	-9.940725	2.9975405

1496657244393	-0.90021986	-9.193734	2.4995465

1496657244396	0.4213795	-8.2169	1.436521

1496657244400	1.6950948	-7.431602	1.0726024

1496657244403	2.6144683	-6.694188	1.1875241

1496657244407	3.3997664	-6.291962	1.3503298

1496657244410	3.9743748	-6.5122285	1.13964

1496657244413	4.156334	-6.943185	1.2641385

1496657244416	3.8977604	-7.393295	2.0015526

1496657244420	3.217807	-7.920019	2.3463178

1496657244423	2.6719291	-8.42759	2.1930888

1496657244427	2.7102363	-8.350976	2.3175871

1496657244429	2.873042	-7.9583263	2.078167

1496657244433	2.9592333	-7.575254	2.231396

1496657244436	2.528277	-7.2113357	2.7006595

1496657244439	2.2122424	-7.192182	3.572149

1496657244442	1.7525556	-7.28795	4.280833

1496657244446	1.3503298	-7.4028716	4.4340615

1496657244449	1.0247183	-7.52737	4.4819455

1496657244452	0.8714894	-7.699753	4.5298295

1496657244455	1.1204864	-8.1402855	4.31914

1496657244459	1.8291701	-8.801085	4.1180267

1496657244462	2.6431987	-9.5385	3.7445314

1496657244465	3.074155	-10.01734	3.2082303

1496657244468	3.1316159	-9.921572	2.528277

1496657244474	3.5434184	-9.414001	2.3463178

1496657244478	3.86903	-9.232041	2.4420857

1496657244481	4.31914	-9.672575	2.2984335

1496657244485	4.9703627	-11.089942	1.5131354

1496657244488	4.644751	-13.244724	2.078167

1496657244491	2.5378537	-15.102624	2.6719291

1496657244494	-0.15322891	-15.399506	2.920926

