1495265760580	0.0065281107	-0.003197442	0.009725553

1495265760596	0.00532907	0.003197442	0.008659739

1495265760600	0.004263256	-0.001065814	0.013056221

1495265760609	0.010791367	-0.00532907	0.0119904075

1495265760619	0.009725553	-0.004263256	0.008659739

1495265760629	0.0065281107	-0.0075939246	0.0119904075

1495265760638	0.009725553	-0.00532907	0.014122035

1495265760648	0.0065281107	-0.004263256	0.009725553

1495265760657	0.002131628	-0.0065281107	0.0075939246

1495265760667	0.004263256	-0.004263256	0.014122035

1495265760677	0.010791367	-0.004263256	0.008659739

1495265760687	0.010791367	-0.002131628	0.015187849

1495265760698	0.008659739	0.0	0.016253663

1495265760708	0.00532907	-0.002131628	0.014122035

1495265760721	0.0065281107	-0.0065281107	0.017452704

1495265760737	0.0075939246	-0.001065814	0.0119904075

1495265760748	0.00532907	-0.004263256	0.0065281107

1495265760758	0.002131628	0.001065814	0.015187849

1495265760768	0.008659739	0.0	0.016253663

1495265760777	0.014122035	0.001065814	0.009725553

1495265760788	0.009725553	-0.0075939246	0.017452704

1495265760798	0.00532907	-0.001065814	0.017452704

1495265760807	0.010791367	-0.004263256	0.008659739

1495265760819	0.014122035	-0.003197442	0.008659739

1495265760831	0.008659739	-0.004263256	0.014122035

1495265760845	0.0075939246	-0.003197442	0.016253663

1495265760852	0.008659739	0.00532907	0.0119904075

1495265760857	0.0075939246	0.002131628	0.017452704

1495265760871	0.0075939246	0.0	0.009725553

1495265760877	0.00532907	-0.001065814	0.010791367

1495265760888	0.0119904075	-0.002131628	0.010791367

1495265760899	0.010791367	-0.004263256	0.015187849

1495265760907	0.0065281107	-0.003197442	0.0119904075

1495265760920	0.009725553	0.0	0.013056221

1495265760928	0.00532907	-0.004263256	0.0065281107

1495265760938	0.002131628	-0.008659739	0.014122035

1495265760947	0.009725553	-0.002131628	0.014122035

1495265760957	0.0065281107	-0.002131628	0.0075939246

1495265760968	0.009725553	-0.00532907	0.010791367

1495265760977	0.008659739	0.001065814	0.010791367

1495265760987	0.010791367	0.001065814	0.018518519

1495265760998	0.0119904075	-0.004263256	0.016253663

1495265761008	0.009725553	-0.010791367	0.009725553

1495265761020	0.0075939246	-0.009725553	0.008659739

1495265761028	0.0065281107	0.0	0.009725553

1495265761038	0.004263256	-0.003197442	0.0119904075

1495265761047	0.0075939246	-0.002131628	0.0119904075

1495265761057	0.0065281107	0.001065814	0.010791367

1495265761068	0.010791367	0.001065814	0.013056221

1495265761077	0.0075939246	-0.002131628	0.013056221

1495265761088	0.00532907	-0.003197442	0.010791367

1495265761098	0.00532907	-0.0065281107	0.008659739

1495265761107	0.0119904075	-0.002131628	0.0065281107

1495265761121	0.008659739	0.0	0.0065281107

1495265761128	0.010791367	-0.001065814	0.013056221

1495265761147	0.013056221	-0.003197442	0.013056221

1495265761149	0.0075939246	-0.003197442	0.008659739

1495265761157	0.009725553	-0.001065814	0.013056221

1495265761170	0.009725553	-0.0075939246	0.017452704

1495265761188	0.0119904075	0.27804422	0.0065281107

1495265761198	0.008659739	0.004263256	0.010791367

1495265761208	0.0075939246	-0.002131628	0.015187849

1495265761220	0.004263256	0.0	0.0075939246

1495265761227	0.0075939246	-0.002131628	0.016253663

1495265761237	0.009725553	-0.002131628	0.015187849

1495265761247	0.008659739	-0.0065281107	0.014122035

1495265761257	0.004263256	-0.0065281107	0.016253663

1495265761268	0.0119904075	-0.003197442	0.0119904075

1495265761278	0.0119904075	-0.008659739	0.0065281107

1495265761288	0.008659739	-0.0065281107	0.010791367

1495265761298	0.009725553	-0.00532907	0.009725553

1495265761307	0.009725553	-0.002131628	0.010791367

1495265761320	0.0075939246	-0.002131628	0.010791367

1495265761327	0.008659739	-0.003197442	0.013056221

1495265761337	0.010791367	-0.004263256	0.008659739

1495265761347	0.009725553	-0.00532907	0.008659739

1495265761357	0.00532907	0.001065814	0.015187849

1495265761368	0.0119904075	0.003197442	0.013056221

1495265761378	0.013056221	0.001065814	0.014122035

1495265761388	0.008659739	-0.004263256	0.015187849

1495265761398	0.008659739	0.0	0.015187849

1495265761407	0.0065281107	-0.0065281107	0.0119904075

1495265761419	0.013056221	-0.0075939246	0.010791367

1495265761427	0.009725553	-0.0075939246	0.0065281107

1495265761437	0.008659739	-0.004263256	0.008659739

1495265761448	0.009725553	-0.0065281107	0.0065281107

1495265761457	0.0075939246	-0.0065281107	0.009725553

1495265761470	0.009725553	-0.001065814	0.004263256

1495265761478	0.010791367	-0.004263256	0.0075939246

1495265761488	0.008659739	-0.004263256	0.008659739

1495265761498	0.009725553	-0.001065814	0.015187849

1495265761507	0.015187849	-0.004263256	0.014122035

1495265761520	0.0075939246	-0.003197442	0.013056221

1495265761527	0.010791367	0.002131628	0.014122035

1495265761537	0.010791367	0.001065814	0.016253663

1495265761547	0.009725553	0.002131628	0.015187849

1495265761557	0.0119904075	-0.002131628	0.010791367

1495265761568	0.009725553	-0.001065814	0.013056221

1495265761578	0.0075939246	-0.004263256	0.016253663

1495265761588	0.0075939246	-0.004263256	0.013056221

1495265761598	0.0065281107	0.001065814	0.009725553

1495265761608	0.0075939246	-0.0065281107	0.008659739

1495265761620	0.009725553	-0.001065814	0.015187849

1495265761628	0.0075939246	-0.004263256	0.0119904075

1495265761638	0.0075939246	-0.002131628	0.015187849

1495265761647	0.009725553	-0.001065814	0.017452704

1495265761658	0.010791367	-0.0075939246	0.015187849

1495265761672	0.009725553	-0.003197442	0.014122035

1495265761678	0.009725553	0.002131628	0.016253663

1495265761699	0.014122035	-0.001065814	0.008659739

1495265761701	0.0075939246	-0.002131628	0.0065281107

1495265761708	0.0065281107	-0.003197442	0.009725553

1495265761721	0.008659739	-0.001065814	0.0119904075

1495265761727	0.008659739	-0.003197442	0.0119904075

1495265761738	0.014122035	0.003197442	0.017452704

1495265761747	0.010791367	0.002131628	0.013056221

1495265761757	0.00532907	-0.003197442	0.013056221

1495265761770	0.010791367	-0.004263256	0.018518519

1495265761788	0.0065281107	-0.0075939246	0.017452704

1495265761798	0.0075939246	-0.003197442	0.017452704

1495265761807	0.009725553	-0.003197442	0.016253663

1495265761820	0.0075939246	-0.0075939246	0.009725553

1495265761829	0.008659739	-0.001065814	0.0119904075

1495265761848	0.00532907	0.002131628	0.015187849

1495265761850	0.0065281107	-0.0065281107	0.018518519

1495265761871	0.004263256	-0.004263256	0.013056221

1495265761872	0.00532907	-0.003197442	0.010791367

1495265761878	0.004263256	0.0	0.010791367

1495265761888	0.009725553	-0.001065814	0.0119904075

1495265761899	0.010791367	-0.004263256	0.009725553

1495265761907	0.010791367	-0.003197442	0.010791367

1495265761920	0.0075939246	-0.003197442	0.016253663

1495265761928	0.00532907	-0.0065281107	0.013056221

1495265761938	0.008659739	-0.001065814	0.015187849

1495265761947	0.00532907	-0.004263256	0.013056221

1495265761957	0.004263256	0.001065814	0.014122035

1495265761968	0.0065281107	-0.004263256	0.0065281107

1495265761977	0.009725553	-0.004263256	0.014122035

1495265761987	0.008659739	-0.001065814	0.013056221

1495265761997	0.010791367	-0.00532907	0.014122035

1495265762007	0.0065281107	-0.004263256	0.016253663

1495265762020	0.004263256	-0.0065281107	0.009725553

1495265762028	0.004263256	-0.003197442	0.008659739

1495265762038	0.0065281107	-0.009725553	0.010791367

1495265762048	0.008659739	-0.0065281107	0.008659739

1495265762057	0.0065281107	-0.0065281107	0.014122035

1495265762070	0.0075939246	-0.004263256	0.013056221

1495265762078	0.00532907	-0.002131628	0.008659739

1495265762087	0.004263256	-0.00532907	0.013056221

1495265762098	0.010791367	-0.0065281107	0.017452704

1495265762107	0.0075939246	-0.0075939246	0.009725553

1495265762120	0.008659739	-0.0065281107	0.013056221

1495265762128	0.0075939246	-0.00532907	0.0065281107

1495265762138	0.009725553	-0.003197442	0.0119904075

1495265762147	0.009725553	-0.0075939246	0.009725553

1495265762157	0.010791367	-0.002131628	0.013056221

1495265762168	0.009725553	-0.001065814	0.014122035

1495265762177	0.009725553	-0.001065814	0.0119904075

1495265762187	0.009725553	0.001065814	0.014122035

1495265762198	0.009725553	0.002131628	0.0119904075

1495265762207	0.00532907	-0.002131628	0.009725553

1495265762220	0.0065281107	-0.003197442	0.0119904075

1495265762228	0.0075939246	-0.00532907	0.0119904075

1495265762238	0.009725553	-0.009725553	0.0065281107

1495265762248	0.009725553	0.001065814	0.0119904075

1495265762258	0.004263256	0.004263256	0.016253663

1495265762268	0.0075939246	-0.004263256	0.017452704

1495265762277	0.0075939246	-0.0075939246	0.016253663

1495265762287	0.008659739	-0.001065814	0.013056221

1495265762297	0.008659739	0.0	0.0119904075

1495265762307	0.009725553	0.0	0.0065281107

1495265762319	0.0119904075	-0.004263256	0.014122035

1495265762328	0.015187849	-0.003197442	0.014122035

1495265762338	0.008659739	-0.001065814	0.009725553

1495265762347	0.0075939246	-0.002131628	0.010791367

1495265762358	0.0075939246	-0.003197442	0.013056221

1495265762370	0.0075939246	-0.003197442	0.004263256

1495265762377	0.0075939246	-0.003197442	0.008659739

1495265762388	0.008659739	-0.001065814	0.015187849

1495265762398	0.0065281107	-0.0065281107	0.018518519

1495265762408	0.0075939246	-0.004263256	0.013056221

1495265762420	0.008659739	-0.001065814	0.0119904075

1495265762428	0.008659739	-0.002131628	0.013056221

1495265762437	0.00532907	-0.001065814	0.013056221

1495265762447	0.0065281107	-0.0075939246	0.014122035

1495265762457	0.0075939246	-0.0065281107	0.009725553

1495265762468	0.013056221	-0.00532907	0.016253663

1495265762477	0.0065281107	-0.00532907	0.009725553

1495265762487	0.009725553	-0.002131628	0.016253663

1495265762499	0.010791367	-0.010791367	0.014122035

1495265762508	0.00532907	-0.008659739	0.015187849

1495265762525	0.008659739	-0.002131628	0.013056221

1495265762538	0.009725553	-0.004263256	0.0119904075

1495265762557	0.010791367	-0.002131628	0.0075939246

1495265762559	0.0075939246	0.0	0.009725553

1495265762568	0.010791367	-0.00532907	0.010791367

1495265762577	0.0119904075	-0.00532907	0.009725553

1495265762587	0.004263256	-0.0119904075	0.014122035

1495265762597	0.00532907	-0.002131628	0.015187849

1495265762608	0.0065281107	-0.00532907	0.013056221

1495265762620	0.0065281107	-0.003197442	0.018518519

1495265762628	0.009725553	-0.004263256	0.016253663

1495265762638	0.0065281107	-0.003197442	0.015187849

1495265762647	0.00532907	-0.002131628	0.015187849

1495265762658	0.008659739	-0.0065281107	0.016253663

1495265762668	0.0065281107	-0.008659739	0.015187849

1495265762679	0.00532907	-0.003197442	0.016253663

1495265762688	0.0075939246	0.0	0.0119904075

1495265762698	0.0075939246	-0.001065814	0.013056221

1495265762707	0.004263256	0.0	0.010791367

1495265762719	0.00532907	-0.0075939246	0.010791367

1495265762727	0.010791367	-0.002131628	0.014122035

1495265762737	0.013056221	-0.001065814	0.009725553

1495265762747	0.0075939246	-0.001065814	0.016253663

1495265762757	0.008659739	-0.0065281107	0.009725553

1495265762768	0.003197442	-0.0065281107	0.014122035

1495265762778	0.0075939246	-0.002131628	0.014122035

1495265762788	0.010791367	0.0	0.013056221

1495265762797	0.008659739	-0.00532907	0.013056221

1495265762807	0.010791367	-0.00532907	0.0075939246

1495265762820	0.0075939246	-0.00532907	0.0075939246

1495265762831	0.00532907	0.0	0.009725553

1495265762837	0.010791367	-0.00532907	0.013056221

1495265762848	0.0065281107	-0.0065281107	0.017452704

1495265762858	0.0075939246	-0.003197442	0.013056221

1495265762868	0.008659739	-0.002131628	0.009725553

1495265762878	0.008659739	-0.001065814	0.009725553

1495265762889	0.008659739	-0.001065814	0.010791367

1495265762898	0.008659739	-0.001065814	0.015187849

1495265762911	0.008659739	-0.003197442	0.013056221

1495265762920	0.009725553	-0.00532907	0.0075939246

1495265762927	0.009725553	-0.004263256	0.0075939246

1495265762937	0.010791367	-0.00532907	0.009725553

1495265762948	0.009725553	0.0	0.017452704

1495265762958	0.0075939246	-0.0065281107	0.014122035

1495265762968	0.009725553	-0.0075939246	0.017452704

1495265762977	0.008659739	-0.003197442	0.010791367

1495265762987	0.0119904075	-0.001065814	0.009725553

1495265762997	0.010791367	0.0	0.0119904075

1495265763007	0.010791367	-0.003197442	0.013056221

1495265763019	0.008659739	-0.002131628	0.017452704

1495265763027	0.0065281107	-0.003197442	0.016253663

1495265763038	0.008659739	-0.0065281107	0.0119904075

1495265763048	0.0075939246	-0.0065281107	0.010791367

1495265763058	0.0065281107	-0.0075939246	0.009725553

1495265763073	0.009725553	-0.001065814	0.009725553

1495265763078	0.0119904075	0.003197442	0.017452704

1495265763102	0.009725553	0.003197442	0.010791367

1495265763103	0.010791367	-0.001065814	0.015187849

1495265763107	0.008659739	-0.004263256	0.014122035

1495265763120	0.0075939246	-0.001065814	0.010791367

1495265763128	0.0065281107	0.001065814	0.010791367

1495265763137	0.0119904075	0.002131628	0.016253663

1495265763147	0.010791367	-0.002131628	0.014122035

1495265763157	0.0075939246	-0.001065814	0.015187849

1495265763168	0.0119904075	0.0	0.0065281107

1495265763178	0.009725553	-0.003197442	0.013056221

1495265763188	0.0065281107	-0.0075939246	0.015187849

1495265763197	0.009725553	0.0	0.016253663

1495265763207	0.013056221	-0.002131628	0.013056221

1495265763221	0.009725553	-0.002131628	0.015187849

1495265763227	0.008659739	-0.003197442	0.014122035

1495265763248	0.008659739	0.002131628	0.0119904075

1495265763258	0.0075939246	-0.00532907	0.014122035

1495265763268	0.008659739	-0.003197442	0.013056221

1495265763278	0.008659739	-0.001065814	0.010791367

1495265763287	0.010791367	0.0	0.0075939246

1495265763297	0.008659739	-0.001065814	0.0075939246

1495265763307	0.0075939246	0.0	0.014122035

1495265763319	0.0065281107	-0.003197442	0.015187849

1495265763328	0.004263256	-0.002131628	0.016253663

1495265763338	0.0075939246	-0.001065814	0.014122035

1495265763347	0.00532907	-0.0065281107	0.0065281107

1495265763358	0.00532907	-0.00532907	0.008659739

1495265763368	0.008659739	-0.0065281107	0.010791367

1495265763377	0.0065281107	-0.0065281107	0.016253663

1495265763387	0.015187849	0.001065814	0.010791367

1495265763397	0.009725553	-0.002131628	0.008659739

1495265763407	0.004263256	-0.001065814	0.016253663

1495265763419	0.0075939246	-0.004263256	0.008659739

1495265763428	0.00532907	0.002131628	0.015187849

1495265763438	0.009725553	-0.002131628	0.015187849

1495265763448	0.0075939246	-0.002131628	0.0119904075

1495265763457	0.013056221	0.004263256	0.014122035

1495265763469	0.0119904075	0.001065814	0.010791367

1495265763477	0.0119904075	-0.003197442	0.010791367

1495265763488	0.009725553	-0.002131628	0.0075939246

1495265763497	0.009725553	-0.001065814	0.013056221

1495265763507	0.013056221	0.0	0.019584332

1495265763520	0.009725553	-0.0075939246	0.010791367

1495265763538	0.0119904075	0.0	0.014122035

1495265763548	0.0119904075	-0.00532907	0.014122035

1495265763557	0.009725553	-0.002131628	0.015187849

1495265763568	0.0075939246	-0.0065281107	0.0119904075

1495265763578	0.009725553	-0.002131628	0.009725553

1495265763587	0.0075939246	-0.00532907	0.015187849

1495265763597	0.0119904075	-0.002131628	0.016253663

1495265763609	0.008659739	-0.00532907	0.014122035

1495265763622	0.010791367	-0.0065281107	0.0075939246

1495265763628	0.009725553	-0.001065814	0.008659739

1495265763649	0.0119904075	0.002131628	0.014122035

1495265763651	0.010791367	-0.002131628	0.015187849

1495265763658	0.009725553	-0.00532907	0.014122035

1495265763670	0.0065281107	0.0	0.009725553

1495265763678	0.009725553	-0.001065814	0.0119904075

1495265763687	0.0065281107	-0.002131628	0.018518519

1495265763697	0.0075939246	-0.00532907	0.015187849

1495265763707	0.009725553	-0.00532907	0.0119904075

1495265763720	0.0065281107	-0.003197442	0.010791367

1495265763728	0.0065281107	-0.004263256	0.015187849

1495265763737	0.008659739	0.0	0.017452704

1495265763747	0.009725553	-0.00532907	0.019584332

1495265763757	0.0119904075	-0.0065281107	0.0065281107

1495265763768	0.008659739	0.002131628	0.009725553

1495265763777	0.0065281107	-0.001065814	0.014122035

1495265763787	0.00532907	-0.004263256	0.0065281107

1495265763797	0.0119904075	0.003197442	0.013056221

1495265763807	0.010791367	0.0	0.009725553

1495265763821	0.009725553	-0.0065281107	0.0119904075

1495265763833	0.0119904075	-0.004263256	0.013056221

1495265763845	0.014122035	-0.004263256	0.0119904075

1495265763848	0.014122035	0.002131628	0.014122035

1495265763858	0.0119904075	-0.001065814	0.009725553

1495265763868	0.0075939246	-0.003197442	0.017452704

1495265763878	0.010791367	-0.003197442	0.014122035

1495265763888	0.010791367	-0.003197442	0.0119904075

1495265763898	0.0075939246	-0.004263256	0.015187849

1495265763908	0.008659739	-0.002131628	0.016253663

1495265763920	0.0119904075	0.001065814	0.017452704

1495265763928	0.008659739	-0.003197442	0.018518519

1495265763937	0.009725553	-0.0075939246	0.016253663

1495265763947	0.009725553	-0.00532907	0.014122035

1495265763957	0.013056221	-0.001065814	0.0065281107

1495265763968	0.013056221	-0.00532907	0.009725553

1495265763978	0.0075939246	-0.003197442	0.0075939246

1495265763988	0.0075939246	-0.003197442	0.010791367

1495265763997	0.0065281107	0.003197442	0.0119904075

1495265764007	0.0075939246	-0.0075939246	0.010791367

1495265764020	0.0075939246	-0.0075939246	0.013056221

1495265764028	0.008659739	0.0	0.0075939246

1495265764037	0.009725553	-0.002131628	0.0119904075

1495265764047	0.010791367	-0.0065281107	0.0119904075

1495265764058	0.008659739	-0.003197442	0.016253663

1495265764075	0.0075939246	0.0	0.014122035

1495265764088	0.004263256	-0.004263256	0.014122035

1495265764101	0.0075939246	-0.0075939246	0.013056221

1495265764108	0.00532907	-0.008659739	0.014122035

1495265764121	0.0065281107	-0.004263256	0.018518519

1495265764137	0.00532907	-0.002131628	0.0075939246

1495265764147	0.010791367	-0.003197442	0.010791367

1495265764157	0.009725553	-0.004263256	0.015187849

1495265764168	0.009725553	-0.002131628	0.015187849

1495265764178	0.013056221	0.001065814	0.015187849

1495265764188	0.010791367	-0.003197442	0.010791367

1495265764197	0.0075939246	0.0	0.013056221

1495265764207	0.0075939246	-0.0065281107	0.013056221

1495265764220	0.008659739	-0.003197442	0.013056221

1495265764227	0.010791367	-0.002131628	0.015187849

1495265764237	0.009725553	-0.004263256	0.008659739

1495265764247	0.0065281107	-0.0119904075	0.016253663

1495265764257	0.009725553	-0.00532907	0.010791367

1495265764268	0.0075939246	-0.00532907	0.013056221

1495265764278	0.008659739	-0.0065281107	0.014122035

1495265764288	0.0119904075	0.004263256	0.013056221

1495265764297	0.0119904075	0.001065814	0.0119904075

1495265764307	0.008659739	-0.003197442	0.014122035

1495265764319	0.008659739	-0.004263256	0.0119904075

1495265764328	0.010791367	-0.001065814	0.0119904075

1495265764337	0.003197442	-0.003197442	0.017452704

1495265764347	0.0075939246	-0.004263256	0.014122035

1495265764358	0.010791367	0.002131628	0.010791367

1495265764377	0.008659739	-0.002131628	0.013056221

1495265764380	0.010791367	-0.002131628	0.014122035

1495265764397	0.016253663	-0.001065814	0.010791367

1495265764398	0.0075939246	-0.0065281107	0.010791367

1495265764407	0.009725553	-0.0075939246	0.010791367

1495265764418	0.0119904075	-0.009725553	0.010791367

1495265764427	0.0119904075	-0.0075939246	0.017452704

1495265764438	0.0075939246	-0.002131628	0.015187849

1495265764448	0.0065281107	0.002131628	0.015187849

1495265764457	0.0065281107	-0.003197442	0.017452704

1495265764468	0.002131628	-0.004263256	0.018518519

1495265764477	0.008659739	-0.004263256	0.014122035

1495265764487	0.0119904075	-0.0065281107	0.009725553

1495265764497	0.008659739	-0.0065281107	0.013056221

1495265764507	0.0075939246	-0.00532907	0.010791367

1495265764519	0.00532907	-0.0075939246	0.010791367

1495265764528	0.008659739	-0.004263256	0.014122035

1495265764538	0.008659739	-0.002131628	0.016253663

1495265764547	0.009725553	-0.002131628	0.018518519

1495265764557	0.008659739	-0.002131628	0.0075939246

1495265764568	0.008659739	-0.0065281107	0.009725553

1495265764577	0.008659739	0.001065814	0.014122035

1495265764587	0.0075939246	-0.001065814	0.014122035

1495265764598	0.0075939246	-0.00532907	0.016253663

1495265764608	0.00532907	-0.00532907	0.015187849

1495265764619	0.00532907	-0.001065814	0.016253663

1495265764627	0.0119904075	0.001065814	0.016253663

1495265764638	0.0119904075	-0.002131628	0.015187849

1495265764648	0.010791367	-0.001065814	0.009725553

1495265764657	0.010791367	-0.0065281107	0.008659739

1495265764670	0.009725553	-0.003197442	0.014122035

1495265764677	0.009725553	-0.00532907	0.010791367

1495265764687	0.0119904075	0.001065814	0.0065281107

1495265764698	0.0119904075	0.0	0.0065281107

1495265764707	0.0075939246	-0.0075939246	0.0075939246

1495265764719	0.0065281107	-0.00532907	0.013056221

1495265764728	0.008659739	-0.004263256	0.018518519

1495265764738	0.008659739	-0.00532907	0.015187849

1495265764747	0.0075939246	-0.003197442	0.013056221

1495265764757	0.0075939246	-0.004263256	0.013056221

1495265764768	0.008659739	-0.00532907	0.016253663

1495265764778	0.0075939246	-0.0065281107	0.0119904075

1495265764787	0.010791367	-0.001065814	0.018518519

1495265764797	0.009725553	0.0	0.020650147

1495265764808	0.008659739	-0.003197442	0.010791367

1495265764840	0.0065281107	0.001065814	0.0119904075

1495265764843	0.0065281107	0.001065814	0.0119904075

1495265764881	0.008659739	0.003197442	0.015187849

1495265764882	0.0065281107	0.0	0.009725553

1495265764883	0.0075939246	-0.002131628	0.014122035

1495265764884	0.00532907	-0.0065281107	0.015187849

1495265764893	0.009725553	-0.002131628	0.015187849

1495265764898	0.009725553	-0.008659739	0.008659739

1495265764908	0.008659739	-0.002131628	0.014122035

1495265764919	0.0119904075	0.001065814	0.010791367

1495265764928	0.014122035	-0.008659739	0.009725553

1495265764938	0.010791367	-0.0065281107	0.010791367

1495265764948	0.013056221	-0.003197442	0.010791367

1495265764958	0.00532907	-0.003197442	0.00532907

1495265764968	0.010791367	-0.00532907	0.010791367

1495265764977	0.0119904075	-0.001065814	0.014122035

1495265764987	0.008659739	-0.002131628	0.018518519

1495265764997	0.004263256	-0.003197442	0.009725553

1495265765008	0.003197442	-0.003197442	0.0119904075

1495265765019	0.013056221	0.001065814	0.009725553

1495265765027	0.010791367	-0.004263256	0.013056221

1495265765037	0.003197442	-0.004263256	0.014122035

1495265765047	0.010791367	-0.00532907	0.015187849

1495265765057	0.0075939246	-0.004263256	0.017452704

1495265765068	0.0075939246	0.002131628	0.014122035

1495265765078	0.010791367	-0.001065814	0.013056221

1495265765097	0.008659739	-0.004263256	0.013056221

1495265765108	0.0075939246	-0.00532907	0.014122035

1495265765120	0.008659739	-0.00532907	0.010791367

1495265765127	0.008659739	0.0	0.0075939246

1495265765137	0.010791367	0.003197442	0.013056221

1495265765147	0.009725553	-0.002131628	0.018518519

1495265765157	0.0075939246	-0.003197442	0.020650147

1495265765169	0.009725553	-0.004263256	0.014122035

1495265765178	0.009725553	0.001065814	0.010791367

1495265765188	0.010791367	0.002131628	0.0119904075

1495265765198	0.008659739	0.003197442	0.015187849

1495265765208	0.009725553	0.001065814	0.009725553

1495265765220	0.008659739	0.002131628	0.013056221

1495265765227	0.0065281107	0.001065814	0.0119904075

1495265765237	0.009725553	-0.003197442	0.010791367

1495265765247	0.009725553	-0.0075939246	0.0075939246

1495265765257	0.010791367	-0.0065281107	0.008659739

1495265765270	0.014122035	-0.002131628	0.0119904075

1495265765277	0.0075939246	0.001065814	0.0075939246

1495265765288	0.015187849	0.001065814	0.0119904075

1495265765298	0.014122035	-0.002131628	0.009725553

1495265765307	0.009725553	-0.0075939246	0.009725553

1495265765318	0.014122035	-0.004263256	0.008659739

1495265765328	0.010791367	-0.00532907	0.0075939246

1495265765337	0.004263256	-0.0065281107	0.009725553

1495265765348	0.009725553	-0.00532907	0.009725553

1495265765358	0.008659739	0.002131628	0.014122035

1495265765371	0.0065281107	-0.004263256	0.017452704

1495265765378	0.00532907	-0.003197442	0.020650147

1495265765388	0.008659739	-0.00532907	0.017452704

1495265765397	0.0119904075	-0.0075939246	0.015187849

1495265765407	0.0075939246	-0.004263256	0.0119904075

1495265765420	0.009725553	-0.0065281107	0.016253663

1495265765427	0.010791367	-0.009725553	0.0075939246

1495265765437	0.010791367	-0.003197442	0.009725553

1495265765447	0.014122035	-0.0065281107	0.010791367

1495265765458	0.0119904075	-0.0065281107	0.013056221

1495265765468	0.004263256	-0.008659739	0.013056221

1495265765477	0.008659739	-0.00532907	0.018518519

1495265765487	0.0075939246	-0.001065814	0.019584332

1495265765497	0.004263256	0.003197442	0.014122035

1495265765507	0.008659739	0.0	0.008659739

1495265765519	0.008659739	-0.004263256	0.015187849

1495265765528	0.0075939246	-0.001065814	0.015187849

1495265765537	0.010791367	-0.0065281107	0.014122035

1495265765548	0.009725553	-0.00532907	0.016253663

1495265765558	0.009725553	-0.00532907	0.009725553

