1495451309396	0.6607997	-0.22984336	5.21936

1495451309400	0.22026655	-0.08619126	7.575254

1495451309402	-0.047884032	0.009576807	8.734048

1495451309403	-0.15322891	0.02873042	9.3661175

1495451309425	-0.20111294	0.06703765	9.662998

1495451309427	-0.22984336	0.06703765	9.825804

1495451309429	-0.25857377	0.038307227	9.873688

1495451309443	-0.25857377	0.05746084	9.892841

1495451309559	-0.2777274	0.10534488	9.911995

1495451309561	-0.2777274	0.095768064	9.940725

1495451309563	-0.2681506	0.08619126	9.950302

1495451309567	-0.25857377	0.08619126	9.959879

1495451309569	-0.24899697	0.02873042	9.959879

1495451309571	-0.2777274	0.06703765	9.9790325

1495451309573	-0.23942018	0.10534488	10.01734

1495451309576	-0.2681506	0.095768064	9.9790325

1495451309578	-0.2777274	0.06703765	9.950302

1495451309584	-0.2873042	0.06703765	9.921572

1495451309587	-0.22984336	0.047884032	9.9790325

1495451309589	-0.23942018	0.038307227	9.940725

1495451309592	-0.22026655	0.038307227	9.9790325

1495451309594	-0.22984336	0.038307227	9.988609

1495451309599	-0.2873042	0.009576807	9.921572

1495451309622	-0.29688102	0.047884032	9.950302

1495451309626	-0.2873042	0.05746084	9.969456

1495451309630	-0.2777274	0.05746084	9.969456

1495451309661	-0.2681506	0.076614454	9.959879

1495451309663	-0.2777274	0.12449849	10.01734

1495451309666	-0.2873042	0.06703765	10.01734

1495451309744	-0.30645782	0.10534488	10.04607

1495451309747	-0.2681506	0.047884032	9.998186

1495451309755	-0.2873042	0.038307227	10.007763

1495451309759	-0.29688102	0.038307227	9.988609

1495451309762	-0.31603462	0.08619126	9.931149

1495451309764	-0.2873042	0.06703765	9.969456

1495451309768	-0.2873042	0.047884032	9.9790325

1495451309772	-0.32561144	0.047884032	9.988609

1495451309774	-0.2777274	0.019153614	9.988609

1495451309778	-0.2681506	0.047884032	9.988609

1495451309782	-0.30645782	0.02873042	9.950302

1495451309813	-0.30645782	0.02873042	9.950302

1495451309818	-0.25857377	0.02873042	9.950302

1495451309821	-0.25857377	0.047884032	9.969456

1495451309824	-0.2681506	0.10534488	9.998186

1495451309828	-0.2777274	0.076614454	10.007763

1495451309843	-0.29688102	0.06703765	9.998186

1495451309848	-0.29688102	0.047884032	9.959879

1495451309863	-0.30645782	0.06703765	9.969456

1495451309881	-0.30645782	0.047884032	10.007763

1495451309892	-0.2681506	0.047884032	9.998186

1495451309902	-0.22984336	0.06703765	9.988609

1495451309914	-0.22984336	0.05746084	10.007763

1495451309918	-0.2873042	0.076614454	9.950302

1495451309946	-0.29688102	0.047884032	9.940725

1495451309967	-0.29688102	0.038307227	9.950302

1495451309972	-0.2873042	0.019153614	9.950302

1495451309976	-0.2873042	0.019153614	9.9790325

1495451309980	-0.2777274	0.047884032	9.959879

1495451309984	-0.2681506	0.019153614	9.9790325

1495451310018	-0.2681506	0.038307227	9.959879

1495451310021	-0.2777274	0.06703765	9.950302

1495451310025	-0.29688102	0.05746084	9.959879

1495451310029	-0.32561144	0.047884032	9.931149

1495451310031	-0.30645782	0.038307227	9.959879

1495451310048	-0.29688102	0.06703765	9.969456

1495451310052	-0.2777274	0.02873042	9.931149

1495451310063	-0.35434186	0.019153614	9.950302

1495451310072	-0.34476504	0.019153614	9.940725

1495451310083	-0.30645782	0.02873042	9.950302

1495451310093	-0.31603462	0.05746084	9.969456

1495451310098	-0.2777274	0.019153614	9.950302

1495451310108	-0.24899697	0.038307227	9.998186

1495451310128	-0.2777274	0.009576807	9.921572

1495451310138	-0.2681506	0.02873042	9.9790325

1495451310153	-0.22026655	0.08619126	10.01734

1495451310163	-0.22984336	0.076614454	9.988609

1495451310173	-0.25857377	0.038307227	9.959879

1495451310178	-0.23942018	0.038307227	9.959879

1495451310188	-0.2777274	0.038307227	9.969456

1495451310203	-0.25857377	0.038307227	9.921572

1495451310213	-0.24899697	0.02873042	9.864111

1495451310223	-0.2777274	0.08619126	9.902418

1495451310235	-0.2873042	0.095768064	9.931149

1495451310239	-0.2777274	0.047884032	9.892841

1495451310248	-0.30645782	0.08619126	9.969456

1495451310263	-0.2873042	0.08619126	9.959879

1495451310273	-0.2681506	0.076614454	9.969456

1495451310282	-0.23942018	0.047884032	9.988609

1495451310293	-0.2873042	0.038307227	9.988609

1495451310298	-0.30645782	0.038307227	9.940725

1495451310309	-0.29688102	0.038307227	9.959879

1495451310318	-0.30645782	0.047884032	9.950302

1495451310333	-0.24899697	0.019153614	9.931149

1495451310343	-0.2681506	0.05746084	9.950302

1495451310356	-0.2681506	0.02873042	9.969456

1495451310361	-0.25857377	0.009576807	9.988609

1495451310373	-0.2777274	-0.019153614	9.911995

1495451310378	-0.2777274	0.0	9.9790325

1495451310403	-0.2681506	0.05746084	10.01734

1495451310413	-0.22984336	0.02873042	9.940725

1495451310423	-0.2777274	0.038307227	9.940725

1495451310428	-0.2681506	0.047884032	9.959879

1495451310443	-0.2873042	0.038307227	9.959879

1495451310452	-0.29688102	0.038307227	9.940725

1495451310463	-0.32561144	0.047884032	9.911995

1495451310473	-0.2681506	0.05746084	9.988609

1495451310493	-0.2777274	0.05746084	9.940725

1495451310508	-0.2681506	0.02873042	9.959879

1495451310523	-0.25857377	0.009576807	9.959879

1495451310533	-0.2873042	0.047884032	9.998186

1495451310543	-0.29688102	0.02873042	9.988609

1495451310552	-0.2777274	0.05746084	9.9790325

1495451310564	-0.2681506	0.08619126	9.988609

1495451310572	-0.2681506	0.10534488	10.01734

1495451310582	-0.24899697	0.08619126	10.007763

1495451310588	-0.25857377	0.076614454	9.9790325

1495451310603	-0.2681506	0.06703765	9.998186

1495451310608	-0.2777274	0.047884032	9.988609

1495451310624	-0.23942018	0.009576807	9.940725

1495451310633	-0.2777274	0.019153614	9.940725

1495451310642	-0.2681506	0.019153614	9.921572

1495451310719	-0.24899697	0.0	9.940725

1495451310721	-0.22026655	0.0	9.959879

1495451310723	-0.23942018	0.02873042	9.959879

1495451310724	-0.2873042	0.02873042	9.902418

1495451310727	-0.2873042	0.0	9.921572

1495451310729	-0.29688102	0.02873042	9.940725

1495451310731	-0.2681506	0.009576807	9.921572

1495451310737	-0.23942018	0.019153614	9.940725

1495451310753	-0.23942018	0.009576807	9.950302

1495451310758	-0.2777274	0.076614454	9.969456

1495451310771	-0.2777274	0.06703765	9.9790325

1495451310781	-0.2777274	0.05746084	9.969456

1495451310791	-0.2681506	0.047884032	9.959879

1495451310802	-0.2681506	0.06703765	9.988609

1495451310818	-0.29688102	0.047884032	9.9790325

1495451310832	-0.30645782	0.06703765	9.969456

1495451310838	-0.2777274	0.02873042	9.969456

1495451310852	-0.30645782	0.02873042	9.950302

1495451310861	-0.24899697	0.047884032	9.950302

1495451310881	-0.22026655	0.06703765	9.940725

1495451310891	-0.2777274	0.047884032	9.9790325

1495451310901	-0.2873042	0.06703765	9.969456

1495451310908	-0.22984336	0.047884032	9.998186

1495451310921	-0.23942018	0.038307227	10.0269165

1495451310928	-0.23942018	0.02873042	9.959879

1495451310941	-0.25857377	0.019153614	9.969456

1495451310952	-0.24899697	0.02873042	9.998186

1495451310961	-0.2681506	0.019153614	9.950302

1495451310972	-0.24899697	0.009576807	9.959879

1495451310978	-0.2681506	0.02873042	9.959879

1495451310992	-0.25857377	0.038307227	9.9790325

1495451311002	-0.2777274	0.019153614	9.921572

1495451311012	-0.2777274	0.047884032	9.969456

1495451311018	-0.24899697	0.047884032	10.007763

1495451311028	-0.2681506	0.038307227	9.9790325

1495451311041	-0.33518824	0.047884032	9.9790325

1495451311052	-0.30645782	0.02873042	9.9790325

1495451311061	-0.2777274	0.019153614	9.940725

1495451311072	-0.31603462	0.05746084	9.902418

1495451311081	-0.2873042	0.076614454	9.959879

1495451311091	-0.31603462	0.05746084	9.988609

1495451311101	-0.2873042	0.047884032	10.0269165

1495451311112	-0.2873042	0.038307227	9.988609

1495451311121	-0.2777274	0.05746084	9.9790325

1495451311132	-0.29688102	0.10534488	9.969456

1495451311138	-0.2873042	0.076614454	10.036493

1495451311152	-0.2777274	0.06703765	10.007763

1495451311158	-0.25857377	0.038307227	9.988609

1495451311168	-0.25857377	0.047884032	10.0748005

1495451311178	-0.2777274	0.047884032	10.007763

1495451311191	-0.2777274	0.038307227	9.940725

1495451311201	-0.2681506	0.038307227	9.9790325

1495451311221	-0.25857377	0.08619126	10.007763

1495451311238	-0.2777274	0.038307227	9.998186

1495451311248	-0.23942018	0.009576807	9.969456

1495451311264	-0.25857377	0.009576807	9.959879

1495451311281	-0.24899697	0.019153614	9.892841

1495451311292	-0.25857377	0.05746084	9.969456

1495451311301	-0.2873042	0.08619126	9.9790325

1495451311308	-0.2777274	0.076614454	9.988609

1495451311318	-0.2873042	0.06703765	9.988609

1495451311328	-0.25857377	0.038307227	9.959879

1495451311338	-0.24899697	0.05746084	9.931149

1495451311348	-0.23942018	0.095768064	9.959879

1495451311361	-0.2777274	0.05746084	9.931149

1495451311372	-0.29688102	0.06703765	9.931149

1495451311386	-0.30645782	0.06703765	9.902418

1495451311388	-0.2873042	0.019153614	9.911995

1495451311398	-0.2681506	0.02873042	9.911995

1495451311411	-0.2681506	0.038307227	9.931149

1495451311417	-0.25857377	0.05746084	9.931149

1495451311431	-0.25857377	0.076614454	9.969456

1495451311442	-0.2681506	0.06703765	9.931149

1495451311448	-0.2681506	0.08619126	9.959879

1495451311458	-0.2873042	0.06703765	9.959879

1495451311471	-0.29688102	0.06703765	9.969456

1495451311483	-0.2777274	0.047884032	9.931149

1495451311491	-0.2681506	0.05746084	9.940725

1495451311503	-0.2681506	0.076614454	9.988609

1495451311511	-0.2777274	0.05746084	9.969456

1495451311518	-0.2873042	0.11492168	9.988609

1495451311535	-0.2777274	0.10534488	9.9790325

1495451311563	-0.2681506	0.10534488	9.969456

1495451311569	-0.24899697	0.038307227	9.940725

1495451311577	-0.24899697	0.02873042	9.921572

1495451311585	-0.23942018	0.019153614	9.940725

1495451311592	-0.25857377	0.02873042	9.959879

1495451311596	-0.31603462	0.02873042	9.998186

1495451311603	-0.29688102	0.02873042	9.969456

1495451311643	-0.31603462	0.02873042	9.921572

1495451311647	-0.2873042	0.038307227	10.007763

1495451311650	-0.23942018	0.05746084	10.065224

1495451311654	-0.2777274	0.076614454	10.036493

1495451311664	-0.29688102	0.076614454	9.998186

1495451311668	-0.24899697	0.038307227	10.007763

1495451311684	-0.2873042	0.038307227	9.969456

1495451311693	-0.31603462	0.05746084	9.998186

1495451311704	-0.31603462	0.019153614	10.084377

1495451311712	-0.23942018	0.08619126	9.988609

1495451311718	-0.25857377	0.047884032	9.988609

1495451311728	-0.31603462	0.08619126	9.950302

1495451311743	-0.2777274	0.06703765	9.969456

1495451311748	-0.2777274	0.06703765	9.998186

1495451311763	-0.2681506	0.08619126	10.036493

1495451311773	-0.22026655	0.06703765	9.931149

1495451311778	-0.22026655	0.06703765	9.931149

1495451311788	-0.2681506	0.05746084	9.854534

1495451311798	-0.32561144	0.05746084	9.911995

1495451311808	-0.25857377	0.05746084	9.902418

1495451311821	-0.18195933	0.15322891	9.835381

1495451311832	-0.24899697	0.08619126	9.825804

1495451311843	-0.2777274	0.08619126	9.883265

1495451311848	-0.2777274	0.08619126	9.883265

1495451311859	-0.31603462	0.05746084	10.01734

1495451311873	-0.20111294	0.10534488	10.0748005

1495451311878	-0.20111294	0.10534488	10.0748005

1495451311888	-0.29688102	0.095768064	10.01734

1495451311898	-0.21068975	0.038307227	9.9790325

1495451311908	-0.22026655	0.02873042	9.9790325

1495451311923	-0.24899697	0.076614454	9.921572

1495451311934	-0.22026655	0.076614454	9.959879

1495451311938	-0.22026655	0.076614454	9.959879

1495451311949	-0.2681506	0.047884032	9.969456

1495451311958	-0.2777274	0.095768064	9.883265

1495451311968	-0.23942018	0.08619126	9.873688

1495451311982	-0.22984336	0.038307227	9.9790325

1495451311988	-0.22984336	0.038307227	9.9790325

1495451312002	-0.24899697	0.10534488	9.911995

1495451312013	-0.2777274	0.08619126	9.9790325

1495451312023	-0.30645782	0.06703765	9.940725

1495451312033	-0.25857377	0.038307227	9.940725

1495451312044	-0.23942018	0.06703765	10.007763

1495451312048	-0.23942018	0.06703765	10.007763

1495451312058	-0.2681506	0.06703765	10.0269165

1495451312073	-0.2777274	0.038307227	9.969456

1495451312082	-0.2681506	0.08619126	9.911995

1495451312093	-0.22026655	0.10534488	9.911995

1495451312103	-0.22026655	0.05746084	9.959879

1495451312114	-0.2681506	0.038307227	9.892841

1495451312123	-0.34476504	0.05746084	9.883265

1495451312128	-0.34476504	0.05746084	9.883265

1495451312144	-0.30645782	0.047884032	9.950302

1495451312152	-0.2873042	0.08619126	9.921572

1495451312163	-0.29688102	0.076614454	9.931149

1495451312178	-0.29688102	0.095768064	9.950302

1495451312188	-0.2873042	0.076614454	9.940725

1495451312198	-0.2777274	0.06703765	10.007763

1495451312208	-0.21068975	0.05746084	9.950302

1495451312223	-0.17238252	0.02873042	9.998186

1495451312228	-0.22984336	0.02873042	9.998186

1495451312253	-0.22026655	0.10534488	10.103531

1495451312258	-0.22984336	0.038307227	9.9790325

1495451312268	-0.30645782	0.06703765	9.950302

1495451312283	-0.35434186	0.095768064	10.007763

1495451312293	-0.30645782	0.11492168	10.0269165

1495451312298	-0.30645782	0.11492168	10.0269165

1495451312314	-0.29688102	0.06703765	10.01734

1495451312324	-0.29688102	0.06703765	10.01734

1495451312334	-0.22984336	0.019153614	10.0269165

1495451312343	-0.22984336	0.019153614	9.873688

1495451312348	-0.32561144	0.02873042	9.892841

1495451312358	-0.32561144	0.02873042	9.892841

1495451312368	-0.2777274	0.02873042	9.988609

1495451312378	-0.25857377	0.038307227	9.969456

1495451312394	-0.2681506	0.05746084	10.036493

1495451312403	-0.2681506	0.047884032	10.036493

1495451312416	-0.31603462	0.06703765	9.950302

1495451312420	-0.25857377	0.05746084	9.931149

1495451312436	-0.25857377	0.076614454	9.902418

1495451312453	-0.31603462	0.05746084	9.950302

1495451312462	-0.2873042	0.06703765	9.921572

1495451312471	-0.2873042	0.047884032	9.9790325

1495451312475	-0.30645782	0.047884032	9.950302

1495451312491	-0.23942018	0.02873042	9.9790325

1495451312493	-0.30645782	0.038307227	9.931149

1495451312526	-0.30645782	0.02873042	9.902418

1495451312530	-0.25857377	0.05746084	9.959879

1495451312534	-0.22984336	0.02873042	9.988609

1495451312537	-0.31603462	0.047884032	10.0269165

1495451312541	-0.2777274	0.02873042	10.007763

1495451312555	-0.2873042	0.019153614	9.969456

1495451312563	-0.25857377	0.06703765	9.959879

1495451312573	-0.23942018	0.019153614	9.950302

1495451312583	-0.23942018	0.019153614	9.950302

1495451312588	-0.2777274	0.038307227	9.950302

1495451312598	-0.22984336	0.038307227	9.931149

1495451312608	-0.2777274	0.047884032	9.940725

1495451312618	-0.29688102	0.038307227	9.931149

1495451312634	-0.2681506	0.05746084	9.931149

1495451312643	-0.25857377	0.047884032	9.998186

1495451312654	-0.22026655	0.019153614	9.950302

1495451312663	-0.2681506	0.05746084	9.9790325

1495451312668	-0.25857377	0.1340753	9.988609

1495451312683	-0.24899697	0.10534488	9.988609

1495451312688	-0.21068975	0.06703765	9.892841

1495451312699	-0.2873042	0.05746084	9.902418

1495451312708	-0.2873042	0.06703765	9.959879

1495451312718	-0.2681506	0.019153614	9.931149

1495451312728	-0.22026655	0.076614454	9.931149

1495451312739	-0.21068975	0.047884032	9.959879

1495451312753	-0.23942018	0.06703765	9.988609

1495451312758	-0.25857377	0.038307227	9.940725

1495451312772	-0.2777274	0.06703765	9.911995

1495451312778	-0.2777274	0.06703765	9.959879

1495451312788	-0.2777274	0.038307227	9.969456

1495451312798	-0.2873042	0.047884032	9.969456

1495451312808	-0.2873042	0.06703765	9.959879

1495451312818	-0.30645782	0.08619126	9.931149

1495451312833	-0.23942018	0.06703765	9.931149

1495451312838	-0.25857377	0.038307227	9.921572

1495451312848	-0.2777274	0.076614454	9.969456

1495451312863	-0.2873042	0.038307227	9.940725

1495451312872	-0.2681506	0.05746084	9.940725

1495451312878	-0.32561144	0.047884032	9.940725

1495451312888	-0.29688102	0.019153614	9.940725

1495451312903	-0.2681506	0.047884032	9.969456

1495451312913	-0.2681506	0.11492168	10.04607

1495451312923	-0.2681506	0.076614454	10.04607

1495451312933	-0.22984336	0.05746084	10.036493

1495451312943	-0.24899697	0.02873042	9.940725

1495451312954	-0.23942018	0.02873042	9.9790325

1495451312958	-0.2681506	0.038307227	9.911995

1495451312973	-0.2681506	0.06703765	9.959879

1495451312978	-0.23942018	0.06703765	10.0269165

1495451312993	-0.2873042	0.06703765	10.036493

1495451313003	-0.2681506	0.047884032	9.998186

1495451313013	-0.22026655	0.038307227	9.940725

1495451313023	-0.2873042	0.05746084	9.911995

1495451313029	-0.24899697	0.047884032	9.950302

1495451313043	-0.25857377	0.047884032	9.9790325

1495451313052	-0.24899697	0.05746084	10.01734

1495451313062	-0.2777274	0.06703765	9.9790325

1495451313072	-0.32561144	0.06703765	10.007763

1495451313083	-0.30645782	0.05746084	9.9790325

1495451313093	-0.29688102	0.076614454	9.998186

1495451313102	-0.2681506	0.02873042	9.931149

1495451313108	-0.24899697	0.02873042	9.959879

1495451313123	-0.25857377	0.019153614	9.940725

1495451313133	-0.2777274	0.02873042	9.931149

1495451313143	-0.2777274	0.038307227	9.931149

1495451313152	-0.29688102	0.038307227	9.950302

1495451313158	-0.31603462	0.038307227	9.950302

1495451313168	-0.32561144	0.05746084	9.911995

1495451313183	-0.31603462	0.02873042	9.902418

1495451313188	-0.30645782	0.019153614	9.931149

1495451313202	-0.2681506	0.038307227	9.959879

1495451313213	-0.2681506	0.038307227	9.988609

1495451313222	-0.2873042	0.076614454	9.998186

1495451313228	-0.2873042	0.05746084	9.959879

1495451313244	-0.2873042	0.038307227	9.921572

1495451313253	-0.2681506	0.06703765	9.988609

1495451313258	-0.2681506	0.06703765	9.969456

1495451313274	-0.2777274	0.06703765	9.998186

1495451313278	-0.2681506	0.047884032	9.959879

1495451313288	-0.24899697	0.076614454	9.988609

1495451313386	-0.25857377	0.08619126	9.959879

1495451313389	-0.2873042	0.06703765	9.9790325

1495451313391	-0.30645782	0.10534488	9.911995

1495451313393	-0.25857377	0.05746084	9.988609

1495451313396	-0.29688102	0.05746084	9.969456

1495451313399	-0.30645782	0.076614454	9.950302

1495451313402	-0.2873042	0.047884032	9.959879

1495451313406	-0.25857377	0.06703765	9.940725

1495451313410	-0.2873042	0.05746084	9.988609

1495451313413	-0.23942018	0.076614454	9.9790325

1495451313416	-0.24899697	0.095768064	9.9790325

1495451313419	-0.21068975	0.076614454	9.931149

1495451313422	-0.22984336	0.047884032	9.959879

1495451313438	-0.24899697	0.076614454	9.911995

1495451313442	-0.2777274	0.095768064	9.940725

1495451313452	-0.23942018	0.05746084	9.911995

1495451313458	-0.30645782	0.08619126	9.931149

1495451313468	-0.30645782	0.05746084	9.969456

1495451313487	-0.2681506	0.08619126	9.9790325

1495451313490	-0.2681506	0.076614454	9.950302

1495451313503	-0.2681506	0.06703765	9.988609

1495451313508	-0.2777274	0.047884032	9.940725

1495451313523	-0.2873042	0.02873042	9.950302

1495451313534	-0.2777274	0.038307227	9.959879

1495451313543	-0.2777274	0.047884032	9.950302

1495451313552	-0.2681506	0.047884032	9.950302

1495451313563	-0.24899697	0.009576807	9.931149

1495451313569	-0.30645782	0.02873042	9.969456

1495451313582	-0.2777274	0.02873042	9.9790325

1495451313594	-0.2873042	0.019153614	9.950302

1495451313603	-0.22984336	0.047884032	9.988609

1495451313608	-0.25857377	0.038307227	9.950302

1495451313624	-0.2681506	0.05746084	9.959879

1495451313628	-0.2681506	0.06703765	9.950302

1495451313643	-0.2777274	0.05746084	9.921572

1495451313653	-0.23942018	0.047884032	9.950302

1495451313658	-0.2681506	0.095768064	9.931149

1495451313673	-0.29688102	0.076614454	9.950302

1495451313678	-0.2681506	0.047884032	9.940725

1495451313689	-0.2681506	0.047884032	9.940725

1495451313703	-0.23942018	0.02873042	9.969456

1495451313713	-0.2681506	0.038307227	9.950302

1495451313718	-0.2777274	0.047884032	9.950302

1495451313728	-0.2681506	0.06703765	9.9790325

1495451313743	-0.24899697	0.047884032	9.931149

1495451313752	-0.22984336	0.047884032	9.969456

1495451313763	-0.24899697	0.05746084	9.988609

1495451313773	-0.2873042	0.05746084	9.931149

1495451313778	-0.23942018	0.047884032	9.959879

1495451313794	-0.2777274	0.05746084	10.007763

1495451313803	-0.2777274	0.038307227	9.959879

1495451313813	-0.2873042	0.05746084	9.969456

1495451313823	-0.29688102	0.02873042	9.931149

1495451313828	-0.2873042	0.05746084	9.969456

1495451313844	-0.2681506	0.076614454	9.969456

1495451313848	-0.2777274	0.06703765	9.988609

1495451313858	-0.2777274	0.076614454	9.969456

1495451313868	-0.29688102	0.06703765	9.969456

1495451313884	-0.2681506	0.038307227	9.988609

1495451313888	-0.23942018	0.009576807	9.959879

1495451313898	-0.22984336	0.02873042	9.988609

1495451313914	-0.22026655	0.047884032	9.969456

1495451313924	-0.2777274	0.047884032	10.007763

1495451313928	-0.2873042	0.02873042	9.959879

1495451313943	-0.2777274	0.019153614	9.959879

1495451313953	-0.29688102	0.047884032	9.950302

1495451313963	-0.29688102	0.05746084	9.921572

1495451313973	-0.24899697	0.047884032	9.969456

1495451313978	-0.29688102	0.038307227	9.959879

1495451313994	-0.2777274	0.047884032	9.988609

1495451313998	-0.2777274	0.038307227	9.969456

1495451314024	-0.24899697	0.05746084	9.9790325

1495451314028	-0.25857377	0.08619126	9.9790325

1495451314044	-0.25857377	0.06703765	9.988609

1495451314048	-0.2681506	0.038307227	9.9790325

1495451314058	-0.25857377	0.02873042	9.998186

1495451314083	-0.2777274	0.019153614	9.9790325

1495451314092	-0.29688102	0.02873042	9.921572

1495451314103	-0.2873042	0.06703765	10.007763

1495451314113	-0.25857377	0.038307227	9.998186

1495451314124	-0.22984336	0.047884032	9.959879

1495451314133	-0.2681506	0.05746084	9.988609

1495451314143	-0.23942018	0.05746084	9.959879

1495451314152	-0.2777274	0.047884032	9.931149

1495451314158	-0.24899697	0.009576807	9.940725

1495451314256	-0.2777274	0.02873042	9.931149

1495451314260	-0.33518824	0.02873042	9.931149

1495451314263	-0.30645782	0.038307227	9.931149

1495451314267	-0.30645782	0.009576807	9.921572

1495451314271	-0.2873042	0.009576807	9.950302

1495451314274	-0.2777274	0.038307227	9.931149

1495451314277	-0.23942018	0.047884032	9.902418

1495451314280	-0.22984336	0.047884032	9.959879

1495451314284	-0.2873042	0.047884032	9.959879

1495451314287	-0.2777274	0.047884032	9.940725

1495451314291	-0.29688102	0.08619126	9.940725

1495451314295	-0.30645782	0.095768064	9.940725

1495451314299	-0.30645782	0.06703765	9.959879

1495451314303	-0.2681506	0.05746084	9.998186

