1495729387467	22.4375	-15.6875	-24.9375

1495729387551	23.0	-15.8125	-25.375

1495729387660	23.8125	-16.0625	-25.0

1495729387752	23.8125	-15.75	-25.3125

1495729387862	23.625	-15.5	-25.375

1495729387952	23.625	-14.8125	-25.0625

1495729388065	22.625	-14.25	-25.3125

1495729388152	22.75	-14.0625	-24.75

1495729388280	22.6875	-14.25	-24.8125

1495729388359	21.9375	-15.0	-25.0

1495729388452	22.625	-15.375	-24.3125

1495729388552	22.625	-15.375	-24.125

1495729388656	22.25	-15.875	-24.375

1495729388756	22.4375	-16.125	-24.625

1495729388868	22.375	-15.875	-25.125

1495729388959	22.6875	-15.625	-25.4375

1495729389070	23.1875	-15.375	-25.25

1495729389289	23.5	-14.625	-24.625

1495729389327	23.5	-15.25	-24.4375

1495729389401	23.25	-15.4375	-24.6875

1495729389505	22.9375	-15.75	-25.125

1495729389600	22.9375	-16.1875	-25.3125

1495729389704	22.6875	-15.75	-26.375

1495729389920	22.5625	-16.25	-26.125

1495729390135	23.3125	-16.125	-26.0

1495729390150	23.4375	-16.125	-25.8125

1495729390324	23.75	-15.8125	-25.375

1495729390340	23.875	-15.6875	-25.375

1495729390443	23.5625	-15.5625	-25.0

1495729390540	23.4375	-15.6875	-25.375

1495729390640	23.5625	-15.875	-24.6875

1495729390755	23.3125	-15.6875	-24.75

1495729390840	23.4375	-15.25	-25.0625

1495729390941	23.4375	-15.25	-24.9375

1495729391049	23.0625	-15.625	-24.6875

1495729391139	23.625	-15.6875	-25.25

1495729391239	23.4375	-15.8125	-25.375

1495729391370	23.4375	-15.6875	-25.375

1495729391447	23.8125	-15.3125	-26.375

1495729391540	22.9375	-14.75	-25.75

1495729391640	23.25	-14.5625	-25.4375

1495729391741	23.4375	-14.8125	-25.25

1495729391840	23.4375	-14.9375	-24.625

1495729391940	24.125	-15.125	-24.6875

1495729392040	24.0625	-15.5	-24.75

1495729392144	23.8125	-15.625	-24.6875

1495729392240	23.8125	-15.625	-24.6875

1495729392344	23.3125	-16.125	-24.9375

