1496003634963	-0.41180268	0.009576807	9.950302

1496003634967	-0.37349546	0.0	9.940725

1496003634980	-0.38307226	0.019153614	9.959879

1496003634989	-0.39264908	0.009576807	9.911995

1496003634999	-0.38307226	0.02873042	9.950302

1496003635004	-0.39264908	0.02873042	9.921572

1496003635015	-0.40222588	0.038307227	9.959879

1496003635024	-0.4213795	0.047884032	9.969456

1496003635034	-0.39264908	0.038307227	9.950302

1496003635045	-0.39264908	0.038307227	9.969456

1496003635059	-0.4309563	0.038307227	9.959879

1496003635072	-0.45968673	0.047884032	9.959879

1496003635076	-0.4309563	0.05746084	10.007763

1496003635089	-0.40222588	0.076614454	9.988609

1496003635100	-0.38307226	0.047884032	9.969456

1496003635109	-0.38307226	0.038307227	9.931149

1496003635121	-0.38307226	0.019153614	9.940725

1496003635126	-0.38307226	0.019153614	9.931149

1496003635134	-0.40222588	0.02873042	9.950302

1496003635152	-0.36391866	0.019153614	9.988609

1496003635155	-0.41180268	0.05746084	9.9790325

1496003635164	-0.4309563	0.047884032	9.969456

1496003635179	-0.45010993	0.038307227	9.969456

1496003635184	-0.45010993	0.02873042	9.959879

1496003635199	-0.4213795	0.009576807	9.959879

1496003635209	-0.37349546	0.019153614	10.007763

1496003635214	-0.37349546	0.047884032	10.0269165

1496003635226	-0.37349546	0.009576807	10.01734

1496003635235	-0.40222588	0.009576807	9.988609

1496003635243	-0.4309563	0.0	9.988609

1496003635262	-0.36391866	-0.019153614	9.873688

1496003635269	-0.41180268	0.019153614	9.959879

1496003635281	-0.37349546	0.0	9.950302

1496003635285	-0.38307226	0.019153614	9.921572

1496003635294	-0.38307226	0.019153614	9.940725

1496003635311	-0.35434186	0.0	9.931149

1496003635315	-0.40222588	0.038307227	9.969456

1496003635324	-0.39264908	0.019153614	9.940725

1496003635342	-0.4309563	0.019153614	9.959879

1496003635345	-0.40222588	0.038307227	9.902418

1496003635354	-0.36391866	0.06703765	9.950302

1496003635367	-0.34476504	0.05746084	9.998186

1496003635374	-0.35434186	0.06703765	9.988609

1496003635383	-0.31603462	0.038307227	10.01734

1496003635399	-0.35434186	0.047884032	10.007763

1496003635409	-0.34476504	0.05746084	10.007763

1496003635417	-0.36391866	0.05746084	10.01734

1496003635425	-0.38307226	0.038307227	9.969456

1496003635440	-0.41180268	0.05746084	9.9790325

1496003635447	-0.41180268	0.047884032	9.969456

1496003635455	-0.4213795	0.038307227	9.959879

1496003635468	-0.39264908	0.038307227	10.007763

1496003635474	-0.40222588	0.02873042	10.0269165

1496003635489	-0.35434186	0.009576807	10.01734

1496003635500	-0.36391866	0.009576807	10.007763

1496003635509	-0.36391866	0.009576807	9.988609

1496003635519	-0.38307226	-0.009576807	9.959879

1496003635530	-0.38307226	0.019153614	9.931149

1496003635534	-0.41180268	0.038307227	9.959879

1496003635549	-0.38307226	0.047884032	9.969456

1496003635559	-0.33518824	0.009576807	9.940725

1496003635570	-0.37349546	0.0	9.969456

1496003635581	-0.40222588	0.038307227	9.969456

1496003635585	-0.34476504	0.02873042	9.9790325

1496003635598	-0.39264908	0.02873042	9.950302

1496003635604	-0.40222588	0.009576807	9.998186

1496003635618	-0.38307226	-0.009576807	9.9790325

1496003635630	-0.41180268	0.009576807	9.9790325

1496003635635	-0.40222588	0.009576807	9.940725

1496003635651	-0.4309563	0.038307227	9.931149

1496003635656	-0.45968673	0.038307227	9.959879

1496003635675	-0.4309563	0.05746084	9.969456

1496003635683	-0.41180268	0.038307227	9.969456

1496003635703	-0.41180268	0.019153614	9.950302

1496003635711	-0.41180268	0.019153614	9.940725

1496003635726	-0.4213795	0.02873042	9.931149

1496003635729	-0.40222588	0.02873042	9.931149

1496003635735	-0.41180268	0.047884032	9.940725

1496003635738	-0.4309563	0.019153614	9.902418

1496003635795	-0.38307226	0.009576807	9.921572

1496003635798	-0.40222588	0.0	9.950302

1496003635802	-0.38307226	-0.009576807	9.921572

1496003635806	-0.37349546	0.009576807	9.921572

1496003635810	-0.36391866	0.019153614	9.959879

1496003635813	-0.36391866	0.009576807	9.940725

1496003635817	-0.38307226	0.0	9.959879

1496003635820	-0.36391866	-0.009576807	9.959879

1496003635844	-0.38307226	-0.009576807	9.959879

1496003635848	-0.36391866	0.0	9.9790325

1496003635851	-0.37349546	0.0	9.969456

1496003635866	-0.37349546	0.02873042	9.998186

1496003635870	-0.4213795	0.076614454	10.01734

1496003635881	-0.41180268	0.06703765	10.007763

1496003635891	-0.40222588	0.06703765	10.036493

1496003635899	-0.40222588	0.047884032	9.959879

1496003635909	-0.4213795	0.038307227	9.959879

1496003635920	-0.40222588	0.019153614	9.998186

1496003635924	-0.36391866	0.02873042	9.969456

1496003635943	-0.38307226	-0.009576807	9.921572

1496003635946	-0.35434186	-0.019153614	9.959879

1496003635956	-0.36391866	0.009576807	9.959879

1496003635966	-0.35434186	0.019153614	9.998186

1496003635979	-0.37349546	-0.019153614	9.969456

1496003635989	-0.34476504	0.019153614	10.007763

1496003635999	-0.39264908	0.019153614	9.988609

1496003636009	-0.40222588	0.019153614	9.969456

1496003636019	-0.40222588	0.06703765	9.988609

1496003636026	-0.39264908	0.06703765	9.998186

1496003636038	-0.39264908	0.038307227	9.988609

1496003636045	-0.41180268	0.06703765	9.940725

1496003636056	-0.38307226	0.05746084	9.969456

1496003636064	-0.36391866	0.019153614	9.988609

1496003636078	-0.37349546	0.019153614	9.959879

1496003636084	-0.36391866	0.047884032	9.940725

1496003636098	-0.39264908	0.047884032	9.931149

1496003636108	-0.40222588	0.02873042	9.969456

1496003636117	-0.38307226	0.019153614	9.9790325

1496003636132	-0.41180268	0.02873042	9.911995

1496003636135	-0.4213795	0.0	9.9790325

1496003636159	-0.38307226	0.009576807	9.940725

1496003636171	-0.40222588	0.019153614	9.921572

1496003636179	-0.38307226	0.019153614	9.940725

1496003636191	-0.39264908	0.019153614	9.9790325

1496003636209	-0.4213795	0.009576807	9.998186

1496003636222	-0.38307226	0.02873042	9.988609

1496003636225	-0.38307226	0.02873042	9.988609

1496003636238	-0.38307226	0.047884032	10.036493

1496003636245	-0.35434186	0.0	9.969456

1496003636254	-0.39264908	0.009576807	9.988609

1496003636271	-0.37349546	0.02873042	9.9790325

1496003636274	-0.4309563	0.019153614	9.959879

1496003636284	-0.40222588	0.019153614	9.940725

1496003636299	-0.36391866	0.019153614	9.911995

1496003636308	-0.38307226	0.02873042	9.959879

1496003636314	-0.4405331	0.009576807	9.940725

1496003636325	-0.45010993	0.009576807	9.921572

1496003636338	-0.38307226	0.0	9.921572

1496003636349	-0.41180268	0.02873042	9.921572

1496003636360	-0.41180268	0.038307227	9.940725

1496003636364	-0.36391866	0.02873042	9.902418

1496003636374	-0.33518824	0.019153614	9.998186

1496003636389	-0.33518824	-0.009576807	9.959879

1496003636399	-0.35434186	0.019153614	9.9790325

1496003636406	-0.35434186	0.019153614	9.959879

1496003636415	-0.35434186	0.0	9.844957

1496003636424	-0.35434186	0.019153614	9.911995

1496003636439	-0.37349546	0.038307227	9.969456

1496003636449	-0.29688102	0.038307227	9.9790325

1496003636462	-0.36391866	0.05746084	9.950302

1496003636465	-0.36391866	0.05746084	10.065224

1496003636584	-0.4309563	0.019153614	9.988609

1496003636586	-0.4309563	0.019153614	9.835381

1496003636590	-0.4309563	0.05746084	9.950302

1496003636594	-0.37349546	0.038307227	9.988609

1496003636598	-0.36391866	0.019153614	9.873688

1496003636601	-0.36391866	0.019153614	9.873688

1496003636605	-0.37349546	0.02873042	9.921572

1496003636610	-0.31603462	0.02873042	9.950302

1496003636615	-0.38307226	0.009576807	9.9790325

1496003636618	-0.37349546	-0.009576807	9.931149

1496003636621	-0.35434186	0.009576807	10.0269165

1496003636624	-0.35434186	0.009576807	10.0269165

1496003636628	-0.39264908	-0.02873042	10.0269165

1496003636631	-0.39264908	-0.02873042	10.0269165

1496003636635	-0.41180268	0.009576807	10.04607

1496003636642	-0.4309563	0.02873042	10.0269165

1496003636645	-0.41180268	0.038307227	10.0269165

1496003636649	-0.41180268	0.038307227	10.0269165

1496003636693	-0.38307226	0.02873042	10.007763

1496003636700	-0.37349546	0.009576807	10.0748005

1496003636704	-0.39264908	0.038307227	9.959879

1496003636707	-0.4309563	0.038307227	10.01734

1496003636711	-0.45010993	0.038307227	9.988609

1496003636733	-0.40222588	0.038307227	9.950302

1496003636738	-0.41180268	0.047884032	9.950302

1496003636741	-0.41180268	0.047884032	9.950302

1496003636749	-0.39264908	0.02873042	9.9790325

1496003636754	-0.39264908	0.02873042	9.9790325

1496003636764	-0.38307226	0.0	9.921572

1496003636788	-0.47884035	0.009576807	9.950302

1496003636799	-0.4405331	0.019153614	9.998186

1496003636808	-0.4405331	0.038307227	10.0269165

1496003636814	-0.4213795	0.038307227	10.0269165

1496003636828	-0.4309563	-0.019153614	9.892841

1496003636833	-0.41180268	-0.019153614	9.892841

1496003636847	-0.34476504	0.009576807	10.007763

1496003636854	-0.4309563	0.0	9.969456

1496003636864	-0.39264908	0.019153614	9.9790325

1496003636874	-0.4309563	0.02873042	9.950302

1496003636888	-0.36391866	-0.019153614	9.931149

1496003636898	-0.36391866	0.009576807	9.883265

1496003636905	-0.41180268	0.009576807	9.883265

1496003636918	-0.39264908	0.02873042	9.883265

1496003636925	-0.40222588	0.038307227	9.883265

1496003636933	-0.36391866	0.019153614	10.01734

1496003636950	-0.36391866	0.0	9.931149

1496003636954	-0.31603462	-0.05746084	9.931149

1496003636964	-0.40222588	-0.047884032	9.902418

1496003636973	-0.4213795	0.009576807	9.844957

1496003636989	-0.4405331	0.0	9.816227

1496003636994	-0.45968673	0.076614454	9.883265

1496003637008	-0.4405331	0.047884032	9.825804

1496003637019	-0.4309563	0.05746084	9.825804

1496003637024	-0.37349546	0.02873042	9.844957

1496003637034	-0.40222588	-0.009576807	9.921572

1496003637049	-0.41180268	0.009576807	9.969456

1496003637060	-0.40222588	-0.019153614	9.844957

1496003637067	-0.39264908	0.038307227	9.892841

1496003637079	-0.39264908	0.02873042	9.854534

1496003637090	-0.35434186	0.019153614	9.835381

1496003637094	-0.41180268	0.019153614	9.940725

1496003637107	-0.4213795	0.076614454	9.9790325

1496003637114	-0.36391866	0.047884032	9.911995

1496003637124	-0.37349546	0.047884032	9.950302

1496003637134	-0.37349546	0.038307227	9.950302

1496003637144	-0.37349546	0.047884032	10.007763

1496003637161	-0.34476504	0.02873042	10.007763

1496003637166	-0.37349546	0.02873042	10.007763

1496003637174	-0.4309563	0.019153614	9.998186

1496003637183	-0.4213795	0.019153614	9.931149

1496003637199	-0.4309563	0.019153614	9.940725

1496003637204	-0.38307226	0.019153614	9.931149

1496003637214	-0.35434186	-0.009576807	9.940725

1496003637229	-0.36391866	0.0	9.959879

1496003637239	-0.37349546	-0.019153614	9.921572

1496003637244	-0.35434186	0.02873042	10.036493

1496003637254	-0.33518824	0.02873042	9.950302

1496003637264	-0.40222588	0.009576807	9.940725

1496003637278	-0.39264908	0.02873042	9.921572

1496003637291	-0.41180268	0.05746084	9.998186

1496003637294	-0.39264908	0.047884032	9.940725

1496003637308	-0.39264908	0.009576807	9.940725

1496003637319	-0.37349546	0.019153614	9.959879

1496003637324	-0.37349546	0.047884032	10.007763

1496003637468	-0.34476504	0.0	9.998186

1496003637471	-0.41180268	0.019153614	10.01734

1496003637476	-0.4213795	0.02873042	9.988609

1496003637479	-0.41180268	0.02873042	9.950302

1496003637483	-0.41180268	0.009576807	9.959879

1496003637488	-0.40222588	-0.009576807	9.9790325

1496003637492	-0.39264908	0.0	9.969456

1496003637495	-0.41180268	0.019153614	9.940725

1496003637498	-0.45010993	0.019153614	9.940725

1496003637501	-0.4309563	0.02873042	9.921572

1496003637505	-0.41180268	0.019153614	9.921572

1496003637508	-0.40222588	0.0	9.911995

1496003637512	-0.34476504	0.0	9.9790325

1496003637516	-0.33518824	0.019153614	9.959879

1496003637519	-0.39264908	0.047884032	9.988609

1496003637523	-0.40222588	0.047884032	9.969456

1496003637526	-0.37349546	0.038307227	9.959879

1496003637529	-0.45968673	0.019153614	9.940725

1496003637533	-0.41180268	0.019153614	9.902418

1496003637539	-0.38307226	0.047884032	9.950302

1496003637544	-0.40222588	0.038307227	9.950302

1496003637547	-0.36391866	0.076614454	9.959879

1496003637600	-0.37349546	0.038307227	9.9790325

1496003637604	-0.40222588	0.06703765	9.988609

1496003637607	-0.39264908	0.02873042	9.921572

1496003637611	-0.40222588	0.009576807	9.911995

1496003637615	-0.35434186	0.0	9.902418

1496003637620	-0.36391866	0.019153614	9.9790325

1496003637624	-0.39264908	0.019153614	9.9790325

1496003637636	-0.40222588	0.009576807	10.0269165

1496003637646	-0.39264908	0.047884032	10.01734

1496003637654	-0.40222588	0.038307227	9.988609

1496003637664	-0.41180268	0.0	9.950302

1496003637678	-0.39264908	0.009576807	9.998186

1496003637689	-0.37349546	0.019153614	9.959879

1496003637701	-0.38307226	0.019153614	9.969456

1496003637709	-0.36391866	0.019153614	9.940725

1496003637718	-0.39264908	-0.009576807	9.959879

1496003637724	-0.37349546	0.019153614	10.007763

1496003637739	-0.4213795	0.047884032	9.950302

1496003637744	-0.35434186	0.009576807	9.998186

1496003637757	-0.39264908	0.0	9.959879

1496003637769	-0.4309563	0.019153614	9.969456

1496003637774	-0.41180268	0.0	9.940725

1496003637788	-0.36391866	0.009576807	9.950302

1496003637794	-0.36391866	0.009576807	9.9790325

1496003637814	-0.34476504	-0.009576807	9.940725

1496003637837	-0.35434186	0.047884032	9.988609

1496003637845	-0.32561144	0.02873042	9.959879

1496003637863	-0.39264908	0.047884032	9.950302

1496003637867	-0.38307226	0.009576807	9.902418

1496003637878	-0.39264908	0.0	9.892841

1496003637889	-0.40222588	-0.009576807	9.911995

1496003637894	-0.40222588	0.009576807	9.911995

1496003637904	-0.37349546	0.0	9.921572

1496003637914	-0.35434186	0.0	9.950302

1496003637939	-0.40222588	0.038307227	9.9790325

1496003637949	-0.38307226	0.019153614	9.959879

1496003637960	-0.33518824	0.009576807	9.959879

1496003637964	-0.39264908	-0.019153614	9.902418

1496003637974	-0.40222588	0.0	9.921572

1496003637986	-0.38307226	0.009576807	9.950302

1496003637994	-0.36391866	0.05746084	9.9790325

1496003638009	-0.39264908	0.047884032	9.988609

1496003638014	-0.41180268	0.019153614	9.988609

1496003638024	-0.41180268	0.047884032	10.036493

1496003638039	-0.4213795	0.009576807	9.998186

1496003638046	-0.4309563	0.009576807	10.01734

1496003638054	-0.39264908	0.009576807	9.950302

1496003638064	-0.37349546	-0.02873042	9.959879

1496003638089	-0.38307226	0.019153614	9.969456

1496003638098	-0.38307226	0.019153614	9.931149

1496003638108	-0.39264908	0.02873042	9.931149

1496003638114	-0.41180268	0.038307227	9.988609

1496003638124	-0.39264908	0.038307227	9.969456

1496003638139	-0.4309563	0.02873042	9.969456

1496003638151	-0.38307226	0.038307227	9.969456

1496003638155	-0.39264908	0.02873042	9.959879

1496003638169	-0.40222588	0.0	9.931149

1496003638176	-0.4213795	0.019153614	9.940725

1496003638184	-0.40222588	0.047884032	9.988609

1496003638201	-0.38307226	0.047884032	9.950302

1496003638209	-0.38307226	0.05746084	10.0269165

1496003638234	-0.37349546	0.02873042	10.007763

1496003638237	-0.4213795	0.02873042	9.988609

1496003638241	-0.39264908	0.009576807	9.998186

1496003638254	-0.32561144	-0.019153614	10.01734

1496003638315	-0.40222588	0.02873042	9.959879

1496003638319	-0.4309563	0.02873042	9.969456

1496003638322	-0.40222588	0.038307227	10.007763

1496003638326	-0.37349546	0.038307227	9.921572

1496003638330	-0.41180268	0.02873042	9.921572

1496003638333	-0.4213795	0.038307227	9.950302

1496003638339	-0.36391866	0.038307227	9.950302

1496003638342	-0.37349546	0.02873042	9.959879

1496003638345	-0.38307226	0.038307227	9.959879

1496003638366	-0.40222588	0.06703765	9.940725

1496003638370	-0.38307226	0.05746084	9.950302

1496003638381	-0.38307226	0.047884032	9.998186

1496003638388	-0.40222588	0.038307227	9.9790325

1496003638394	-0.34476504	0.047884032	9.9790325

1496003638409	-0.36391866	0.038307227	9.921572

1496003638416	-0.36391866	0.05746084	9.9790325

1496003638428	-0.37349546	0.047884032	9.940725

1496003638439	-0.37349546	0.019153614	9.931149

1496003638449	-0.38307226	0.02873042	9.940725

1496003638459	-0.35434186	0.02873042	9.9790325

1496003638464	-0.40222588	0.038307227	9.998186

1496003638476	-0.37349546	0.02873042	9.969456

1496003638484	-0.40222588	0.019153614	9.950302

1496003638496	-0.39264908	0.009576807	9.9790325

1496003638510	-0.41180268	0.0	9.950302

1496003638515	-0.4405331	0.019153614	9.959879

1496003638533	-0.39264908	0.0	9.998186

1496003638539	-0.41180268	0.0	9.959879

1496003638550	-0.45010993	0.0	9.969456

1496003638558	-0.41180268	0.019153614	9.902418

1496003638564	-0.4213795	0.02873042	9.883265

1496003638578	-0.40222588	0.009576807	9.921572

1496003638585	-0.41180268	0.009576807	9.921572

1496003638598	-0.39264908	0.019153614	9.931149

1496003638604	-0.38307226	0.019153614	9.921572

1496003638621	-0.38307226	0.047884032	9.9790325

1496003638624	-0.35434186	0.02873042	9.998186

1496003638639	-0.39264908	0.05746084	9.998186

1496003638648	-0.4213795	0.019153614	9.931149

1496003638659	-0.4309563	0.038307227	9.921572

1496003638670	-0.41180268	0.009576807	9.873688

1496003638679	-0.4309563	0.009576807	9.921572

1496003638689	-0.37349546	0.038307227	9.9790325

1496003638700	-0.4213795	0.02873042	9.959879

1496003638709	-0.41180268	0.02873042	9.873688

1496003638719	-0.37349546	0.02873042	9.931149

1496003638724	-0.41180268	0.009576807	9.931149

1496003638739	-0.41180268	0.009576807	9.9790325

1496003638749	-0.39264908	0.019153614	9.969456

1496003638756	-0.41180268	0.047884032	9.9790325

1496003638764	-0.39264908	0.009576807	9.940725

1496003638781	-0.36391866	0.047884032	9.959879

1496003638784	-0.37349546	0.038307227	9.950302

1496003638799	-0.39264908	0.047884032	9.959879

1496003638809	-0.40222588	0.02873042	9.959879

1496003638814	-0.38307226	0.009576807	9.9790325

1496003638824	-0.4213795	0.038307227	9.959879

1496003638834	-0.41180268	0.009576807	10.007763

1496003638844	-0.40222588	-0.02873042	9.959879

1496003638862	-0.38307226	-0.019153614	9.931149

1496003638866	-0.40222588	-0.009576807	9.940725

1496003638874	-0.40222588	0.019153614	9.921572

1496003638889	-0.35434186	-0.009576807	9.9790325

1496003638898	-0.39264908	0.0	10.007763

1496003638912	-0.40222588	0.02873042	9.959879

1496003638915	-0.41180268	0.019153614	9.950302

1496003638924	-0.38307226	0.009576807	10.007763

1496003638937	-0.37349546	0.047884032	10.007763

1496003638949	-0.38307226	0.02873042	9.969456

1496003638959	-0.37349546	0.0	9.988609

1496003638969	-0.36391866	0.02873042	9.998186

1496003638980	-0.38307226	0.02873042	9.950302

1496003638989	-0.37349546	0.038307227	9.959879

1496003639000	-0.40222588	0.038307227	9.950302

1496003639004	-0.36391866	0.02873042	9.9790325

1496003639014	-0.34476504	0.019153614	9.959879

1496003639029	-0.37349546	0.009576807	9.969456

1496003639034	-0.34476504	0.019153614	9.931149

1496003639044	-0.40222588	0.047884032	9.9790325

1496003639054	-0.36391866	0.009576807	9.969456

1496003639152	-0.37349546	0.038307227	10.01734

1496003639156	-0.39264908	0.05746084	9.988609

1496003639158	-0.33518824	0.076614454	9.998186

1496003639162	-0.37349546	0.047884032	9.940725

1496003639168	-0.39264908	0.019153614	9.950302

1496003639172	-0.38307226	0.009576807	9.969456

1496003639176	-0.38307226	0.02873042	9.969456

1496003639180	-0.38307226	0.0	9.969456

1496003639184	-0.4309563	0.047884032	9.950302

1496003639189	-0.41180268	0.047884032	9.931149

1496003639193	-0.45968673	0.038307227	9.940725

1496003639198	-0.4213795	-0.009576807	9.835381

1496003639202	-0.40222588	0.0	9.835381

1496003639205	-0.41180268	0.047884032	9.969456

1496003639209	-0.39264908	0.019153614	9.9790325

1496003639256	-0.37349546	0.019153614	9.969456

1496003639259	-0.38307226	0.02873042	9.873688

1496003639262	-0.37349546	0.009576807	9.931149

1496003639265	-0.39264908	0.019153614	9.873688

1496003639268	-0.39264908	0.009576807	9.864111

1496003639271	-0.40222588	0.009576807	9.959879

1496003639279	-0.40222588	0.038307227	9.950302

1496003639295	-0.35434186	0.05746084	9.988609

1496003639299	-0.39264908	0.0	9.969456

1496003639315	-0.39264908	0.0	9.921572

1496003639317	-0.38307226	0.047884032	9.940725

1496003639324	-0.38307226	0.047884032	9.911995

1496003639340	-0.36391866	0.05746084	9.998186

1496003639343	-0.36391866	0.05746084	9.998186

1496003639353	-0.47884035	0.06703765	9.959879

1496003639365	-0.45968673	0.06703765	9.959879

1496003639380	-0.34476504	0.019153614	9.864111

1496003639384	-0.34476504	0.019153614	9.864111

1496003639394	-0.37349546	0.05746084	9.80665

1496003639407	-0.4309563	0.019153614	9.950302

1496003639421	-0.4213795	0.02873042	9.940725

1496003639431	-0.40222588	0.009576807	9.902418

1496003639435	-0.33518824	0.019153614	9.9790325

1496003639444	-0.33518824	0.019153614	9.9790325

1496003639459	-0.41180268	0.02873042	9.9790325

1496003639471	-0.37349546	0.009576807	9.9790325

1496003639478	-0.40222588	0.05746084	9.969456

1496003639489	-0.4213795	0.038307227	9.950302

1496003639498	-0.4213795	0.038307227	10.01734

1496003639508	-0.41180268	0.019153614	10.0269165

1496003639514	-0.41180268	0.019153614	10.0269165

1496003639529	-0.4213795	0.02873042	9.921572

1496003639534	-0.4213795	0.02873042	9.921572

1496003639549	-0.4405331	0.05746084	9.892841

1496003639562	-0.40222588	0.02873042	9.940725

1496003639565	-0.40222588	0.05746084	9.931149

1496003639578	-0.41180268	0.047884032	9.931149

1496003639585	-0.41180268	0.047884032	9.931149

1496003639598	-0.4309563	0.009576807	9.911995

1496003639604	-0.4309563	0.009576807	9.911995

1496003639619	-0.39264908	0.02873042	9.816227

1496003639629	-0.37349546	-0.019153614	9.854534

1496003639641	-0.38307226	0.02873042	9.959879

1496003639649	-0.38307226	0.02873042	10.01734

1496003639659	-0.2873042	-0.019153614	10.01734

1496003639664	-0.2873042	-0.019153614	10.01734

1496003639678	-0.32561144	-0.009576807	9.988609

1496003639684	-0.32561144	-0.009576807	9.988609

1496003639699	-0.33518824	0.038307227	9.998186

1496003639709	-0.33518824	0.038307227	9.844957

1496003639720	-0.4309563	0.02873042	9.911995

1496003639729	-0.4309563	0.02873042	9.969456

1496003639734	-0.33518824	-0.02873042	9.969456

1496003639744	-0.45010993	0.009576807	10.084377

1496003639754	-0.39264908	0.019153614	10.093954

1496003639764	-0.39264908	0.02873042	10.0269165

1496003639779	-0.33518824	0.019153614	9.854534

1496003639784	-0.34476504	0.0	9.816227

1496003639794	-0.4213795	0.019153614	9.902418

1496003639809	-0.4213795	0.0	10.04607

1496003639814	-0.41180268	0.038307227	10.04607

1496003639824	-0.41180268	0.02873042	9.969456

1496003639839	-0.39264908	0.009576807	9.931149

1496003639844	-0.37349546	0.038307227	9.998186

1496003639854	-0.35434186	0.047884032	9.940725

1496003639864	-0.33518824	0.038307227	10.007763

1496003639874	-0.37349546	0.047884032	9.931149

1496003639889	-0.37349546	0.06703765	9.931149

1496003639896	-0.34476504	0.038307227	9.911995

1496003639904	-0.36391866	0.02873042	9.921572

1496003639915	-0.32561144	0.038307227	9.959879

