1495239235090	0.0075939246	0.002131628	0.018518519

1495239235102	0.00532907	-0.002131628	0.016253663

1495239235108	0.010791367	0.0	0.020650147

1495239235118	0.008659739	-0.002131628	0.02504663

1495239235128	0.009725553	-0.004263256	0.022781774

1495239235141	0.013056221	-0.00532907	0.015187849

1495239235158	0.00532907	-0.002131628	0.019584332

1495239235168	0.0075939246	-0.003197442	0.019584332

1495239235177	0.0065281107	0.002131628	0.022781774

1495239235187	0.008659739	-0.004263256	0.017452704

1495239235200	0.0075939246	-0.002131628	0.016253663

1495239235207	0.0075939246	-0.00532907	0.021715961

1495239235218	0.0065281107	-0.004263256	0.023980815

1495239235228	0.008659739	-0.013056221	0.017452704

1495239235239	0.0119904075	-0.0065281107	0.017452704

1495239235248	0.013056221	-0.00532907	0.013056221

1495239235257	0.0065281107	-0.0065281107	0.015187849

1495239235276	0.0065281107	-0.001065814	0.015187849

1495239235278	0.0075939246	0.001065814	0.016253663

1495239235287	0.0075939246	0.001065814	0.017452704

1495239235297	0.013056221	0.0	0.018518519

1495239235307	0.013056221	-0.002131628	0.020650147

1495239235318	0.008659739	-0.0075939246	0.014122035

1495239235328	0.0065281107	-0.0075939246	0.016253663

1495239235338	0.008659739	0.0	0.014122035

1495239235348	0.00532907	-0.001065814	0.015187849

1495239235357	0.0065281107	0.001065814	0.020650147

1495239235368	0.010791367	0.0	0.017452704

1495239235377	0.00532907	-0.0065281107	0.015187849

1495239235387	0.00532907	-0.008659739	0.0119904075

1495239235398	0.004263256	-0.0075939246	0.018518519

1495239235408	0.002131628	-0.008659739	0.016253663

1495239235419	0.010791367	-0.003197442	0.010791367

1495239235427	0.008659739	0.0	0.018518519

1495239235439	0.010791367	-0.004263256	0.016253663

1495239235447	0.010791367	-0.002131628	0.019584332

1495239235458	0.015187849	-0.001065814	0.019584332

1495239235474	0.0075939246	-0.00532907	0.022781774

1495239235488	0.0119904075	-0.002131628	0.020650147

1495239235497	0.0075939246	-0.002131628	0.019584332

1495239235508	0.0075939246	-0.0065281107	0.017452704

1495239235520	0.00532907	-0.009725553	0.017452704

1495239235528	0.002131628	-0.009725553	0.015187849

1495239235539	0.008659739	-0.001065814	0.017452704

1495239235548	0.013056221	0.002131628	0.014122035

1495239235557	0.0119904075	0.0	0.015187849

1495239235568	0.010791367	-0.00532907	0.019584332

1495239235579	0.013056221	-0.003197442	0.015187849

1495239235588	0.008659739	0.001065814	0.016253663

1495239235598	0.0065281107	-0.00532907	0.016253663

1495239235608	0.010791367	-0.002131628	0.021715961

1495239235618	0.008659739	0.001065814	0.022781774

1495239235627	0.004263256	-0.001065814	0.017452704

1495239235638	0.0075939246	-0.004263256	0.015187849

1495239235647	0.010791367	-0.001065814	0.016253663

1495239235657	0.0119904075	0.0	0.015187849

1495239235668	0.0075939246	-0.00532907	0.015187849

1495239235678	0.0065281107	-0.00532907	0.018518519

1495239235688	0.009725553	-0.002131628	0.019584332

1495239235698	0.004263256	-0.0075939246	0.021715961

1495239235707	0.0075939246	-0.0075939246	0.016253663

1495239235718	0.0065281107	-0.008659739	0.013056221

1495239235728	0.004263256	-0.004263256	0.017452704

1495239235739	0.008659739	-0.0065281107	0.014122035

1495239235747	0.008659739	-0.001065814	0.014122035

1495239235758	0.009725553	0.0	0.016253663

1495239235770	0.0065281107	-0.002131628	0.0119904075

1495239235777	0.0065281107	-0.002131628	0.015187849

1495239235788	0.010791367	-0.00532907	0.009725553

1495239235798	0.010791367	-0.008659739	0.014122035

1495239235808	0.010791367	-0.0065281107	0.017452704

1495239235829	0.010791367	-0.002131628	0.020650147

1495239235838	0.0065281107	-0.001065814	0.017452704

1495239235848	0.0065281107	-0.002131628	0.019584332

1495239235858	0.008659739	-0.004263256	0.020650147

1495239235868	0.0065281107	-0.002131628	0.019584332

1495239235878	0.0119904075	-0.001065814	0.016253663

1495239235888	0.004263256	-0.001065814	0.017452704

1495239235898	0.0065281107	0.0	0.015187849

1495239235908	0.0075939246	-0.0075939246	0.017452704

1495239235918	0.008659739	-0.0075939246	0.0119904075

1495239235927	0.008659739	-0.001065814	0.016253663

1495239235938	0.009725553	-0.001065814	0.015187849

1495239235947	0.010791367	0.0	0.016253663

1495239235957	0.0119904075	0.0	0.014122035

1495239235968	0.009725553	0.001065814	0.016253663

1495239235978	0.008659739	-0.002131628	0.014122035

1495239235988	0.0075939246	0.004263256	0.020650147

1495239235997	0.009725553	0.00532907	0.019584332

1495239236007	0.009725553	0.001065814	0.019584332

1495239236018	0.014122035	0.0	0.021715961

1495239236028	0.015187849	-0.003197442	0.015187849

1495239236039	0.013056221	0.0	0.008659739

1495239236047	0.009725553	-0.0075939246	0.015187849

1495239236058	0.004263256	-0.0075939246	0.019584332

1495239236075	0.0119904075	-0.003197442	0.013056221

1495239236088	0.016253663	-0.002131628	0.015187849

1495239236098	0.0119904075	-0.003197442	0.016253663

1495239236110	0.0065281107	-0.003197442	0.013056221

1495239236118	0.010791367	-0.002131628	0.016253663

1495239236128	0.00532907	-0.0065281107	0.020650147

1495239236139	0.009725553	-0.009725553	0.016253663

1495239236147	0.009725553	0.002131628	0.017452704

1495239236158	0.003197442	-0.004263256	0.016253663

1495239236168	0.014122035	-0.002131628	0.022781774

1495239236177	0.0065281107	-0.008659739	0.022781774

1495239236187	0.0075939246	-0.004263256	0.016253663

1495239236197	0.010791367	0.0	0.018518519

1495239236207	0.0065281107	-0.001065814	0.017452704

1495239236218	0.0065281107	-0.004263256	0.018518519

1495239236227	0.0075939246	-0.002131628	0.016253663

1495239236239	0.00532907	-0.004263256	0.017452704

1495239236248	0.00532907	-0.003197442	0.017452704

1495239236257	0.008659739	-0.004263256	0.017452704

1495239236268	0.009725553	-0.003197442	0.0119904075

1495239236278	0.009725553	-0.004263256	0.013056221

1495239236287	0.010791367	-0.003197442	0.013056221

1495239236298	0.008659739	-0.003197442	0.015187849

1495239236307	0.0065281107	-0.00532907	0.016253663

1495239236318	0.0065281107	-0.002131628	0.020650147

1495239236328	0.0075939246	-0.001065814	0.016253663

1495239236339	0.010791367	-0.002131628	0.018518519

1495239236347	0.008659739	0.0	0.018518519

1495239236357	0.0065281107	-0.003197442	0.015187849

1495239236370	0.0075939246	-0.003197442	0.019584332

1495239236377	0.0075939246	-0.003197442	0.016253663

1495239236387	0.008659739	-0.004263256	0.013056221

1495239236397	0.014122035	-0.001065814	0.016253663

1495239236408	0.008659739	0.0	0.016253663

1495239236419	0.00532907	-0.002131628	0.017452704

1495239236427	0.009725553	-0.004263256	0.015187849

1495239236439	0.010791367	0.003197442	0.013056221

1495239236447	0.008659739	-0.002131628	0.019584332

1495239236457	0.0075939246	0.0	0.016253663

1495239236468	0.008659739	-0.002131628	0.013056221

1495239236478	0.0075939246	-0.00532907	0.013056221

1495239236487	0.0065281107	-0.00532907	0.0119904075

1495239236497	0.004263256	-0.00532907	0.021715961

1495239236508	0.0065281107	0.0	0.018518519

1495239236523	0.010791367	-0.00532907	0.009725553

1495239236539	0.0075939246	-0.001065814	0.016253663

1495239236548	0.009725553	-0.004263256	0.020650147

1495239236557	0.009725553	0.002131628	0.023980815

1495239236568	0.0065281107	0.2748468	0.013056221

1495239236577	0.0065281107	0.002131628	0.014122035

1495239236587	0.008659739	0.003197442	0.016253663

1495239236597	0.009725553	-0.001065814	0.017452704

1495239236608	0.004263256	-0.0075939246	0.015187849

1495239236618	0.008659739	0.0	0.016253663

1495239236628	0.008659739	-0.002131628	0.009725553

1495239236639	0.008659739	-0.00532907	0.015187849

1495239236647	0.010791367	-0.001065814	0.017452704

1495239236657	0.0075939246	-0.004263256	0.017452704

1495239236671	0.0065281107	-0.00532907	0.019584332

1495239236677	0.0065281107	0.0	0.021715961

1495239236687	0.003197442	-0.001065814	0.020650147

1495239236698	0.0065281107	-0.004263256	0.019584332

1495239236708	0.009725553	-0.003197442	0.020650147

1495239236722	0.0075939246	-0.002131628	0.020650147

1495239236727	0.009725553	-0.00532907	0.018518519

1495239236739	0.009725553	-0.009725553	0.021715961

1495239236748	0.00532907	-0.00532907	0.021715961

1495239236757	0.010791367	-0.0065281107	0.015187849

1495239236769	0.0119904075	-0.0075939246	0.009725553

1495239236778	0.008659739	-0.0075939246	0.018518519

1495239236788	0.008659739	-0.004263256	0.0119904075

1495239236797	0.008659739	-0.004263256	0.0075939246

1495239236807	0.004263256	-0.0065281107	0.010791367

1495239236818	0.0065281107	-0.003197442	0.0119904075

1495239236828	0.0119904075	-0.001065814	0.009725553

1495239236838	0.0119904075	-0.002131628	0.016253663

1495239236849	0.010791367	-0.003197442	0.019584332

1495239236858	0.010791367	-0.00532907	0.015187849

1495239236868	0.0065281107	-0.008659739	0.014122035

1495239236880	0.00532907	-0.002131628	0.016253663

1495239236889	0.0065281107	-0.004263256	0.023980815

1495239236898	0.009725553	-0.00532907	0.022781774

1495239236907	0.0075939246	-0.003197442	0.015187849

1495239236918	0.0065281107	-0.004263256	0.016253663

1495239236927	0.008659739	-0.00532907	0.016253663

1495239236939	0.009725553	-0.0075939246	0.013056221

1495239236947	0.0065281107	-0.009725553	0.013056221

1495239236957	0.009725553	-0.00532907	0.015187849

1495239236970	0.010791367	-0.002131628	0.010791367

1495239236978	0.0119904075	-0.003197442	0.014122035

1495239236988	0.004263256	-0.00532907	0.016253663

1495239236997	0.008659739	-0.00532907	0.010791367

1495239237007	0.003197442	-0.00532907	0.014122035

1495239237018	0.00532907	-0.00532907	0.016253663

1495239237027	0.003197442	-0.009725553	0.018518519

1495239237039	0.004263256	-0.001065814	0.018518519

1495239237048	0.00532907	-0.003197442	0.018518519

1495239237057	0.0075939246	-0.004263256	0.018518519

1495239237069	0.0075939246	-0.002131628	0.017452704

1495239237078	0.0075939246	-0.003197442	0.015187849

1495239237088	0.010791367	-0.004263256	0.019584332

1495239237097	0.010791367	-0.00532907	0.016253663

1495239237108	0.0075939246	-0.003197442	0.018518519

1495239237118	0.0065281107	-0.0065281107	0.018518519

1495239237132	0.0075939246	0.0	0.020650147

1495239237158	0.008659739	0.001065814	0.014122035

1495239237168	0.004263256	-0.0075939246	0.019584332

1495239237186	0.009725553	-0.0075939246	0.018518519

1495239237187	0.008659739	-0.004263256	0.015187849

1495239237198	0.008659739	-0.009725553	0.013056221

1495239237207	0.008659739	-0.004263256	0.013056221

1495239237218	0.008659739	0.0	0.016253663

1495239237228	0.008659739	-0.00532907	0.017452704

1495239237237	0.0119904075	0.001065814	0.019584332

1495239237249	0.0119904075	-0.003197442	0.016253663

1495239237259	0.009725553	0.0	0.016253663

1495239237279	0.0119904075	-0.003197442	0.018518519

1495239237288	0.008659739	-0.004263256	0.019584332

1495239237299	0.010791367	-0.0075939246	0.018518519

1495239237307	0.010791367	-0.0075939246	0.015187849

1495239237318	0.013056221	-0.0065281107	0.016253663

1495239237328	0.014122035	-0.002131628	0.013056221

1495239237337	0.0065281107	-0.0075939246	0.013056221

1495239237348	0.0065281107	-0.009725553	0.015187849

1495239237358	0.009725553	-0.004263256	0.013056221

1495239237369	0.009725553	-0.004263256	0.017452704

1495239237378	0.0075939246	-0.002131628	0.019584332

1495239237387	0.0119904075	-0.002131628	0.020650147

1495239237397	0.013056221	0.0	0.016253663

1495239237407	0.0119904075	0.0	0.015187849

1495239237418	0.008659739	-0.004263256	0.019584332

1495239237429	0.009725553	-0.0119904075	0.014122035

1495239237438	0.0075939246	-0.00532907	0.018518519

1495239237449	0.0075939246	-0.002131628	0.019584332

1495239237457	0.009725553	-0.00532907	0.021715961

1495239237468	0.008659739	-0.002131628	0.014122035

1495239237477	0.010791367	-0.00532907	0.018518519

1495239237487	0.00532907	-0.0075939246	0.015187849

1495239237498	0.0075939246	-0.003197442	0.018518519

1495239237507	0.008659739	-0.001065814	0.017452704

1495239237518	0.0119904075	-0.003197442	0.015187849

1495239237528	0.013056221	0.003197442	0.014122035

1495239237537	0.008659739	-0.0075939246	0.016253663

1495239237549	0.009725553	0.0	0.019584332

1495239237559	0.010791367	0.0065281107	0.015187849

1495239237584	0.0065281107	-0.00532907	0.019584332

1495239237586	0.0075939246	-0.003197442	0.016253663

1495239237588	0.0119904075	-0.001065814	0.014122035

1495239237597	0.0075939246	-0.0075939246	0.016253663

1495239237608	0.0065281107	-0.001065814	0.017452704

1495239237618	0.009725553	-0.004263256	0.021715961

1495239237628	0.008659739	-0.002131628	0.022781774

1495239237638	0.010791367	0.004263256	0.017452704

1495239237648	0.016253663	0.001065814	0.016253663

1495239237657	0.010791367	-0.003197442	0.015187849

1495239237668	0.0075939246	-0.004263256	0.017452704

1495239237677	0.013056221	-0.003197442	0.018518519

1495239237687	0.013056221	-0.00532907	0.015187849

1495239237697	0.0075939246	-0.00532907	0.014122035

1495239237709	0.0075939246	-0.004263256	0.013056221

1495239237733	0.0119904075	-0.003197442	0.018518519

1495239237748	0.0065281107	-0.003197442	0.018518519

1495239237752	0.0119904075	-0.0065281107	0.010791367

1495239237768	0.008659739	-0.0065281107	0.018518519

1495239237777	0.00532907	-0.0065281107	0.014122035

1495239237787	0.002131628	-0.0075939246	0.013056221

1495239237797	0.00532907	-0.0065281107	0.018518519

1495239237807	0.009725553	-0.003197442	0.021715961

1495239237835	0.010791367	-0.008659739	0.015187849

1495239237838	0.0075939246	-0.004263256	0.017452704

1495239237843	0.008659739	-0.001065814	0.013056221

1495239237849	0.004263256	-0.001065814	0.015187849

1495239237859	0.008659739	-0.004263256	0.015187849

1495239237868	0.0075939246	0.0	0.016253663

1495239237878	0.010791367	-0.002131628	0.017452704

1495239237888	0.0075939246	-0.004263256	0.017452704

1495239237898	0.014122035	-0.001065814	0.019584332

1495239237908	0.0119904075	-0.004263256	0.017452704

1495239237919	0.010791367	0.002131628	0.016253663

1495239237929	0.0075939246	-0.003197442	0.0119904075

1495239237937	0.009725553	-0.003197442	0.021715961

1495239237948	0.0065281107	-0.003197442	0.016253663

1495239237957	0.0119904075	-0.003197442	0.017452704

1495239237968	0.0065281107	-0.004263256	0.016253663

1495239237978	0.010791367	-0.004263256	0.014122035

1495239237989	0.010791367	0.0	0.017452704

1495239237998	0.0065281107	-0.003197442	0.020650147

1495239238007	0.0075939246	-0.002131628	0.017452704

1495239238018	0.008659739	-0.001065814	0.019584332

1495239238028	0.004263256	-0.004263256	0.018518519

1495239238038	0.0065281107	-0.00532907	0.021715961

1495239238049	0.009725553	-0.004263256	0.015187849

1495239238058	0.010791367	-0.004263256	0.017452704

1495239238071	0.008659739	-0.004263256	0.016253663

1495239238078	0.008659739	-0.003197442	0.015187849

1495239238088	0.008659739	-0.003197442	0.018518519

1495239238098	0.0075939246	-0.003197442	0.020650147

1495239238107	0.0065281107	-0.002131628	0.021715961

1495239238120	0.0075939246	-0.002131628	0.017452704

1495239238129	0.010791367	-0.004263256	0.017452704

1495239238137	0.0075939246	-0.003197442	0.017452704

1495239238149	0.009725553	-0.003197442	0.014122035

1495239238168	0.0075939246	-0.004263256	0.023980815

1495239238178	0.010791367	-0.004263256	0.017452704

1495239238188	0.009725553	-0.004263256	0.015187849

1495239238197	0.009725553	-0.002131628	0.016253663

1495239238207	0.010791367	0.0	0.018518519

1495239238218	0.00532907	0.004263256	0.021715961

1495239238228	0.0075939246	0.003197442	0.019584332

1495239238237	0.0065281107	-0.002131628	0.017452704

1495239238248	0.0119904075	0.0	0.014122035

1495239238257	0.008659739	-0.001065814	0.018518519

1495239238268	0.004263256	-0.001065814	0.020650147

1495239238278	0.0075939246	-0.002131628	0.018518519

1495239238289	0.009725553	-0.003197442	0.010791367

1495239238298	0.0075939246	-0.004263256	0.014122035

1495239238308	0.009725553	-0.008659739	0.017452704

1495239238318	0.0065281107	-0.00532907	0.017452704

1495239238328	0.00532907	-0.0065281107	0.022781774

1495239238337	0.00532907	0.0	0.015187849

1495239238349	0.0075939246	0.0	0.016253663

1495239238369	0.00532907	-0.003197442	0.016253663

1495239238378	0.003197442	-0.002131628	0.017452704

1495239238388	0.0065281107	-0.004263256	0.017452704

1495239238397	0.0075939246	0.0	0.018518519

1495239238407	0.009725553	-0.001065814	0.019584332

1495239238420	0.0065281107	0.004263256	0.018518519

1495239238428	0.009725553	-0.001065814	0.022781774

1495239238437	0.009725553	-0.003197442	0.022781774

1495239238449	0.00532907	-0.001065814	0.016253663

1495239238458	0.0065281107	-0.002131628	0.014122035

1495239238468	0.0075939246	-0.001065814	0.016253663

1495239238477	0.008659739	0.0	0.016253663

1495239238487	0.0065281107	-0.003197442	0.017452704

1495239238497	0.0065281107	-0.002131628	0.015187849

1495239238507	0.0075939246	0.001065814	0.015187849

1495239238518	0.008659739	-0.00532907	0.017452704

1495239238528	0.0119904075	-0.008659739	0.016253663

1495239238538	0.0065281107	-0.0075939246	0.018518519

1495239238549	0.009725553	-0.002131628	0.018518519

1495239238569	0.010791367	-0.002131628	0.019584332

1495239238578	0.002131628	-0.00532907	0.017452704

1495239238588	0.0065281107	0.002131628	0.022781774

1495239238598	0.0065281107	-0.001065814	0.019584332

1495239238610	0.004263256	-0.003197442	0.015187849

1495239238623	0.0065281107	-0.003197442	0.018518519

1495239238628	0.0075939246	0.001065814	0.017452704

1495239238638	0.008659739	-0.001065814	0.020650147

1495239238649	0.0065281107	-0.001065814	0.018518519

1495239238657	0.0065281107	-0.003197442	0.013056221

1495239238669	0.00532907	-0.004263256	0.017452704

1495239238678	0.008659739	-0.004263256	0.017452704

1495239238687	0.008659739	-0.0075939246	0.017452704

1495239238697	0.00532907	-0.003197442	0.015187849

1495239238707	0.0065281107	-0.002131628	0.017452704

1495239238720	0.008659739	0.003197442	0.022781774

1495239238728	0.009725553	-0.001065814	0.022781774

1495239238738	0.0075939246	-0.004263256	0.013056221

1495239238749	0.00532907	-0.0075939246	0.017452704

1495239238768	0.0119904075	-0.0065281107	0.022781774

1495239238777	0.0119904075	-0.003197442	0.019584332

1495239238787	0.008659739	-0.009725553	0.018518519

1495239238797	0.008659739	-0.002131628	0.016253663

1495239238807	0.00532907	-0.003197442	0.019584332

1495239238818	0.013056221	-0.00532907	0.014122035

1495239238829	0.008659739	-0.003197442	0.022781774

1495239238838	0.009725553	-0.003197442	0.019584332

1495239238850	0.008659739	-0.0065281107	0.010791367

1495239238858	0.010791367	-0.008659739	0.016253663

1495239238868	0.010791367	-0.0075939246	0.019584332

1495239238878	0.010791367	-0.003197442	0.017452704

1495239238888	0.0065281107	-0.001065814	0.020650147

1495239238898	0.0075939246	-0.0065281107	0.020650147

1495239238908	0.010791367	-0.003197442	0.017452704

1495239238918	0.008659739	-0.004263256	0.016253663

1495239238928	0.009725553	-0.001065814	0.019584332

1495239238938	0.004263256	-0.0075939246	0.018518519

1495239238949	0.009725553	-0.001065814	0.018518519

1495239238968	0.008659739	-0.00532907	0.016253663

1495239238987	0.00532907	0.002131628	0.021715961

1495239238997	0.0065281107	-0.002131628	0.017452704

1495239239007	0.0065281107	-0.003197442	0.016253663

1495239239021	0.009725553	-0.001065814	0.020650147

1495239239029	0.0075939246	-0.002131628	0.018518519

1495239239038	0.008659739	-0.004263256	0.015187849

1495239239049	0.0075939246	0.0	0.016253663

1495239239058	0.0065281107	-0.004263256	0.014122035

1495239239068	0.008659739	-0.010791367	0.018518519

1495239239077	0.004263256	-0.004263256	0.017452704

1495239239087	0.009725553	-0.002131628	0.017452704

1495239239097	0.008659739	-0.003197442	0.018518519

1495239239107	0.0065281107	-0.001065814	0.014122035

1495239239118	0.00532907	0.0	0.018518519

1495239239128	0.010791367	-0.002131628	0.010791367

1495239239137	0.016253663	-0.001065814	0.016253663

1495239239148	0.008659739	-0.0075939246	0.018518519

1495239239157	0.0075939246	-0.0075939246	0.013056221

1495239239168	0.00532907	-0.0065281107	0.018518519

1495239239178	0.008659739	-0.004263256	0.017452704

1495239239187	0.0065281107	-0.003197442	0.014122035

1495239239197	0.013056221	-0.001065814	0.016253663

1495239239208	0.008659739	-0.002131628	0.020650147

1495239239225	0.003197442	-0.0065281107	0.019584332

1495239239229	0.0065281107	-0.00532907	0.020650147

1495239239238	0.008659739	-0.0065281107	0.018518519

1495239239274	0.0119904075	-0.003197442	0.014122035

1495239239275	0.004263256	-0.003197442	0.016253663

1495239239277	0.008659739	-0.00532907	0.016253663

1495239239287	0.0119904075	-0.001065814	0.016253663

1495239239297	0.010791367	-0.002131628	0.015187849

1495239239307	0.008659739	-0.008659739	0.019584332

1495239239318	0.004263256	-0.0065281107	0.016253663

1495239239329	0.0075939246	0.002131628	0.013056221

1495239239338	0.0075939246	-0.001065814	0.016253663

1495239239349	0.008659739	-0.001065814	0.019584332

1495239239368	0.009725553	-0.003197442	0.013056221

1495239239377	0.008659739	0.0	0.018518519

1495239239388	0.0065281107	0.0065281107	0.015187849

1495239239397	0.00532907	-0.001065814	0.020650147

1495239239407	0.004263256	-0.003197442	0.014122035

1495239239418	0.0075939246	-0.002131628	0.0119904075

1495239239427	0.008659739	0.001065814	0.019584332

1495239239437	0.010791367	-0.004263256	0.010791367

1495239239448	0.0119904075	-0.002131628	0.013056221

1495239239457	0.0119904075	-0.003197442	0.019584332

1495239239468	0.0075939246	-0.003197442	0.019584332

1495239239478	0.009725553	-0.002131628	0.017452704

1495239239488	0.0119904075	-0.003197442	0.021715961

1495239239498	0.009725553	0.003197442	0.023980815

1495239239508	0.008659739	-0.001065814	0.022781774

1495239239518	0.0119904075	-0.004263256	0.014122035

1495239239527	0.0119904075	-0.003197442	0.018518519

1495239239537	0.009725553	-0.002131628	0.016253663

1495239239549	0.008659739	-0.002131628	0.022781774

1495239239570	0.009725553	-0.008659739	0.015187849

1495239239578	0.008659739	-0.003197442	0.019584332

1495239239588	0.00532907	-0.00532907	0.022781774

1495239239597	0.0065281107	-0.001065814	0.022781774

1495239239608	0.0075939246	-0.0065281107	0.018518519

1495239239618	0.0065281107	-0.0065281107	0.017452704

1495239239628	0.009725553	-0.004263256	0.019584332

1495239239637	0.0075939246	-0.003197442	0.019584332

1495239239649	0.00532907	-0.004263256	0.014122035

1495239239658	0.010791367	-0.004263256	0.014122035

1495239239670	0.013056221	-0.003197442	0.019584332

1495239239678	0.013056221	0.002131628	0.017452704

1495239239693	0.0075939246	-0.002131628	0.018518519

1495239239697	0.002131628	-0.008659739	0.015187849

1495239239707	0.0119904075	-0.003197442	0.0119904075

1495239239718	0.010791367	0.001065814	0.018518519

1495239239727	0.009725553	0.002131628	0.016253663

1495239239737	0.0119904075	-0.003197442	0.013056221

1495239239748	0.0065281107	-0.004263256	0.015187849

1495239239757	0.00532907	-0.0075939246	0.016253663

1495239239768	0.0075939246	0.0	0.0119904075

1495239239778	0.013056221	0.0	0.015187849

1495239239788	0.008659739	-0.002131628	0.019584332

1495239239797	0.008659739	-0.003197442	0.017452704

1495239239807	0.010791367	-0.002131628	0.014122035

1495239239819	0.0075939246	-0.002131628	0.016253663

1495239239828	0.010791367	0.002131628	0.017452704

1495239239838	0.008659739	-0.001065814	0.018518519

1495239239849	0.002131628	-0.004263256	0.014122035

1495239239857	0.0065281107	0.0	0.018518519

1495239239872	0.010791367	0.002131628	0.015187849

1495239239878	0.0119904075	-0.003197442	0.017452704

1495239239888	0.0065281107	-0.003197442	0.017452704

1495239239897	0.010791367	-0.0075939246	0.018518519

1495239239907	0.008659739	-0.004263256	0.018518519

1495239239919	0.013056221	-0.003197442	0.019584332

1495239239927	0.008659739	-0.003197442	0.017452704

1495239239938	0.00532907	-0.002131628	0.018518519

1495239239949	0.0065281107	-0.008659739	0.019584332

1495239239968	0.008659739	-0.002131628	0.016253663

1495239239977	0.008659739	0.00532907	0.019584332

1495239239987	0.010791367	0.002131628	0.02504663

1495239239997	0.014122035	-0.003197442	0.018518519

1495239240008	0.0065281107	-0.004263256	0.014122035

1495239240018	0.0075939246	-0.008659739	0.016253663

1495239240028	0.00532907	-0.003197442	0.020650147

1495239240038	0.008659739	-0.002131628	0.017452704

1495239240048	0.00532907	-0.001065814	0.0119904075

1495239240058	0.0075939246	-0.003197442	0.022781774

1495239240068	0.0075939246	0.002131628	0.022781774

1495239240077	0.009725553	0.002131628	0.019584332

