1496000244724	0.095	-0.095	9.567

1496000244743	0.105	-0.067	9.596

1496000244748	0.086	-0.028	9.557

1496000244757	0.124	-0.019	9.615

1496000244774	0.134	0.009	9.634

1496000244775	0.105	0.038	9.577

1496000244780	0.114	0.0	9.605

1496000244791	0.105	0.0	9.557

1496000244799	0.086	-0.019	9.577

1496000244811	0.028	-0.047	9.605

1496000244828	0.0	-0.086	9.538

1496000244830	0.019	-0.114	9.586

1496000244841	0.009	-0.172	9.529

1496000244849	0.028	-0.172	9.567

1496000244861	0.009	-0.181	9.557

1496000244876	0.047	-0.201	9.538

1496000244879	0.095	-0.191	9.605

1496000244890	0.143	-0.153	9.605

1496000244899	0.153	-0.076	9.615

1496000244909	0.134	0.0	9.605

1496000244919	0.114	0.076	9.653

1496000244929	0.105	0.124	9.634

1496000244943	0.086	0.153	9.644

1496000244949	0.067	0.153	9.625

1496000244960	0.057	0.124	9.586

1496000244969	0.019	0.076	9.605

1496000244979	0.019	-0.019	9.529

1496000244999	0.057	-0.095	9.567

1496000245002	0.047	-0.22	9.596

1496000245010	0.047	-0.239	9.577

1496000245019	0.047	-0.22	9.567

1496000245043	0.028	-0.162	9.538

1496000245044	0.067	-0.162	9.596

1496000245049	0.105	-0.105	9.596

1496000245059	0.086	-0.028	9.557

1496000245071	0.105	0.019	9.615

1496000245079	0.124	0.067	9.596

1496000245091	0.134	0.086	9.634

1496000245099	0.105	0.067	9.634

1496000245109	0.114	0.047	9.644

1496000245119	0.114	0.009	9.596

1496000245129	0.086	-0.019	9.577

1496000245143	0.086	-0.067	9.586

1496000245149	0.095	-0.114	9.567

1496000245159	0.047	-0.134	9.567

1496000245170	0.028	-0.134	9.567

1496000245179	0.009	-0.134	9.577

1496000245195	-0.019	-0.086	9.519

1496000245199	0.019	-0.067	9.557

1496000245210	0.028	-0.019	9.567

1496000245219	0.038	-0.019	9.625

1496000245229	0.067	0.019	9.634

1496000245242	0.095	0.009	9.634

1496000245249	0.114	0.009	9.586

1496000245259	0.143	-0.019	9.644

1496000245269	0.143	-0.047	9.625

1496000245281	0.134	-0.057	9.586

1496000245291	0.153	-0.095	9.586

1496000245299	0.105	-0.105	9.625

1496000245309	0.114	-0.105	9.586

1496000245319	0.076	-0.086	9.557

1496000245329	0.047	-0.076	9.548

1496000245341	0.009	-0.067	9.557

1496000245349	0.028	-0.057	9.567

1496000245359	0.028	-0.038	9.529

1496000245371	0.038	-0.038	9.557

1496000245379	0.009	-0.038	9.557

1496000245393	0.067	-0.067	9.605

1496000245399	0.057	-0.047	9.557

1496000245409	0.114	-0.095	9.625

1496000245419	0.105	-0.086	9.586

1496000245429	0.095	-0.067	9.557

1496000245441	0.105	-0.086	9.634

1496000245450	0.095	-0.047	9.605

1496000245463	0.105	-0.047	9.596

1496000245471	0.086	-0.038	9.596

1496000245480	0.105	-0.038	9.615

1496000245491	0.057	0.0	9.605

1496000245499	0.0	0.028	9.557

1496000245509	-0.019	0.028	9.538

1496000245519	-0.019	0.038	9.577

1496000245529	-0.038	0.028	9.538

1496000245546	-0.038	0.009	9.519

1496000245556	0.0	-0.028	9.567

1496000245559	0.067	-0.067	9.557

1496000245570	0.086	-0.086	9.596

1496000245579	0.105	-0.114	9.605

1496000245591	0.095	-0.114	9.557

1496000245600	0.114	-0.114	9.605

1496000245609	0.124	-0.086	9.615

1496000245620	0.105	-0.076	9.586

1496000245631	0.105	-0.057	9.634

1496000245647	0.095	-0.047	9.625

1496000245651	0.067	-0.038	9.615

1496000245660	0.076	-0.038	9.548

1496000245675	0.057	0.0	9.596

1496000245681	0.057	-0.028	9.586

1496000245700	0.057	-0.019	9.577

1496000245701	0.047	-0.028	9.557

1496000245709	0.019	-0.019	9.586

1496000245719	0.009	-0.009	9.586

1496000245729	0.028	-0.028	9.586

1496000245747	0.047	-0.067	9.548

1496000245749	0.067	-0.076	9.538

1496000245759	0.105	-0.095	9.567

1496000245771	0.057	-0.086	9.596

1496000245779	0.076	-0.076	9.586

1496000245791	0.105	-0.067	9.577

1496000245799	0.114	-0.038	9.596

1496000245809	0.105	-0.047	9.615

1496000245821	0.095	-0.057	9.625

1496000245829	0.105	-0.067	9.653

1496000245841	0.095	-0.038	9.567

1496000245849	0.086	-0.067	9.577

1496000245859	0.086	-0.086	9.586

1496000245869	0.067	-0.076	9.557

1496000245879	0.086	-0.067	9.586

1496000245891	0.057	-0.067	9.548

1496000245899	0.038	-0.067	9.567

1496000245912	0.009	-0.057	9.538

1496000245919	0.047	-0.057	9.577

1496000245929	0.028	-0.038	9.605

1496000245941	0.047	-0.028	9.557

1496000245949	0.067	-0.019	9.577

1496000245959	0.057	-0.028	9.586

1496000245970	0.095	-0.038	9.596

1496000245980	0.095	-0.047	9.615

1496000245998	0.047	-0.057	9.519

1496000245999	0.076	-0.047	9.615

1496000246009	0.067	-0.067	9.567

1496000246027	0.095	-0.076	9.586

1496000246029	0.067	-0.076	9.596

1496000246050	0.028	-0.038	9.548

1496000246051	0.038	-0.038	9.557

1496000246060	0.067	-0.095	9.577

1496000246070	0.047	-0.076	9.538

1496000246079	0.038	-0.028	9.548

1496000246091	0.047	-0.028	9.596

1496000246099	0.028	-0.009	9.548

1496000246109	0.057	-0.028	9.596

1496000246119	0.057	-0.038	9.557

1496000246129	0.076	-0.057	9.577

1496000246149	0.086	-0.047	9.586

1496000246152	0.105	-0.067	9.615

1496000246160	0.067	-0.057	9.586

1496000246170	0.086	-0.076	9.586

1496000246179	0.076	-0.067	9.634

1496000246191	0.086	-0.067	9.615

1496000246200	0.076	-0.047	9.586

1496000246217	0.067	-0.057	9.557

1496000246219	0.028	-0.028	9.586

1496000246229	0.076	-0.057	9.577

1496000246242	0.057	-0.038	9.557

1496000246249	0.076	-0.067	9.596

1496000246259	0.076	-0.057	9.567

1496000246270	0.028	-0.028	9.577

1496000246279	0.038	-0.038	9.586

1496000246293	0.086	-0.028	9.586

1496000246301	0.076	-0.067	9.567

1496000246313	0.105	-0.067	9.596

1496000246319	0.067	-0.076	9.586

1496000246329	0.095	-0.057	9.567

1496000246341	0.057	-0.047	9.557

1496000246349	0.067	-0.067	9.577

1496000246359	0.057	-0.057	9.567

1496000246371	0.076	-0.057	9.567

1496000246379	0.019	-0.028	9.567

1496000246391	0.067	-0.038	9.596

1496000246399	0.086	-0.038	9.567

1496000246409	0.067	-0.038	9.577

1496000246419	0.086	-0.057	9.605

1496000246429	0.057	-0.057	9.586

1496000246441	0.124	-0.067	9.634

1496000246449	0.057	-0.038	9.605

1496000246459	0.067	-0.057	9.596

1496000246470	0.086	-0.047	9.586

1496000246479	0.067	-0.067	9.586

1496000246491	0.038	-0.047	9.548

1496000246499	0.086	-0.047	9.586

1496000246509	0.067	-0.057	9.586

1496000246519	0.086	-0.067	9.596

1496000246530	0.076	-0.057	9.577

1496000246545	0.086	-0.067	9.605

1496000246549	0.067	-0.038	9.567

1496000246561	0.067	-0.067	9.557

1496000246582	0.067	-0.028	9.596

1496000246587	0.057	-0.047	9.586

1496000246593	0.105	-0.038	9.577

1496000246599	0.057	-0.047	9.586

1496000246609	0.067	-0.038	9.605

1496000246619	0.047	-0.038	9.577

1496000246629	0.086	-0.076	9.586

1496000246641	0.086	-0.076	9.634

1496000246649	0.105	-0.076	9.615

1496000246659	0.067	-0.095	9.567

1496000246670	0.076	-0.067	9.586

1496000246679	0.076	-0.057	9.615

1496000246691	0.067	-0.067	9.567

1496000246699	0.095	-0.086	9.567

1496000246711	0.067	-0.057	9.596

1496000246719	0.095	-0.076	9.596

1496000246729	0.086	-0.067	9.548

1496000246741	0.047	-0.047	9.567

1496000246750	0.057	-0.047	9.586

1496000246759	0.057	-0.038	9.557

1496000246770	0.057	-0.057	9.529

1496000246779	0.057	-0.028	9.567

1496000246791	0.047	-0.047	9.557

1496000246799	0.067	-0.038	9.567

1496000246809	0.057	-0.047	9.577

1496000246820	0.057	-0.067	9.586

1496000246830	0.047	-0.067	9.577

1496000246843	0.067	-0.057	9.538

1496000246850	0.076	-0.057	9.577

1496000246859	0.095	-0.067	9.567

1496000246871	0.067	-0.057	9.577

1496000246879	0.047	-0.047	9.615

1496000246894	0.067	-0.038	9.567

1496000246899	0.057	-0.047	9.586

1496000246909	0.067	-0.057	9.567

1496000246920	0.028	-0.009	9.538

1496000246929	0.047	-0.028	9.577

1496000246941	0.028	-0.019	9.567

1496000246949	0.076	-0.057	9.596

1496000246959	0.047	-0.047	9.548

1496000246970	0.076	-0.086	9.586

1496000246981	0.076	-0.067	9.567

1496000247001	0.076	-0.038	9.625

1496000247004	0.076	-0.086	9.605

1496000247011	0.067	-0.038	9.557

1496000247020	0.047	-0.028	9.548

1496000247030	0.057	-0.028	9.596

1496000247050	0.047	-0.038	9.567

1496000247051	0.047	-0.019	9.567

1496000247059	0.086	-0.057	9.605

1496000247070	0.076	-0.038	9.605

1496000247080	0.047	-0.038	9.548

1496000247092	0.067	-0.067	9.596

1496000247099	0.057	-0.076	9.557

1496000247110	0.086	-0.095	9.615

1496000247120	0.067	-0.086	9.577

1496000247129	0.105	-0.086	9.586

1496000247144	0.047	-0.057	9.548

1496000247149	0.095	-0.067	9.586

1496000247159	0.076	-0.038	9.615

1496000247170	0.067	-0.057	9.557

1496000247179	0.057	-0.028	9.548

1496000247191	0.067	-0.028	9.548

1496000247200	0.038	-0.028	9.567

1496000247211	0.076	-0.067	9.577

1496000247219	0.057	-0.028	9.548

1496000247229	0.047	-0.038	9.577

1496000247241	0.028	-0.019	9.538

1496000247249	0.038	-0.047	9.557

1496000247259	0.067	-0.057	9.586

1496000247270	0.076	-0.067	9.577

1496000247279	0.086	-0.076	9.605

1496000247291	0.067	-0.067	9.577

1496000247299	0.067	-0.038	9.586

1496000247309	0.086	-0.038	9.625

1496000247319	0.095	-0.057	9.567

1496000247329	0.057	-0.028	9.577

1496000247341	0.095	-0.067	9.596

1496000247349	0.067	-0.047	9.567

1496000247359	0.047	-0.047	9.577

1496000247369	0.076	-0.067	9.596

1496000247379	0.038	-0.038	9.577

1496000247392	0.086	-0.028	9.615

1496000247399	0.076	-0.038	9.567

1496000247409	0.057	-0.047	9.596

1496000247419	0.038	-0.047	9.548

1496000247429	0.067	-0.047	9.567

1496000247443	0.057	-0.057	9.586

1496000247449	0.019	-0.028	9.557

1496000247459	0.047	-0.038	9.586

1496000247471	0.086	-0.067	9.605

1496000247479	0.124	-0.076	9.605

1496000247492	0.105	-0.086	9.596

1496000247499	0.134	-0.095	9.615

1496000247509	0.114	-0.067	9.634

1496000247519	0.076	-0.028	9.596

1496000247529	0.086	-0.019	9.615

1496000247541	0.067	0.0	9.586

1496000247549	0.067	-0.019	9.596

1496000247561	0.047	-0.038	9.605

1496000247571	0.057	-0.019	9.605

1496000247579	0.067	-0.067	9.577

1496000247591	0.067	-0.076	9.567

1496000247599	0.076	-0.076	9.586

1496000247609	0.057	-0.105	9.567

1496000247619	0.086	-0.086	9.596

1496000247629	0.095	-0.076	9.596

1496000247641	0.095	-0.067	9.596

1496000247649	0.086	-0.067	9.567

1496000247659	0.124	-0.076	9.596

1496000247670	0.095	-0.047	9.625

1496000247691	0.086	-0.057	9.625

1496000247700	0.095	-0.067	9.596

1496000247710	0.095	-0.047	9.634

1496000247719	0.105	-0.047	9.605

1496000247731	0.095	-0.057	9.605

1496000247752	0.067	-0.047	9.577

1496000247761	0.009	-0.019	9.577

1496000247770	0.0	-0.009	9.577

1496000247783	0.0	-0.047	9.586

1496000247792	0.019	-0.067	9.557

1496000247802	0.038	-0.047	9.548

1496000247811	0.086	-0.105	9.577

1496000247820	0.124	-0.114	9.596

1496000247829	0.124	-0.114	9.615

1496000247841	0.143	-0.114	9.625

1496000247849	0.134	-0.095	9.625

1496000247859	0.153	-0.067	9.634

1496000247871	0.124	-0.057	9.625

1496000247879	0.105	-0.057	9.605

1496000247891	0.076	0.038	9.596

1496000247899	0.076	0.009	9.634

1496000247909	0.076	-0.038	9.586

1496000247919	0.038	-0.057	9.557

1496000247929	0.047	-0.076	9.529

1496000247947	0.057	-0.086	9.567

1496000247949	0.038	-0.114	9.529

1496000247959	0.019	-0.095	9.519

1496000247969	0.019	-0.095	9.557

1496000247981	0.009	-0.076	9.567

1496000247997	0.019	-0.067	9.557

1496000247999	0.038	-0.028	9.548

1496000248009	0.038	-0.019	9.586

1496000248020	0.047	0.019	9.596

1496000248029	0.038	0.047	9.605

1496000248044	0.047	0.076	9.605

1496000248050	0.038	0.047	9.567

1496000248059	0.095	0.009	9.567

1496000248069	0.095	-0.028	9.596

1496000248081	0.134	-0.105	9.605

1496000248091	0.076	-0.124	9.548

1496000248101	0.057	-0.143	9.586

1496000248109	0.047	-0.143	9.586

1496000248119	0.028	-0.114	9.567

1496000248129	0.047	-0.105	9.586

1496000248142	0.047	-0.105	9.548

1496000248149	0.038	-0.067	9.567

1496000248159	0.047	-0.028	9.605

1496000248169	0.067	-0.019	9.577

1496000248180	0.095	0.0	9.586

1496000248194	0.076	0.028	9.577

1496000248199	0.105	-0.009	9.605

1496000248210	0.076	0.047	9.605

1496000248227	0.114	-0.019	9.644

1496000248230	0.114	-0.057	9.596

1496000248241	0.105	-0.086	9.605

1496000248249	0.067	-0.086	9.586

1496000248259	0.057	-0.105	9.577

1496000248269	0.038	-0.105	9.529

1496000248280	0.019	-0.095	9.51

1496000248291	0.009	-0.057	9.548

1496000248300	0.038	-0.047	9.625

1496000248309	0.028	-0.038	9.557

1496000248320	0.047	0.009	9.586

1496000248330	0.047	-0.009	9.577

1496000248343	0.095	-0.009	9.605

1496000248359	0.114	-0.028	9.605

1496000248369	0.114	-0.038	9.615

1496000248380	0.143	-0.067	9.615

1496000248392	0.105	-0.067	9.605

1496000248399	0.153	-0.067	9.634

1496000248409	0.076	-0.067	9.577

1496000248419	0.047	-0.047	9.577

1496000248429	0.028	-0.067	9.567

1496000248442	0.019	-0.047	9.577

1496000248449	0.028	-0.057	9.567

1496000248469	0.047	-0.057	9.557

1496000248481	0.067	-0.067	9.567

1496000248497	0.057	-0.047	9.596

1496000248503	0.105	-0.047	9.605

1496000248520	0.105	-0.038	9.605

1496000248523	0.105	-0.028	9.625

1496000248529	0.124	-0.047	9.615

1496000248541	0.095	-0.028	9.596

1496000248549	0.095	-0.019	9.634

1496000248559	0.067	-0.038	9.615

1496000248569	0.076	-0.047	9.557

1496000248580	0.086	-0.038	9.615

1496000248598	0.086	-0.067	9.557

1496000248599	0.038	-0.057	9.548

1496000248609	0.057	-0.086	9.557

1496000248619	0.038	-0.067	9.596

1496000248629	0.047	-0.076	9.548

1496000248641	0.076	-0.076	9.567

1496000248649	0.067	-0.067	9.567

1496000248662	0.047	-0.038	9.567

1496000248669	0.086	-0.057	9.586

1496000248680	0.086	-0.047	9.615

1496000248692	0.095	-0.028	9.653

1496000248699	0.095	-0.057	9.634

1496000248709	0.105	-0.047	9.577

1496000248719	0.076	-0.028	9.605

1496000248729	0.105	-0.057	9.596

1496000248741	0.076	-0.057	9.605

1496000248750	0.067	-0.047	9.577

1496000248760	0.047	-0.028	9.557

1496000248778	0.076	-0.057	9.567

1496000248783	0.057	-0.067	9.596

1496000248814	0.067	-0.057	9.577

1496000248815	0.067	-0.057	9.577

1496000248816	0.086	-0.086	9.548

1496000248820	0.057	-0.067	9.538

1496000248829	0.057	-0.067	9.634

1496000248841	0.095	-0.067	9.605

1496000248849	0.134	-0.105	9.634

1496000248861	0.114	-0.038	9.586

1496000248869	0.105	-0.047	9.615

1496000248881	0.076	-0.019	9.625

1496000248893	0.114	-0.028	9.605

1496000248899	0.114	-0.047	9.577

1496000248909	0.143	-0.057	9.644

1496000248919	0.076	-0.038	9.634

1496000248929	0.105	-0.038	9.596

1496000248941	0.067	-0.047	9.625

1496000248949	0.047	-0.067	9.567

1496000248960	0.028	-0.057	9.567

1496000248969	0.028	-0.067	9.567

1496000248980	0.057	-0.086	9.577

1496000248997	0.028	-0.067	9.548

1496000249002	0.057	-0.067	9.557

1496000249027	0.067	-0.067	9.548

1496000249028	0.067	-0.076	9.586

1496000249029	0.105	-0.028	9.615

1496000249042	0.095	-0.038	9.615

1496000249048	0.076	-0.019	9.567

1496000249060	0.124	-0.019	9.605

1496000249102	0.114	-0.019	9.577

1496000249106	0.086	-0.038	9.567

1496000249121	0.095	-0.038	9.605

1496000249122	0.086	-0.047	9.625

1496000249123	0.076	-0.086	9.548

1496000249124	0.095	-0.095	9.577

1496000249129	0.038	-0.076	9.586

1496000249139	0.028	-0.095	9.586

1496000249149	0.067	-0.124	9.605

1496000249160	0.038	-0.114	9.548

1496000249170	0.076	-0.105	9.625

1496000249181	0.047	-0.095	9.577

1496000249190	0.057	-0.047	9.596

1496000249199	0.057	-0.019	9.596

1496000249214	0.086	0.0	9.596

1496000249219	0.067	0.0	9.548

1496000249230	0.095	0.009	9.644

1496000249239	0.076	0.019	9.586

1496000249249	0.105	-0.009	9.605

1496000249260	0.086	-0.038	9.548

1496000249269	0.067	-0.057	9.596

1496000249281	0.057	-0.038	9.586

1496000249290	0.038	-0.067	9.529

1496000249299	0.067	-0.105	9.577

1496000249309	0.028	-0.095	9.548

1496000249319	0.067	-0.095	9.577

1496000249329	0.076	-0.124	9.596

1496000249339	0.086	-0.124	9.567

1496000249349	0.095	-0.095	9.586

1496000249361	0.095	-0.076	9.567

1496000249369	0.076	-0.057	9.625

1496000249387	0.114	-0.067	9.625

1496000249389	0.114	-0.038	9.586

1496000249502	0.114	-0.019	9.625

1496000249506	0.076	0.009	9.615

1496000249508	0.076	0.0	9.586

1496000249509	0.067	0.0	9.567

1496000249510	0.038	-0.009	9.538

1496000249511	0.028	-0.038	9.567

1496000249512	0.019	-0.038	9.529

1496000249513	0.019	-0.047	9.567

1496000249514	0.047	-0.067	9.567

1496000249515	0.038	-0.057	9.529

1496000249516	0.047	-0.076	9.567

1496000249517	0.076	-0.086	9.644

1496000249519	0.047	-0.076	9.557

1496000249532	0.095	-0.057	9.567

1496000249539	0.086	-0.057	9.577

1496000249549	0.067	-0.047	9.557

1496000249559	0.114	-0.057	9.615

1496000249578	0.076	-0.047	9.557

1496000249583	0.105	-0.057	9.577

1496000249594	0.105	-0.019	9.577

1496000249599	0.114	-0.047	9.644

1496000249611	0.076	-0.038	9.577

1496000249619	0.047	-0.038	9.596

1496000249630	0.028	-0.038	9.577

1496000249641	0.028	-0.028	9.557

1496000249649	0.038	-0.067	9.586

1496000249661	0.028	-0.067	9.586

1496000249671	0.028	-0.076	9.557

1496000249680	0.047	-0.057	9.567

1496000249690	0.057	-0.067	9.538

1496000249699	0.105	-0.076	9.625

