1495477675595	-47.8125	-17.5	-16.1875

1495477675684	-46.9375	-17.625	-16.4375

1495477675784	-45.25	-19.0625	-16.5625

1495477675885	-44.3125	-19.875	-15.0625

1495477675996	-43.3125	-21.3125	-14.0

1495477676085	-42.5625	-23.0625	-13.25

1495477676185	-41.375	-24.25	-12.8125

1495477676291	-41.25	-25.4375	-12.1875

1495477676386	-41.0625	-25.75	-12.1875

1495477676488	-39.375	-27.375	-10.75

1495477676586	-38.9375	-29.3125	-7.8125

1495477676686	-36.0625	-30.9375	-6.1875

1495477676786	-33.6875	-32.25	-4.1875

1495477676895	-32.3125	-32.1875	-1.9375

1495477676986	-30.9375	-31.1875	-0.6875

1495477677107	-30.125	-30.5625	0.9375

1495477677188	-29.0625	-29.0625	1.0625

1495477677288	-29.4375	-27.375	0.0625

1495477677388	-29.3125	-27.375	-0.6875

1495477677489	-29.25	-27.625	-0.3125

1495477677600	-29.0625	-28.375	3.0625

1495477677702	-27.5	-29.375	7.625

1495477677789	-25.5	-29.0	12.5625

1495477677890	-24.625	-27.25	17.5

1495477677998	-23.4375	-24.9375	21.3125

1495477678092	-22.6875	-20.6875	24.375

1495477678203	-23.125	-16.6875	27.125

1495477678322	-24.1875	-13.625	28.3125

1495477678392	-26.0	-11.25	28.875

1495477678504	-28.375	-10.5	28.25

1495477678607	-30.25	-10.5	27.1875

1495477678692	-30.8125	-10.4375	26.5

1495477678792	-31.3125	-10.9375	25.375

1495477678905	-30.6875	-11.625	24.75

1495477678993	-30.375	-11.9375	24.125

1495477679098	-30.1875	-12.1875	23.625

1495477679193	-30.25	-12.25	23.375

1495477679301	-31.1875	-12.3125	23.125

1495477679404	-31.9375	-11.75	23.125

1495477679495	-33.5625	-11.125	22.6875

1495477679601	-34.625	-9.1875	22.0

1495477679722	-35.625	-6.625	21.125

1495477679793	-36.75	-3.6875	20.25

1495477679894	-37.625	-1.3125	19.75

1495477679994	-38.4375	1.0625	18.9375

1495477680093	-38.5625	3.1875	18.6875

1495477680269	-38.25	4.8125	18.125

1495477680295	-37.625	6.75	16.4375

1495477680394	-37.1875	7.1875	15.5

1495477680519	-37.875	6.9375	14.375

