1495311202036	15.549163	-16.399084	21.034595

1495311202048	15.606707	-16.625942	20.44234

1495311202065	15.658496	-16.830114	19.863478

1495311202069	15.705106	-17.01387	19.296667

1495311202089	15.752055	-17.17925	18.740707

1495311202094	15.81181	-17.353092	18.15701

1495311202099	15.870588	-17.53455	17.548347

1495311202103	15.92849	-17.722862	16.91722

1495311202136	15.9856	-17.929844	16.22837

1495311202141	16.037	-18.153627	15.487573

1495311202145	16.08326	-18.392532	14.700021

1495311202149	16.114895	-18.635046	13.932891

1495311202154	16.140865	-18.88081	13.184141

1495311202208	16.14424	-19.129498	12.451933

1495311202211	16.139774	-19.373314	11.747112

1495311202215	16.120758	-19.60775	11.06694

1495311202219	16.088642	-19.833742	10.408952

1495311202223	16.052238	-20.037134	9.750095

1495311202227	16.011974	-20.22519	9.0946245

1495311202230	15.975737	-20.399437	8.442201

1495311202234	15.9281225	-20.566261	7.8175197

1495311202297	15.87027	-20.726402	7.21364

1495311202301	15.795703	-20.875528	6.6284823

1495311202305	15.698592	-21.042244	6.07684

1495311202309	15.583693	-21.222286	5.567862

1495311202312	15.452784	-21.419325	5.101448

1495311202316	15.322465	-21.621658	4.6733427

1495311202319	15.192678	-21.803759	4.2713814

1495311202324	15.063371	-21.96765	3.8887825

1495311202328	14.946994	-22.10765	3.5361102

1495311202440	14.839755	-22.248653	3.2187052

1495311202444	14.74324	-22.363056	2.9455407

1495311202447	14.651377	-22.456018	2.7121925

1495311202450	14.571198	-22.527185	2.5146794

1495311202455	14.499039	-22.578733	2.3410842

1495311202458	14.441595	-22.622627	2.2056818

1495311202462	14.389896	-22.659632	2.1046531

1495311202465	14.343367	-22.712934	2.042894

1495311202468	14.301491	-22.760908	2.0498104

1495311202471	14.271302	-22.804085	2.1185353

1495311202474	14.259131	-22.840443	2.2428877

1495311202477	14.268178	-22.863165	2.4506383

1495311202481	14.29632	-22.873615	2.7334473

1495311202486	14.334148	-22.873022	3.0838087

1495311202489	14.383193	-22.844988	3.5199673

1495311202492	14.442334	-22.792255	4.0333433

1495311202496	14.518061	-22.717297	4.6162148

1495311202605	14.596215	-22.632334	5.219966

1495311202608	14.676555	-22.538368	5.842509

1495311202611	14.758859	-22.436298	6.481964

1495311202615	14.842933	-22.319437	7.090807

1495311202619	14.928599	-22.18926	7.672099

1495311202623	15.015699	-22.0471	8.228595

1495311202626	15.121589	-21.881659	8.779441

1495311202629	15.24439	-21.695261	9.325202

1495311202633	15.382411	-21.490002	9.866386

1495311202636	15.53413	-21.275269	10.42012

1495311202640	15.698177	-21.05201	10.985147

1495311202644	15.87332	-20.821075	11.560339

1495311202648	16.033447	-20.560736	12.161344

1495311202651	16.180063	-20.27393	12.785582

1495311202655	16.314516	-19.963305	13.430729

1495311202659	16.458025	-19.611242	14.078029

1495311202782	16.609682	-19.221886	14.727264

1495311202786	16.768673	-18.798964	15.378243

1495311202789	16.936766	-18.368336	16.026625

1495311202793	17.09805	-17.93077	16.672668

1495311202797	17.253204	-17.486961	17.316608

1495311202800	17.392843	-17.075033	17.96282

1495311202804	17.518518	-16.694298	18.60691

1495311202807	17.619127	-16.341637	19.249092

1495311202811	17.692175	-16.02424	19.852055

1495311202815	17.745419	-15.7385845	20.411388

1495311202819	17.778337	-15.483994	20.931456

1495311202822	17.807964	-15.264862	21.399517

1495311202826	17.832129	-15.077643	21.820772

1495311202829	17.851376	-14.919147	22.1874

1495311202833	17.8662	-14.7865	22.504866

1495311202837	17.874538	-14.677118	22.778086

1495311202840	17.882044	-14.588675	23.011482

1495311202844	17.8863	-14.521575	23.196539

1495311202847	17.88763	-14.461185	23.358925

1495311203026	17.881329	-14.406835	23.500904

1495311203029	17.858154	-14.350419	23.628687

1495311203033	17.819798	-14.292145	23.74369

1495311203036	17.767776	-14.229698	23.847195

1495311203038	17.708458	-14.125997	23.969515

1495311203041	17.652573	-13.987665	24.108768

1495311203043	17.599775	-13.8081665	24.284098

1495311203045	17.552258	-13.611616	24.48356

1495311203048	17.499493	-13.397222	24.69641

1495311203052	17.452003	-13.166766	24.921309

1495311203055	17.406763	-12.951857	25.127882

1495311203058	17.363546	-12.758438	25.317966

1495311203061	17.322151	-12.586861	25.493208

1495311203065	17.282396	-12.452442	25.650925

1495311203067	17.244116	-12.351465	25.79287

1495311203072	17.197165	-12.278087	25.912287

1495311203076	17.139908	-12.232046	26.007265

1495311203078	17.088377	-12.210609	26.080244

1495311203082	17.042	-12.218816	26.133425

1495311203085	17.00026	-12.246202	26.131289

1495311203089	16.962694	-12.29085	26.096033

1495311203092	16.928885	-12.351032	26.030968

1495311203095	16.898457	-12.435196	25.951576

1495311203098	16.87107	-12.540943	25.842625

1495311203102	16.861423	-12.666115	25.707067

1495311203105	16.87774	-12.79877	25.535067

1495311203301	16.917427	-12.93816	25.330265

1495311203306	16.978144	-13.0836115	25.11261

1495311203309	17.057789	-13.229518	24.854221

1495311203312	17.14697	-13.3758335	24.559172

1495311203315	17.244734	-13.522518	24.21446

1495311203319	17.33272	-13.672034	23.870888

1495311203323	17.419407	-13.824099	23.52834

1495311203327	17.497425	-13.9784565	23.18671

1495311203330	17.570143	-14.154878	22.79591

1495311203334	17.63309	-14.351157	22.360859

1495311203337	17.68724	-14.565309	21.885979

1495311203341	17.733477	-14.788045	21.362753

1495311203344	17.77759	-15.018508	20.800182

1495311203348	17.827291	-15.255925	20.202202

1495311203352	17.884521	-15.4721	19.651522

1495311203356	17.94853	-15.669158	19.139242

1495311203359	18.013638	-15.8490095	18.661522

1495311203363	18.082233	-16.028378	18.177408

1495311203366	18.14647	-16.207308	17.68754

1495311203371	18.211782	-16.385845	17.19666

1495311203374	18.270565	-16.584028	16.663198

1495311203378	18.328468	-16.799892	16.091417

1495311203382	18.38058	-17.03167	15.480981

1495311203386	18.427483	-17.27277	14.856588

1495311203389	18.464695	-17.52226	14.219635

1495311203392	18.490685	-17.779303	13.571377

1495311203396	18.506575	-18.03314	12.954612

1495311203399	18.513376	-18.274094	12.366189

1495311203403	18.516998	-18.503452	11.803275

1495311203407	18.512758	-18.709875	11.284153

1495311203638	18.501442	-18.905655	10.804443

1495311203642	18.478758	-19.091858	10.360205

1495311203646	18.425842	-19.27194	9.927057

1495311203649	18.345718	-19.446514	9.508057

1495311203653	18.241108	-19.606129	9.10179

1495311203656	18.101955	-19.752283	8.719484

1495311203660	17.93422	-19.883821	8.354575

1495311203664	17.740757	-20.012207	8.005323

1495311203667	17.551641	-20.127754	7.6743307

1495311203671	17.378939	-20.231747	7.363937

1495311203675	17.221004	-20.32284	7.0762486

1495311203679	17.078863	-20.394825	6.808996

1495311203683	16.950937	-20.449612	6.5726357

1495311203686	16.850803	-20.488918	6.359911

1495311203690	16.778183	-20.504293	6.176792

1495311203693	16.712826	-20.518131	6.0161514

1495311203697	16.654003	-20.530586	5.8924084

1495311203701	16.598562	-20.544296	5.7977066

1495311203704	16.566166	-20.536634	5.7333083

1495311203708	16.54201	-20.517239	5.696183

1495311203712	16.527767	-20.479784	5.7002707

1495311203716	16.522451	-20.426073	5.741449

1495311203720	16.520166	-20.370232	5.811843

1495311203723	16.54061	-20.307476	5.9543643

1495311203727	16.564009	-20.238495	6.1618004

1495311203730	16.610067	-20.141413	6.431826

1495311203735	16.65402	-20.02154	6.7498493

1495311203739	16.713577	-19.881153	7.1110706

1495311203742	16.78718	-19.722305	7.5111694

1495311203746	16.875921	-19.541843	7.937925

1495311203750	16.975788	-19.341927	8.376171

1495311203754	17.068169	-19.124502	8.8247595

1495311203758	17.153812	-18.88632	9.2534895

1495311203761	17.235891	-18.629456	9.676846

1495311203766	17.332262	-18.355778	10.0953665

1495311203769	17.436495	-18.061966	10.517869

1495311203773	17.547806	-17.750038	10.943954

1495311204133	17.662985	-17.4218	11.3607645

1495311204137	17.801645	-17.086388	11.806726

1495311204141	17.943941	-16.744516	12.278927

1495311204145	18.092007	-16.396832	12.78724

1495311204148	18.227766	-16.026415	13.348888

1495311204152	18.36995	-15.635541	13.958538

1495311204156	18.517914	-15.226254	14.61139

1495311204159	18.676083	-14.807897	15.273956

1495311204162	18.818434	-14.381374	15.945267

1495311204166	18.92905	-13.947504	16.624445

1495311204170	19.001104	-13.5095215	17.256538

1495311204174	19.040955	-13.067837	17.846256

1495311204178	19.069319	-12.622821	18.397837

1495311204182	19.087347	-12.1698065	18.931759

1495311204185	19.098572	-11.717093	19.441454

1495311204189	19.078674	-11.264651	19.929348

1495311204192	19.060768	-10.842454	20.385118

1495311204196	19.039652	-10.462477	20.816145

1495311204200	19.020647	-10.120498	21.224903

1495311204204	18.998543	-9.822716	21.596952

1495311204208	18.973648	-9.564712	21.931795

1495311204211	18.943743	-9.365008	22.224821

1495311204216	18.889328	-9.212775	22.451044

1495311204219	18.812855	-9.103266	22.654644

1495311204223	18.71403	-9.032207	22.842052

1495311204226	18.597588	-8.985754	23.023218

1495311204230	18.47279	-8.943947	23.177935

1495311204234	18.340471	-8.906321	23.30468

1495311204238	18.221384	-8.852456	23.40625

1495311204241	18.106705	-8.788979	23.493496

1495311204245	17.995995	-8.714348	23.605352

1495311204249	17.861355	-8.629681	23.714355

1495311204253	17.712679	-8.53098	23.833294

1495311204257	17.558872	-8.40465	23.940338

1495311204261	17.400444	-8.268453	24.053345

1495311204265	17.23036	-8.123375	24.138382

1495311204269	17.042284	-7.975305	24.219082

1495311204273	16.865517	-7.8195424	24.291712

1495311204277	16.698925	-7.666856	24.390411

1495311204281	16.548992	-7.511938	24.50841

1495311204285	16.401552	-7.3725123	24.652107

1495311204289	16.273857	-7.237029	24.777267

1495311204292	16.156431	-7.110094	24.856579

1495311204295	16.050749	-6.9833527	24.882126

1495311204299	15.955634	-6.8742847	24.867619

1495311204302	15.8750305	-6.786124	24.850395

1495311204306	15.814987	-6.7217793	24.830727

1495311204310	15.773448	-6.678869	24.800526

1495311204313	15.761064	-6.6452494	24.71918

1495311204317	15.779917	-6.622492	24.595966

1495311204321	15.811885	-6.60951	24.435076

1495311204325	15.855656	-6.6228266	24.248608

1495311204329	15.902551	-6.6673117	24.030785

1495311204332	15.967256	-6.739848	23.784744

1495311204335	16.04799	-6.837631	23.504974

1495311204339	16.135653	-6.9606357	23.199017

1495311204777	16.217049	-7.10634	22.869488

1495311204781	16.277803	-7.2724733	22.518745

1495311204785	16.319983	-7.4319935	22.119743

1495311204788	16.357944	-7.5855618	21.677307

1495311204792	16.40711	-7.733773	21.195784

1495311204795	16.468859	-7.897164	20.704077

1495311204799	16.539433	-8.069215	20.203209

1495311204803	16.60545	-8.249062	19.694094

1495311204807	16.667364	-8.4309225	19.17339

1495311204811	16.728088	-8.619597	18.642256

1495311204815	16.80024	-8.814405	18.101736

1495311204818	16.867676	-9.007233	17.544434

1495311204821	16.930868	-9.190777	16.972029

1495311204826	16.987741	-9.360967	16.386032

1495311204829	17.041428	-9.519137	15.779469

1495311204833	17.092245	-9.673991	15.154394

1495311204836	17.14298	-9.830859	14.51266

1495311204839	17.191143	-9.98954	13.876766

1495311204843	17.23449	-10.147354	13.246128

1495311204847	17.2735	-10.296886	12.62022

1495311204850	17.30361	-10.438965	12.015237

1495311204853	17.32571	-10.576836	11.449919

1495311204856	17.338099	-10.718419	10.9203

1495311204859	17.326748	-10.875845	10.431142

1495311204864	17.294033	-11.025028	9.957566

1495311204867	17.24209	-11.164293	9.498015

1495311204871	17.177841	-11.294632	9.03442

1495311204875	17.102516	-11.421937	8.575517

1495311204879	17.017225	-11.549011	8.14167

1495311204883	16.937962	-11.668377	7.730376

1495311204886	16.864126	-11.778307	7.3310437

1495311204890	16.795174	-11.857244	6.9216447

1495311204895	16.700617	-11.925787	6.5323524

1495311204899	16.583015	-11.982475	6.1694894

1495311204902	16.444674	-12.033495	5.838746

1495311204906	16.285166	-12.074412	5.5369105

1495311204910	16.111609	-12.106238	5.2527585

1495311204913	15.925407	-12.124883	4.976188

1495311204917	15.757827	-12.134163	4.7022753

1495311204921	15.602005	-12.135014	4.4307537

1495311204925	15.459265	-12.12828	4.169718

1495311204929	15.328299	-12.112219	3.9181185

1495311204932	15.207929	-12.095264	3.6916792

1495311204936	15.099596	-12.077505	3.4795506

1495311204943	14.997096	-12.059021	3.2886348

1495311204947	14.899846	-12.039886	3.112644

1495311204951	14.802322	-12.0201645	2.966752

1495311204956	14.6945505	-12.002415	2.8479495

1495311204959	14.582555	-11.98644	2.7576938

1495311204963	14.46676	-11.979562	2.6931303

1495311204967	14.352544	-11.973372	2.6516898

1495311204971	14.249749	-11.967802	2.6310596

1495311204975	14.157234	-11.962789	2.6249926

1495311204979	14.07647	-11.955776	2.6903656

1495311204983	14.006284	-11.946966	2.8200347

1495311204986	13.960615	-11.936537	3.0117369

1495311204990	13.944513	-11.899651	3.2884355

1495311204994	13.952521	-11.838953	3.641631

1495311204998	13.982229	-11.756825	4.0636735

1495311205002	14.018967	-11.65291	4.5060115

1495311205006	14.059529	-11.529387	4.966616

1495311205009	14.103537	-11.388217	5.4436603

1495311205013	14.143144	-11.231163	5.9271665

1495311205017	14.18379	-11.059814	6.416489

1495311205021	14.220371	-10.875601	6.911046

1495311205025	14.270795	-10.667308	7.422814

1495311205029	14.333675	-10.437345	7.950072

1495311205032	14.410268	-10.187878	8.49127

1495311205036	14.516702	-9.918357	9.053349

1495311205040	14.649992	-9.630789	9.634219

1495311205043	14.809954	-9.326977	10.232003

1495311205663	14.971418	-8.991046	10.861674

1495311205668	15.116737	-8.626208	11.520046

1495311205672	15.247524	-8.235355	12.204247

1495311205675	15.355232	-7.8335867	12.9116955

1495311205679	15.442169	-7.421995	13.640065

1495311205683	15.492912	-7.0015626	14.387264

1495311205687	15.508581	-6.605674	15.1472435

1495311205690	15.492683	-6.231874	15.918725

1495311205694	15.448375	-5.8779545	16.700558

1495311205698	15.365997	-5.526927	17.45004

1495311205701	15.249357	-5.198502	18.170408

1495311205705	15.101882	-4.89042	18.864573

1495311205708	14.919154	-4.6031456	19.501822

1495311205712	14.704699	-4.332099	20.08368

1495311205716	14.461689	-4.075657	20.615685

1495311205719	14.207981	-3.842359	21.098656

1495311205723	13.944643	-3.6298912	21.541664

1495311205727	13.672639	-3.4561703	21.948704

1495311205731	13.3878355	-3.2998216	22.319206

1495311205734	13.091512	-3.1616075	22.656826

1495311205738	12.784821	-3.0372148	22.960684

1495311205742	12.478799	-2.9302614	23.26332

1495311205746	12.173379	-2.8390033	23.564861

1495311205750	11.868501	-2.764371	23.86958

1495311205755	11.55661	-2.714702	24.181326

1495311205759	11.238409	-2.6699996	24.4994

1495311205764	10.914528	-2.6297677	24.823166

1495311205768	10.578035	-2.5910587	25.156221

1495311205775	10.230191	-2.5537207	25.472637

1495311205779	9.872132	-2.5101166	25.774078

1495311205783	9.51738	-2.450873	26.05371

1495311205788	9.170602	-2.3850536	26.309546

1495311205793	8.831001	-2.3033164	26.543964

1495311205796	8.520361	-2.2272527	26.75494

1495311205799	8.240785	-2.1537952	26.969818

1495311205802	7.9891663	-2.0826833	27.15904

1495311205806	7.7802095	-2.0161827	27.329342

1495311205809	7.6021485	-1.956332	27.46178

1495311205813	7.461894	-1.9099662	27.580975

1495311205816	7.3506646	-1.8907373	27.688248

1495311205820	7.2730584	-1.8959312	27.780628

1495311205824	7.225713	-1.9206058	27.863771

1495311205828	7.2131014	-1.9628129	27.888601

1495311205832	7.2317514	-2.0207992	27.860947

1495311205835	7.271036	-2.0954869	27.761059

1495311205838	7.3463926	-2.2127059	27.616993

1495311205842	7.454213	-2.368203	27.433167

1495311205846	7.598752	-2.5581503	27.213556

1495311205849	7.776337	-2.804103	26.978407

1495311205853	7.983664	-3.1004603	26.750105

1495311205856	8.217758	-3.4421818	26.527967

1495311205860	8.460942	-3.7972314	26.311377

1495311205863	8.702308	-4.149276	26.078945

1495311205867	8.942037	-4.498616	25.832256

1495311205870	9.157793	-4.820523	25.543568

1495311205873	9.359474	-5.1327386	25.217083

1495311205877	9.540987	-5.4362326	24.877413

1495311205880	9.704349	-5.7593775	24.496712

1495311205884	9.853874	-6.100208	24.079079

1495311205888	9.988447	-6.441955	23.607376

1495311205892	10.129562	-6.7920275	23.12451

1495311205895	10.269066	-7.1495924	22.631596

1495311205900	10.417119	-7.5289006	22.12964

1495311205903	10.565368	-7.882778	21.62788

1495311205907	10.716291	-8.213768	21.126297

1495311205910	10.869622	-8.5241585	20.624872

1495311205914	11.01012	-8.8385105	20.127756

1495311205918	11.136569	-9.156427	19.63452

1495311205921	11.242872	-9.477552	19.144772

1495311205925	11.328545	-9.806564	18.666498

1495311205929	11.395651	-10.142675	18.198555

1495311205932	11.448545	-10.485175	17.739904

1495311205936	11.483651	-10.803425	17.306286

1495311205939	11.517746	-11.099851	16.895197

1495311205943	11.548431	-11.376634	16.504383

1495311205947	11.576048	-11.638238	16.106817

1495311205951	11.600903	-11.886182	15.703174

1495311205955	11.633272	-12.121832	15.294062

1495311205959	11.674906	-12.351416	14.834194

1495311205962	11.707376	-12.573042	14.328648

1495311205966	11.736598	-12.787506	13.781988

1495311205969	11.752898	-12.983023	13.231661

1495311205973	11.762568	-13.163988	12.678033

1495311205977	11.751272	-13.331856	12.121436

1495311205981	11.721106	-13.495437	11.607998

1495311205985	11.668955	-13.655161	11.133404

1495311205988	11.59452	-13.808912	10.693769

1495311205992	11.517528	-13.957288	10.273098

1495311205995	11.438234	-14.100826	9.8694935

1495311205998	11.361871	-14.242511	9.481249

1495311206003	11.275643	-14.380027	9.110996

1495311206006	11.180539	-14.513792	8.7736025

1495311206010	11.072445	-14.64418	8.465781

1495311206017	10.957661	-14.78153	8.188742

1495311206022	10.841855	-14.905146	7.9227395

1495311206032	10.72513	-15.016399	7.6791716

1495311206050	10.620077	-15.116528	7.439127

1495311206058	10.52553	-15.226643	7.223087

1495311206073	10.440437	-15.335746	7.0328174

1495311206079	10.376354	-15.443939	6.865741

1495311206082	10.331179	-15.551312	6.7320385

1495311206085	10.308021	-15.647948	6.6117067

1495311206089	10.327178	-15.742421	6.5242414

1495311206091	10.381921	-15.822446	6.466356

1495311206094	10.468689	-15.909469	6.4684258

1495311206849	10.57178	-15.987789	6.5619555

1495311206852	10.692062	-16.058277	6.7294655

1495311206856	10.827816	-16.116716	6.9635577

1495311206859	10.964994	-16.154312	7.224241

1495311206863	11.103456	-16.173147	7.508856

1495311206867	11.24057	-16.167599	7.8150086

1495311206870	11.398973	-16.137606	8.090547

1495311206874	11.576536	-16.093113	8.346864

1495311206877	11.773843	-16.035568	8.577549

1495311206880	12.001419	-15.976278	8.806

1495311206885	12.256237	-15.907918	9.032438

1495311206889	12.535573	-15.831394	9.2654

1495311206892	12.819476	-15.717523	9.558398

1495311206896	13.107489	-15.570038	9.892931

1495311206901	13.3991995	-15.399801	10.264844

1495311206906	13.701739	-15.204088	10.641232

1495311206920	14.014025	-14.985446	11.034147

1495311206946	14.335083	-14.738669	11.441938

1495311206956	14.679034	-14.49407	11.867284

1495311206969	15.043591	-14.2514305	12.304261

1495311206975	15.426692	-14.010555	12.739207

1495311206988	15.803983	-13.766267	13.172325

1495311206998	16.148544	-13.518908	13.6079645

1495311207010	16.46365	-13.2687845	14.058373

1495311207013	16.747246	-13.001174	14.522075

1495311207017	17.014982	-12.732824	14.99774

1495311207020	17.253443	-12.463809	15.480005

