1495710553523	11.75	-17.75	-26.0

1495710553602	11.6875	-17.5	-26.0625

1495710553635	11.875	-18.1875	-26.875

1495710553719	12.0	-18.25	-27.125

1495710553821	11.75	-18.0	-27.1875

1495710554171	12.1875	-18.0	-27.1875

1495710554181	12.4375	-18.0625	-26.6875

1495710554481	12.125	-17.8125	-26.375

1495710554483	12.6875	-17.375	-26.5

1495710554565	12.6875	-17.5	-26.1875

1495710554661	12.625	-17.3125	-26.4375

1495710554791	13.1875	-17.3125	-26.5625

1495710554941	13.375	-17.3125	-26.125

1495710555141	13.5625	-16.75	-25.875

1495710555171	13.1875	-17.3125	-26.125

1495710555595	12.875	-17.625	-26.375

1495710555831	12.75	-17.125	-26.3125

1495710556370	12.9375	-17.5625	-26.9375

1495710556431	13.0	-17.0625	-26.375

1495710556501	13.0625	-16.5625	-26.625

1495710556589	13.0625	-16.6875	-27.0625

1495710557041	12.1875	-16.4375	-26.875

1495710557060	11.75	-16.4375	-26.75

1495710557215	11.75	-17.0	-26.4375

1495710557256	11.625	-17.875	-26.3125

1495710557352	12.4375	-18.125	-26.375

1495710557451	13.0625	-17.875	-26.75

1495710557563	12.9375	-17.5625	-26.875

1495710557662	13.0	-17.375	-26.6875

1495710557860	13.0625	-17.5625	-26.5625

1495710557876	12.875	-17.5	-26.6875

1495710558070	13.25	-17.75	-26.125

1495710558081	13.125	-17.9375	-26.375

