1496050220335	29.039999	49.379997	-37.32

1496050220345	29.22	49.5	-37.32

1496050220353	29.099998	49.5	-37.2

1496050220368	28.98	49.379997	-37.02

1496050220373	28.92	49.379997	-37.079998

1496050220382	28.68	49.26	-37.26

1496050220393	28.92	49.44	-37.26

1496050220402	29.22	49.44	-37.5

1496050220412	29.519999	49.559998	-37.68

1496050220424	29.58	49.559998	-37.559998

1496050220435	29.58	49.62	-37.5

1496050220445	29.46	50.039997	-37.68

1496050220455	29.46	49.86	-37.68

1496050220465	29.46	49.68	-37.68

1496050220473	29.22	49.68	-37.559998

1496050220487	29.22	49.86	-37.44

1496050220495	29.099998	49.8	-37.26

1496050220506	28.859999	49.86	-37.38

1496050220516	29.099998	49.86	-37.559998

1496050220523	29.4	49.68	-37.5

1496050220532	29.519999	49.92	-37.5

1496050220547	29.699999	50.219997	-37.5

1496050220555	29.699999	50.219997	-37.44

1496050220567	29.4	49.8	-37.38

1496050220573	29.16	49.62	-37.38

1496050220593	29.16	49.379997	-37.38

1496050220603	29.039999	49.26	-37.26

1496050220613	29.039999	49.2	-37.26

1496050220628	28.74	49.079998	-37.32

1496050220637	28.56	49.079998	-37.5

1496050220648	28.56	49.2	-37.92

1496050220657	28.74	49.2	-37.92

1496050220668	28.98	49.44	-38.1

1496050220677	29.16	49.86	-38.1

1496050220688	29.279999	50.039997	-38.28

1496050220697	29.279999	50.219997	-38.28

1496050220707	29.22	50.1	-38.1

1496050220716	29.16	49.98	-37.739998

1496050220727	29.46	49.8	-37.38

1496050220735	29.58	49.86	-37.38

1496050220744	29.519999	49.98	-37.26

1496050220755	29.519999	49.739998	-37.38

1496050220767	29.519999	49.2	-37.26

1496050220775	29.22	49.02	-37.32

1496050220787	29.58	49.02	-37.44

1496050220796	29.64	48.84	-37.559998

1496050220806	29.58	48.719997	-37.559998

1496050220815	29.58	48.78	-37.62

1496050220826	29.699999	48.36	-37.62

1496050220835	29.58	48.3	-37.559998

1496050220845	29.519999	48.539997	-37.559998

1496050220855	29.699999	48.3	-37.38

1496050220866	29.46	48.12	-37.32

1496050220875	29.64	48.12	-37.26

1496050220886	29.64	48.12	-37.32

1496050220895	29.58	48.059998	-37.26

1496050220905	29.4	48.239998	-37.079998

1496050220915	29.519999	48.059998	-37.14

1496050220925	29.4	48.12	-37.2

1496050220935	29.519999	48.3	-37.26

1496050220946	29.699999	48.3	-37.32

1496050220955	29.699999	48.48	-37.44

1496050220966	29.519999	48.48	-37.44

1496050220975	29.4	48.719997	-37.44

1496050220987	29.46	48.719997	-37.5

1496050220992	29.46	49.14	-37.5

1496050221006	29.4	49.02	-37.5

1496050221016	29.4	49.26	-37.559998

1496050221025	29.22	49.8	-37.44

1496050221035	29.279999	49.86	-37.26

1496050221046	29.64	50.1	-37.38

1496050221111	29.64	49.98	-37.44

1496050221128	29.76	50.039997	-37.559998

1496050221132	29.76	49.62	-37.559998

1496050221137	30.06	49.68	-37.5

1496050221140	30.0	49.44	-37.26

1496050221143	30.179998	49.2	-37.38

1496050221145	30.0	48.96	-37.44

1496050221148	29.82	49.14	-37.2

1496050221151	29.76	48.899998	-37.2

1496050221154	29.939999	48.899998	-37.14

1496050221179	29.76	49.02	-37.02

1496050221182	29.82	48.78	-37.14

1496050221186	29.76	48.66	-37.26

1496050221200	29.699999	48.539997	-37.32

1496050221203	29.82	48.78	-37.44

1496050221214	29.939999	48.78	-37.44

1496050221223	29.939999	48.96	-37.44

1496050221236	29.76	48.899998	-37.44

1496050221244	29.939999	48.96	-37.44

1496050221255	29.82	48.96	-37.5

1496050221265	29.64	49.14	-37.26

1496050221277	29.519999	49.14	-37.2

1496050221284	29.4	49.02	-36.96

1496050221301	29.279999	48.899998	-37.02

1496050221305	29.519999	48.719997	-36.96

1496050221318	29.4	48.96	-36.96

1496050221325	29.46	48.719997	-36.96

1496050221336	29.4	48.96	-36.96

1496050221347	29.279999	48.96	-37.2

1496050221356	29.58	48.96	-37.2

1496050221365	29.58	49.02	-37.26

1496050221377	29.64	49.02	-37.32

1496050221385	29.64	49.26	-37.5

1496050221392	29.64	48.899998	-37.44

1496050221406	29.4	48.84	-37.559998

1496050221416	29.46	49.14	-37.5

1496050221425	29.58	49.2	-37.44

1496050221437	29.519999	49.2	-37.44

1496050221445	29.699999	48.96	-37.44

1496050221454	29.64	48.899998	-37.44

1496050221462	29.64	48.899998	-37.44

1496050221472	29.82	48.78	-37.44

1496050221485	30.06	48.96	-37.38

1496050221497	29.82	48.6	-37.32

1496050221507	29.82	48.78	-37.5

1496050221517	29.82	48.899998	-37.68

1496050221526	29.58	49.02	-37.62

1496050221534	29.4	49.02	-37.559998

1496050221548	29.4	48.96	-37.5

1496050221557	29.16	49.26	-37.38

1496050221562	29.039999	49.379997	-37.26

1496050221576	29.039999	49.2	-37.32

1496050221585	29.4	48.719997	-37.32

1496050221596	29.4	48.48	-37.079998

1496050221605	29.64	48.3	-37.079998

1496050221616	29.699999	48.12	-37.079998

1496050221625	29.58	47.94	-37.02

1496050221636	29.76	48.12	-37.14

1496050221645	30.0	48.3	-37.2

1496050221655	30.179998	48.719997	-37.079998

1496050221665	29.82	48.96	-36.84

1496050221673	29.64	49.14	-36.84

1496050221685	29.46	49.379997	-36.96

1496050221696	29.46	49.379997	-37.14

1496050221707	29.46	49.379997	-37.26

1496050221716	29.4	48.96	-37.32

1496050221727	29.279999	48.78	-37.5

1496050221735	29.22	48.6	-37.62

1496050221744	29.4	48.6	-37.86

1496050221755	29.4	48.6	-37.86

1496050221764	29.4	48.539997	-37.86

1496050221774	29.64	48.719997	-37.739998

1496050221787	29.64	48.899998	-37.5

1496050221793	29.519999	49.32	-37.44

1496050221806	29.519999	49.32	-37.32

1496050221815	29.279999	49.2	-37.2

1496050221826	29.4	49.44	-37.14

1496050221832	29.519999	49.32	-37.26

1496050221846	29.519999	49.32	-37.26

1496050221857	29.519999	49.379997	-37.38

1496050221867	29.64	49.379997	-37.559998

1496050221966	29.64	49.2	-37.5

1496050221969	29.82	49.14	-37.5

1496050221972	30.119999	48.96	-37.5

1496050221975	30.119999	48.539997	-37.44

1496050221977	30.119999	48.539997	-37.44

1496050221979	30.24	48.78	-37.38

1496050221983	30.179998	48.78	-37.26

1496050221987	30.24	48.78	-37.079998

1496050221990	30.48	48.96	-37.079998

1496050221994	30.3	48.78	-37.14

1496050221998	30.3	48.96	-37.2

1496050222002	30.119999	49.14	-37.14

1496050222005	30.179998	49.32	-37.44

1496050222009	30.3	49.32	-37.32

1496050222045	30.06	49.32	-37.2

1496050222049	29.699999	49.14	-37.44

1496050222052	29.519999	49.2	-37.5

1496050222056	29.58	49.379997	-37.32

1496050222059	29.34	49.379997	-37.44

1496050222064	29.279999	49.62	-37.62

1496050222078	29.22	49.68	-37.44

1496050222086	28.92	49.26	-37.559998

1496050222095	29.279999	49.2	-37.739998

1496050222106	29.46	49.379997	-37.559998

1496050222115	29.58	48.899998	-37.739998

1496050222127	29.519999	48.719997	-37.8

1496050222135	29.519999	48.719997	-37.62

1496050222146	29.519999	48.719997	-37.559998

1496050222156	29.519999	48.48	-37.38

1496050222164	29.82	48.48	-37.44

1496050222177	29.519999	48.3	-37.26

1496050222188	29.519999	48.36	-37.32

1496050222197	29.279999	48.6	-37.26

1496050222203	29.279999	48.78	-37.26

1496050222216	29.58	48.899998	-37.32

1496050222227	29.939999	48.48	-37.44

1496050222233	30.0	48.48	-37.5

1496050222248	29.82	48.66	-37.559998

1496050222257	30.0	48.78	-37.559998

1496050222265	30.0	48.539997	-37.5

1496050222273	30.06	48.48	-37.8

1496050222283	30.0	48.3	-37.86

1496050222297	29.699999	48.059998	-37.86

1496050222307	29.58	48.3	-37.739998

1496050222316	29.519999	48.3	-37.8

1496050222324	29.519999	48.12	-37.559998

1496050222334	29.4	47.94	-37.8

1496050222347	29.519999	48.18	-37.92

1496050222353	29.64	48.3	-37.559998

1496050222363	29.64	48.48	-37.559998

1496050222378	29.64	48.48	-37.559998

1496050222386	29.519999	48.36	-37.62

1496050222394	29.519999	48.539997	-37.559998

1496050222408	29.279999	48.96	-37.5

1496050222413	29.64	49.14	-37.44

1496050222423	29.64	49.02	-37.26

1496050222436	29.699999	48.78	-37.2

1496050222443	29.76	48.66	-36.96

1496050222457	29.76	48.78	-36.96

1496050222466	29.939999	49.02	-36.899998

1496050222485	30.0	49.14	-36.96

1496050222497	30.0	48.719997	-37.02

1496050222505	29.82	48.539997	-36.96

1496050222516	29.699999	48.36	-36.96

1496050222526	29.64	48.36	-37.079998

1496050222533	29.58	48.36	-37.26

1496050222547	29.699999	48.239998	-37.26

1496050222557	29.699999	48.059998	-37.2

1496050222567	29.699999	48.059998	-37.02

1496050222573	30.0	48.3	-37.14

1496050222586	30.0	48.48	-37.2

1496050222597	29.939999	48.719997	-37.38

1496050222607	30.0	48.719997	-37.26

1496050222617	30.0	48.899998	-37.26

1496050222626	30.0	48.899998	-37.14

1496050222637	30.0	48.6	-37.14

1496050222643	29.939999	48.36	-37.02

1496050222658	29.64	48.539997	-37.02

1496050222668	29.699999	48.36	-37.02

1496050222673	30.0	48.12	-36.78

1496050222682	29.939999	48.12	-36.899998

1496050222693	29.939999	48.239998	-36.78

1496050222702	30.0	48.66	-36.719997

1496050222717	30.0	48.78	-36.899998

1496050222723	30.0	48.96	-37.079998

1496050222733	30.06	48.539997	-37.079998

1496050222886	29.939999	48.719997	-37.079998

1496050222891	29.939999	48.899998	-37.14

1496050222895	29.939999	48.899998	-37.02

1496050222900	29.939999	48.899998	-37.14

1496050222905	29.82	48.6	-37.32

1496050222908	29.699999	48.6	-37.32

1496050222912	29.58	48.6	-37.32

1496050222916	29.76	48.899998	-37.14

1496050222920	29.76	48.719997	-37.2

1496050222924	29.46	48.719997	-37.079998

1496050222928	29.279999	48.96	-37.26

1496050222932	29.279999	48.719997	-37.079998

1496050222936	29.4	48.96	-37.079998

1496050222938	29.4	48.78	-37.2

1496050222943	29.64	48.78	-37.26

1496050222946	29.58	48.78	-37.559998

1496050222949	29.58	48.96	-37.44

1496050222954	29.699999	48.78	-37.44

1496050222958	30.0	48.539997	-37.2

1496050222962	30.0	48.539997	-37.26

1496050222965	30.06	48.36	-37.38

1496050222968	30.3	48.36	-37.38

1496050222973	30.24	48.48	-37.2

1496050222976	30.06	48.12	-37.14

1496050223035	30.06	48.36	-37.2

1496050223039	30.0	48.36	-37.44

1496050223043	29.82	48.36	-37.32

1496050223046	30.0	48.6	-37.5

1496050223050	29.58	48.36	-37.5

1496050223053	29.279999	48.539997	-37.32

1496050223056	29.039999	48.539997	-37.26

1496050223060	29.099998	48.78	-37.26

1496050223064	29.16	48.539997	-37.14

1496050223087	29.4	48.78	-37.02

1496050223090	29.22	49.2	-37.2

1496050223093	29.099998	49.14	-36.96

1496050223106	29.4	49.379997	-36.899998

1496050223116	29.699999	49.379997	-36.899998

1496050223126	30.0	49.32	-36.96

1496050223135	30.179998	49.32	-37.079998

1496050223146	30.179998	49.14	-37.14

1496050223153	30.06	49.02	-37.14

1496050223168	30.0	48.66	-36.96

1496050223177	30.0	48.719997	-37.2

1496050223188	30.06	48.719997	-37.14

1496050223197	29.939999	48.96	-37.26

1496050223217	29.82	48.78	-37.26

1496050223227	29.939999	48.6	-37.14

1496050223235	29.939999	48.6	-37.14

1496050223245	30.119999	48.6	-37.2

1496050223252	30.359999	48.6	-37.5

1496050223266	30.48	48.539997	-37.26

1496050223273	30.359999	48.3	-37.44

1496050223286	30.06	47.879997	-37.2

1496050223295	30.119999	48.059998	-37.2

1496050223303	30.06	48.18	-37.26

1496050223316	30.06	48.18	-37.2

1496050223336	30.0	48.18	-37.26

1496050223348	29.939999	48.18	-37.2

1496050223353	29.82	48.18	-37.32

1496050223368	29.82	48.18	-37.26

1496050223377	30.3	48.36	-37.5

1496050223387	30.24	48.239998	-37.68

1496050223393	30.3	48.239998	-37.68

1496050223408	30.24	48.48	-37.739998

1496050223417	30.119999	48.3	-37.739998

1496050223426	30.24	48.719997	-37.8

1496050223437	30.119999	48.719997	-37.68

1496050223448	30.179998	48.719997	-37.5

1496050223458	30.0	48.539997	-37.5

1496050223467	29.82	48.719997	-37.32

1496050223477	29.58	48.719997	-37.32

1496050223484	29.46	48.66	-37.26

1496050223498	29.58	48.899998	-37.2

1496050223503	29.46	48.719997	-37.079998

1496050223517	29.58	48.78	-37.26

1496050223524	29.4	48.96	-37.38

1496050223536	29.22	48.96	-37.38

1496050223548	29.46	48.96	-37.559998

1496050223557	29.46	49.2	-37.62

1496050223567	29.58	49.02	-37.8

1496050223577	29.58	48.78	-37.86

1496050223584	29.58	48.539997	-37.92

1496050223598	29.64	48.3	-37.92

1496050223608	29.76	48.12	-38.04

1496050223705	29.939999	48.12	-38.04

1496050223707	29.82	47.94	-38.04

1496050223710	30.0	47.579998	-38.1

1496050223713	30.0	47.579998	-37.98

1496050223715	30.0	47.579998	-37.8

1496050223718	29.76	47.82	-37.559998

1496050223723	29.519999	47.82	-37.38

1496050223726	29.64	48.239998	-37.38

1496050223729	29.64	48.48	-37.32

1496050223733	29.519999	48.36	-37.26

1496050223737	29.58	48.6	-37.079998

1496050223740	29.46	48.899998	-37.079998

1496050223743	29.46	48.899998	-37.26

1496050223746	29.64	48.6	-37.5

1496050223768	29.82	48.78	-37.739998

1496050223772	29.76	48.539997	-37.62

1496050223777	29.64	48.48	-37.739998

1496050223788	29.64	48.719997	-37.8

1496050223796	29.46	48.6	-37.92

1496050223802	29.699999	48.6	-38.1

1496050223813	29.58	48.78	-38.04

1496050223826	29.58	49.2	-37.92

1496050223837	29.58	49.02	-37.86

1496050223846	29.64	48.899998	-37.92

1496050223856	30.0	48.899998	-37.8

1496050223865	30.0	48.96	-37.68

1496050223877	30.3	48.719997	-37.5

1496050223885	30.0	48.48	-37.5

1496050223896	30.179998	48.3	-37.5

1496050223905	30.179998	48.12	-37.44

1496050223916	30.24	48.539997	-37.5

1496050223923	30.24	48.539997	-37.38

1496050223937	30.119999	48.6	-37.26

1496050223946	30.359999	48.539997	-37.26

1496050223954	30.179998	48.78	-37.38

1496050223963	30.539999	49.079998	-37.38

1496050223973	30.539999	49.32	-37.38

1496050223987	30.359999	49.079998	-37.38

1496050223993	30.3	48.66	-37.38

1496050224005	30.0	49.079998	-37.5

1496050224022	29.939999	48.78	-37.739998

1496050224033	29.82	48.78	-37.739998

1496050224048	29.939999	48.899998	-37.739998

1496050224054	29.64	48.78	-37.62

1496050224067	29.279999	48.539997	-37.5

1496050224074	29.58	48.78	-37.5

1496050224083	29.58	49.2	-37.32

1496050224094	29.76	49.02	-37.32

1496050224106	29.58	49.44	-37.2

1496050224114	29.58	49.559998	-37.32

1496050224125	29.64	49.44	-37.44

1496050224136	29.64	49.44	-37.32

1496050224142	29.939999	49.62	-37.559998

1496050224157	29.76	49.62	-37.44

1496050224166	29.82	49.44	-37.559998

1496050224177	29.82	49.2	-37.2

1496050224182	29.939999	48.78	-37.14

1496050224197	29.699999	48.539997	-37.14

1496050224205	29.64	48.36	-37.079998

1496050224216	29.82	48.66	-37.14

1496050224225	29.82	48.48	-37.02

1496050224236	29.82	48.239998	-37.2

1496050224245	29.76	48.12	-37.14

1496050224256	29.76	48.12	-37.32

1496050224266	29.939999	48.12	-37.5

1496050224275	29.939999	48.3	-37.32

1496050224286	29.939999	48.719997	-37.14

1496050224293	29.82	48.78	-37.02

1496050224307	29.82	48.96	-37.02

1496050224315	29.82	49.14	-37.02

1496050224327	29.64	49.14	-36.899998

1496050224333	29.519999	49.14	-36.96

1496050224344	29.4	49.62	-36.96

1496050224352	29.519999	49.44	-37.14

1496050224367	29.22	49.44	-37.14

1496050224376	29.279999	49.2	-37.2

1496050224384	29.4	49.26	-37.26

1496050224395	29.039999	49.14	-37.26

1496050224406	29.279999	49.14	-37.38

1496050224415	29.279999	49.14	-37.5

1496050224426	29.46	48.6	-37.5

1496050224435	29.22	48.6	-37.38

1496050224446	29.58	48.36	-37.559998

1496050224457	29.4	48.12	-37.68

1496050224472	29.46	48.059998	-37.68

1496050224501	29.82	48.48	-37.8

1496050224515	29.82	48.719997	-37.8

1496050224526	30.119999	48.899998	-37.68

1496050224533	30.179998	49.14	-37.5

1496050224556	30.48	49.379997	-37.38

1496050224558	30.3	49.26	-37.38

1496050224560	30.48	49.26	-37.32

1496050224563	30.48	49.079998	-37.2

1496050224565	30.24	48.66	-37.26

1496050224598	30.179998	48.48	-37.079998

1496050224603	30.06	48.539997	-36.899998

1496050224607	30.06	48.3	-36.899998

1496050224610	30.06	48.059998	-36.899998

1496050224626	30.119999	48.059998	-36.78

1496050224629	30.179998	48.059998	-36.6

1496050224636	30.119999	48.059998	-36.48

1496050224647	30.24	48.48	-36.36

1496050224655	30.119999	48.36	-36.54

1496050224667	30.119999	48.3	-36.84

1496050224675	30.06	48.48	-37.079998

1496050224686	29.82	48.6	-37.26

1496050224696	29.64	48.6	-37.32

1496050224706	29.58	48.6	-37.32

1496050224715	29.64	48.78	-37.32

1496050224726	29.64	48.539997	-37.32

1496050224733	29.939999	48.36	-37.5

1496050224746	30.0	48.36	-37.5

1496050224755	30.06	48.239998	-37.32

1496050224763	30.179998	48.059998	-37.14

1496050224775	30.179998	48.239998	-37.14

1496050224787	30.06	48.239998	-37.2

1496050224795	30.06	48.3	-37.26

1496050224807	29.939999	48.3	-37.2

1496050224815	29.64	48.539997	-36.96

1496050224825	29.699999	48.36	-36.78

1496050224836	29.699999	48.3	-36.899998

1496050224846	29.76	48.3	-36.96

1496050224855	29.939999	48.36	-36.899998

1496050224867	29.939999	48.36	-36.84

1496050224876	29.64	48.3	-36.78

1496050224887	29.76	48.36	-36.899998

1496050224893	29.76	48.36	-36.899998

1496050224903	29.699999	48.36	-36.96

1496050224918	29.64	48.6	-36.96

1496050224927	29.64	49.02	-37.02

1496050224937	29.46	48.78	-37.26

1496050224947	29.64	48.96	-37.44

1496050224953	29.939999	49.02	-37.38

1496050224967	29.699999	48.78	-37.2

1496050224974	30.0	48.78	-37.38

1496050224982	29.939999	48.78	-37.38

1496050224997	29.939999	48.66	-37.38

1496050225007	29.82	48.239998	-37.26

1496050225017	30.24	48.48	-37.14

1496050225026	30.179998	48.3	-36.96

1496050225033	30.179998	48.239998	-36.96

1496050225045	30.24	48.42	-37.14

1496050225054	30.119999	48.42	-37.02

1496050225065	30.24	48.42	-37.02

1496050225074	30.06	48.539997	-37.14

1496050225083	30.06	48.539997	-37.14

1496050225094	30.0	48.539997	-37.14

1496050225102	30.06	48.78	-37.2

1496050225118	30.0	48.66	-37.44

1496050225127	29.939999	48.66	-37.5

1496050225138	29.939999	48.78	-37.5

1496050225142	29.76	48.96	-37.5

1496050225162	30.119999	49.079998	-37.38

1496050225174	30.0	49.32	-37.2

1496050225187	29.939999	49.44	-37.2

1496050225197	30.0	49.2	-37.38

1496050225208	29.64	49.44	-37.26

1496050225214	29.699999	49.32	-37.2

1496050225227	29.699999	49.079998	-37.14

1496050225238	29.76	49.079998	-37.14

1496050225248	29.699999	48.96	-37.26

1496050225258	29.699999	48.899998	-37.44

1496050225267	29.64	48.96	-37.2

1496050225286	29.279999	48.96	-37.2

1496050225297	29.699999	48.96	-37.2

1496050225303	29.82	48.96	-37.14

1496050225317	29.64	48.719997	-37.2

