1495309521825	21.0	7.32	-36.6

1495309521925	20.88	7.8	-36.9

1495309522025	20.82	7.98	-37.26

1495309522125	20.76	8.34	-37.32

1495309522225	20.76	8.76	-37.56

1495309522325	20.88	9.0	-37.86

1495309522424	21.0	9.42	-37.74

1495309522525	21.18	9.48	-38.22

1495309522633	21.0	9.42	-38.28

1495309522725	21.12	9.3	-38.22

1495309522826	21.12	9.3	-38.04

1495309522924	21.36	9.12	-37.98

1495309523025	21.36	8.88	-38.1

1495309523125	21.06	8.64	-37.98

1495309523225	21.24	8.52	-38.28

1495309523324	21.18	8.46	-38.4

1495309523429	21.36	8.34	-38.34

1495309523525	21.3	8.16	-38.22

1495309523625	21.3	8.28	-38.34

1495309523725	21.18	8.4	-38.22

1495309523824	21.36	8.46	-38.22

1495309523925	21.42	8.4	-38.22

1495309524025	21.24	8.52	-38.16

1495309524125	21.3	8.58	-37.86

1495309524225	21.12	8.88	-37.92

1495309524325	21.18	8.7	-37.92

1495309524424	21.42	8.52	-37.74

1495309524524	21.48	8.34	-37.74

1495309524625	21.24	8.28	-37.68

1495309524725	21.36	8.16	-37.62

1495309524825	21.18	8.1	-37.44

1495309524926	20.94	8.04	-37.5

1495309525025	21.06	7.98	-37.68

1495309525125	21.18	8.04	-37.74

1495309525228	20.82	8.1	-37.86

1495309525325	20.76	7.98	-37.5

1495309525424	20.82	7.86	-37.26

1495309525525	21.0	7.92	-37.32

1495309525625	21.18	7.62	-37.5

1495309525725	21.3	7.62	-37.56

1495309525825	21.3	7.56	-37.14

1495309525925	21.06	7.86	-37.2

1495309526025	21.12	8.1	-37.2

1495309526125	21.18	8.04	-37.68

1495309526224	21.24	8.16	-37.92

1495309526325	21.12	8.28	-37.92

1495309526425	21.18	8.46	-37.74

1495309526524	20.94	8.52	-37.62

1495309526625	20.94	8.22	-37.74

1495309526725	21.12	7.98	-37.56

