1495420713605	0.181	-0.134	9.711

1495420713610	0.153	-0.134	9.672

1495420713613	0.172	-0.134	9.72

1495420713628	0.172	-0.124	9.701

1495420713642	0.162	-0.143	9.72

1495420713644	0.162	-0.143	9.672

1495420713649	0.162	-0.105	9.72

1495420713659	0.181	-0.153	9.711

1495420713669	0.162	-0.114	9.73

1495420713688	0.143	-0.153	9.692

1495420713691	0.162	-0.134	9.711

1495420713699	0.172	-0.134	9.682

1495420713709	0.153	-0.134	9.711

1495420713721	0.162	-0.114	9.711

1495420713729	0.172	-0.143	9.739

1495420713740	0.143	-0.124	9.72

1495420713750	0.162	-0.124	9.73

1495420713759	0.143	-0.114	9.73

1495420713769	0.162	-0.134	9.72

1495420713783	0.162	-0.143	9.739

1495420713789	0.124	-0.134	9.72

1495420713800	0.172	-0.143	9.692

1495420713809	0.162	-0.134	9.73

1495420713819	0.124	-0.114	9.692

1495420713831	0.124	-0.143	9.682

1495420713840	0.172	-0.134	9.778

1495420713849	0.181	-0.134	9.73

1495420713859	0.172	-0.143	9.768

1495420713870	0.162	-0.134	9.73

1495420713880	0.162	-0.143	9.72

1495420713889	0.181	-0.134	9.749

1495420713899	0.162	-0.134	9.711

1495420713908	0.153	-0.124	9.72

1495420713919	0.191	-0.124	9.759

1495420713929	0.134	-0.143	9.711

1495420713939	0.153	-0.114	9.739

1495420713949	0.153	-0.114	9.663

1495420713959	0.124	-0.124	9.692

1495420713969	0.172	-0.143	9.759

1495420713981	0.143	-0.124	9.711

1495420713989	0.172	-0.124	9.72

1495420713999	0.172	-0.143	9.711

1495420714009	0.181	-0.153	9.73

1495420714019	0.153	-0.114	9.692

1495420714032	0.162	-0.124	9.692

1495420714040	0.181	-0.134	9.749

1495420714050	0.153	-0.134	9.711

1495420714060	0.172	-0.134	9.701

1495420714070	0.143	-0.124	9.672

1495420714081	0.162	-0.143	9.72

1495420714090	0.191	-0.143	9.73

1495420714099	0.162	-0.114	9.711

1495420714109	0.124	-0.114	9.711

1495420714119	0.172	-0.134	9.711

1495420714130	0.162	-0.143	9.73

1495420714139	0.153	-0.114	9.701

1495420714149	0.181	-0.134	9.739

1495420714159	0.153	-0.124	9.73

1495420714169	0.143	-0.124	9.701

1495420714181	0.172	-0.143	9.711

1495420714191	0.134	-0.143	9.759

1495420714206	0.181	-0.143	9.701

1495420714209	0.153	-0.124	9.768

1495420714219	0.153	-0.134	9.739

1495420714230	0.172	-0.143	9.749

1495420714246	0.162	-0.153	9.73

1495420714249	0.172	-0.143	9.739

1495420714259	0.172	-0.134	9.739

1495420714269	0.162	-0.124	9.711

1495420714281	0.153	-0.105	9.692

1495420714289	0.134	-0.114	9.682

1495420714299	0.143	-0.124	9.749

1495420714309	0.162	-0.143	9.739

1495420714319	0.162	-0.134	9.701

1495420714332	0.134	-0.114	9.72

1495420714339	0.162	-0.143	9.72

1495420714349	0.153	-0.143	9.73

1495420714359	0.162	-0.134	9.672

1495420714369	0.153	-0.105	9.711

1495420714381	0.172	-0.153	9.739

1495420714390	0.191	-0.124	9.759

1495420714400	0.181	-0.134	9.749

1495420714409	0.143	-0.134	9.711

1495420714419	0.191	-0.143	9.749

1495420714429	0.162	-0.143	9.72

1495420714439	0.162	-0.124	9.72

1495420714449	0.162	-0.153	9.701

1495420714459	0.162	-0.134	9.711

1495420714469	0.153	-0.134	9.73

1495420714487	0.153	-0.114	9.701

1495420714490	0.134	-0.114	9.711

1495420714499	0.134	-0.124	9.72

1495420714509	0.172	-0.134	9.72

1495420714519	0.172	-0.134	9.701

1495420714529	0.153	-0.143	9.711

1495420714541	0.162	-0.134	9.739

1495420714549	0.153	-0.143	9.711

1495420714559	0.153	-0.124	9.701

1495420714571	0.172	-0.124	9.701

1495420714587	0.172	-0.124	9.739

1495420714597	0.172	-0.134	9.739

1495420714599	0.162	-0.124	9.72

1495420714610	0.143	-0.124	9.672

1495420714619	0.172	-0.143	9.72

1495420714643	0.153	-0.134	9.73

1495420714646	0.172	-0.124	9.701

1495420714655	0.181	-0.143	9.711

1495420714659	0.162	-0.134	9.711

1495420714669	0.162	-0.143	9.739

1495420714681	0.162	-0.114	9.72

1495420714690	0.153	-0.114	9.701

1495420714699	0.153	-0.134	9.73

1495420714710	0.162	-0.124	9.73

1495420714719	0.162	-0.134	9.682

1495420714729	0.143	-0.134	9.711

1495420714740	0.162	-0.124	9.72

1495420714749	0.134	-0.124	9.672

1495420714764	0.153	-0.124	9.701

1495420714769	0.143	-0.134	9.72

1495420714780	0.153	-0.153	9.73

1495420714790	0.143	-0.134	9.682

1495420714799	0.172	-0.143	9.711

1495420714809	0.162	-0.114	9.73

1495420714819	0.153	-0.143	9.701

1495420714829	0.172	-0.134	9.701

1495420714840	0.172	-0.134	9.711

1495420714857	0.172	-0.153	9.759

1495420714859	0.143	-0.105	9.711

1495420714869	0.162	-0.134	9.701

1495420714885	0.153	-0.124	9.768

1495420714889	0.191	-0.143	9.739

1495420714899	0.162	-0.143	9.711

1495420714909	0.181	-0.153	9.768

1495420714919	0.181	-0.143	9.749

1495420714930	0.181	-0.124	9.749

1495420714940	0.172	-0.124	9.739

1495420714949	0.191	-0.124	9.73

1495420714959	0.162	-0.114	9.72

1495420714969	0.143	-0.153	9.72

1495420714981	0.153	-0.153	9.739

1495420714990	0.162	-0.153	9.73

1495420714999	0.181	-0.162	9.739

1495420715009	0.181	-0.134	9.749

1495420715020	0.172	-0.134	9.72

1495420715034	0.153	-0.134	9.73

1495420715040	0.162	-0.143	9.701

1495420715051	0.143	-0.124	9.73

1495420715059	0.162	-0.134	9.682

1495420715069	0.191	-0.143	9.711

1495420715082	0.191	-0.124	9.73

1495420715091	0.162	-0.153	9.701

1495420715100	0.172	-0.143	9.759

1495420715109	0.172	-0.143	9.711

1495420715119	0.201	-0.134	9.768

1495420715129	0.172	-0.143	9.711

1495420715139	0.143	-0.124	9.682

1495420715149	0.191	-0.153	9.73

1495420715159	0.172	-0.153	9.72

1495420715169	0.21	-0.143	9.787

1495420715183	0.191	-0.153	9.73

1495420715189	0.191	-0.143	9.711

1495420715199	0.143	-0.124	9.739

1495420715217	0.162	-0.143	9.711

1495420715219	0.181	-0.153	9.739

1495420715230	0.172	-0.134	9.72

1495420715240	0.172	-0.134	9.73

1495420715249	0.181	-0.153	9.72

1495420715259	0.153	-0.143	9.739

1495420715269	0.153	-0.134	9.72

1495420715281	0.162	-0.143	9.711

1495420715295	0.181	-0.153	9.739

1495420715307	0.134	-0.143	9.73

1495420715309	0.22	-0.162	9.759

1495420715320	0.153	-0.134	9.72

1495420715330	0.124	-0.134	9.701

1495420715339	0.134	-0.124	9.663

1495420715349	0.143	-0.105	9.711

1495420715359	0.181	-0.124	9.749

1495420715369	0.172	-0.143	9.749

1495420715380	0.181	-0.124	9.739

1495420715397	0.143	-0.153	9.711

1495420715399	0.153	-0.143	9.72

1495420715409	0.153	-0.134	9.749

1495420715419	0.143	-0.114	9.711

1495420715429	0.162	-0.124	9.711

1495420715439	0.162	-0.134	9.711

1495420715449	0.162	-0.143	9.73

1495420715459	0.172	-0.143	9.73

1495420715470	0.153	-0.143	9.73

1495420715488	0.162	-0.114	9.73

1495420715500	0.162	-0.105	9.72

1495420715510	0.172	-0.143	9.682

1495420715531	0.191	-0.153	9.739

1495420715533	0.143	-0.124	9.739

1495420715549	0.191	-0.143	9.739

1495420715560	0.143	-0.134	9.711

1495420715569	0.143	-0.143	9.711

1495420715581	0.153	-0.105	9.73

1495420715598	0.134	-0.143	9.73

1495420715599	0.201	-0.143	9.711

1495420715609	0.172	-0.124	9.73

1495420715619	0.181	-0.143	9.739

1495420715635	0.153	-0.134	9.72

1495420715642	0.153	-0.124	9.778

1495420715650	0.153	-0.153	9.72

1495420715659	0.143	-0.134	9.682

1495420715671	0.162	-0.143	9.739

1495420715681	0.172	-0.153	9.72

1495420715697	0.153	-0.143	9.73

1495420715699	0.172	-0.134	9.73

1495420715709	0.143	-0.134	9.701

1495420715719	0.153	-0.124	9.701

1495420715729	0.134	-0.114	9.682

1495420715739	0.172	-0.143	9.749

1495420715749	0.143	-0.134	9.72

1495420715760	0.153	-0.114	9.73

1495420715770	0.143	-0.114	9.73

1495420715788	0.153	-0.114	9.73

1495420715790	0.172	-0.134	9.72

1495420715801	0.153	-0.143	9.692

1495420715823	0.153	-0.114	9.711

1495420715829	0.162	-0.143	9.72

1495420715831	0.172	-0.143	9.701

1495420715839	0.162	-0.162	9.72

1495420715849	0.124	-0.124	9.711

1495420715859	0.143	-0.134	9.682

1495420715869	0.143	-0.134	9.72

1495420715882	0.181	-0.143	9.711

1495420715889	0.162	-0.124	9.739

1495420715899	0.134	-0.134	9.682

1495420715909	0.162	-0.134	9.749

1495420715919	0.162	-0.143	9.72

1495420715929	0.181	-0.143	9.73

1495420715939	0.143	-0.162	9.682

1495420715949	0.143	-0.143	9.701

1495420715959	0.172	-0.134	9.682

1495420715969	0.143	-0.153	9.682

1495420715980	0.143	-0.114	9.701

1495420715991	0.143	-0.143	9.701

1495420715999	0.181	-0.134	9.749

1495420716010	0.153	-0.124	9.72

1495420716019	0.172	-0.124	9.72

1495420716029	0.162	-0.153	9.701

1495420716039	0.134	-0.143	9.749

1495420716057	0.114	-0.114	9.701

1495420716059	0.153	-0.134	9.672

1495420716069	0.134	-0.114	9.701

1495420716083	0.181	-0.153	9.701

1495420716089	0.124	-0.124	9.692

1495420716099	0.134	-0.134	9.72

1495420716109	0.143	-0.114	9.692

1495420716119	0.172	-0.134	9.739

1495420716129	0.162	-0.134	9.72

1495420716139	0.162	-0.105	9.711

1495420716150	0.162	-0.143	9.672

1495420716159	0.143	-0.134	9.711

1495420716169	0.172	-0.134	9.749

1495420716181	0.124	-0.114	9.701

1495420716190	0.172	-0.124	9.739

1495420716199	0.153	-0.134	9.72

1495420716209	0.162	-0.114	9.749

1495420716220	0.143	-0.114	9.692

1495420716232	0.201	-0.124	9.749

1495420716241	0.153	-0.143	9.711

1495420716250	0.134	-0.114	9.72

1495420716260	0.162	-0.143	9.739

1495420716274	0.162	-0.124	9.73

1495420716282	0.153	-0.124	9.701

1495420716289	0.162	-0.134	9.692

1495420716299	0.172	-0.134	9.73

1495420716310	0.162	-0.134	9.692

1495420716319	0.162	-0.134	9.72

1495420716332	0.143	-0.095	9.759

1495420716349	0.134	-0.124	9.692

1495420716360	0.172	-0.124	9.739

1495420716369	0.124	-0.124	9.682

1495420716381	0.153	-0.124	9.653

1495420716389	0.191	-0.124	9.72

1495420716399	0.153	-0.124	9.711

1495420716409	0.124	-0.095	9.682

1495420716419	0.143	-0.105	9.653

1495420716430	0.162	-0.114	9.672

1495420716439	0.153	-0.143	9.692

1495420716449	0.153	-0.124	9.682

1495420716459	0.162	-0.124	9.692

1495420716469	0.153	-0.143	9.701

1495420716481	0.153	-0.134	9.692

1495420716491	0.181	-0.143	9.749

1495420716500	0.143	-0.143	9.72

1495420716510	0.134	-0.134	9.711

1495420716519	0.162	-0.134	9.73

1495420716530	0.162	-0.153	9.663

1495420716539	0.162	-0.134	9.682

1495420716549	0.153	-0.124	9.692

1495420716559	0.172	-0.143	9.701

1495420716569	0.153	-0.134	9.701

1495420716584	0.162	-0.124	9.73

1495420716589	0.162	-0.134	9.72

1495420716601	0.143	-0.124	9.682

1495420716610	0.143	-0.124	9.663

1495420716624	0.172	-0.124	9.663

1495420716637	0.191	-0.114	9.72

1495420716639	0.172	-0.162	9.711

1495420716664	0.172	-0.134	9.759

1495420716669	0.114	-0.124	9.692

1495420716681	0.153	-0.124	9.701

1495420716690	0.143	-0.124	9.692

1495420716702	0.134	-0.124	9.682

1495420716710	0.134	-0.114	9.644

1495420716720	0.153	-0.143	9.72

1495420716730	0.153	-0.124	9.701

1495420716739	0.134	-0.134	9.663

1495420716749	0.143	-0.143	9.73

1495420716759	0.172	-0.134	9.72

1495420716769	0.153	-0.124	9.701

1495420716781	0.143	-0.134	9.73

1495420716798	0.162	-0.134	9.72

1495420716800	0.162	-0.143	9.72

1495420716810	0.162	-0.124	9.701

1495420716819	0.153	-0.124	9.72

1495420716831	0.162	-0.143	9.72

1495420716839	0.162	-0.134	9.739

1495420716849	0.153	-0.124	9.672

1495420716859	0.201	-0.162	9.749

1495420716869	0.181	-0.143	9.749

1495420716883	0.143	-0.124	9.711

1495420716892	0.143	-0.134	9.73

1495420716900	0.143	-0.134	9.701

1495420716910	0.162	-0.153	9.749

1495420716921	0.153	-0.124	9.682

1495420716931	0.172	-0.134	9.711

1495420716949	0.143	-0.114	9.692

1495420716962	0.172	-0.134	9.739

1495420716970	0.162	-0.134	9.701

1495420716981	0.162	-0.153	9.72

1495420716989	0.124	-0.114	9.701

1495420716999	0.143	-0.124	9.739

1495420717009	0.162	-0.143	9.749

1495420717019	0.153	-0.134	9.749

1495420717029	0.162	-0.143	9.749

1495420717039	0.172	-0.172	9.72

1495420717050	0.134	-0.124	9.682

1495420717061	0.191	-0.143	9.759

1495420717069	0.143	-0.134	9.72

1495420717080	0.162	-0.124	9.749

1495420717090	0.143	-0.114	9.739

1495420717099	0.143	-0.114	9.72

1495420717109	0.143	-0.124	9.701

1495420717119	0.191	-0.143	9.701

1495420717129	0.153	-0.114	9.711

1495420717139	0.162	-0.124	9.711

1495420717151	0.181	-0.143	9.692

1495420717160	0.134	-0.114	9.682

1495420717170	0.134	-0.124	9.711

1495420717193	0.162	-0.143	9.711

1495420717197	0.143	-0.124	9.663

1495420717213	0.153	-0.134	9.711

1495420717214	0.134	-0.114	9.73

1495420717219	0.153	-0.143	9.72

1495420717230	0.172	-0.162	9.701

1495420717240	0.143	-0.114	9.682

1495420717249	0.153	-0.134	9.692

1495420717260	0.143	-0.134	9.72

1495420717269	0.143	-0.134	9.701

1495420717281	0.162	-0.134	9.749

1495420717289	0.124	-0.143	9.634

1495420717299	0.143	-0.124	9.682

1495420717309	0.172	-0.114	9.701

1495420717319	0.191	-0.153	9.739

1495420717329	0.191	-0.162	9.749

1495420717339	0.191	-0.143	9.787

1495420717349	0.172	-0.143	9.749

1495420717359	0.201	-0.124	9.778

1495420717369	0.162	-0.134	9.692

1495420717379	0.172	-0.114	9.701

1495420717390	0.143	-0.124	9.663

1495420717400	0.134	-0.124	9.701

1495420717409	0.172	-0.134	9.692

1495420717420	0.124	-0.143	9.644

1495420717432	0.143	-0.143	9.701

1495420717440	0.114	-0.114	9.692

1495420717450	0.172	-0.143	9.72

1495420717460	0.153	-0.134	9.711

1495420717471	0.172	-0.153	9.711

1495420717483	0.143	-0.143	9.759

1495420717491	0.134	-0.153	9.692

1495420717499	0.172	-0.134	9.72

1495420717509	0.124	-0.114	9.653

1495420717519	0.143	-0.143	9.72

1495420717534	0.143	-0.134	9.711

1495420717549	0.172	-0.143	9.711

1495420717559	0.153	-0.124	9.72

1495420717569	0.162	-0.134	9.739

1495420717579	0.153	-0.134	9.663

1495420717597	0.143	-0.114	9.692

1495420717601	0.134	-0.124	9.663

1495420717609	0.162	-0.134	9.682

1495420717619	0.172	-0.134	9.72

1495420717635	0.162	-0.134	9.72

1495420717640	0.143	-0.124	9.72

1495420717649	0.134	-0.124	9.663

1495420717660	0.153	-0.124	9.692

1495420717670	0.134	-0.114	9.682

1495420717680	0.153	-0.134	9.682

1495420717691	0.162	-0.134	9.701

1495420717706	0.153	-0.124	9.711

1495420717709	0.153	-0.134	9.692

1495420717719	0.124	-0.095	9.701

1495420717730	0.162	-0.143	9.72

1495420717739	0.162	-0.134	9.653

1495420717749	0.162	-0.124	9.682

1495420717759	0.172	-0.134	9.701

1495420717769	0.105	-0.124	9.653

1495420717779	0.172	-0.153	9.701

1495420717791	0.162	-0.134	9.672

1495420717799	0.134	-0.105	9.672

1495420717809	0.162	-0.143	9.682

1495420717819	0.162	-0.134	9.682

1495420717834	0.143	-0.124	9.711

1495420717840	0.181	-0.143	9.73

1495420717849	0.172	-0.134	9.72

1495420717859	0.191	-0.134	9.739

1495420717869	0.181	-0.153	9.749

1495420717879	0.162	-0.124	9.653

1495420717891	0.134	-0.105	9.73

1495420717899	0.153	-0.153	9.682

1495420717909	0.162	-0.134	9.739

1495420717919	0.172	-0.153	9.672

1495420717929	0.134	-0.114	9.692

1495420717939	0.153	-0.134	9.672

1495420717949	0.143	-0.134	9.692

1495420717959	0.162	-0.124	9.692

1495420717969	0.143	-0.134	9.682

1495420717980	0.153	-0.124	9.634

1495420717991	0.143	-0.105	9.634

1495420718001	0.143	-0.134	9.692

1495420718018	0.134	-0.143	9.692

1495420718020	0.124	-0.105	9.653

1495420718029	0.162	-0.143	9.682

1495420718039	0.153	-0.143	9.682

1495420718049	0.143	-0.124	9.701

1495420718059	0.143	-0.134	9.72

1495420718070	0.153	-0.124	9.711

1495420718082	0.124	-0.105	9.653

1495420718091	0.143	-0.124	9.682

1495420718100	0.114	-0.124	9.672

1495420718109	0.143	-0.124	9.663

1495420718119	0.134	-0.134	9.682

1495420718129	0.162	-0.134	9.701

1495420718139	0.134	-0.124	9.701

1495420718149	0.114	-0.124	9.701

1495420718163	0.162	-0.134	9.682

1495420718171	0.114	-0.124	9.672

1495420718182	0.153	-0.114	9.692

1495420718190	0.143	-0.124	9.711

1495420718200	0.162	-0.134	9.739

1495420718209	0.124	-0.134	9.701

1495420718219	0.134	-0.134	9.701

1495420718229	0.124	-0.134	9.701

1495420718240	0.162	-0.124	9.692

1495420718249	0.143	-0.124	9.739

1495420718259	0.153	-0.143	9.739

1495420718270	0.172	-0.114	9.701

1495420718280	0.134	-0.134	9.672

1495420718291	0.134	-0.124	9.682

1495420718302	0.191	-0.153	9.711

1495420718309	0.134	-0.124	9.663

1495420718319	0.153	-0.124	9.701

1495420718329	0.162	-0.124	9.692

1495420718339	0.172	-0.134	9.711

1495420718349	0.181	-0.153	9.72

1495420718359	0.191	-0.124	9.672

1495420718370	0.172	-0.143	9.682

1495420718382	0.172	-0.134	9.701

1495420718391	0.162	-0.134	9.711

1495420718400	0.172	-0.134	9.701

1495420718409	0.143	-0.114	9.711

1495420718419	0.162	-0.143	9.711

1495420718430	0.143	-0.153	9.682

1495420718439	0.172	-0.114	9.692

1495420718457	0.162	-0.134	9.73

1495420718459	0.162	-0.162	9.73

1495420718470	0.143	-0.134	9.73

1495420718479	0.162	-0.134	9.711

1495420718491	0.162	-0.134	9.692

1495420718499	0.143	-0.143	9.682

1495420718509	0.162	-0.134	9.692

1495420718519	0.172	-0.153	9.739

1495420718529	0.162	-0.153	9.72

1495420718540	0.191	-0.143	9.711

1495420718550	0.181	-0.153	9.711

1495420718559	0.153	-0.134	9.72

1495420718569	0.134	-0.124	9.72

1495420718579	0.172	-0.134	9.711

