1495731583295	0.15696123	0.5493643	9.810077

1495731583297	0.15696123	0.5493643	9.888557

1495731583304	0.15696123	0.6278449	9.888557

1495731583305	0.15696123	0.5493643	9.888557

1495731583306	0.15696123	0.6278449	9.888557

1495731583306	0.15696123	0.6278449	9.810077

1495731583307	0.15696123	0.5493643	9.810077

1495731583309	0.15696123	0.6278449	9.888557

1495731583339	0.15696123	0.6278449	9.888557

1495731583356	0.23544185	0.5493643	9.888557

1495731583371	0.23544185	0.5493643	9.888557

1495731583371	0.15696123	0.6278449	9.810077

1495731583408	0.15696123	0.6278449	9.888557

1495731583419	0.15696123	0.6278449	9.810077

1495731583449	0.15696123	0.6278449	9.888557

1495731583469	0.15696123	0.6278449	9.810077

1495731583478	0.15696123	0.6278449	9.888557

1495731583491	0.15696123	0.6278449	9.810077

1495731583539	0.15696123	0.6278449	9.888557

1495731583549	0.15696123	0.6278449	9.888557

1495731583559	0.15696123	0.6278449	9.810077

1495731583572	0.15696123	0.6278449	9.888557

1495731583589	0.23544185	0.6278449	9.888557

1495731583611	0.15696123	0.6278449	9.888557

1495731583612	0.15696123	0.6278449	9.888557

1495731583618	0.15696123	0.6278449	9.888557

1495731583629	0.15696123	0.6278449	9.810077

1495731583638	0.15696123	0.6278449	9.888557

1495731583680	0.15696123	0.6278449	9.810077

1495731583689	0.15696123	0.6278449	9.888557

1495731583699	0.15696123	0.6278449	9.888557

1495731583709	0.15696123	0.70632553	9.888557

1495731583723	0.15696123	0.6278449	9.810077

1495731583729	0.23544185	0.6278449	9.888557

1495731583772	0.15696123	0.6278449	9.810077

1495731583772	0.15696123	0.5493643	9.888557

1495731583779	0.15696123	0.6278449	9.888557

1495731583789	0.15696123	0.70632553	9.810077

1495731583799	0.15696123	0.6278449	9.810077

1495731583812	0.15696123	0.6278449	9.888557

1495731583849	0.15696123	0.6278449	9.810077

1495731583850	0.15696123	0.6278449	9.888557

1495731583879	0.15696123	0.5493643	9.810077

1495731583897	0.15696123	0.6278449	9.810077

1495731583931	0.23544185	0.6278449	9.810077

1495731583948	0.15696123	0.6278449	9.888557

1495731583999	0.15696123	0.6278449	9.888557

1495731584008	0.15696123	0.6278449	9.888557

1495731584018	0.23544185	0.6278449	9.810077

1495731584034	0.15696123	0.6278449	9.810077

1495731584038	0.15696123	0.6278449	9.888557

1495731584048	0.15696123	0.6278449	9.888557

1495731584111	0.15696123	0.70632553	9.888557

1495731584118	0.078480616	0.6278449	9.888557

1495731584144	0.078480616	0.6278449	9.888557

1495731584145	0.15696123	0.6278449	9.888557

1495731584148	0.15696123	0.6278449	9.888557

1495731584158	0.15696123	0.6278449	9.888557

1495731584168	0.15696123	0.6278449	9.888557

1495731584188	0.15696123	0.6278449	9.888557

1495731584209	0.15696123	0.6278449	9.888557

1495731584227	0.15696123	0.6278449	9.888557

1495731584229	0.15696123	0.6278449	9.888557

1495731584239	0.15696123	0.6278449	9.810077

1495731584283	0.15696123	0.6278449	9.810077

1495731584284	0.15696123	0.6278449	9.888557

1495731584288	0.15696123	0.6278449	9.888557

1495731584298	0.15696123	0.6278449	9.888557

1495731584329	0.15696123	0.5493643	9.888557

1495731584339	0.15696123	0.6278449	9.888557

1495731584361	0.15696123	0.6278449	9.810077

1495731584369	0.15696123	0.6278449	9.888557

1495731584439	0.15696123	0.6278449	9.810077

1495731584459	0.15696123	0.6278449	9.888557

1495731584468	0.15696123	0.6278449	9.888557

1495731584489	0.15696123	0.6278449	9.810077

1495731584499	0.15696123	0.6278449	9.888557

1495731584548	0.15696123	0.6278449	9.888557

1495731584568	0.15696123	0.6278449	9.810077

1495731584578	0.15696123	0.6278449	9.888557

1495731584600	0.23544185	0.6278449	9.888557

1495731584609	0.15696123	0.5493643	9.810077

1495731584619	0.15696123	0.5493643	9.888557

1495731584640	0.15696123	0.6278449	9.888557

1495731584649	0.15696123	0.6278449	9.810077

1495731584659	0.15696123	0.6278449	9.810077

1495731584680	0.15696123	0.5493643	9.888557

1495731584689	0.15696123	0.6278449	9.888557

1495731584725	0.23544185	0.6278449	9.888557

1495731584728	0.15696123	0.6278449	9.888557

1495731584779	0.15696123	0.6278449	9.810077

1495731584803	0.15696123	0.6278449	9.888557

1495731584809	0.15696123	0.6278449	9.810077

1495731584818	0.15696123	0.6278449	9.888557

1495731584841	0.15696123	0.6278449	9.888557

1495731584849	0.15696123	0.6278449	9.888557

1495731584859	0.15696123	0.6278449	9.888557

1495731584868	0.15696123	0.6278449	9.810077

1495731584885	0.15696123	0.6278449	9.888557

1495731584898	0.15696123	0.6278449	9.810077

1495731584919	0.15696123	0.6278449	9.888557

1495731584929	0.15696123	0.6278449	9.810077

1495731584939	0.15696123	0.6278449	9.888557

1495731584964	0.23544185	0.6278449	9.810077

1495731584968	0.15696123	0.6278449	9.888557

1495731584978	0.15696123	0.6278449	9.888557

1495731585000	0.15696123	0.6278449	9.967038

1495731585019	0.15696123	0.6278449	9.888557

1495731585043	0.15696123	0.6278449	9.967038

1495731585048	0.15696123	0.6278449	9.888557

1495731585058	0.078480616	0.6278449	9.810077

1495731585076	0.15696123	0.6278449	9.888557

1495731585159	0.15696123	0.6278449	9.810077

1495731585160	0.15696123	0.6278449	9.888557

1495731585188	0.15696123	0.6278449	9.810077

1495731585203	0.15696123	0.6278449	9.810077

1495731585209	0.15696123	0.6278449	9.810077

1495731585219	0.15696123	0.6278449	9.888557

1495731585228	0.15696123	0.6278449	9.888557

1495731585239	0.15696123	0.5493643	9.810077

1495731585249	0.15696123	0.6278449	9.888557

1495731585259	0.23544185	0.6278449	9.888557

1495731585269	0.15696123	0.6278449	9.888557

1495731585327	0.15696123	0.5493643	9.888557

1495731585329	0.078480616	0.5493643	9.888557

1495731585339	0.15696123	0.5493643	9.888557

1495731585348	0.15696123	0.6278449	9.888557

1495731585381	0.15696123	0.6278449	9.888557

1495731585389	0.15696123	0.6278449	9.810077

1495731585399	0.15696123	0.6278449	9.888557

1495731585418	0.15696123	0.6278449	9.810077

1495731585428	0.15696123	0.6278449	9.810077

1495731585444	0.15696123	0.6278449	9.888557

1495731585474	0.15696123	0.6278449	9.810077

1495731585479	0.15696123	0.5493643	9.888557

1495731585489	0.15696123	0.6278449	9.888557

1495731585499	0.15696123	0.6278449	9.888557

1495731585521	0.15696123	0.70632553	9.888557

1495731585522	0.15696123	0.6278449	9.888557

1495731585579	0.15696123	0.6278449	9.810077

1495731585618	0.15696123	0.6278449	9.888557

1495731585640	0.23544185	0.6278449	9.888557

1495731585649	0.15696123	0.6278449	9.888557

1495731585668	0.15696123	0.6278449	9.888557

1495731585686	0.15696123	0.6278449	9.888557

1495731585699	0.15696123	0.6278449	9.810077

1495731585722	0.15696123	0.6278449	9.888557

1495731585729	0.15696123	0.5493643	9.888557

1495731585739	0.15696123	0.5493643	9.810077

1495731585748	0.15696123	0.6278449	9.888557

1495731585768	0.15696123	0.5493643	9.888557

1495731585799	0.15696123	0.5493643	9.810077

1495731585800	0.15696123	0.6278449	9.888557

1495731585809	0.23544185	0.6278449	9.810077

1495731585819	0.15696123	0.6278449	9.810077

1495731585843	0.15696123	0.6278449	9.888557

1495731585849	0.15696123	0.6278449	9.888557

1495731585859	0.15696123	0.6278449	9.810077

1495731585887	0.15696123	0.6278449	9.810077

1495731585888	0.15696123	0.6278449	9.888557

1495731585899	0.15696123	0.6278449	9.888557

1495731585908	0.15696123	0.6278449	9.888557

1495731585925	0.15696123	0.6278449	9.810077

1495731585928	0.15696123	0.6278449	9.810077

1495731585939	0.15696123	0.6278449	9.888557

1495731585951	0.078480616	0.6278449	9.888557

1495731585968	0.15696123	0.6278449	9.888557

1495731585989	0.15696123	0.5493643	9.888557

1495731585999	0.15696123	0.6278449	9.810077

1495731586028	0.15696123	0.6278449	9.888557

1495731586029	0.15696123	0.5493643	9.888557

1495731586030	0.15696123	0.6278449	9.888557

1495731586079	0.15696123	0.5493643	9.888557

1495731586089	0.15696123	0.6278449	9.888557

1495731586106	0.15696123	0.6278449	9.888557

1495731586109	0.15696123	0.5493643	9.888557

1495731586119	0.15696123	0.5493643	9.888557

1495731586129	0.15696123	0.6278449	9.888557

1495731586139	0.15696123	0.6278449	9.810077

1495731586159	0.15696123	0.6278449	9.888557

1495731586169	0.15696123	0.6278449	9.888557

1495731586179	0.15696123	0.6278449	9.810077

1495731586196	0.15696123	0.6278449	9.888557

1495731586199	0.15696123	0.6278449	9.888557

1495731586209	0.15696123	0.6278449	9.810077

1495731586219	0.15696123	0.6278449	9.888557

1495731586229	0.15696123	0.5493643	9.888557

1495731586254	0.15696123	0.6278449	9.888557

1495731586268	0.15696123	0.6278449	9.888557

1495731586283	0.15696123	0.6278449	9.888557

1495731586288	0.15696123	0.6278449	9.810077

1495731586308	0.15696123	0.6278449	9.888557

1495731586329	0.15696123	0.6278449	9.888557

1495731586339	0.15696123	0.6278449	9.810077

1495731586349	0.078480616	0.6278449	9.810077

1495731586358	0.15696123	0.6278449	9.810077

1495731586368	0.15696123	0.5493643	9.888557

1495731586385	0.15696123	0.6278449	9.888557

1495731586388	0.15696123	0.6278449	9.888557

1495731586398	0.15696123	0.6278449	9.888557

1495731586409	0.15696123	0.6278449	9.810077

1495731586485	0.15696123	0.6278449	9.888557

1495731586499	0.15696123	0.6278449	9.888557

1495731586509	0.15696123	0.6278449	9.888557

1495731586533	0.15696123	0.5493643	9.810077

1495731586539	0.15696123	0.6278449	9.888557

1495731586559	0.15696123	0.5493643	9.888557

1495731586589	0.15696123	0.6278449	9.810077

1495731586599	0.15696123	0.5493643	9.888557

1495731586608	0.15696123	0.6278449	9.888557

1495731586622	0.15696123	0.6278449	9.888557

1495731586629	0.15696123	0.6278449	9.888557

1495731586664	0.15696123	0.6278449	9.810077

1495731586669	0.15696123	0.5493643	9.810077

1495731586688	0.15696123	0.6278449	9.888557

1495731586703	0.15696123	0.6278449	9.888557

1495731586708	0.15696123	0.6278449	9.888557

1495731586718	0.15696123	0.6278449	9.888557

1495731586741	0.15696123	0.6278449	9.810077

1495731586745	0.078480616	0.6278449	9.810077

1495731586749	0.078480616	0.6278449	9.810077

1495731586759	0.15696123	0.6278449	9.888557

1495731586788	0.23544185	0.6278449	9.810077

1495731586798	0.15696123	0.6278449	9.810077

1495731586817	0.15696123	0.6278449	9.888557

1495731586829	0.15696123	0.6278449	9.810077

1495731586849	0.15696123	0.5493643	9.810077

1495731586869	0.15696123	0.6278449	9.810077

1495731586898	0.15696123	0.6278449	9.888557

1495731586908	0.15696123	0.6278449	9.810077

1495731586927	0.15696123	0.6278449	9.888557

1495731586928	0.15696123	0.6278449	9.888557

1495731586966	0.15696123	0.6278449	9.810077

1495731586969	0.15696123	0.6278449	9.888557

1495731586989	0.15696123	0.5493643	9.888557

1495731587020	0.23544185	0.6278449	9.888557

1495731587022	0.15696123	0.6278449	9.888557

1495731587047	0.15696123	0.6278449	9.810077

1495731587058	0.15696123	0.6278449	9.810077

1495731587068	0.15696123	0.6278449	9.888557

1495731587088	0.15696123	0.6278449	9.810077

1495731587098	0.15696123	0.6278449	9.888557

1495731587122	0.15696123	0.6278449	9.888557

1495731587129	0.15696123	0.6278449	9.810077

1495731587138	0.15696123	0.6278449	9.888557

1495731587148	0.15696123	0.6278449	9.810077

1495731587199	0.15696123	0.6278449	9.888557

1495731587209	0.15696123	0.6278449	9.888557

1495731587219	0.15696123	0.6278449	9.888557

1495731587228	0.15696123	0.5493643	9.888557

1495731587238	0.15696123	0.6278449	9.888557

1495731587248	0.15696123	0.6278449	9.810077

1495731587268	0.15696123	0.6278449	9.888557

1495731587301	0.15696123	0.6278449	9.888557

1495731587309	0.15696123	0.6278449	9.888557

1495731587319	0.15696123	0.6278449	9.888557

1495731587328	0.15696123	0.6278449	9.810077

1495731587344	0.15696123	0.6278449	9.888557

1495731587348	0.15696123	0.6278449	9.888557

1495731587358	0.15696123	0.6278449	9.888557

1495731587379	0.15696123	0.6278449	9.888557

1495731587389	0.15696123	0.6278449	9.888557

1495731587399	0.15696123	0.6278449	9.810077

1495731587408	0.15696123	0.6278449	9.888557

1495731587429	0.15696123	0.6278449	9.810077

1495731587459	0.15696123	0.5493643	9.810077

1495731587460	0.15696123	0.6278449	9.888557

1495731587479	0.23544185	0.6278449	9.888557

1495731587489	0.23544185	0.5493643	9.888557

1495731587504	0.15696123	0.6278449	9.810077

1495731587508	0.15696123	0.6278449	9.810077

1495731587518	0.15696123	0.6278449	9.888557

1495731587536	0.15696123	0.6278449	9.888557

1495731587543	0.15696123	0.5493643	9.888557

1495731587549	0.15696123	0.6278449	9.888557

1495731587559	0.15696123	0.6278449	9.810077

1495731587568	0.15696123	0.5493643	9.810077

1495731587582	0.15696123	0.5493643	9.810077

1495731587588	0.15696123	0.6278449	9.888557

1495731587598	0.15696123	0.6278449	9.888557

1495731587625	0.15696123	0.6278449	9.888557

1495731587626	0.15696123	0.6278449	9.888557

1495731587629	0.15696123	0.6278449	9.888557

1495731587648	0.15696123	0.5493643	9.810077

1495731587663	0.15696123	0.5493643	9.888557

1495731587668	0.15696123	0.6278449	9.888557

1495731587678	0.15696123	0.6278449	9.810077

1495731587700	0.15696123	0.6278449	9.810077

1495731587701	0.15696123	0.6278449	9.888557

1495731587719	0.15696123	0.6278449	9.810077

1495731587742	0.23544185	0.6278449	9.810077

1495731587743	0.15696123	0.6278449	9.888557

1495731587759	0.15696123	0.5493643	9.810077

1495731587786	0.15696123	0.5493643	9.888557

1495731587787	0.15696123	0.6278449	9.810077

1495731587799	0.15696123	0.6278449	9.888557

1495731587808	0.15696123	0.5493643	9.888557

1495731587822	0.15696123	0.5493643	9.888557

1495731587829	0.15696123	0.6278449	9.888557

1495731587862	0.15696123	0.6278449	9.888557

1495731587863	0.15696123	0.6278449	9.888557

1495731587869	0.15696123	0.6278449	9.810077

1495731587888	0.15696123	0.5493643	9.888557

1495731587906	0.15696123	0.5493643	9.810077

1495731587908	0.15696123	0.6278449	9.810077

1495731587941	0.15696123	0.5493643	9.810077

1495731587945	0.15696123	0.5493643	9.888557

1495731587958	0.15696123	0.6278449	9.888557

1495731587969	0.23544185	0.6278449	9.888557

1495731587983	0.15696123	0.6278449	9.888557

1495731587988	0.15696123	0.6278449	9.810077

1495731588019	0.15696123	0.6278449	9.810077

1495731588021	0.15696123	0.70632553	9.810077

1495731588029	0.15696123	0.6278449	9.888557

1495731588039	0.15696123	0.6278449	9.888557

1495731588048	0.15696123	0.6278449	9.888557

1495731588064	0.15696123	0.6278449	9.810077

1495731588078	0.15696123	0.6278449	9.888557

1495731588100	0.15696123	0.6278449	9.810077

1495731588109	0.23544185	0.6278449	9.810077

1495731588119	0.15696123	0.5493643	9.810077

1495731588128	0.15696123	0.6278449	9.888557

1495731588142	0.15696123	0.6278449	9.888557

1495731588149	0.15696123	0.6278449	9.888557

1495731588169	0.15696123	0.6278449	9.888557

1495731588178	0.15696123	0.6278449	9.810077

1495731588188	0.15696123	0.5493643	9.810077

