1495535909959	9.498137	-31.839441	-22.205366

1495535909962	9.621842	-31.66582	-22.35558

1495535909982	9.778176	-31.50206	-22.540771

1495535909985	9.918878	-31.332174	-22.707443

1495535909997	10.045508	-31.156776	-22.857449

1495535910000	10.099477	-29.893919	-22.346619

1495535910015	10.095549	-27.667347	-21.220205

1495535910093	10.039513	-24.573433	-19.539768

1495535910097	9.936581	-20.67391	-17.360706

1495535910100	9.748941	-16.03434	-14.712052

1495535910103	9.482566	-10.728726	-11.63243

1495535910105	9.235329	-5.921175	-8.852437

1495535910108	8.997814	-1.5843794	-6.3421097

1495535910111	8.796552	2.3287365	-4.082815

1495535910113	8.615416	5.850541	-2.0411167

1495535910115	8.452393	9.0201645	-0.1952548

1495535910118	8.290672	11.857826	1.4826875

1495535910121	8.132624	14.379222	3.0553355

1495535910265	7.97788	16.615978	4.5332184

1495535910267	7.826111	18.589058	5.925813

1495535910270	7.6820183	20.34733	7.2458153

1495535910272	7.5448356	21.912275	8.5004835

1495535910274	7.413871	23.303225	9.696352

1495535910277	7.2735023	24.52008	10.810134

1495535910281	7.124671	25.58025	11.850037

1495535910283	6.9682226	26.499403	12.823449

1495535910285	6.792419	27.24914	13.820354

1495535910288	6.599196	27.846403	14.838402

1495535910291	6.390295	28.30644	15.875478

1495535910293	6.1447845	28.645473	16.921347

1495535910295	5.866325	28.875605	17.975128

1495535910298	5.5582113	29.00772	19.03603

1495535910302	5.170909	29.061626	20.03251

1495535910304	4.712337	29.04514	20.971008

1495535910307	4.1896224	28.965303	21.857325

1495535910310	3.6466792	28.820951	22.717508

1495535910312	3.1080303	28.618534	23.554173

1495535910437	2.5732462	28.363857	24.36967

1495535910441	2.0919406	28.04715	25.15362

1495535910445	1.6512656	27.674612	25.909174

1495535910449	1.2646581	27.251827	26.639174

1495535910453	0.92671126	26.801321	27.35034

1495535910457	0.6400591	26.325867	28.044556

1495535910460	0.40457225	25.827957	28.723516

1495535910465	0.2151341	25.30234	29.392914

1495535910468	0.06713982	24.756783	30.04537

1495535910473	-0.05105507	24.193281	30.682583

1495535910476	-0.104930505	23.636131	31.264408

1495535910480	-0.10091843	23.079697	31.80055

1495535910484	-0.03730752	22.523905	32.295578

1495535910487	0.07994233	22.01119	32.74527

1495535910491	0.24546723	21.549747	33.14999

1495535910494	0.4544397	21.13945	33.505905

1495535910498	0.6975149	20.780184	33.81373

1495535910502	0.97128254	20.466845	34.07827

1495535910506	1.2726734	20.189838	34.308025

1495535910782	1.5789251	20.003033	34.493973

1495535910785	1.8870516	19.897408	34.64049

1495535910788	2.1968653	19.877346	34.747356

1495535910792	2.4756978	19.934288	34.77687

1495535910795	2.729147	20.060537	34.7451

1495535910799	2.9597514	20.24916	34.658173

1495535910803	3.1747952	20.488922	34.534103

1495535910806	3.3758347	20.757206	34.37661

1495535910810	3.5617702	21.051163	34.18903

1495535910814	3.7566123	21.350725	34.02021

1495535910818	3.9544702	21.66283	33.86827

1495535910822	4.157542	21.986225	33.73986

1495535910824	4.357807	22.284779	33.63262

1495535910827	4.5605454	22.553478	33.53611

1495535910830	4.76551	22.777807	33.44925

1495535910834	4.972478	22.964705	33.36691

1495535910837	5.181249	23.12041	33.288635

1495535910840	5.386643	23.255547	33.21402

1495535910844	5.606498	23.37217	33.126034

1495535910848	5.839367	23.47213	33.026012

1495535910852	6.088949	23.557095	32.906826

1495535910855	6.331073	23.633564	32.782894

1495535910858	6.6239843	23.702385	32.621353

1495535910862	6.9426045	23.774323	32.467632

1495535910865	7.266863	23.84657	32.329285

1495535910869	7.5961957	23.92659	32.204773

1495535910873	7.950095	24.006107	32.076046

1495535910877	8.326104	24.085173	31.943523

1495535910880	8.684512	24.156332	31.807587

1495535910884	9.007079	24.227877	31.65191

1495535910887	9.27739	24.299767	31.511803

1495535910891	9.46567	24.429466	31.381538

1495535910895	9.580121	24.608696	31.260134

1495535910898	9.648128	24.825003	31.105036

1495535910902	9.671833	25.07468	30.911282

1495535910906	9.660669	25.35689	30.682735

1495535910909	9.598122	25.675877	30.422878

1495535910913	9.541828	25.975466	30.130674

1495535910917	9.491165	26.257595	29.809357

1495535910920	9.448068	26.521511	29.461838

1495535910925	9.43678	26.809038	29.115736

1495535910928	9.434121	27.11531	28.770912

1495535910932	9.441728	27.440956	28.427237

1495535911425	9.453574	27.771538	28.101263

1495535911428	9.469236	28.10906	27.79122

1495535911431	9.488331	28.452831	27.495514

1495535911434	9.505516	28.767225	27.200212

1495535911438	9.535983	29.055182	26.92194

1495535911441	9.558403	29.31684	26.658997

1495535911444	9.578582	29.569832	26.418179

1495535911447	9.586742	29.815025	26.18061

1495535911450	9.599087	30.0557	25.945967

1495535911454	9.615197	30.292307	25.69312

1495535911458	9.629696	30.525253	25.42389

1495535911462	9.642745	30.754904	25.156584

1495535911465	9.64699	30.979092	24.853508

1495535911469	9.643311	31.19836	24.547407

1495535911473	9.617498	31.4132	24.221916

1495535911476	9.569267	31.624058	23.92064

1495535911480	9.503359	31.83133	23.611992

1495535911483	9.421541	32.035374	23.29671

1495535911486	9.337907	32.254013	22.950455

1495535911490	9.262635	32.485786	22.576326

1495535911493	9.194891	32.729385	22.206276

1495535911497	9.141421	32.981125	21.827396

1495535911508	9.100798	33.24019	21.440575

1495535911513	9.084237	33.505844	21.017433

1495535911517	9.089332	33.749935	20.607439

1495535911521	9.113917	33.974617	20.209278

1495535911524	9.156044	34.18183	19.821768

1495535911527	9.216458	34.383324	19.44384

1495535911530	9.275831	34.577168	19.078707

1495535911533	9.334267	34.76413	18.725086

1495535911537	9.3893585	34.942394	18.398495

1495535911541	9.438942	35.115334	18.104563

1495535911544	9.483566	35.283478	17.840023

1495535911548	9.523729	35.447308	17.601938

1495535911551	9.5598755	35.594753	17.387661

1495535911555	9.572407	35.724957	17.207312

1495535911559	9.578685	35.839638	17.057497

1495535911562	9.579335	35.95285	16.935163

1495535911565	9.574921	36.06724	16.837563

1495535911569	9.548448	36.187695	16.795555

1495535911573	9.502121	36.2961	16.799416

1495535911576	9.437927	36.381165	16.844557

1495535911580	9.327653	36.417725	16.922684

1495535911583	9.175906	36.42063	17.034666

1495535911586	8.986835	36.405746	17.177116

1495535911589	8.77667	36.374847	17.326155

1495535911593	8.560022	36.319542	17.481123

1495535911595	8.337539	36.224766	17.63726

1495535911599	8.137303	36.094467	17.869452

1495535911602	7.9445915	35.932198	18.17009

1495535911605	7.7636514	35.751156	18.536497

1495535911608	7.575805	35.513218	18.978764

1495535911612	7.3817434	35.22407	19.489304

1495535911615	7.189588	34.87884	20.061289

1495535911618	6.9766483	34.485634	20.663576

1495535911622	6.745002	34.049248	21.293135

1495535911625	6.48402	33.573997	21.947237

1495535911628	6.186637	33.053776	22.623428

1495535911631	5.856492	32.493076	23.319502

1495535911634	5.4968615	31.895947	24.033466

1495535911638	5.130694	31.271029	24.726036

1495535911641	4.758643	30.621101	25.399347

1495535911644	4.3812976	29.948668	26.055328

1495535911648	4.034187	29.288479	26.691545

1495535911651	3.721787	28.639309	27.309975

1495535911655	3.440627	28.000055	27.912392

1495535911658	3.1925833	27.369726	28.496235

1495535911662	2.974344	26.74743	29.06336

1495535911665	2.7854285	26.132364	29.61544

1495535911669	2.6404047	25.533804	30.145647

1495535911672	2.5348833	24.9501	30.6395

1495535911675	2.469914	24.379766	31.100632

1495535911678	2.4314415	23.841467	31.523985

1495535911681	2.4168162	23.334497	31.905003

1495535911684	2.4236536	22.855724	32.247917

1495535912535	2.457307	22.40983	32.55654

1495535912538	2.515095	22.008524	32.834305

1495535912543	2.5946043	21.647348	33.059288

1495535912546	2.7011626	21.32979	33.249275

1495535912550	2.832065	21.051487	33.407764

1495535912554	2.9848776	20.826017	33.537903

1495535912558	3.1499085	20.693094	33.61336

1495535912561	3.3259366	20.643463	33.639606

1495535912565	3.5118618	20.668795	33.62156

1495535912568	3.6991947	20.774094	33.551155

1495535912573	3.8877943	20.951363	33.433624

1495535912576	4.0775337	21.193403	33.273678

1495535912579	4.250799	21.47374	33.079727

1495535912583	4.4067383	21.788542	32.85517

1495535912586	4.5470834	22.134365	32.60307

1495535912590	4.663394	22.490606	32.33868

1495535912594	4.7705736	22.843723	32.07156

1495535912598	4.8670354	23.194029	31.801987

1495535912602	4.9638505	23.514305	31.559372

1495535912605	5.0509844	23.805052	31.336851

1495535912610	5.129405	24.069223	31.136581

1495535912613	5.1999836	24.306978	30.956339

1495535912617	5.251004	24.533459	30.798288

1495535912621	5.2969227	24.73479	30.664375

1495535912625	5.3332496	24.915989	30.568853

1495535912628	5.3659434	25.074066	30.482883

1495535912632	5.372868	25.221336	30.401344

1495535912636	5.3666005	25.35888	30.319626

1495535912639	5.3609595	25.487669	30.237745

1495535912643	5.3558826	25.61108	30.159887

1495535912646	5.3638134	25.722149	30.077314

1495535912650	5.3534513	25.82711	29.9905

1495535912654	5.3441253	25.921576	29.874866

1495535912657	5.3357315	26.014095	29.749962

1495535912661	5.3306775	26.104864	29.637548

1495535912665	5.323629	26.199055	29.536377

1495535912667	5.314785	26.331327	29.445322

1495535912672	5.3118258	26.497873	29.34254

1495535912675	5.289162	26.695263	29.237535

1495535912679	5.268765	26.910414	29.126366

1495535912682	5.2504077	27.14155	29.009645

1495535912686	5.2438855	27.387074	28.90043

1495535912689	5.250516	27.650543	28.743805

1495535912692	5.2689834	27.930166	28.544506

1495535912696	5.298104	28.224327	28.28597

1495535912700	5.3518124	28.534071	27.953289

1495535912704	5.42265	28.850342	27.566376

1495535912707	5.508904	29.172485	27.130655

1495535912711	5.6040325	29.462414	26.705173

1495535912715	5.712148	29.73085	26.276405

1495535912718	5.831952	29.977444	25.84468

1495535912722	5.9497757	30.206877	25.439463

1495535912725	6.063317	30.420866	25.058098

1495535912728	6.168004	30.615955	24.710705

1495535912732	6.2647223	30.841537	24.37305

1495535912736	6.346769	31.072062	24.044163

1495535912740	6.420611	31.314533	23.710663

1495535912744	6.474569	31.557756	23.381346

1495535912747	6.5331306	31.811657	23.055794

1495535912751	6.5858364	32.07517	22.733631

1495535912757	6.6332717	32.32233	22.397852

1495535912763	6.6734633	32.567276	22.049816

1495535912766	6.7096357	32.787724	21.69075

1495535912770	6.742191	32.99113	21.317593

1495535912774	6.763991	33.179195	20.93175

1495535912778	6.7961106	33.375954	20.53449

1495535912782	6.8250184	33.575535	20.143623

1495535912786	6.861036	33.77766	19.775177

1495535912789	6.893451	33.98207	19.426908

1495535912794	6.937625	34.18104	19.1093

1495535912797	6.972381	34.375114	18.823454

1495535912800	7.0011616	34.56478	18.566193

1495535912804	7.0245643	34.75798	18.334658

1495535912807	7.0506268	34.954357	18.105442

1495535912811	7.086583	35.1536	17.899147

1495535912814	7.1264434	35.352917	17.696815

1495535912817	7.1623178	35.532303	17.51055

1495535912821	7.174605	35.69375	17.322077

1495535912825	7.178163	35.834053	17.131618

1495535912830	7.1813655	35.972824	16.951874

1495535912835	7.1917477	36.097717	16.777603

1495535912839	7.2210917	36.21012	16.620758

1495535912844	7.267502	36.303787	16.479599

1495535912851	7.3217707	36.373085	16.377556

1495535912858	7.3856125	36.42795	16.302383

1495535912871	7.44057	36.477333	16.251394

1495535912876	7.495032	36.539276	16.222172

1495535912880	7.544048	36.612526	16.200039

1495535912883	7.588162	36.678448	16.184284

1495535912886	7.612865	36.730278	16.174273

1495535912890	7.6100974	36.74693	16.20276

1495535912892	7.582607	36.73691	16.265902

1495535912895	7.5303655	36.7104	16.360228

1495535912898	7.465848	36.669037	16.486788

1495535912902	7.390282	36.60931	16.642359

1495535912905	7.304773	36.515556	16.82404

1495535912908	7.2203145	36.411175	17.062551

1495535912912	7.1368017	36.297234	17.352213

1495535912915	7.05414	36.179688	17.687908

1495535912918	6.9647446	36.033897	18.085867

1495535912921	6.869289	35.862686	18.539862

1495535912925	6.7683787	35.663593	19.044292

1495535912928	6.6500597	35.39441	19.556612

1495535912932	6.5160728	35.062145	20.076033

1495535912936	6.3679843	34.673107	20.601845

1495535912940	6.199705	34.227974	21.179243

1495535912943	6.013253	33.732353	21.803068

1495535912946	5.8104467	33.191296	22.468678

1495535912951	5.592921	32.644344	23.146893

1495535912954	5.3621473	32.092087	23.836452

1495535912958	5.1194515	31.535055	24.536222

1495535912961	4.873525	30.998728	25.182682

1495535912964	4.629691	30.481033	25.781164

1495535912968	4.3877406	29.980108	26.336464

1495535912972	4.1599855	29.494276	26.857067

1495535912975	3.9525058	29.022026	27.346443

1495535912979	3.7632742	28.562	27.807714

1495535912982	3.5929656	28.107977	28.264526

1495535912985	3.439688	27.659355	28.717321

1495535912989	3.314238	27.215597	29.166506

1495535912993	3.2163332	26.781216	29.604105

1495535912996	3.143219	26.380272	29.997944

1495535913000	3.092416	26.009422	30.352398

1495535913004	3.0741932	25.675657	30.667242

1495535913007	3.085293	25.375269	30.975601

1495535913010	3.1227827	25.10492	31.248957

1495535913013	3.1790233	24.864105	31.49081

1495535913018	3.2521398	24.649872	31.675144

1495535913020	3.3404446	24.484562	31.803547

1495535913024	3.4249191	24.368282	31.881609

1495535913028	3.505946	24.288631	31.926865

1495535913033	3.5838702	24.241945	31.97176

1495535913036	3.6815023	24.22243	32.016335

1495535913040	3.7968712	24.234863	32.04812

1495535913044	3.928203	24.276054	32.039223

1495535913048	4.086402	24.325626	32.006218

1495535913052	4.2687807	24.380241	31.951511

1495535914068	4.472922	24.431894	31.889776

1495535914073	4.6816487	24.480883	31.805048

1495535914076	4.894503	24.529972	31.720459

1495535914080	5.111072	24.586653	31.623495

1495535914084	5.3559837	24.650166	31.536228

1495535914087	5.608905	24.719826	31.441021

1495535914092	5.8690333	24.79252	31.342836

1495535914095	6.125649	24.880447	31.241968

1495535914098	6.396603	24.95958	31.138687

1495535914102	6.680462	25.033298	31.049902

1495535914106	6.9584346	25.099646	30.969995

1495535914110	7.21111	25.161858	30.898079

1495535914114	7.4235177	25.21035	30.816687

1495535914119	7.5996847	25.246492	30.735102

1495535914123	7.740735	25.29152	30.653341

1495535914126	7.8676805	25.332045	30.571424

1495535914129	7.979431	25.376019	30.468533

1495535914133	8.102507	25.423092	30.346762

1495535914137	8.213275	25.495459	30.208

1495535914140	8.322967	25.59309	30.049782

1495535914144	8.431688	25.713459	29.886555

1495535914147	8.559538	25.85429	29.718815

1495535914151	8.712103	26.008537	29.56785

1495535914155	8.879412	26.15486	29.423649

1495535914159	9.064989	26.294052	29.285534

1495535914163	9.232009	26.421824	29.152897

1495535914166	9.382326	26.54432	29.025188

1495535914169	9.517612	26.662066	28.91442

1495535914174	9.61937	26.773037	28.814726

1495535914177	9.690952	26.89291	28.725002

1495535914181	9.727876	27.000797	28.635918

1495535914184	9.736107	27.122894	28.514076

1495535914188	9.728515	27.252783	28.362751

1495535914192	9.706682	27.409681	28.184893

1495535914195	9.687033	27.58589	27.958153

1495535914198	9.669349	27.78448	27.68742

1495535914202	9.658433	28.003208	27.377092

1495535914205	9.691109	28.240065	27.031134

1495535914209	9.755516	28.493237	26.661436

1495535914213	9.853483	28.75609	26.270376

1495535914216	9.971654	29.055157	25.885088

1495535914220	10.085507	29.371819	25.496662

1495535914224	10.195476	29.709312	25.105412

1495535914227	10.294447	30.025558	24.715786

1495535914230	10.396021	30.33768	24.327623

1495535914234	10.469937	30.64609	23.949112

1495535914238	10.526463	30.941158	23.570951

1495535914241	10.564835	31.22422	23.201439

1495535914245	10.58687	31.481476	22.831377

1495535914248	10.604202	31.723005	22.498322

1495535914252	10.607301	31.950382	22.190239

1495535914255	10.610089	32.18002	21.90463

1495535914260	10.592599	32.409195	21.635084

1495535914264	10.556858	32.63295	21.379992

1495535914268	10.492191	32.851833	21.14624

1495535914272	10.398992	33.058826	20.915033

1495535914275	10.280111	33.24512	20.694447

1495535914278	10.138119	33.41279	20.475086

1495535914282	10.002826	33.563686	20.26933

1495535914286	9.878561	33.704494	20.084145

1495535914290	9.764224	33.82122	19.91748

1495535914294	9.661321	33.921276	19.779982

1495535914298	9.568707	34.011326	19.639566

1495535914301	9.487856	34.09237	19.513193

1495535914305	9.417589	34.18531	19.399456

1495535914309	9.351849	34.278957	19.305428

1495535914313	9.292683	34.38324	19.2208

1495535914316	9.216933	34.492092	19.144636

1495535914320	9.153759	34.60756	19.067755

1495535914325	9.096903	34.72898	18.969395

1495535914328	9.045731	34.84076	18.855871

1495535914332	8.999676	34.95136	18.7287

1495535914336	8.958227	35.0509	18.59758

1495535914340	8.920923	35.140488	18.433739

1495535914343	8.88735	35.216118	18.240448

1495535914347	8.884634	35.289185	18.01232

1495535914351	8.89219	35.357445	17.77367

1495535914355	8.90899	35.426376	17.525553

1495535914359	8.93411	35.495914	17.268913

1495535914362	8.979218	35.5635	17.025438

1495535914371	9.024815	35.624325	16.797977

1495535914377	9.070851	35.67407	16.584929

1495535914384	9.112285	35.713837	16.389019

1495535914400	9.149574	35.74963	16.2127

1495535914404	9.178135	35.786846	16.054012

1495535914407	9.17634	35.867836	15.911194

1495535914414	9.147225	35.97573	15.774324

1495535914417	9.081022	36.102837	15.651142

1495535914421	8.966439	36.24723	15.5402775

1495535914424	8.808313	36.38468	15.4488325

1495535914427	8.611001	36.52089	15.370699

1495535914431	8.40092	36.64348	15.321212

1495535914434	8.179347	36.76381	15.297507

1495535914436	7.947431	36.847107	15.29284

1495535914439	7.736207	36.909573	15.355306

1495535914441	7.543605	36.94329	15.465692

1495535914443	7.367763	36.95114	15.627539

1495535914446	7.184506	36.928204	15.8107

1495535914449	6.9945745	36.87756	16.025547

1495535914452	6.798636	36.81198	16.26891

1495535914454	6.592291	36.73046	16.525434

1495535914456	6.3765807	36.634594	16.793808

1495535914459	6.1524415	36.515812	17.060343

1495535914461	5.938216	36.38891	17.333559

1495535914463	5.732914	36.254692	17.612785

1495535914466	5.5356417	36.1139	17.909924

1495535914470	5.3530965	35.937187	18.252348

1495535914472	5.183806	35.728146	18.635529

1495535914475	5.0264444	35.49001	19.055391

1495535914478	4.879819	35.225685	19.5291

1495535914480	4.747856	34.937794	20.051273

1495535914483	4.6290894	34.628693	20.617064

1495535914486	4.524699	34.2905	21.176273

1495535914490	4.4332485	33.92613	21.729563

1495535914494	4.3534427	33.538193	22.277523

1495535914498	4.284117	33.10905	22.854021

1495535914502	4.2167244	32.642822	23.43537

1495535914505	4.1560707	32.14322	24.021082

1495535914508	4.0914826	31.648573	24.58989

1495535914512	4.0408535	31.158392	25.155983

1495535914515	3.9952874	30.67223	25.719635

1495535914518	3.954278	30.209682	26.239422

1495535914522	3.9173694	29.76839	26.728062

1495535914525	3.8841517	29.34623	27.167837

1495535914528	3.8617556	28.913784	27.567804

1495535914533	3.8490992	28.487083	27.93194

1495535914537	3.862708	28.065552	28.284662

1495535914540	3.9099562	27.666172	28.627113

1495535914544	3.9874794	27.286732	28.947817

1495535914547	4.092251	26.925236	29.248951

1495535914552	4.226545	26.59989	29.519972

1495535914554	4.387409	26.307077	29.763891

1495535914558	4.5721874	26.058546	29.98342

1495535914562	4.778488	25.847368	30.176826

1495535914566	4.991658	25.669807	30.346727

1495535914571	5.2110114	25.522503	30.482971

1495535914574	5.423429	25.429928	30.58059

1495535914578	5.642105	25.361612	30.643446

1495535914582	5.866414	25.315128	30.675018

1495535914585	6.108292	25.275793	30.661766

1495535914588	6.365982	25.26789	30.616505

1495535914591	6.6254025	25.288279	30.542437

1495535914595	6.8913813	25.33413	30.463276

1495535914599	7.163262	25.385395	30.371199

1495535914604	7.452955	25.416533	30.267494

1495535914607	7.726178	25.429556	30.13666

1495535914612	7.9845796	25.416279	30.00641

1495535914615	8.229641	25.40433	29.88502

1495535914619	8.467696	25.393574	29.7716

1495535914623	8.699446	25.383894	29.66119

1495535914627	8.92552	25.347683	29.545155

1495535914630	9.173986	25.280092	29.436556

1495535914634	9.442607	25.18676	29.338816

1495535914637	9.729365	25.070261	29.27585

1495535914641	10.024948	24.942913	29.256681

1495535914644	10.328472	24.803299	29.26443

1495535914648	10.639144	24.652645	29.292236

1495535914651	10.933749	24.502058	29.338097

1495535914655	11.213893	24.361528	29.40437

1495535914658	11.481023	24.232553	29.493183

1495535914662	11.746439	24.113976	29.57728

