1495996285853	26.7	5.16	-32.94

1495996285939	26.58	5.46	-33.24

1495996286042	26.46	5.76	-33.24

1495996286146	26.58	6.0	-33.42

1495996286242	26.7	6.0	-33.54

1495996286341	26.82	6.06	-33.78

1495996286443	26.94	6.36	-34.2

1495996286541	26.58	6.54	-34.32

1495996286641	26.64	6.66	-34.5

1495996286743	26.58	6.3	-34.2

1495996286841	26.58	6.06	-34.26

1495996286941	26.34	6.06	-34.26

1495996287041	26.16	6.3	-34.2

1495996287141	26.1	6.54	-34.14

1495996287241	26.04	6.6	-34.08

1495996287342	26.1	6.66	-34.26

1495996287441	25.92	6.66	-34.14

1495996287540	26.1	6.78	-34.38

1495996287642	26.16	6.96	-34.2

1495996287741	26.28	6.78	-34.08

1495996287848	26.28	6.36	-34.08

1495996287941	26.4	6.12	-34.26

1495996288043	26.46	6.0	-34.2

1495996288142	26.4	5.94	-34.02

1495996288241	26.64	6.0	-33.78

1495996288341	26.52	6.0	-33.78

1495996288441	26.34	6.0	-34.02

1495996288541	26.52	6.24	-34.32

1495996288642	26.46	6.3	-34.32

1495996288742	26.52	6.36	-34.32

1495996288847	26.4	6.3	-34.32

1495996288941	26.34	6.66	-34.68

1495996289048	26.22	6.66	-34.86

1495996289141	26.34	6.6	-34.86

1495996289239	26.46	6.66	-34.98

1495996289348	26.16	6.72	-34.86

1495996289441	26.16	6.96	-35.16

1495996289538	26.1	7.14	-34.86

1495996289640	26.22	7.14	-34.74

1495996289740	26.28	6.78	-34.5

1495996289857	26.28	6.72	-34.56

1495996289941	26.28	6.84	-34.2

1495996290039	26.52	6.6	-34.14

1495996290139	26.76	6.6	-34.14

1495996290240	26.88	6.66	-33.96

1495996290340	26.82	6.6	-34.08

1495996290448	26.64	6.48	-34.2

1495996290540	26.82	6.54	-34.08

1495996290630	27.0	6.48	-34.08

1495996290739	27.06	6.54	-34.32

