1496917004047	-0.20111294	9.097966	1.3694834

1496917004049	-0.095768064	9.136273	1.6376339

1496917004052	0.06703765	9.184157	1.8004397

1496917004067	0.15322891	9.5385	1.9249382

1496917004079	0.15322891	9.5385	1.4652514

1496917004090	0.36391866	10.0269165	1.5801731

1496917004103	-0.34476504	9.864111	1.7908629

1496917004107	-0.6512229	9.576807	2.1068976

1496917004157	-0.7757214	9.528923	2.1260512

1496917004161	-0.8331822	9.509769	2.1068976

1496917004164	-0.8523358	9.471462	2.0015526

1496917004168	-0.94810385	9.509769	1.7908629

1496917004171	-0.9959879	9.528923	1.484405

1496917004175	-1.1683705	9.528923	1.2162545

1496917004178	-1.283292	9.509769	1.1300632

1496917004209	-1.2737153	9.461885	1.1492168

1496917004213	-1.1204864	9.461885	1.292869

1496917004216	-1.0821792	9.414001	1.484405

1496917004220	-0.93852705	9.442732	1.6184803

1496917004259	-0.82360536	9.442732	1.7908629

1496917004263	-0.7469909	9.471462	1.8962077

1496917004266	-0.6607997	9.404425	1.934515

1496917004269	-0.63206923	9.414001	1.9440918

1496917004273	-0.62249243	9.337387	1.982399

1496917004310	-0.5746084	9.337387	1.9057846

1496917004314	-0.58418524	9.442732	1.8770541

1496917004317	-0.5267244	9.615114	1.8579005

1496917004320	-0.4213795	9.749189	2.0111294

1496917004323	-0.22984336	9.844957	2.030283

1496917004433	-0.12449849	9.931149	2.1068976

1496917004436	-0.1340753	9.835381	2.2888567

1496917004439	-0.1436521	9.739613	2.4037786

1496917004442	-0.17238252	9.720459	2.5091233

1496917004445	-0.1436521	9.701305	2.4516625

1496917004449	-0.1436521	9.701305	2.4516625

1496917004451	-0.34476504	9.682152	2.3654714

1496917004453	-0.48841715	9.653421	2.327164

1496917004455	-0.82360536	9.739613	2.4037786

1496917004458	-0.842759	10.007763	2.815581

1496917004461	-0.46926352	10.46745	3.3423057

1496917004464	-0.35434186	10.745177	4.050989

1496917004468	-0.1340753	10.879252	4.3287168

1496917004470	0.12449849	10.812215	3.5625722

1496917004472	0.2873042	10.553641	2.815581

1496917004615	0.20111294	10.160992	2.5474305

1496917004619	-0.02873042	9.653421	2.7868507

1496917004623	-0.5554548	9.260772	3.7253778

1496917004626	-0.7182605	8.829816	3.217807

1496917004630	-0.6512229	8.475474	3.7253778

1496917004633	-0.6991069	8.37013	4.5298295

1496917004637	-0.8714894	8.916007	4.0892963

1496917004640	-0.7469909	9.193734	3.1316159

1496917004643	-0.641646	9.155427	3.620033

1496917004646	-0.6799533	8.973468	4.1276035

1496917004650	-0.6512229	8.66701	4.261679

1496917004653	-0.7182605	8.331821	4.2425256

1496917004658	-0.82360536	8.149862	4.3287168

1496917004662	-0.842759	7.9966335	4.510676

1496917004665	-0.7182605	7.843405	4.606444

1496917004668	-0.6703765	7.699753	4.5394063

1496917004671	-0.641646	7.651869	4.4436383

1496917004674	-0.7374141	7.680599	4.405331

1496917004677	-0.7182605	7.73806	4.414908

1496917004681	-0.90021986	7.8912888	4.414908

1496917004684	-1.1109096	8.0924015	4.405331

1496917004687	-1.1779473	8.360553	4.501099

1496917004770	-1.2641385	8.571242	4.596867

1496917004776	-1.1875241	8.647857	4.654328

1496917004779	-1.0342951	8.6574335	4.6351743

1496917004783	-0.93852705	8.542512	4.759673

1496917004787	-0.81402856	8.360553	4.7405195

1496917004790	-0.6703765	8.236053	4.759673

1496917004793	-0.41180268	8.063671	4.8458643

1496917004797	-0.11492168	7.97748	4.8745947

1496917004814	0.06703765	7.8912888	4.9703627

1496917004818	0.047884032	7.8625584	5.353435

1496917004823	-0.038307227	7.9966335	5.1906295

1496917004829	0.095768064	8.331821	4.462792

1496917004833	0.05746084	8.331821	4.999093

1496917004837	0.05746084	8.274361	4.596867

1496917004843	0.05746084	8.169016	4.453215

1496917004854	0.05746084	8.00621	4.644751

1496917004862	0.17238252	7.8625584	4.4244847

1496917004871	0.62249243	7.680599	3.9839516

1496917005076	1.13964	7.5465236	3.9552212

1496917005080	1.0630256	7.4028716	4.0701427

1496917005085	0.7278373	7.4028716	3.5529952

1496917005088	0.2777274	7.4507556	3.763685

1496917005095	-0.22984336	7.6710224	3.8977604

1496917005099	-0.78529817	7.967903	3.8019924

1496917005102	-0.9672575	8.207323	3.4859576

1496917005105	-0.91937345	8.178593	3.4572272

1496917005110	-0.45968673	7.9487495	3.4955344

1496917005113	-0.095768064	7.7189064	3.4763808

1496917005117	0.02873042	7.5561004	3.7062242

1496917005121	0.05746084	7.469909	3.8977604

1496917005125	-0.009576807	7.2687964	3.9743748

1496917005130	-0.1340753	6.895301	4.098873

1496917005133	-0.12449849	6.493075	4.050989

1496917005135	0.18195933	6.0621185	3.4476504

1496917005139	0.9768343	5.8226986	2.5570073

1496917005143	0.90021986	5.793968	2.432509

1496917005146	0.6991069	5.9184666	2.3463178

1496917005150	0.40222588	5.947197	2.2218192

1496917005153	-0.06703765	5.813122	2.432509

1496917005159	-0.7661445	5.93762	2.8634653

1496917005162	-1.388637	6.090849	3.016694

1496917005166	-2.0015526	6.291962	2.6719291

1496917005169	-2.2697031	6.8569937	2.3750482

1496917005173	-2.585738	7.680599	2.719813

1496917005177	-2.5570073	8.676587	3.4763808

1496917005180	-1.9728222	10.553641	4.367024

1496917005183	-1.7142484	13.9151	4.9224787

1496917005186	-2.135628	18.138472	4.0222588

1496917005192	-2.72939	19.603724	3.1890767

1496917005196	-3.2465374	19.249382	1.7812861

1496917005200	-0.7565677	14.326903	-1.1109096

1496917005595	3.2944214	8.896853	-4.0414124

1496917005598	4.8362875	6.167464	-4.501099

1496917005602	2.72939	4.8745947	-1.7046716

1496917005605	1.1109096	7.28795	2.719813

1496917005609	-0.4213795	16.16565	6.742072

1496917005612	0.45010993	19.603724	8.810662

1496917005616	4.0318356	19.603724	6.1770406

1496917005620	6.9144545	19.31642	3.4284968

1496917005625	8.303091	11.63582	5.6982

1496917005628	2.0398598	4.1371803	2.3463178

1496917005632	0.46926352	2.5187001	-2.5761611

1496917005635	0.2873042	4.6160207	-2.3942018

1496917005638	0.0	7.843405	2.585738

1496917005641	1.1587936	11.022904	3.86903

1496917005645	2.1068976	12.306197	2.0494366

1496917005647	1.8100165	9.911995	1.1204864

1496917005652	2.2505496	8.599973	1.8387469

1496917005655	1.6089035	7.7667904	2.2984335

1496917005658	0.076614454	7.4603324	2.815581

1496917005662	-0.8331822	7.2783732	2.9017725

1496917005665	-1.2737153	7.153875	2.930503

1496917005668	-0.9576807	7.144298	3.371036

1496917005672	-0.4405331	6.981492	3.265691

1496917005675	0.35434186	7.2113357	2.6623523

1496917005678	1.2258313	7.872135	2.4708161

1496917005682	2.0111294	8.887277	2.9113493

1496917005685	3.1124623	10.103531	3.2082303

1496917005687	3.6487634	11.128249	3.2752678

1496917005691	3.2273839	11.310209	3.2465374

1496917005694	2.834735	10.6398325	3.5434184

1496917005697	2.2601264	9.481039	3.3614593

1496917005701	2.183512	8.848969	3.3614593

1496917005704	2.1930888	8.954314	2.9783869

1496917005710	2.2984335	9.404425	2.4516625

1496917005719	3.1986535	9.56723	2.1164744

1496917005722	4.414908	8.379706	0.4213795

1496917005725	5.4683566	10.70687	-2.3463178

1496917005728	1.2162545	12.804191	-2.96881

1496917005732	-2.2697031	13.8959465	0.15322891

1496917005735	-2.0685902	11.204864	2.1930888

1496917005738	-1.6376339	8.2169	0.59376204

1496917005741	-2.3750482	7.07726	-0.9864111

1496917005744	-3.572149	7.2783732	-0.90979666

1496917005747	-3.466804	7.632715	-0.095768064

1496917005750	-2.0685902	8.236053	0.7661445

1496917005753	-0.59376204	8.858546	1.3215994

1496917005756	0.095768064	9.433155	1.6376339

1496917005759	-0.10534488	10.314221	2.873042

1496917005763	-0.4405331	9.988609	2.5953147

1496917005766	-0.92895025	9.892841	2.4229321

1496917005769	-1.043872	10.065224	2.327164

1496917005773	-1.1683705	10.189722	2.2984335

1496917005776	-1.2641385	10.180145	2.3175871

1496917005780	-1.541866	9.998186	2.3558946

1496917005783	-1.934515	9.595961	2.4037786

1496917005786	-1.8483237	9.490616	2.231396

1496917005789	-1.2258313	9.490616	1.5227122

1496917005792	-0.31603462	9.394848	1.1300632

1496917005796	0.21068975	9.222465	0.58418524

1496917005799	0.89064306	9.260772	0.61291564

1496917006024	1.292869	9.251195	1.1492168

1496917006027	1.388637	9.490616	1.532289

1496917006030	1.13964	9.701305	1.6376339

1496917006032	0.7661445	9.80665	1.5705963

1496917006035	0.22984336	9.682152	1.7812861

1496917006038	-0.36391866	9.490616	2.0398598

1496917006042	-0.6799533	9.509769	2.078167

1496917006045	-0.842759	9.605537	2.0685902

1496917006049	-0.93852705	9.576807	2.1930888

1496917006053	-0.8810662	9.500193	1.9057846

1496917006056	-0.8523358	9.557653	1.7046716

1496917006060	-0.7374141	9.56723	1.532289

1496917006062	-0.6607997	9.490616	1.2258313

1496917006065	-0.5554548	9.471462	1.2162545

1496917006068	-0.5267244	9.509769	1.2354081

1496917006072	-0.5554548	9.548077	1.2258313

1496917006074	-0.61291564	9.509769	1.3120226

1496917006077	-0.5554548	9.433155	1.1683705

1496917006081	-0.47884035	9.471462	1.1300632

1496917006084	-0.15322891	9.730036	1.2545617

1496917006087	-0.047884032	9.80665	1.4460979

1496917006090	-0.06703765	9.710882	1.5131354

1496917006092	-0.038307227	9.672575	1.5227122

1496917006096	0.076614454	9.634268	1.3503298

1496917006099	-0.047884032	9.56723	1.292869

1496917006102	-0.16280572	9.548077	1.2641385

1496917006106	-0.32561144	9.442732	1.2162545

1496917006109	-0.31603462	9.452309	1.1875241

1496917006113	-0.51714754	9.461885	1.1204864

1496917006116	-0.5363012	9.519346	1.1683705

1496917006120	-0.59376204	9.576807	1.2258313

1496917006123	-0.58418524	9.615114	1.3024458

1496917006478	-0.63206923	9.634268	1.292869

1496917006482	-0.7469909	9.730036	1.2449849

1496917006485	-0.8810662	9.816227	1.3311762

1496917006488	-0.8714894	9.892841	1.3503298

1496917006492	-0.90979666	9.844957	1.3311762

1496917006495	-0.80445176	9.80665	1.484405

1496917006498	-0.7757214	9.730036	1.541866

1496917006501	-0.6895301	9.56723	1.733402

1496917006505	-0.545878	9.557653	1.7908629

1496917006508	-0.45968673	9.442732	1.8770541

1496917006511	-0.33518824	9.32781	1.982399

1496917006514	-0.22984336	9.260772	1.9440918

1496917006518	-0.22984336	9.299079	1.9632454

1496917006521	-0.18195933	9.346964	1.9536686

1496917006524	-0.23942018	9.375694	1.982399

1496917006528	-0.35434186	9.385271	2.0015526

1496917006530	-0.38307226	9.509769	1.934515

1496917006533	-0.50757074	9.758766	2.078167

1496917006536	-0.6799533	10.132261	2.7102363

1496917006540	-0.8523358	11.109096	3.1316159

1496917006543	-1.1300632	11.482592	3.8881836

1496917006546	-1.1683705	11.511322	4.0797195

1496917006549	-0.7086837	11.358093	3.3039982

1496917006552	-0.22026655	10.812215	3.0550013

1496917006557	0.038307227	10.247183	2.8443117

1496917006560	-0.29688102	9.509769	2.4229321

1496917006563	0.30645782	9.500193	1.0151415

1496917006566	-0.22984336	8.552089	3.7062242

1496917006569	-0.58418524	8.063671	3.6008794

1496917006571	-0.49799395	7.833828	3.3806129

1496917006575	-0.37349546	7.881712	3.667917

1496917006577	-0.48841715	7.9104424	4.185065

1496917006584	-0.4213795	8.121132	4.012682

1496917006588	-0.40222588	8.437167	4.003105

1496917006591	-0.20111294	8.7532015	4.0797195

1496917006594	0.009576807	9.011775	4.367024

1496917006597	0.0	9.078813	4.7884035

1496917006601	0.076614454	9.050082	4.8267107

1496917006604	-0.076614454	8.925584	4.951209

1496917006606	-0.20111294	8.848969	4.9799395

1496917006609	-0.36391866	8.7053175	5.094861

1496917006612	-0.36391866	8.494628	5.0182467

1496917006616	-0.30645782	8.274361	4.9416323

1496917006620	-0.33518824	8.025364	4.7309427

1496917006623	-0.16280572	7.843405	4.596867

1496917006626	-0.20111294	7.795521	4.453215

1496917006629	-0.2777274	7.9870567	4.213795

1496917006632	-0.5267244	8.331821	4.367024

1496917006635	-0.7278373	8.628703	4.5777135

1496917006639	-0.90979666	8.810662	4.6351743

1496917006642	-0.82360536	8.714894	4.7309427

1496917006645	-0.7469909	8.513782	4.8937483

1496917006649	-0.7469909	8.312668	5.046977

1496917007219	-0.6895301	8.236053	4.6830587

1496917007222	-0.6703765	8.379706	4.807557

1496917007225	-0.8714894	8.868123	5.2480903

1496917007229	-0.9672575	9.346964	4.960786

1496917007232	-0.7565677	9.662998	4.903325

1496917007235	-0.7182605	9.634268	4.951209

1496917007238	-0.641646	9.500193	4.721366

1496917007241	-0.35434186	9.375694	4.309563

1496917007245	-0.29688102	9.222465	3.821146

1496917007248	-0.23942018	9.011775	3.6870706

1496917007252	-0.20111294	8.791509	4.0892963

1496917007255	-0.05746084	8.465898	4.003105

1496917007259	0.11492168	8.283937	3.620033

1496917007263	0.22026655	7.9391727	3.5338416

1496917007266	0.16280572	7.699753	3.6774938

1496917007270	0.047884032	7.5944076	3.7828386

1496917007273	-0.05746084	7.4124484	3.5242648

1496917007277	-0.05746084	7.2783732	3.3997664

1496917007280	0.0	7.0964136	3.2369606

1496917007283	0.22026655	6.83784	2.920926

1496917007288	0.37349546	6.5601125	2.815581

1496917007293	0.4309563	6.4260373	3.0454245

1496917007296	0.2681506	6.646304	3.4380736

1496917007299	0.095768064	7.0485296	3.6487634

1496917007303	0.08619126	7.4124484	4.0414124

1496917007306	0.19153613	7.680599	4.309563

1496917007310	0.25857377	8.2169	4.261679

1496917007314	0.4405331	8.6574335	3.763685

1496917007316	0.6512229	8.714894	3.9935284

1496917007320	0.842759	7.9104424	4.0222588

1496917007325	0.90021986	7.575254	3.821146

1496917007329	1.1109096	7.3071036	3.7349546

1496917007332	1.13964	7.0964136	3.763685

1496917007336	0.90021986	7.192182	3.7541082

1496917007339	0.60333884	7.4986396	3.763685

1496917007344	0.10534488	7.9008656	3.715801

1496917007347	-0.38307226	8.331821	3.821146

1496917007351	-0.5746084	8.274361	3.8307228

1496917007354	-0.8714894	7.9008656	3.3997664

1496917007358	-0.6607997	7.5944076	2.8921957

1496917007361	-0.5363012	7.393295	2.767697

1496917007364	-0.30645782	7.1634517	2.4899697

1496917007367	-0.047884032	7.1155677	2.4133554

1496917007370	-0.10534488	7.335834	2.6048915

1496917007376	-0.7374141	7.8529816	3.064578

1496917007379	-1.5227122	8.676587	3.4380736

1496917007383	-2.1164744	9.308656	4.1180267

1496917007386	-2.1260512	9.461885	4.367024

1496917007389	-1.8387469	9.155427	4.4915223

1496917007393	-1.3311762	8.561666	4.175488

1496917007396	-1.0055647	8.24563	3.7445314

1496917007399	-1.091756	8.66701	3.6487634

1496917007403	-1.2737153	9.998186	4.175488

1496917007406	-1.3120226	12.593501	4.999093

1496917007410	-0.34476504	15.44739	4.5777135

1496917007413	-0.4405331	16.64449	3.7445314

1496917007416	-0.45010993	16.548721	2.4612393

1496917007419	-0.36391866	15.303738	1.3982137

1496917007424	-0.10534488	13.2351465	-0.5363012

1496917007428	0.7278373	11.923124	-1.8100165

1496917007431	-0.9576807	11.128249	1.6663644

1496917007435	-2.1260512	13.311762	2.336741

1496917007438	-2.0207062	16.701952	2.0590134

1496917007442	-0.4213795	18.215086	1.6472107

1496917007445	1.7908629	16.108189	0.6512229

1496917007449	4.453215	12.392388	-0.80445176

1496917007452	3.6583402	8.7053175	-1.1300632

1496917007455	1.4269443	7.6231384	-0.05746084

1496917007460	0.62249243	7.680599	0.36391866

1496917007463	0.29688102	8.293514	0.36391866

1496917007466	0.29688102	8.963891	0.5650316

1496917007470	0.2777274	9.165004	0.6991069

1496917007473	0.45010993	9.030929	0.80445176

1496917007477	0.5650316	9.011775	1.3503298

1496917007481	0.79487497	9.011775	1.283292

1496917007484	1.1204864	9.3182335	0.5554548

1496917007488	1.4460979	9.854534	0.40222588

1496917007492	1.5514427	10.25676	0.8810662

1496917007496	1.6472107	10.295067	1.6184803

1496917007499	1.9249382	10.132261	1.388637

1496917007502	2.2888567	10.103531	1.1587936

1496917007506	2.4612393	10.0269165	1.340753

1496917007509	2.327164	9.835381	1.2449849

1496917007512	1.9632454	9.385271	0.9768343

1496917007515	1.7429788	9.002198	1.2737153

1496917007519	1.2066777	8.896853	0.7086837

1496917007523	0.9576807	9.279925	0.62249243

1496917008487	0.45968673	9.653421	0.7086837

1496917008489	0.45010993	9.816227	0.641646

1496917008492	-0.06703765	9.9790325	0.2777274

1496917008496	-0.047884032	9.9790325	0.22984336

1496917008499	0.05746084	9.864111	0.61291564

1496917008501	0.36391866	9.605537	0.61291564

1496917008503	0.4213795	9.232041	0.8523358

1496917008507	0.7374141	8.839393	1.0726024

1496917008510	1.0151415	8.552089	1.2641385

1496917008513	1.043872	8.504205	1.3599066

1496917008516	0.92895025	8.647857	1.6280571

1496917008519	0.81402856	8.90643	1.7621324

1496917008523	0.78529817	9.260772	1.5514427

1496917008526	0.9576807	9.56723	1.484405

1496917008530	1.0055647	9.816227	1.3982137

1496917008533	1.2066777	10.007763	1.3024458

1496917008536	1.1300632	10.333375	1.292869

1496917008539	0.8619126	10.237606	1.340753

1496917008542	0.5554548	9.844957	1.13964

1496917008545	0.41180268	9.375694	0.81402856

1496917008549	0.32561144	9.136273	0.641646

1496917008552	0.31603462	9.155427	0.59376204

1496917008554	0.41180268	9.136273	0.60333884

1496917008557	0.6895301	9.241618	0.2777274

1496917008561	0.91937345	9.394848	0.22026655

1496917008564	0.9672575	9.557653	0.22026655

1496917008567	0.7757214	9.615114	0.22984336

1496917008571	0.4213795	9.5385	0.40222588

1496917008575	0.24899697	9.5385	0.5267244

1496917008578	0.047884032	9.528923	0.79487497

1496917008585	-0.1436521	9.662998	0.90979666

1496917008595	-0.18195933	9.595961	0.39264908

1496917008607	-0.06703765	9.519346	0.38307226

1496917008610	0.095768064	9.519346	0.62249243

1496917008612	0.20111294	9.528923	0.60333884

1496917008615	0.05746084	9.56723	1.1109096

1496917008618	0.076614454	9.375694	0.9576807

1496917008621	0.21068975	9.32781	0.80445176

1496917008624	0.17238252	9.3182335	0.61291564

1496917008627	0.16280572	9.394848	0.6703765

1496917008630	0.10534488	9.452309	0.7661445

1496917008633	0.06703765	9.433155	1.043872

1496917008635	0.22026655	9.471462	1.0151415

1496917008638	0.38307226	9.509769	0.90979666

1496917008641	0.59376204	9.643845	0.7469909

1496917008642	0.6607997	9.662998	0.641646

1496917008644	0.7661445	9.720459	0.5267244

1496917008646	0.7661445	9.710882	0.23942018

1496917008649	0.5746084	9.605537	0.076614454

1496917008653	0.39264908	9.586384	-0.038307227

1496917008656	0.0	9.653421	0.047884032

1496917008659	-0.37349546	9.682152	0.32561144

1496917008663	-0.8331822	9.586384	0.545878

1496917008666	-1.0821792	9.481039	0.5650316

1496917008669	-1.2066777	9.375694	0.6512229

1496917008673	-1.13964	9.404425	0.7086837

1496917008676	-0.9959879	9.490616	0.79487497

1496917008679	-0.81402856	9.586384	0.9672575

1496917008682	-0.7565677	9.509769	0.9768343

1496917008685	-0.61291564	9.442732	0.8714894

1496917008689	-0.46926352	9.452309	0.8331822

1496917008693	-0.31603462	9.605537	0.8523358

1496917008696	-0.21068975	9.758766	0.8714894

1496917008698	-0.22026655	9.902418	1.0342951

1496917008702	-0.17238252	10.007763	0.8619126

1496917008705	-0.32561144	9.969456	0.82360536

1496917008708	-0.60333884	9.864111	0.8619126

1496917008712	-0.90021986	9.624691	0.8714894

1496917008714	-0.9864111	9.5385	0.94810385

1496917008717	-0.93852705	9.56723	1.0534488

1496917008721	-0.8331822	9.595961	1.1492168

1496917008724	-0.7757214	9.442732	1.4269443

1496917008727	-0.842759	9.155427	1.5131354

1496917008731	-0.49799395	8.868123	0.51714754

1496917008734	-0.10534488	8.619126	-0.31603462

1496917008737	-0.21068975	8.7053175	0.009576807

1496917008740	-0.39264908	9.040505	0.6607997

1496917008744	-0.5650316	9.394848	0.92895025

1496917008747	-0.6703765	9.624691	0.91937345

1496917008751	-0.79487497	9.739613	0.81402856

1496917008754	-0.8714894	9.77792	0.6512229

1496917008757	-0.9768343	9.758766	0.32561144

1496917008760	-1.1587936	9.720459	0.095768064

1496917008765	-1.283292	9.730036	0.23942018

1496917008770	-1.292869	9.682152	0.4309563

1496917008773	-1.2449849	9.605537	0.60333884

1496917008775	-1.0055647	9.509769	0.7469909

1496917008779	-0.6895301	9.5385	0.7278373

1496917008782	-0.47884035	9.605537	0.59376204

1496917008786	-0.4213795	9.653421	0.5554548

1496917008789	-0.5267244	9.682152	0.62249243

1496917008793	-0.45010993	9.701305	0.641646

1496917008796	-0.51714754	9.720459	0.7374141

1496917008799	-0.5267244	9.672575	0.842759

1496917008802	-0.4405331	9.634268	0.82360536

1496917008805	-0.4405331	9.500193	0.93852705

1496917008808	-0.41180268	9.3661175	1.1875241

1496917008812	-0.35434186	9.174581	1.4460979

1496917008815	-0.51714754	9.078813	1.9728222

1496917008818	-0.4405331	9.165004	2.2505496

1496917008822	-0.45968673	9.442732	2.27928

1496917008824	-0.37349546	9.634268	2.5378537

1496917008828	-0.46926352	9.911995	2.7006595

1496917008831	-0.15322891	10.084377	2.4899697

1496917008834	-0.22026655	10.141838	2.834735

1496917008837	-0.18195933	10.342952	2.4995465

1496917008841	-0.25857377	10.304645	3.0262709

1496917008844	-0.16280572	10.563218	3.6583402

1496917008847	0.009576807	10.534488	2.6431987

1496917008851	-0.06703765	10.266336	2.719813

1496917008853	-0.12449849	10.266336	2.8921957

1496917008856	-0.047884032	10.515334	3.1986535

1496917008859	-0.18195933	10.28549	2.9496565

1496917008862	-0.08619126	10.01734	2.719813

1496917008865	-0.15322891	9.701305	2.8921957

1496917008869	-0.48841715	9.414001	2.8443117

1496917008872	-0.7757214	9.3182335	2.9783869

1496917008875	-0.6799533	9.289502	3.1986535

1496917008879	-0.60333884	9.375694	3.5242648

1496917008883	-0.7086837	9.481039	3.6008794

1496917008886	-0.79487497	9.481039	3.7253778

1496917008889	-0.90979666	9.394848	3.821146

1496917008892	-0.79487497	9.251195	3.8977604

1496917008896	-0.6895301	9.126697	3.7924154

1496917008899	-0.51714754	8.8777	3.7445314

1496917008902	-0.30645782	8.63828	3.8402996

1496917008905	-0.12449849	8.437167	3.7541082

