1495998273795	0.105	-0.067	9.653

1495998273800	0.105	-0.067	9.682

1495998273820	0.086	-0.076	9.663

1495998273821	0.114	-0.067	9.634

1495998273822	0.095	-0.067	9.625

1495998273830	0.114	-0.076	9.663

1495998273840	0.076	-0.057	9.625

1495998273849	0.076	-0.038	9.605

1495998273860	0.095	-0.057	9.644

1495998273869	0.105	-0.076	9.596

1495998273881	0.095	-0.076	9.625

1495998273889	0.114	-0.076	9.634

1495998273900	0.124	-0.086	9.663

1495998273909	0.114	-0.086	9.615

1495998273923	0.095	-0.076	9.625

1495998273930	0.095	-0.047	9.663

1495998273940	0.086	-0.076	9.625

1495998273952	0.086	-0.057	9.634

1495998273959	0.086	-0.047	9.663

1495998273969	0.095	-0.047	9.644

1495998273980	0.114	-0.067	9.605

1495998273996	0.114	-0.076	9.625

1495998274004	0.105	-0.086	9.644

1495998274009	0.076	-0.057	9.644

1495998274019	0.086	-0.047	9.634

1495998274031	0.105	-0.057	9.663

1495998274042	0.095	-0.057	9.596

1495998274049	0.086	-0.086	9.663

1495998274060	0.076	-0.057	9.577

1495998274069	0.076	-0.038	9.634

1495998274079	0.067	-0.038	9.605

1495998274091	0.086	-0.047	9.615

1495998274099	0.076	-0.057	9.605

1495998274109	0.086	-0.047	9.596

1495998274119	0.086	-0.076	9.653

1495998274130	0.114	-0.095	9.625

1495998274147	0.114	-0.105	9.644

1495998274149	0.114	-0.057	9.663

1495998274159	0.114	-0.076	9.653

1495998274170	0.105	-0.076	9.634

1495998274179	0.124	-0.105	9.653

1495998274193	0.134	-0.076	9.634

1495998274199	0.134	-0.076	9.625

1495998274209	0.095	-0.076	9.644

1495998274219	0.067	-0.047	9.596

1495998274229	0.124	-0.067	9.672

1495998274243	0.114	-0.067	9.692

1495998274249	0.076	-0.067	9.625

1495998274259	0.067	-0.047	9.625

1495998274269	0.095	-0.047	9.644

1495998274279	0.086	-0.076	9.653

1495998274294	0.114	-0.076	9.625

1495998274298	0.124	-0.086	9.625

1495998274309	0.095	-0.067	9.634

1495998274319	0.095	-0.076	9.653

1495998274333	0.095	-0.047	9.653

1495998274342	0.114	-0.086	9.663

1495998274349	0.086	-0.076	9.644

1495998274359	0.105	-0.067	9.634

1495998274369	0.105	-0.057	9.653

1495998274380	0.095	-0.086	9.653

1495998274391	0.105	-0.076	9.625

1495998274399	0.114	-0.057	9.663

1495998274410	0.124	-0.067	9.625

1495998274420	0.105	-0.057	9.653

1495998274431	0.095	-0.076	9.625

1495998274442	0.124	-0.067	9.653

1495998274449	0.076	-0.028	9.644

1495998274459	0.067	-0.047	9.634

1495998274469	0.076	-0.057	9.615

1495998274479	0.095	-0.057	9.634

1495998274493	0.067	-0.057	9.586

1495998274499	0.067	-0.047	9.605

1495998274509	0.095	-0.067	9.644

1495998274519	0.114	-0.076	9.625

1495998274530	0.095	-0.057	9.634

1495998274542	0.105	-0.057	9.634

1495998274549	0.114	-0.076	9.644

1495998274559	0.105	-0.076	9.625

1495998274569	0.114	-0.076	9.663

1495998274581	0.105	-0.047	9.644

1495998274594	0.124	-0.067	9.634

1495998274600	0.124	-0.086	9.663

1495998274609	0.105	-0.057	9.644

1495998274623	0.086	-0.047	9.605

1495998274630	0.057	-0.057	9.625

1495998274642	0.086	-0.086	9.644

1495998274649	0.114	-0.057	9.663

1495998274659	0.095	-0.047	9.672

1495998274669	0.095	-0.057	9.625

1495998274681	0.086	-0.038	9.644

1495998274697	0.095	-0.076	9.634

1495998274701	0.086	-0.076	9.605

1495998274710	0.086	-0.057	9.644

1495998274720	0.086	-0.057	9.625

1495998274733	0.114	-0.067	9.663

1495998274750	0.114	-0.067	9.644

1495998274751	0.095	-0.067	9.596

1495998274759	0.105	-0.067	9.653

1495998274769	0.095	-0.086	9.634

1495998274779	0.114	-0.076	9.634

1495998274793	0.067	-0.057	9.596

1495998274799	0.095	-0.076	9.615

1495998274810	0.095	-0.057	9.653

1495998274819	0.095	-0.057	9.615

1495998274830	0.095	-0.057	9.625

1495998274842	0.057	-0.047	9.596

1495998274849	0.095	-0.038	9.615

1495998274859	0.095	-0.067	9.615

1495998274869	0.095	-0.076	9.634

1495998274879	0.114	-0.067	9.663

1495998274892	0.105	-0.057	9.634

1495998274899	0.134	-0.057	9.663

1495998274909	0.134	-0.057	9.625

1495998274919	0.067	-0.038	9.615

1495998274929	0.095	-0.067	9.672

1495998274941	0.105	-0.086	9.634

1495998274950	0.076	-0.057	9.644

1495998274959	0.086	-0.076	9.615

1495998274969	0.105	-0.086	9.605

1495998274979	0.124	-0.095	9.644

1495998274995	0.076	-0.076	9.672

1495998275003	0.143	-0.076	9.663

1495998275009	0.095	-0.076	9.605

1495998275019	0.105	-0.057	9.634

1495998275032	0.134	-0.038	9.672

1495998275043	0.095	-0.038	9.663

1495998275050	0.114	-0.047	9.615

1495998275067	0.067	-0.038	9.596

1495998275069	0.047	-0.057	9.605

1495998275079	0.086	-0.038	9.663

1495998275093	0.086	-0.057	9.615

1495998275099	0.086	-0.086	9.625

1495998275109	0.086	-0.067	9.644

1495998275119	0.067	-0.067	9.596

1495998275130	0.114	-0.067	9.615

1495998275142	0.114	-0.057	9.615

1495998275149	0.095	-0.047	9.634

1495998275159	0.105	-0.076	9.625

1495998275169	0.105	-0.057	9.625

1495998275179	0.095	-0.067	9.644

1495998275192	0.124	-0.047	9.634

1495998275199	0.095	-0.038	9.644

1495998275209	0.114	-0.057	9.653

1495998275220	0.076	-0.047	9.615

1495998275231	0.124	-0.067	9.672

1495998275245	0.095	-0.057	9.663

1495998275252	0.067	-0.047	9.605

1495998275259	0.105	-0.076	9.634

1495998275269	0.114	-0.086	9.634

1495998275279	0.105	-0.057	9.615

1495998275291	0.076	-0.067	9.605

1495998275299	0.057	-0.047	9.653

1495998275309	0.076	-0.057	9.625

1495998275319	0.086	-0.038	9.672

1495998275330	0.134	-0.076	9.634

1495998275341	0.095	-0.047	9.653

1495998275349	0.114	-0.076	9.653

1495998275359	0.105	-0.067	9.663

1495998275369	0.095	-0.067	9.672

1495998275379	0.124	-0.095	9.653

1495998275393	0.086	-0.067	9.634

1495998275399	0.134	-0.086	9.672

1495998275409	0.114	-0.076	9.634

1495998275419	0.086	-0.086	9.625

1495998275430	0.105	-0.057	9.644

1495998275442	0.105	-0.067	9.625

1495998275449	0.086	-0.067	9.644

1495998275459	0.076	-0.038	9.653

1495998275469	0.124	-0.076	9.644

1495998275479	0.114	-0.038	9.644

1495998275491	0.124	-0.067	9.644

1495998275499	0.114	-0.067	9.644

1495998275515	0.134	-0.076	9.672

1495998275519	0.105	-0.038	9.605

1495998275530	0.114	-0.057	9.634

1495998275542	0.105	-0.057	9.625

1495998275549	0.057	-0.038	9.615

1495998275559	0.076	-0.057	9.625

1495998275569	0.076	-0.028	9.615

1495998275579	0.105	-0.076	9.634

1495998275592	0.095	-0.047	9.653

1495998275599	0.095	-0.057	9.625

1495998275610	0.095	-0.086	9.634

1495998275619	0.114	-0.086	9.663

1495998275631	0.057	-0.067	9.596

1495998275642	0.086	-0.038	9.625

1495998275649	0.095	-0.076	9.634

1495998275659	0.105	-0.057	9.615

1495998275669	0.105	-0.076	9.682

1495998275679	0.095	-0.057	9.586

1495998275693	0.076	-0.047	9.567

1495998275700	0.057	-0.047	9.596

1495998275710	0.095	-0.047	9.634

1495998275719	0.076	-0.057	9.615

1495998275729	0.095	-0.057	9.615

1495998275742	0.095	-0.067	9.644

1495998275749	0.114	-0.067	9.644

1495998275759	0.086	-0.095	9.615

1495998275769	0.105	-0.086	9.634

1495998275779	0.105	-0.076	9.615

1495998275791	0.086	-0.067	9.605

1495998275799	0.076	-0.047	9.615

1495998275810	0.095	-0.057	9.653

1495998275819	0.086	-0.067	9.634

1495998275829	0.057	-0.047	9.605

1495998275842	0.076	-0.047	9.672

1495998275849	0.086	-0.057	9.625

1495998275859	0.057	-0.047	9.605

1495998275869	0.114	-0.076	9.634

1495998275880	0.067	-0.057	9.605

1495998275896	0.095	-0.086	9.625

1495998275900	0.124	-0.095	9.625

1495998275921	0.105	-0.114	9.634

1495998275925	0.095	-0.086	9.653

1495998275931	0.124	-0.086	9.672

1495998275943	0.124	-0.086	9.653

1495998275949	0.134	-0.067	9.672

1495998275959	0.114	-0.067	9.653

1495998275969	0.105	-0.047	9.653

1495998275979	0.105	-0.086	9.663

1495998275994	0.086	-0.028	9.682

1495998275999	0.105	-0.047	9.663

1495998276022	0.095	-0.047	9.634

1495998276023	0.076	-0.057	9.615

1495998276031	0.124	-0.067	9.634

1495998276043	0.076	-0.076	9.596

1495998276049	0.105	-0.067	9.653

1495998276059	0.143	-0.067	9.644

1495998276069	0.124	-0.095	9.625

1495998276079	0.134	-0.076	9.672

1495998276091	0.134	-0.067	9.653

1495998276099	0.124	-0.047	9.653

1495998276109	0.134	-0.067	9.663

1495998276119	0.105	-0.038	9.653

1495998276130	0.086	0.009	9.615

1495998276141	0.057	-0.009	9.634

1495998276149	0.047	-0.038	9.577

1495998276159	0.086	-0.067	9.586

1495998276169	0.076	-0.076	9.653

1495998276179	0.114	-0.095	9.644

1495998276192	0.134	-0.134	9.663

1495998276199	0.124	-0.105	9.634

1495998276210	0.124	-0.114	9.672

1495998276219	0.153	-0.105	9.634

1495998276230	0.124	-0.067	9.672

1495998276244	0.114	-0.067	9.672

1495998276250	0.124	-0.019	9.672

1495998276259	0.114	-0.019	9.625

1495998276269	0.095	-0.028	9.605

1495998276279	0.105	-0.038	9.653

1495998276291	0.067	-0.067	9.615

1495998276300	0.047	-0.038	9.605

1495998276309	0.067	-0.067	9.644

1495998276319	0.076	-0.086	9.644

1495998276338	0.067	-0.076	9.596

1495998276346	0.028	-0.047	9.596

1495998276360	0.076	-0.067	9.625

1495998276361	0.105	-0.086	9.596

1495998276369	0.105	-0.057	9.625

1495998276379	0.095	-0.067	9.625

1495998276391	0.086	-0.038	9.615

1495998276399	0.105	-0.038	9.625

1495998276409	0.124	-0.038	9.634

1495998276421	0.095	-0.019	9.586

1495998276431	0.105	-0.028	9.634

1495998276442	0.105	-0.047	9.644

1495998276449	0.086	-0.076	9.625

1495998276459	0.124	-0.105	9.663

1495998276469	0.076	-0.105	9.644

1495998276479	0.105	-0.076	9.644

1495998276491	0.076	-0.076	9.625

1495998276499	0.105	-0.057	9.653

1495998276509	0.086	-0.028	9.644

1495998276519	0.105	-0.028	9.644

1495998276530	0.095	-0.028	9.615

1495998276543	0.086	-0.009	9.625

1495998276549	0.076	-0.028	9.586

1495998276559	0.095	-0.067	9.644

1495998276569	0.028	-0.057	9.586

1495998276579	0.067	-0.067	9.615

1495998276592	0.114	-0.095	9.625

1495998276599	0.114	-0.105	9.634

1495998276609	0.105	-0.124	9.653

1495998276619	0.105	-0.076	9.653

1495998276629	0.153	-0.086	9.72

1495998276642	0.134	-0.076	9.634

1495998276649	0.124	-0.067	9.625

1495998276659	0.143	-0.047	9.663

1495998276671	0.124	-0.009	9.653

1495998276679	0.095	0.0	9.644

1495998276691	0.086	-0.047	9.644

1495998276699	0.105	-0.038	9.634

1495998276709	0.028	-0.019	9.596

1495998276719	0.057	-0.047	9.615

1495998276730	0.067	-0.067	9.644

1495998276741	0.086	-0.095	9.615

1495998276749	0.095	-0.095	9.605

1495998276759	0.095	-0.095	9.615

1495998276769	0.086	-0.095	9.615

1495998276781	0.105	-0.076	9.653

1495998276797	0.095	-0.047	9.644

1495998276800	0.124	-0.076	9.653

1495998276813	0.114	-0.038	9.615

1495998276843	0.134	-0.038	9.625

1495998276845	0.134	-0.019	9.653

1495998276846	0.095	-0.038	9.672

1495998276849	0.124	-0.038	9.692

1495998276859	0.124	-0.067	9.682

1495998276869	0.086	-0.095	9.663

1495998276880	0.076	-0.067	9.596

1495998276897	0.076	-0.086	9.605

1495998276899	0.057	-0.067	9.672

1495998276909	0.095	-0.095	9.615

1495998276919	0.057	-0.067	9.625

1495998276929	0.086	-0.047	9.672

1495998276942	0.095	-0.057	9.644

1495998276949	0.095	-0.057	9.634

1495998276959	0.105	-0.028	9.653

1495998276969	0.114	-0.067	9.663

1495998276979	0.153	-0.067	9.615

1495998276997	0.143	-0.076	9.653

1495998276999	0.153	-0.086	9.663

1495998277009	0.124	-0.086	9.634

1495998277019	0.114	-0.067	9.625

1495998277032	0.086	-0.057	9.605

1495998277044	0.067	-0.038	9.625

1495998277049	0.067	-0.028	9.625

1495998277059	0.038	-0.038	9.586

1495998277070	0.028	-0.038	9.615

1495998277079	0.086	-0.076	9.596

1495998277091	0.076	-0.057	9.634

1495998277099	0.076	-0.057	9.625

1495998277109	0.086	-0.057	9.625

1495998277119	0.105	-0.047	9.644

1495998277130	0.105	-0.057	9.634

1495998277143	0.134	-0.067	9.663

1495998277149	0.124	-0.038	9.615

1495998277159	0.124	-0.076	9.672

1495998277169	0.086	-0.038	9.644

1495998277179	0.134	-0.067	9.615

1495998277191	0.095	-0.038	9.625

1495998277199	0.086	-0.067	9.615

1495998277211	0.114	-0.086	9.663

1495998277219	0.076	-0.067	9.605

1495998277230	0.114	-0.076	9.634

1495998277242	0.086	-0.067	9.615

1495998277249	0.095	-0.067	9.634

1495998277259	0.057	-0.038	9.605

1495998277269	0.076	-0.038	9.596

1495998277279	0.076	-0.028	9.596

1495998277291	0.057	-0.028	9.615

1495998277299	0.095	-0.076	9.672

1495998277309	0.105	-0.057	9.605

1495998277321	0.105	-0.076	9.605

1495998277330	0.124	-0.076	9.634

1495998277351	0.114	-0.067	9.634

1495998277383	0.105	-0.086	9.672

1495998277384	0.114	-0.067	9.644

1495998277385	0.114	-0.086	9.653

1495998277386	0.095	-0.076	9.625

1495998277393	0.067	-0.057	9.663

1495998277399	0.076	-0.038	9.625

1495998277410	0.086	-0.076	9.625

1495998277419	0.057	-0.038	9.596

1495998277429	0.076	-0.057	9.625

1495998277443	0.067	-0.028	9.596

1495998277449	0.086	-0.067	9.577

1495998277459	0.076	-0.067	9.605

1495998277469	0.124	-0.067	9.663

1495998277479	0.105	-0.076	9.653

1495998277491	0.114	-0.067	9.625

1495998277499	0.114	-0.086	9.625

1495998277509	0.134	-0.086	9.663

1495998277519	0.124	-0.057	9.692

1495998277529	0.105	-0.067	9.644

1495998277542	0.095	-0.057	9.625

1495998277549	0.105	-0.067	9.634

1495998277559	0.105	-0.067	9.625

1495998277569	0.095	-0.067	9.615

1495998277579	0.086	-0.067	9.625

1495998277596	0.095	-0.076	9.644

1495998277599	0.086	-0.067	9.653

1495998277609	0.095	-0.086	9.653

1495998277619	0.134	-0.086	9.663

1495998277629	0.124	-0.095	9.663

1495998277642	0.076	-0.067	9.605

1495998277650	0.105	-0.057	9.634

1495998277659	0.086	-0.047	9.625

1495998277669	0.057	-0.028	9.625

1495998277679	0.086	-0.038	9.634

1495998277694	0.057	-0.019	9.577

1495998277701	0.076	-0.019	9.653

1495998277709	0.057	-0.028	9.644

1495998277719	0.114	-0.019	9.663

1495998277729	0.086	-0.047	9.605

1495998277742	0.095	-0.057	9.634

1495998277750	0.086	-0.067	9.625

1495998277759	0.124	-0.105	9.625

1495998277769	0.134	-0.095	9.672

1495998277779	0.114	-0.086	9.644

1495998277791	0.095	-0.076	9.615

1495998277799	0.114	-0.067	9.653

1495998277809	0.095	-0.047	9.653

1495998277819	0.095	-0.067	9.634

1495998277831	0.076	-0.067	9.586

1495998277849	0.095	-0.047	9.625

1495998277852	0.095	-0.057	9.634

1495998277860	0.124	-0.076	9.625

1495998277872	0.076	-0.047	9.615

1495998277880	0.124	-0.086	9.653

1495998277895	0.105	-0.086	9.634

1495998277898	0.124	-0.067	9.663

1495998277911	0.114	-0.076	9.653

1495998277920	0.095	-0.067	9.586

1495998277929	0.105	-0.067	9.644

1495998277942	0.105	-0.057	9.634

1495998277949	0.076	-0.038	9.577

1495998277959	0.095	-0.038	9.586

1495998277969	0.086	-0.047	9.615

1495998277979	0.105	-0.067	9.596

1495998277997	0.105	-0.076	9.625

1495998278004	0.095	-0.086	9.625

1495998278016	0.114	-0.086	9.644

1495998278020	0.114	-0.086	9.615

1495998278029	0.076	-0.047	9.625

1495998278041	0.095	-0.095	9.625

1495998278050	0.124	-0.086	9.634

1495998278061	0.114	-0.076	9.596

1495998278070	0.095	-0.057	9.644

1495998278079	0.105	-0.057	9.634

1495998278092	0.095	-0.086	9.644

1495998278099	0.095	-0.057	9.672

1495998278109	0.105	-0.076	9.615

1495998278120	0.114	-0.057	9.634

1495998278129	0.076	-0.067	9.653

1495998278146	0.105	-0.067	9.634

1495998278150	0.095	-0.057	9.653

1495998278159	0.076	-0.057	9.634

1495998278169	0.067	-0.057	9.625

1495998278179	0.095	-0.086	9.634

1495998278191	0.067	-0.038	9.634

1495998278199	0.086	-0.067	9.644

1495998278209	0.105	-0.057	9.615

1495998278219	0.105	-0.067	9.644

1495998278232	0.134	-0.057	9.663

1495998278248	0.114	-0.095	9.672

1495998278254	0.114	-0.086	9.644

1495998278267	0.124	-0.067	9.634

1495998278270	0.105	-0.076	9.634

1495998278279	0.105	-0.047	9.625

1495998278293	0.114	-0.057	9.644

1495998278299	0.105	-0.067	9.634

1495998278309	0.095	-0.047	9.634

1495998278320	0.086	-0.047	9.625

1495998278329	0.095	-0.047	9.644

1495998278343	0.076	-0.038	9.644

1495998278350	0.067	-0.057	9.615

1495998278360	0.076	-0.057	9.644

1495998278369	0.095	-0.076	9.625

1495998278379	0.114	-0.076	9.644

1495998278392	0.124	-0.095	9.605

1495998278399	0.134	-0.095	9.634

1495998278409	0.105	-0.067	9.653

1495998278420	0.153	-0.114	9.634

1495998278429	0.105	-0.076	9.653

1495998278443	0.124	-0.076	9.644

1495998278457	0.114	-0.047	9.663

1495998278459	0.124	-0.067	9.653

1495998278469	0.114	-0.067	9.653

1495998278479	0.124	-0.067	9.653

1495998278491	0.095	-0.047	9.615

1495998278499	0.095	-0.057	9.615

1495998278509	0.076	-0.038	9.644

1495998278519	0.086	-0.038	9.653

1495998278529	0.067	-0.057	9.605

1495998278543	0.076	-0.038	9.625

1495998278549	0.086	-0.057	9.663

1495998278559	0.105	-0.047	9.634

1495998278569	0.105	-0.057	9.625

1495998278579	0.114	-0.057	9.634

1495998278593	0.114	-0.057	9.653

1495998278599	0.105	-0.067	9.634

1495998278609	0.095	-0.067	9.663

1495998278620	0.105	-0.067	9.653

1495998278629	0.114	-0.067	9.672

1495998278642	0.105	-0.047	9.625

1495998278649	0.105	-0.057	9.663

1495998278659	0.114	-0.057	9.644

1495998278669	0.134	-0.057	9.653

1495998278679	0.105	-0.067	9.644

1495998278691	0.124	-0.057	9.711

1495998278699	0.124	-0.057	9.692

1495998278712	0.114	-0.067	9.634

1495998278719	0.086	-0.057	9.644

1495998278729	0.095	-0.038	9.625

1495998278743	0.086	-0.038	9.615

1495998278749	0.105	-0.067	9.615

1495998278759	0.105	-0.028	9.625

