1496005999806	0.057	-0.057	9.538

1496005999810	0.067	-0.047	9.577

1496005999820	0.067	-0.067	9.519

1496005999829	0.047	-0.047	9.548

1496005999842	0.076	-0.067	9.596

1496005999848	0.076	-0.086	9.596

1496005999860	0.067	-0.076	9.548

1496005999869	0.057	-0.067	9.577

1496005999881	0.038	-0.067	9.529

1496005999892	0.076	-0.086	9.557

1496005999900	0.067	-0.067	9.567

1496005999911	0.028	-0.028	9.567

1496005999921	0.067	-0.047	9.557

1496005999929	0.047	-0.019	9.586

1496005999941	0.076	-0.019	9.586

1496005999949	0.038	-0.057	9.538

1496005999959	0.047	-0.038	9.577

1496005999969	0.057	-0.038	9.548

1496005999983	0.095	-0.086	9.625

1496005999996	0.076	-0.067	9.538

1496006000001	0.038	-0.038	9.557

1496006000010	0.076	-0.076	9.557

1496006000020	0.067	-0.067	9.567

1496006000029	0.076	-0.057	9.557

1496006000042	0.057	-0.067	9.548

1496006000052	0.057	-0.047	9.538

1496006000060	0.028	-0.019	9.567

1496006000068	0.038	-0.047	9.567

1496006000079	0.047	-0.019	9.586

1496006000091	0.067	-0.057	9.557

1496006000100	0.057	-0.038	9.557

1496006000109	0.047	-0.047	9.557

1496006000119	0.028	-0.047	9.538

1496006000133	0.028	-0.038	9.538

1496006000140	0.038	-0.038	9.557

1496006000149	0.028	-0.047	9.557

1496006000159	0.038	-0.057	9.5

1496006000169	0.047	-0.057	9.548

1496006000181	0.067	-0.047	9.548

1496006000194	0.038	-0.057	9.548

1496006000199	0.086	-0.047	9.586

1496006000209	0.038	-0.067	9.519

1496006000219	0.086	-0.047	9.605

1496006000228	0.086	-0.067	9.586

1496006000240	0.067	-0.047	9.586

1496006000256	0.086	-0.076	9.586

1496006000259	0.047	-0.019	9.567

1496006000269	0.038	-0.009	9.567

1496006000279	0.057	-0.028	9.577

1496006000290	0.057	-0.057	9.557

1496006000300	0.057	-0.038	9.586

1496006000310	0.047	-0.047	9.596

1496006000319	0.047	-0.057	9.529

1496006000328	0.047	-0.047	9.605

1496006000340	0.047	-0.057	9.577

1496006000353	0.047	-0.057	9.586

1496006000359	0.067	-0.067	9.557

1496006000369	0.057	-0.038	9.538

1496006000378	0.028	-0.038	9.557

1496006000389	0.057	-0.038	9.586

1496006000400	0.047	-0.019	9.567

1496006000409	0.047	-0.067	9.557

1496006000418	0.057	-0.028	9.557

1496006000430	0.047	-0.028	9.51

1496006000441	0.019	-0.038	9.538

1496006000468	0.057	-0.076	9.577

1496006000471	0.057	-0.076	9.577

1496006000474	0.076	-0.067	9.577

1496006000480	0.076	-0.057	9.567

1496006000493	0.067	-0.076	9.577

1496006000503	0.105	-0.076	9.615

1496006000511	0.057	-0.047	9.538

1496006000519	0.086	-0.019	9.596

1496006000534	0.057	-0.028	9.548

1496006000541	0.047	-0.028	9.596

1496006000549	0.028	-0.028	9.557

1496006000559	0.047	-0.028	9.548

1496006000568	0.047	-0.047	9.577

1496006000578	0.028	-0.047	9.548

1496006000589	0.047	-0.067	9.577

1496006000599	0.067	-0.076	9.586

1496006000613	0.047	-0.095	9.548

1496006000621	0.067	-0.105	9.538

1496006000631	0.076	-0.105	9.557

1496006000656	0.076	-0.114	9.5

1496006000661	0.124	-0.124	9.567

1496006000664	0.134	-0.086	9.605

1496006000669	0.076	-0.076	9.538

1496006000679	0.076	-0.047	9.529

1496006000689	0.038	0.0	9.548

1496006000700	0.028	0.0	9.557

1496006000711	0.019	0.019	9.557

1496006000719	-0.009	0.038	9.557

1496006000729	0.009	0.028	9.557

1496006000743	0.0	0.009	9.548

1496006000749	-0.009	0.019	9.538

1496006000759	0.009	0.009	9.538

1496006000769	0.028	-0.028	9.519

1496006000778	0.057	-0.057	9.557

1496006000792	0.047	-0.057	9.519

1496006000802	0.076	-0.105	9.557

1496006000809	0.095	-0.114	9.577

1496006000819	0.086	-0.095	9.557

1496006000829	0.095	-0.134	9.586

1496006000839	0.076	-0.076	9.557

1496006000849	0.095	-0.067	9.577

1496006000859	0.076	-0.047	9.557

1496006000869	0.047	-0.028	9.529

1496006000883	0.057	-0.019	9.548

1496006000894	0.067	-0.019	9.605

1496006000902	0.038	-0.019	9.538

1496006000910	0.019	-0.009	9.529

1496006000919	0.019	-0.009	9.567

1496006000929	0.009	-0.009	9.538

1496006000939	0.047	-0.047	9.538

1496006000949	0.028	-0.038	9.49

1496006000959	0.028	-0.038	9.529

1496006000969	0.019	-0.047	9.519

1496006000980	0.076	-0.076	9.557

1496006000993	0.047	-0.057	9.577

1496006001001	0.086	-0.067	9.586

1496006001010	0.047	-0.076	9.519

1496006001019	0.105	-0.095	9.586

1496006001029	0.086	-0.095	9.557

1496006001039	0.086	-0.067	9.519

1496006001049	0.067	-0.067	9.538

1496006001062	0.047	-0.057	9.557

1496006001069	0.038	-0.057	9.557

1496006001079	0.067	-0.067	9.557

1496006001089	0.057	-0.057	9.605

1496006001099	0.028	-0.038	9.519

1496006001109	0.028	-0.028	9.538

1496006001119	-0.009	0.0	9.49

1496006001128	0.0	-0.038	9.519

1496006001139	0.028	-0.038	9.557

1496006001153	0.038	-0.028	9.548

1496006001161	0.028	-0.009	9.538

1496006001170	0.047	-0.028	9.529

1496006001179	0.038	-0.057	9.557

1496006001189	0.057	-0.047	9.548

1496006001200	0.095	-0.057	9.577

1496006001209	0.067	-0.067	9.577

1496006001218	0.047	-0.057	9.577

1496006001228	0.067	-0.067	9.51

1496006001241	0.076	-0.067	9.557

1496006001250	0.057	-0.067	9.538

1496006001263	0.076	-0.105	9.596

1496006001276	0.038	-0.067	9.557

1496006001279	0.057	-0.067	9.596

1496006001289	0.047	-0.057	9.538

1496006001300	0.067	-0.047	9.548

1496006001309	0.028	-0.009	9.557

1496006001318	0.038	-0.009	9.557

1496006001328	0.057	0.0	9.538

1496006001339	0.057	-0.009	9.625

1496006001349	0.057	0.0	9.586

1496006001360	0.038	-0.019	9.557

1496006001369	0.038	-0.038	9.51

1496006001379	0.047	-0.047	9.567

1496006001389	0.067	-0.086	9.577

1496006001399	0.086	-0.076	9.567

1496006001409	0.124	-0.143	9.615

1496006001422	0.086	-0.105	9.577

1496006001429	0.076	-0.105	9.567

1496006001439	0.076	-0.076	9.548

1496006001449	0.067	-0.086	9.577

1496006001459	0.067	-0.067	9.529

1496006001469	0.028	-0.047	9.557

1496006001480	0.028	0.019	9.548

1496006001490	0.028	0.009	9.557

1496006001499	0.028	0.0	9.548

1496006001511	0.019	0.009	9.538

1496006001521	0.019	0.009	9.548

1496006001529	0.028	0.0	9.519

1496006001540	0.009	-0.019	9.481

1496006001549	0.028	-0.047	9.557

1496006001559	0.047	-0.086	9.538

1496006001569	0.057	-0.086	9.548

1496006001579	0.076	-0.067	9.567

1496006001591	0.038	-0.057	9.538

1496006001608	0.047	-0.067	9.548

1496006001610	0.076	-0.067	9.538

1496006001619	0.076	-0.047	9.548

1496006001629	0.076	-0.047	9.596

1496006001639	0.086	-0.038	9.586

1496006001649	0.057	-0.028	9.577

1496006001659	0.067	-0.047	9.557

1496006001669	0.028	-0.038	9.548

1496006001679	0.067	-0.057	9.557

1496006001691	0.047	-0.047	9.586

1496006001704	0.047	-0.067	9.567

1496006001725	0.028	-0.038	9.548

1496006001727	0.028	-0.057	9.529

1496006001729	0.057	-0.057	9.605

1496006001739	0.028	-0.028	9.538

1496006001749	0.038	-0.028	9.529

1496006001759	0.028	-0.009	9.557

1496006001768	0.047	-0.038	9.538

1496006001778	0.028	-0.019	9.548

1496006001789	0.095	-0.047	9.586

1496006001802	0.095	-0.038	9.567

1496006001810	0.095	-0.076	9.605

1496006001820	0.105	-0.076	9.586

1496006001829	0.086	-0.105	9.596

1496006001840	0.067	-0.086	9.548

1496006001849	0.057	-0.086	9.557

1496006001859	0.057	-0.057	9.538

1496006001870	0.047	-0.067	9.548

1496006001879	0.028	-0.038	9.596

1496006001890	0.047	-0.047	9.529

1496006001900	0.038	-0.028	9.567

1496006001912	0.019	-0.028	9.548

1496006001920	0.019	-0.028	9.529

1496006001929	0.019	-0.009	9.548

1496006001940	0.047	-0.019	9.548

1496006001949	0.067	-0.047	9.51

1496006001965	0.038	-0.047	9.586

1496006001969	0.028	-0.047	9.548

1496006001979	0.047	-0.076	9.567

1496006001992	0.067	-0.057	9.567

1496006001999	0.067	-0.076	9.557

1496006002014	0.067	-0.057	9.529

1496006002019	0.057	-0.067	9.567

1496006002029	0.047	-0.076	9.557

1496006002039	0.067	-0.057	9.567

1496006002050	0.086	-0.047	9.577

1496006002060	0.057	-0.038	9.567

1496006002070	0.028	-0.057	9.567

1496006002080	0.028	-0.047	9.557

1496006002091	0.019	-0.038	9.557

1496006002099	0.019	-0.047	9.529

1496006002110	0.047	-0.057	9.519

1496006002119	0.038	-0.067	9.557

1496006002128	0.057	-0.057	9.538

1496006002139	0.047	-0.057	9.548

1496006002149	0.067	-0.028	9.586

1496006002159	0.047	-0.047	9.538

1496006002169	0.057	-0.038	9.605

1496006002179	0.038	-0.038	9.548

1496006002190	0.076	-0.047	9.577

1496006002199	0.047	-0.028	9.538

1496006002209	0.028	-0.047	9.538

1496006002219	0.038	-0.057	9.5

1496006002230	0.047	-0.057	9.538

1496006002243	0.047	-0.057	9.548

1496006002252	0.067	-0.067	9.548

1496006002260	0.047	-0.095	9.538

1496006002269	0.047	-0.057	9.557

1496006002279	0.057	-0.047	9.577

1496006002291	0.038	-0.038	9.567

1496006002299	0.028	-0.028	9.577

1496006002309	-0.009	-0.009	9.538

1496006002320	0.028	0.009	9.567

1496006002329	0.028	-0.028	9.5

1496006002339	0.047	-0.038	9.567

1496006002350	0.067	-0.047	9.577

1496006002363	0.067	-0.057	9.557

1496006002369	0.019	-0.038	9.557

1496006002380	0.038	-0.067	9.5

1496006002391	0.028	-0.057	9.557

1496006002399	-0.019	-0.028	9.51

1496006002410	0.028	-0.076	9.529

1496006002419	0.019	-0.086	9.51

1496006002428	0.086	-0.095	9.567

1496006002439	0.105	-0.105	9.557

1496006002451	0.114	-0.114	9.596

1496006002459	0.172	-0.143	9.596

1496006002469	0.162	-0.124	9.577

1496006002478	0.181	-0.114	9.615

1496006002493	0.124	-0.076	9.577

1496006002499	0.076	-0.028	9.567

1496006002513	-0.009	0.076	9.538

1496006002523	-0.067	0.124	9.548

1496006002529	-0.095	0.114	9.51

1496006002539	-0.105	0.095	9.49

1496006002549	-0.095	0.057	9.49

1496006002559	-0.038	0.009	9.481

1496006002569	-0.047	-0.057	9.5

1496006002579	0.028	-0.105	9.548

1496006002599	0.086	-0.143	9.577

1496006002612	0.124	-0.201	9.548

1496006002622	0.143	-0.191	9.586

1496006002643	0.153	-0.172	9.586

1496006002647	0.124	-0.124	9.548

1496006002649	0.124	-0.095	9.586

1496006002659	0.019	-0.019	9.519

1496006002669	-0.009	0.057	9.51

1496006002679	-0.019	0.086	9.538

1496006002691	-0.047	0.095	9.538

1496006002699	-0.009	0.057	9.577

1496006002711	0.047	0.0	9.548

1496006002720	0.057	-0.047	9.538

1496006002729	0.057	-0.076	9.586

1496006002747	0.067	-0.105	9.548

1496006002759	0.076	-0.086	9.557

1496006002762	0.086	-0.105	9.548

1496006002770	0.067	-0.086	9.548

1496006002779	0.047	-0.067	9.577

1496006002793	0.0	-0.028	9.5

1496006002799	0.019	-0.019	9.557

1496006002811	0.009	-0.009	9.51

1496006002820	0.057	-0.028	9.548

1496006002829	0.038	-0.057	9.538

1496006002841	0.047	-0.076	9.529

1496006002849	0.086	-0.067	9.548

1496006002859	0.086	-0.067	9.596

1496006002868	0.095	-0.114	9.577

1496006002878	0.086	-0.086	9.596

1496006002901	0.076	-0.076	9.586

1496006002916	0.0	-0.019	9.51

1496006002920	0.019	0.0	9.557

1496006002929	0.0	0.038	9.557

1496006002941	-0.019	0.038	9.538

1496006002949	-0.019	0.047	9.596

1496006002959	0.038	0.019	9.557

1496006002968	0.028	-0.028	9.51

1496006002978	0.067	-0.047	9.51

1496006002993	0.057	-0.076	9.519

1496006002999	0.095	-0.095	9.548

1496006003018	0.124	-0.134	9.596

1496006003020	0.124	-0.134	9.577

1496006003029	0.105	-0.134	9.538

1496006003042	0.095	-0.105	9.548

1496006003049	0.076	-0.067	9.577

1496006003059	0.009	-0.047	9.538

1496006003070	-0.028	0.019	9.548

1496006003079	-0.019	0.019	9.5

1496006003099	0.009	0.009	9.538

1496006003129	0.038	-0.028	9.557

1496006003131	0.067	-0.047	9.538

1496006003132	0.095	-0.076	9.548

1496006003141	0.143	-0.105	9.596

1496006003149	0.095	-0.086	9.567

1496006003159	0.095	-0.095	9.51

1496006003171	0.086	-0.086	9.567

1496006003180	0.086	-0.067	9.577

1496006003191	0.076	-0.067	9.548

1496006003199	0.009	0.009	9.529

1496006003210	0.038	-0.009	9.567

1496006003220	-0.009	0.038	9.5

1496006003229	-0.028	0.009	9.519

1496006003243	0.038	-0.028	9.557

1496006003250	0.019	-0.047	9.538

1496006003260	-0.009	-0.047	9.51

1496006003270	0.009	-0.047	9.538

1496006003280	0.086	-0.086	9.596

1496006003300	0.038	-0.086	9.519

1496006003327	0.086	-0.124	9.567

1496006003330	0.076	-0.076	9.548

1496006003333	0.095	-0.086	9.529

1496006003336	0.095	-0.076	9.557

1496006003346	0.047	-0.028	9.529

1496006003351	0.086	-0.028	9.557

1496006003360	0.057	-0.028	9.586

1496006003369	0.009	0.009	9.519

1496006003379	0.019	0.009	9.557

1496006003396	0.019	0.0	9.538

1496006003400	0.038	-0.009	9.529

1496006003409	0.028	-0.038	9.567

1496006003419	0.047	-0.047	9.538

1496006003429	0.047	-0.057	9.51

1496006003441	0.057	-0.067	9.567

1496006003449	0.057	-0.086	9.557

1496006003459	0.067	-0.095	9.51

1496006003469	0.095	-0.095	9.596

1496006003479	0.076	-0.076	9.557

1496006003491	0.038	-0.019	9.548

1496006003499	0.057	-0.067	9.538

1496006003510	0.086	-0.057	9.557

1496006003520	0.038	-0.038	9.557

1496006003530	0.038	-0.038	9.596

1496006003543	0.067	-0.067	9.567

1496006003550	0.086	-0.057	9.577

1496006003570	0.057	-0.057	9.548

1496006003572	0.105	-0.086	9.557

1496006003579	0.076	-0.076	9.557

1496006003591	0.047	-0.047	9.538

1496006003599	0.038	-0.067	9.557

1496006003610	0.028	-0.038	9.548

1496006003619	0.028	-0.028	9.557

1496006003628	0.0	-0.038	9.519

1496006003647	0.028	-0.019	9.529

1496006003652	0.038	-0.019	9.529

1496006003660	0.019	-0.028	9.548

1496006003672	0.047	-0.028	9.557

1496006003679	0.057	-0.057	9.548

1496006003693	0.067	-0.057	9.586

1496006003699	0.067	-0.086	9.529

1496006003709	0.086	-0.086	9.577

1496006003720	0.114	-0.095	9.625

1496006003729	0.076	-0.086	9.586

1496006003741	0.038	-0.047	9.596

1496006003749	0.076	-0.076	9.567

1496006003761	0.028	-0.067	9.519

1496006003770	0.038	-0.019	9.51

1496006003780	0.028	-0.057	9.557

1496006003796	0.038	-0.057	9.529

1496006003800	0.038	-0.028	9.548

1496006003812	0.038	-0.028	9.557

1496006003821	0.057	-0.038	9.557

1496006003829	0.047	-0.028	9.538

1496006003852	0.047	-0.009	9.596

1496006003853	0.038	-0.009	9.5

1496006003859	0.047	-0.028	9.538

1496006003880	0.028	-0.057	9.538

1496006003895	0.038	-0.057	9.538

1496006003899	0.047	-0.047	9.529

1496006003910	0.028	-0.047	9.567

1496006003919	0.057	-0.076	9.548

1496006003929	0.067	-0.076	9.615

1496006003954	0.047	-0.067	9.5

1496006003955	0.076	-0.057	9.567

1496006003959	0.038	-0.067	9.586

1496006003969	0.086	-0.057	9.586

1496006003979	0.038	-0.038	9.548

1496006003993	0.038	-0.047	9.557

1496006004000	0.057	-0.028	9.596

1496006004010	0.114	-0.067	9.605

1496006004021	0.067	-0.057	9.567

1496006004029	0.047	-0.047	9.586

1496006004041	0.038	-0.057	9.548

1496006004049	0.086	-0.038	9.557

1496006004059	0.067	-0.057	9.596

1496006004068	0.038	-0.038	9.548

1496006004078	0.067	-0.038	9.586

1496006004097	0.076	-0.067	9.557

1496006004102	0.057	-0.047	9.567

1496006004110	0.047	-0.047	9.548

1496006004126	0.067	-0.057	9.586

1496006004129	0.067	-0.038	9.596

1496006004141	0.076	-0.047	9.586

1496006004149	0.067	-0.038	9.586

1496006004159	0.067	-0.047	9.577

1496006004168	0.067	-0.057	9.557

1496006004178	0.028	-0.057	9.538

1496006004191	0.028	-0.028	9.538

1496006004199	0.047	-0.028	9.51

1496006004210	0.009	-0.047	9.538

1496006004219	0.047	-0.067	9.548

1496006004229	0.047	-0.057	9.548

1496006004252	0.047	-0.067	9.51

1496006004254	0.047	-0.047	9.5

1496006004260	0.047	-0.067	9.538

1496006004270	0.057	-0.047	9.577

1496006004280	0.095	-0.047	9.586

1496006004296	0.076	-0.067	9.557

1496006004300	0.076	-0.047	9.567

1496006004312	0.086	-0.038	9.519

1496006004329	0.076	-0.047	9.586

1496006004330	0.038	-0.047	9.538

1496006004341	0.067	-0.038	9.557

1496006004349	0.067	-0.076	9.548

1496006004359	0.057	-0.057	9.548

1496006004368	0.057	-0.086	9.538

1496006004378	0.047	-0.057	9.577

1496006004391	0.028	-0.038	9.529

1496006004406	0.028	-0.019	9.5

1496006004410	-0.057	0.028	9.462

1496006004420	0.009	-0.019	9.49

1496006004429	0.038	0.0	9.577

1496006004441	0.047	-0.009	9.548

1496006004450	0.047	-0.028	9.5

1496006004459	0.057	-0.047	9.557

1496006004469	0.047	-0.028	9.548

1496006004480	0.057	-0.067	9.529

1496006004500	0.076	-0.057	9.529

1496006004509	0.095	-0.067	9.51

1496006004528	0.105	-0.086	9.548

1496006004533	0.067	-0.067	9.529

1496006004535	0.057	-0.047	9.567

1496006004554	-0.019	-0.009	9.529

1496006004557	-0.019	-0.009	9.529

1496006004560	-0.038	0.0	9.5

1496006004569	-0.019	0.009	9.529

1496006004590	-0.009	0.009	9.529

1496006004591	0.038	-0.019	9.567

1496006004599	0.038	-0.028	9.538

1496006004610	0.0	-0.028	9.529

1496006004619	0.047	-0.047	9.557

1496006004629	0.038	-0.057	9.596

1496006004641	0.086	-0.057	9.567

1496006004651	0.076	-0.067	9.557

1496006004661	0.067	-0.057	9.596

1496006004669	0.076	-0.076	9.567

1496006004678	0.057	-0.057	9.557

1496006004691	0.067	-0.095	9.567

1496006004699	0.067	-0.067	9.538

1496006004710	0.086	-0.057	9.548

