1495836185524	0.625	-11.375	16.9375

1495836185567	-0.25	-11.375	17.875

1495836185635	-0.5	-10.875	17.8125

1495836185723	-0.25	-11.375	17.875

1495836185831	-0.0625	-11.875	18.375

1495836185924	0.25	-11.5625	17.8125

1495836186026	-0.1875	-11.75	17.5

1495836186124	-0.75	-11.0625	17.6875

1495836186224	-0.625	-10.6875	17.625

1495836186332	-0.875	-11.1875	17.75

1495836186424	-0.625	-10.5625	17.8125

1495836186536	-0.0625	-11.0	17.8125

1495836186627	-0.3125	-11.4375	17.625

1495836186724	0.125	-10.75	17.625

1495836186824	0.1875	-11.5	18.0

1495836186927	-0.0625	-11.4375	17.625

1495836187024	0.125	-11.3125	17.5

1495836187132	-0.5625	-11.8125	17.6875

1495836187225	-0.75	-11.5625	17.9375

1495836187325	-0.3125	-11.125	18.6875

1495836187432	-0.625	-11.3125	18.6875

1495836187534	0.125	-11.75	18.25

1495836187625	0.5	-11.5	17.25

1495836187732	0.125	-12.0625	17.3125

1495836187825	0.625	-11.8125	17.6875

1495836187934	-0.0625	-11.4375	18.25

1495836188025	0.1875	-11.5625	19.25

1495836188129	0.0	-11.6875	18.625

1495836188250	-0.1875	-11.4375	18.6875

1495836188329	0.0625	-11.6875	18.0

1495836188426	-0.3125	-12.0	17.625

1495836188538	-0.1875	-11.875	17.8125

1495836188626	-0.0625	-12.1875	17.5

1495836188729	-0.0625	-11.875	18.25

1495836188826	-0.5	-11.5625	18.375

1495836188926	-0.0625	-11.125	18.5625

1495836189031	-0.5	-11.0	18.375

1495836189126	-0.5	-10.5625	17.8125

1495836189232	0.3125	-10.625	17.6875

1495836189333	0.25	-10.875	17.8125

1495836189426	-0.125	-10.9375	17.6875

1495836189538	-0.125	-11.375	18.5

1495836189627	-0.625	-11.3125	18.4375

1495836189811	-1.25	-11.125	18.4375

1495836189847	-0.6875	-11.5	19.25

1495836189927	-0.6875	-11.5	18.8125

1495836190040	-0.5	-11.4375	18.875

1495836190127	-0.3125	-11.5625	18.6875

1495836190228	0.1875	-10.625	17.875

