1496063111495	16.98	19.14	57.42

1496063111501	16.92	19.26	57.42

1496063111511	17.039999	19.14	57.48

1496063111521	16.859999	19.14	57.719997

1496063111531	16.68	19.14	57.78

1496063111541	16.619999	19.14	57.539997

1496063111551	16.68	19.32	57.539997

1496063111561	16.56	18.96	57.239998

1496063111571	16.38	18.84	57.18

1496063111581	16.32	18.84	57.12

1496063111591	16.08	18.84	57.18

1496063111601	16.08	18.84	57.12

1496063111616	16.14	18.72	56.94

1496063111620	15.96	18.72	57.0

1496063111630	15.96	18.48	57.0

1496063111641	16.08	18.779999	57.239998

1496063111652	16.26	18.84	57.18

1496063111663	16.32	18.72	57.3

1496063111671	16.56	18.66	57.12

1496063111681	16.619999	18.72	57.0

1496063111691	16.32	18.84	57.12

1496063111701	16.38	19.08	57.12

1496063111714	16.32	19.26	57.239998

1496063111723	16.38	19.08	57.18

1496063111731	16.44	19.08	57.12

1496063111741	16.44	19.08	57.0

1496063111751	16.32	19.08	57.18

1496063111761	16.26	19.32	57.12

1496063111772	16.38	19.439999	57.18

1496063111783	16.619999	19.439999	57.12

1496063111791	16.74	19.38	57.0

1496063111801	16.619999	19.619999	57.18

1496063111811	16.44	19.68	57.3

1496063111821	16.56	19.92	57.18

1496063111834	16.619999	19.98	56.94

1496063111843	16.619999	19.92	56.94

1496063111851	16.68	19.74	57.0

1496063111860	16.619999	19.56	57.12

1496063111871	16.68	19.439999	56.94

1496063111881	16.74	19.38	56.94

1496063111891	16.74	19.32	56.82

1496063111901	16.68	19.38	56.879997

1496063111911	16.56	19.38	57.0

1496063111921	16.74	18.96	57.18

1496063111932	16.859999	19.08	57.0

1496063111943	16.859999	19.08	57.0

1496063111951	16.619999	19.14	57.12

1496063111961	16.44	19.14	57.12

1496063111971	16.38	19.08	57.3

1496063111981	16.44	18.779999	57.42

1496063111993	16.56	18.84	57.48

1496063112003	16.44	19.08	57.42

1496063112011	16.38	18.779999	57.48

1496063112021	16.38	18.72	57.48

1496063112031	16.44	18.66	57.48

1496063112041	16.74	18.539999	57.48

1496063112052	16.74	18.66	57.3

1496063112062	16.74	18.779999	57.42

1496063112072	16.74	18.72	57.12

1496063112083	16.74	18.96	57.18

1496063112091	16.619999	18.96	57.18

1496063112101	16.56	19.14	57.18

1496063112111	16.619999	19.02	57.12

1496063112121	16.44	18.96	57.239998

1496063112133	16.619999	19.02	57.239998

1496063112143	16.619999	19.02	57.12

1496063112151	16.68	19.32	57.239998

1496063112161	16.56	19.14	57.239998

1496063112171	16.74	19.26	57.3

1496063112181	16.68	19.02	57.539997

1496063112194	16.56	19.02	57.78

1496063112203	16.619999	19.08	57.6

1496063112211	16.56	19.02	57.719997

1496063112221	16.56	19.08	57.78

1496063112231	16.44	18.84	57.78

1496063112241	16.56	18.96	57.78

1496063112252	16.44	19.02	57.78

1496063112262	16.68	19.02	57.6

1496063112271	16.74	18.84	57.539997

1496063112281	16.859999	18.779999	57.539997

1496063112291	16.74	18.72	57.539997

1496063112301	16.68	18.66	57.48

1496063112312	16.74	18.72	57.42

1496063112322	16.859999	18.72	57.3

1496063112331	16.74	18.779999	57.18

1496063112341	16.68	18.779999	57.12

1496063112350	16.74	19.14	57.18

1496063112360	16.619999	19.02	57.3

1496063112371	16.68	18.84	57.239998

1496063112381	16.859999	18.539999	57.239998

1496063112391	16.68	18.539999	57.48

1496063112401	16.56	18.48	57.539997

1496063112411	16.56	18.359999	57.539997

1496063112421	16.32	18.66	57.6

1496063112432	16.26	18.66	57.539997

1496063112442	16.08	18.84	57.12

1496063112451	16.08	18.84	57.12

1496063112461	16.08	19.08	57.18

1496063112471	16.32	19.08	57.0

1496063112481	16.44	19.08	56.94

1496063112492	16.32	19.14	57.12

1496063112502	16.56	18.96	56.94

1496063112511	16.38	19.02	56.879997

1496063112521	16.68	19.02	57.18

1496063112531	16.859999	19.38	57.18

1496063112541	16.68	19.38	57.0

1496063112552	16.44	19.02	57.0

1496063112562	16.26	19.08	57.12

1496063112571	16.44	18.779999	57.18

1496063112581	16.44	18.779999	57.18

1496063112591	16.56	18.72	57.18

1496063112601	16.26	18.779999	57.239998

1496063112611	16.08	18.539999	57.3

1496063112621	16.26	18.72	57.539997

1496063112631	16.02	18.84	57.6

1496063112641	16.14	18.72	57.42

1496063112651	16.08	18.96	57.3

1496063112661	16.08	18.96	57.3

1496063112671	16.14	19.02	57.42

1496063112681	16.26	19.02	57.239998

1496063112692	16.38	18.84	57.3

1496063112703	16.32	18.66	57.12

1496063112711	16.619999	18.66	56.94

1496063112721	16.68	18.779999	57.12

1496063112731	16.56	18.72	57.12

1496063112741	16.56	18.72	57.18

1496063112754	16.56	18.72	57.0

1496063112763	16.619999	18.66	57.18

1496063112771	16.44	18.779999	57.0

1496063112781	16.38	18.96	57.12

1496063112791	16.38	18.96	57.0

1496063112801	16.32	18.84	56.94

1496063112812	16.619999	19.08	56.82

1496063112823	16.56	19.08	56.82

1496063112831	16.619999	19.02	56.82

1496063112841	16.859999	19.14	56.82

1496063112850	16.859999	19.32	56.879997

1496063112861	16.98	19.26	56.879997

1496063112871	16.92	19.26	57.12

1496063112881	16.92	19.32	57.12

1496063112892	16.74	19.08	57.0

1496063112903	16.92	19.08	56.94

1496063112911	16.859999	19.02	57.0

1496063112921	16.619999	18.84	57.0

1496063112931	16.68	18.72	57.0

1496063112941	16.68	18.72	56.94

1496063112953	16.74	18.72	56.94

1496063112963	16.74	18.72	57.0

1496063112971	16.859999	18.779999	57.18

1496063112981	16.68	18.84	57.42

1496063112991	16.619999	19.02	57.48

1496063113001	16.74	19.02	57.3

1496063113013	16.68	19.02	57.3

1496063113022	16.619999	19.02	57.48

1496063113031	16.68	19.26	57.48

1496063113041	16.68	19.08	57.48

1496063113051	16.56	19.14	57.6

1496063113061	16.56	18.779999	57.539997

1496063113072	16.74	18.48	57.6

1496063113083	16.56	18.66	57.719997

1496063113091	16.56	18.72	57.78

1496063113101	16.44	18.72	57.539997

1496063113111	16.32	18.48	57.48

1496063113121	16.14	18.539999	57.3

1496063113132	16.08	18.42	57.18

1496063113143	16.02	18.779999	57.0

1496063113151	15.96	18.96	56.82

1496063113161	16.02	18.84	56.82

1496063113171	16.08	18.84	56.64

1496063113181	16.26	18.96	56.879997

1496063113191	16.38	19.02	56.879997

1496063113201	16.38	19.02	57.12

1496063113211	16.56	19.08	57.18

1496063113221	16.619999	19.08	57.48

1496063113231	16.619999	19.26	57.6

1496063113241	16.68	19.26	57.539997

1496063113251	16.68	19.02	57.6

1496063113261	16.619999	18.72	57.48

1496063113271	16.44	18.48	57.48

1496063113281	16.859999	18.42	57.48

1496063113291	16.859999	18.18	57.48

1496063113301	16.92	18.18	57.3

1496063113313	16.92	18.119999	57.239998

1496063113323	16.98	18.24	57.3

1496063113331	16.92	18.66	57.3

1496063113341	16.92	18.84	57.42

1496063113351	16.98	19.08	57.78

1496063113361	16.74	19.14	57.6

1496063113371	16.92	19.439999	57.719997

1496063113381	16.859999	19.38	57.6

1496063113392	16.74	19.38	57.6

1496063113403	16.68	19.38	57.719997

1496063113411	16.859999	19.439999	57.719997

1496063113421	16.74	19.38	57.78

1496063113431	16.68	19.439999	57.48

1496063113441	16.619999	19.56	57.719997

1496063113452	16.44	19.38	57.6

1496063113463	16.32	19.14	57.78

1496063113471	16.44	19.14	57.84

1496063113481	16.44	19.02	57.84

1496063113491	16.38	18.779999	57.78

1496063113501	16.619999	18.96	57.719997

1496063113514	16.74	18.84	57.539997

1496063113523	16.74	18.72	57.42

1496063113531	16.619999	18.779999	57.3

1496063113541	16.74	19.08	57.239998

1496063113551	16.44	18.84	57.12

1496063113561	16.32	18.72	57.12

1496063113584	16.38	18.779999	56.94

1496063113586	16.26	18.66	56.879997

1496063113591	16.14	18.66	57.0

1496063113601	15.96	18.72	57.239998

1496063113612	16.02	18.72	57.18

1496063113620	16.14	18.779999	56.94

1496063113630	16.38	19.02	56.94

1496063113641	16.38	19.14	56.879997

1496063113652	16.32	18.84	57.18

1496063113662	16.32	18.84	57.239998

1496063113671	16.44	18.66	57.239998

1496063113681	16.859999	18.66	56.94

1496063113691	16.98	18.66	57.239998

1496063113701	16.859999	18.48	57.42

1496063113713	16.619999	18.539999	57.42

1496063113723	16.38	18.42	57.539997

1496063113731	16.32	18.66	57.539997

1496063113741	16.38	18.72	57.48

1496063113751	16.14	18.96	57.48

1496063113761	16.08	19.02	57.539997

1496063113773	16.02	19.08	57.42

1496063113783	16.02	18.84	57.3

1496063113791	16.14	18.96	57.48

1496063113801	16.619999	19.08	57.3

1496063113810	16.68	19.02	57.18

1496063113821	16.619999	18.96	57.48

1496063113831	16.68	18.96	57.42

1496063113841	16.74	18.84	57.42

1496063113853	16.74	18.779999	57.42

1496063113863	16.859999	19.08	57.48

1496063113871	16.859999	19.02	57.48

1496063113881	16.619999	18.96	57.539997

1496063113891	16.68	19.26	57.539997

1496063113901	16.68	19.38	57.3

1496063113913	16.619999	19.439999	57.48

1496063113923	16.619999	19.68	57.6

1496063113931	16.619999	19.74	57.48

1496063113941	16.44	19.859999	57.48

1496063113951	16.38	19.74	57.48

1496063113961	16.44	19.68	57.539997

1496063113973	16.38	19.56	57.719997

1496063113983	16.32	19.68	57.719997

1496063113991	16.44	19.74	57.719997

1496063114001	16.56	19.619999	57.42

1496063114011	16.56	19.32	57.48

1496063114021	16.619999	19.32	57.48

1496063114033	16.68	19.32	57.42

1496063114043	16.74	19.439999	57.18

1496063114051	16.74	19.38	57.12

1496063114061	16.859999	19.14	57.18

1496063114071	16.74	19.02	57.12

1496063114081	16.619999	18.96	57.3

1496063114091	16.74	19.14	57.48

1496063114101	16.92	19.14	57.719997

1496063114111	17.039999	19.08	57.78

1496063114121	16.92	19.08	57.719997

1496063114132	16.92	19.08	57.6

1496063114142	16.92	19.08	57.719997

1496063114151	16.98	19.08	57.539997

1496063114161	17.039999	19.08	57.6

1496063114171	16.98	19.02	57.48

1496063114181	16.859999	19.02	57.6

1496063114192	16.68	19.08	57.6

1496063114202	16.859999	19.08	57.84

1496063114211	16.859999	19.08	57.899998

1496063114221	16.859999	19.56	57.78

1496063114231	16.74	19.56	57.78

1496063114241	16.68	19.619999	57.539997

1496063114252	16.619999	19.74	57.719997

1496063114262	16.56	19.68	57.42

1496063114271	16.619999	19.74	57.3

1496063114281	16.68	19.74	57.3

1496063114291	16.56	19.859999	57.3

1496063114300	16.619999	19.56	57.3

1496063114312	16.74	19.56	57.48

1496063114322	16.74	19.38	57.48

1496063114331	16.68	19.38	57.239998

1496063114341	16.92	19.02	57.12

1496063114351	16.859999	18.96	57.18

1496063114361	16.74	18.84	57.18

1496063114372	16.92	18.779999	57.12

1496063114382	16.92	18.66	57.3

1496063114391	16.619999	18.72	57.239998

1496063114401	16.56	18.779999	57.42

1496063114411	16.56	18.779999	57.539997

1496063114421	16.44	19.08	57.719997

1496063114432	16.56	19.02	57.6

1496063114442	16.38	19.02	57.539997

1496063114451	16.38	19.02	57.78

1496063114461	16.32	18.96	57.42

1496063114471	16.38	18.96	57.48

1496063114481	16.44	18.96	57.3

1496063114493	16.38	18.779999	57.239998

1496063114502	16.14	18.72	57.239998

1496063114511	16.14	18.779999	57.18

1496063114521	16.26	18.72	57.3

1496063114531	16.26	18.66	57.12

1496063114541	16.14	18.779999	57.3

1496063114552	16.26	18.84	57.3

1496063114562	16.32	18.84	57.239998

1496063114571	16.56	19.02	57.3

1496063114581	16.68	18.84	57.18

1496063114591	16.44	18.779999	57.239998

1496063114601	16.38	18.96	57.239998

1496063114610	16.44	19.26	57.3

1496063114620	16.619999	19.08	57.3

1496063114630	16.56	18.96	57.3

1496063114641	16.38	19.02	57.539997

1496063114652	16.44	19.02	57.539997

1496063114662	16.32	19.26	57.539997

1496063114671	16.56	19.08	57.539997

1496063114681	16.56	18.96	57.48

1496063114691	16.619999	18.66	57.48

1496063114701	16.619999	18.779999	57.42

1496063114712	16.68	18.96	57.3

1496063114723	16.859999	18.96	57.239998

1496063114731	16.74	18.779999	57.239998

1496063114741	17.039999	18.84	57.3

1496063114751	17.16	19.14	57.3

1496063114761	17.34	19.32	57.239998

1496063114771	17.34	19.38	57.239998

1496063114780	17.22	19.08	57.3

1496063114791	16.92	18.84	57.239998

1496063114800	16.74	18.72	57.239998

1496063114812	16.619999	18.779999	57.239998

1496063114823	16.56	18.48	57.239998

1496063114831	16.44	18.18	57.3

1496063114841	16.14	18.18	57.3

1496063114851	16.02	18.24	57.3

1496063114861	16.08	18.48	57.18

1496063114873	16.38	18.539999	57.42

1496063114883	16.44	18.66	57.3

1496063114891	16.56	18.72	57.239998

1496063114901	16.44	19.08	57.42

1496063114911	16.44	19.56	57.18

1496063114921	16.68	19.439999	57.18

1496063114933	16.619999	19.56	57.12

1496063114943	16.619999	19.56	57.18

1496063114951	16.56	19.619999	56.879997

1496063114961	16.68	19.74	57.0

1496063114971	16.74	19.859999	57.0

1496063114981	16.74	19.68	56.879997

1496063114993	16.68	19.439999	57.0

1496063115002	16.68	19.439999	57.0

1496063115011	16.92	19.38	56.879997

1496063115021	16.92	19.08	56.879997

1496063115031	16.98	19.14	56.94

1496063115041	16.98	19.02	56.94

1496063115052	16.859999	18.779999	57.0

1496063115063	16.859999	19.02	57.12

1496063115071	16.68	18.96	57.239998

1496063115081	16.44	18.84	57.3

1496063115091	16.32	18.779999	57.539997

1496063115100	16.32	19.14	57.539997

1496063115112	16.38	19.08	57.6

1496063115122	16.32	19.02	57.539997

1496063115131	16.32	19.08	57.48

1496063115140	16.14	18.96	57.539997

1496063115151	16.32	18.96	57.3

1496063115161	16.44	18.96	57.3

1496063115171	16.56	19.08	57.12

1496063115181	16.38	18.779999	57.18

1496063115191	16.44	18.72	57.239998

1496063115201	16.44	18.72	57.3

1496063115212	16.56	18.779999	57.3

1496063115223	16.74	18.66	57.239998

1496063115231	16.859999	18.779999	57.239998

1496063115241	16.859999	18.84	57.239998

1496063115251	16.74	18.779999	57.42

1496063115260	16.92	18.96	57.42

1496063115273	16.68	19.02	57.48

1496063115283	16.619999	18.84	57.48

1496063115291	16.619999	18.48	57.539997

1496063115300	16.56	18.359999	57.42

1496063115311	16.44	18.359999	57.6

1496063115321	16.32	18.42	57.539997

1496063115332	16.14	18.42	57.6

1496063115343	16.26	18.24	57.6

1496063115351	16.32	18.18	57.539997

1496063115361	16.32	18.66	57.719997

1496063115371	16.32	19.02	57.719997

1496063115380	16.26	19.14	57.899998

1496063115392	16.26	19.08	57.78

1496063115402	16.38	18.96	57.78

1496063115411	16.56	19.02	57.78

1496063115421	16.44	19.14	57.719997

1496063115431	16.44	19.08	57.6

1496063115441	16.44	18.779999	57.42

1496063115452	16.619999	18.66	57.42

1496063115462	16.859999	18.66	57.3

1496063115471	16.74	18.72	57.42

1496063115481	16.98	18.72	57.3

1496063115491	16.92	18.48	57.3

1496063115501	16.859999	18.539999	57.48

1496063115513	16.92	18.539999	57.42

1496063115522	16.98	18.72	57.48

1496063115531	16.859999	19.02	57.42

1496063115541	16.68	19.08	57.42

1496063115551	16.74	18.72	57.3

1496063115561	16.44	18.84	57.539997

1496063115571	16.44	19.02	57.48

1496063115582	16.38	19.08	57.3

1496063115591	16.38	18.96	57.3

1496063115603	16.32	18.96	57.3

1496063115614	16.32	18.48	57.42

1496063115621	16.44	18.66	57.239998

1496063115631	16.619999	18.96	57.239998

1496063115640	16.74	18.84	57.239998

1496063115650	16.859999	18.84	57.6

1496063115661	16.92	18.84	57.539997

1496063115672	16.859999	19.08	57.84

1496063115683	16.859999	18.96	57.78

1496063115691	16.859999	19.26	57.6

1496063115701	16.619999	19.02	57.78

1496063115711	16.56	18.96	57.899998

1496063115720	16.32	18.66	57.84

1496063115730	16.14	18.539999	57.539997

1496063115740	16.26	18.48	57.6

1496063115751	16.08	18.18	57.48

1496063115761	16.14	18.18	57.42

1496063115772	16.02	18.119999	57.6

1496063115782	16.14	17.94	57.78

1496063115791	16.08	17.94	57.6

1496063115801	16.14	18.24	57.48

1496063115811	16.38	18.18	57.42

1496063115821	16.619999	18.119999	57.539997

1496063115832	16.92	18.48	57.48

1496063115842	16.92	18.359999	57.719997

1496063115851	17.039999	18.359999	57.6

1496063115861	17.16	18.24	57.42

1496063115871	17.039999	18.24	57.539997

1496063115881	17.279999	18.24	57.719997

1496063115892	17.279999	18.359999	57.78

1496063115902	17.039999	18.42	57.719997

1496063115912	16.98	18.119999	57.719997

1496063115922	16.859999	18.359999	57.539997

1496063115931	16.68	18.359999	57.48

1496063115940	16.56	18.539999	57.539997

1496063115951	16.68	18.539999	57.3

1496063115961	16.619999	18.66	57.239998

1496063115972	16.619999	18.779999	57.3

1496063115982	16.98	18.779999	57.3

1496063115991	16.92	18.96	57.539997

1496063116001	17.039999	18.96	57.78

1496063116011	17.279999	18.96	57.6

1496063116020	17.34	19.02	57.539997

1496063116032	17.22	19.08	57.539997

1496063116043	17.16	19.08	57.6

1496063116051	16.98	18.96	57.42

1496063116061	16.619999	19.14	57.48

1496063116071	16.619999	19.14	57.18

1496063116081	16.44	18.96	56.94

1496063116093	16.44	18.72	56.94

1496063116103	16.56	18.84	57.12

1496063116111	16.56	19.02	57.239998

1496063116121	16.68	18.96	57.18

1496063116131	16.92	18.96	57.239998

1496063116141	16.98	18.72	57.12

1496063116153	17.039999	18.72	57.18

1496063116163	17.22	19.08	57.12

1496063116171	17.22	19.439999	57.18

1496063116181	17.039999	19.439999	57.0

1496063116191	17.16	19.38	57.18

1496063116201	16.859999	19.08	57.239998

1496063116211	16.56	19.26	57.42

1496063116221	16.44	19.26	57.42

1496063116232	16.44	19.32	57.48

1496063116242	16.32	19.32	57.539997

1496063116251	16.26	19.32	57.719997

1496063116261	16.14	19.08	57.78

1496063116271	16.26	18.96	57.719997

1496063116281	16.32	19.14	57.6

1496063116292	16.56	19.02	57.6

1496063116302	16.56	19.08	57.719997

1496063116311	16.44	19.08	57.6

1496063116321	16.44	19.02	57.6

1496063116331	16.44	18.96	57.78

1496063116340	16.44	19.02	57.719997

1496063116352	16.38	19.08	57.719997

1496063116362	16.38	19.08	57.84

1496063116371	16.32	19.08	57.6

1496063116381	16.32	19.02	57.539997

1496063116391	16.26	19.02	57.539997

1496063116401	16.44	18.84	57.6

1496063116412	16.44	18.779999	57.42

1496063116422	16.56	18.72	57.6

1496063116431	16.44	18.779999	57.539997

1496063116441	16.619999	18.84	57.12

1496063116451	16.619999	18.96	57.239998

1496063116460	16.44	19.08	57.239998

1496063116472	16.619999	19.02	57.48

1496063116482	16.44	19.08	57.48

