1496004582407	-0.35434186	0.0	10.0269165

1496004582409	-0.36391866	0.009576807	9.988609

1496004582413	-0.38307226	0.0	9.998186

1496004582416	-0.36391866	-0.009576807	10.007763

1496004582430	-0.35434186	-0.02873042	10.007763

1496004582435	-0.39264908	-0.009576807	9.9790325

1496004582450	-0.33518824	-0.019153614	9.959879

1496004582455	-0.39264908	-0.02873042	9.940725

1496004582472	-0.36391866	-0.047884032	9.959879

1496004582484	-0.38307226	-0.038307227	9.921572

1496004582505	-0.36391866	0.0	9.931149

1496004582515	-0.36391866	0.019153614	9.9790325

1496004582519	-0.37349546	0.019153614	10.007763

1496004582522	-0.34476504	0.019153614	9.969456

1496004582543	-0.38307226	-0.009576807	9.950302

1496004582546	-0.30645782	-0.038307227	9.959879

1496004582549	-0.36391866	-0.009576807	9.998186

1496004582558	-0.35434186	0.009576807	10.01734

1496004582567	-0.39264908	0.019153614	9.969456

1496004582578	-0.40222588	0.009576807	9.959879

1496004582588	-0.4213795	0.019153614	9.931149

1496004582593	-0.38307226	0.0	9.921572

1496004582608	-0.38307226	-0.009576807	9.940725

1496004582618	-0.36391866	0.02873042	9.959879

1496004582624	-0.38307226	0.019153614	9.950302

1496004582634	-0.39264908	-0.009576807	9.959879

1496004582647	-0.38307226	0.0	9.940725

1496004582657	-0.37349546	0.009576807	9.931149

1496004582666	-0.38307226	0.019153614	9.9790325

1496004582674	-0.38307226	0.0	9.931149

1496004582688	-0.38307226	0.019153614	9.998186

1496004582694	-0.39264908	-0.009576807	9.969456

1496004582707	-0.39264908	0.009576807	9.969456

1496004582714	-0.38307226	-0.02873042	9.9790325

1496004582728	-0.39264908	-0.047884032	9.959879

1496004582734	-0.35434186	-0.009576807	9.950302

1496004582749	-0.38307226	0.0	9.950302

1496004582758	-0.36391866	0.05746084	9.950302

1496004582764	-0.40222588	0.02873042	9.940725

1496004582778	-0.34476504	0.009576807	9.969456

1496004582788	-0.34476504	-0.009576807	9.950302

1496004582794	-0.39264908	0.0	9.9790325

1496004582807	-0.40222588	0.009576807	9.969456

1496004582814	-0.38307226	-0.019153614	9.940725

1496004582828	-0.40222588	0.0	9.911995

1496004582834	-0.41180268	0.019153614	9.940725

1496004582848	-0.37349546	-0.019153614	9.931149

1496004582858	-0.37349546	-0.009576807	9.959879

1496004582867	-0.41180268	0.009576807	9.950302

1496004582874	-0.4213795	-0.009576807	9.921572

1496004582887	-0.41180268	-0.009576807	9.931149

1496004582898	-0.40222588	0.019153614	9.892841

1496004582907	-0.4213795	0.019153614	9.931149

1496004582914	-0.40222588	0.0	9.950302

1496004582927	-0.40222588	0.019153614	9.931149

1496004582934	-0.38307226	-0.019153614	9.959879

1496004582948	-0.35434186	-0.047884032	9.950302

1496004582954	-0.38307226	-0.047884032	9.911995

1496004582968	-0.37349546	0.0	9.940725

1496004582974	-0.38307226	0.0	9.959879

1496004582988	-0.40222588	0.0	9.988609

1496004582998	-0.40222588	0.009576807	9.988609

1496004583004	-0.39264908	-0.009576807	9.940725

1496004583018	-0.36391866	-0.02873042	9.9790325

1496004583028	-0.39264908	-0.019153614	9.998186

1496004583034	-0.34476504	-0.019153614	9.969456

1496004583048	-0.36391866	0.009576807	9.988609

1496004583054	-0.38307226	0.009576807	9.998186

1496004583068	-0.35434186	-0.009576807	10.007763

1496004583074	-0.39264908	0.0	9.959879

1496004583088	-0.38307226	-0.019153614	9.959879

1496004583094	-0.37349546	0.0	9.950302

1496004583108	-0.38307226	0.02873042	9.969456

1496004583114	-0.37349546	0.009576807	9.9790325

1496004583127	-0.35434186	0.0	9.940725

1496004583134	-0.36391866	0.009576807	9.950302

1496004583147	-0.34476504	0.0	9.931149

1496004583154	-0.34476504	0.009576807	9.921572

1496004583168	-0.35434186	-0.019153614	9.902418

1496004583177	-0.36391866	-0.02873042	9.911995

1496004583188	-0.38307226	-0.038307227	9.892841

1496004583197	-0.37349546	-0.009576807	9.950302

1496004583204	-0.41180268	-0.02873042	9.911995

1496004583217	-0.4405331	0.0	9.921572

1496004583228	-0.4213795	0.009576807	9.931149

1496004583239	-0.40222588	0.0	9.911995

1496004583253	-0.37349546	0.0	9.940725

1496004583257	-0.41180268	0.047884032	9.940725

1496004583270	-0.39264908	0.0	9.911995

1496004583276	-0.39264908	0.0	9.931149

1496004583352	-0.36391866	0.0	9.940725

1496004583356	-0.36391866	0.02873042	9.950302

1496004583360	-0.37349546	0.009576807	9.892841

1496004583363	-0.37349546	0.019153614	9.950302

1496004583367	-0.38307226	0.019153614	9.969456

1496004583369	-0.38307226	0.0	9.959879

1496004583372	-0.38307226	0.02873042	9.911995

1496004583375	-0.37349546	0.009576807	9.950302

1496004583380	-0.38307226	0.019153614	9.969456

1496004583384	-0.36391866	-0.019153614	9.998186

1496004583388	-0.34476504	0.009576807	9.988609

1496004583451	-0.36391866	0.02873042	9.988609

1496004583454	-0.40222588	0.019153614	9.959879

1496004583456	-0.37349546	0.0	9.931149

1496004583457	-0.39264908	-0.019153614	9.998186

1496004583458	-0.34476504	0.009576807	9.969456

1496004583460	-0.34476504	0.019153614	9.988609

1496004583462	-0.36391866	0.038307227	9.969456

1496004583465	-0.41180268	0.02873042	9.959879

1496004583478	-0.4309563	0.038307227	9.959879

1496004583486	-0.39264908	-0.009576807	9.931149

1496004583496	-0.41180268	-0.019153614	9.950302

1496004583503	-0.41180268	0.019153614	9.969456

1496004583514	-0.4405331	0.02873042	9.950302

1496004583526	-0.4309563	0.038307227	9.892841

1496004583535	-0.45010993	0.019153614	9.931149

1496004583544	-0.4405331	0.019153614	9.950302

1496004583558	-0.41180268	-0.019153614	9.892841

1496004583564	-0.40222588	0.0	10.01734

1496004583579	-0.38307226	-0.019153614	9.9790325

1496004583584	-0.35434186	-0.009576807	10.01734

1496004583594	-0.33518824	-0.019153614	9.940725

1496004583611	-0.4309563	-0.009576807	9.959879

1496004583614	-0.45968673	-0.02873042	9.892841

1496004583624	-0.45010993	-0.009576807	9.950302

1496004583638	-0.4309563	-0.009576807	10.01734

1496004583644	-0.4309563	-0.009576807	10.036493

1496004583654	-0.36391866	-0.009576807	10.0748005

1496004583664	-0.39264908	0.0	10.0269165

1496004583678	-0.4213795	0.02873042	9.9790325

1496004583684	-0.4213795	0.02873042	10.103531

1496004583698	-0.36391866	0.038307227	10.1226845

1496004583705	-0.36391866	-0.009576807	9.988609

1496004583718	-0.38307226	-0.009576807	10.007763

1496004583725	-0.38307226	-0.009576807	9.854534

1496004583738	-0.38307226	-0.02873042	10.04607

1496004583751	-0.39264908	-0.009576807	9.959879

1496004583759	-0.2873042	0.038307227	9.921572

1496004583769	-0.36391866	0.02873042	9.931149

1496004583780	-0.32561144	0.019153614	9.988609

1496004583784	-0.32561144	0.019153614	9.988609

1496004583798	-0.40222588	0.05746084	9.931149

1496004583809	-0.34476504	0.02873042	9.873688

1496004583815	-0.34476504	0.02873042	9.873688

1496004583827	-0.35434186	0.009576807	10.007763

1496004583834	-0.35434186	0.009576807	10.007763

1496004583844	-0.36391866	0.0	9.998186

1496004583853	-0.38307226	-0.019153614	10.007763

1496004583865	-0.4309563	0.009576807	9.9790325

1496004583878	-0.34476504	0.06703765	10.01734

1496004583883	-0.34476504	0.06703765	10.01734

1496004583893	-0.38307226	0.019153614	10.103531

1496004583908	-0.38307226	-0.009576807	10.01734

1496004583920	-0.37349546	-0.009576807	9.950302

1496004583924	-0.37349546	-0.009576807	9.950302

1496004583933	-0.37349546	0.0	9.892841

1496004583944	-0.35434186	0.009576807	9.969456

1496004583954	-0.32561144	0.009576807	9.959879

1496004583966	-0.34476504	0.009576807	9.902418

1496004583976	-0.35434186	-0.009576807	9.854534

1496004583989	-0.37349546	0.047884032	9.940725

1496004583994	-0.37349546	0.047884032	9.940725

1496004584004	-0.41180268	-0.009576807	9.988609

1496004584021	-0.38307226	0.009576807	10.007763

1496004584027	-0.38307226	0.0	9.940725

1496004584039	-0.35434186	0.0	10.036493

1496004584044	-0.35434186	0.0	10.036493

1496004584054	-0.34476504	0.0	9.959879

1496004584069	-0.33518824	0.009576807	9.9790325

1496004584078	-0.32561144	0.05746084	9.9790325

1496004584089	-0.32561144	0.05746084	9.825804

1496004584098	-0.40222588	0.038307227	9.950302

1496004584103	-0.39264908	0.02873042	9.864111

1496004584115	-0.39264908	0.0	9.911995

1496004584172	-0.4213795	0.0	9.940725

1496004584174	-0.4213795	0.0	9.940725

1496004584178	-0.38307226	-0.06703765	9.883265

1496004584182	-0.38307226	-0.06703765	9.883265

1496004584184	-0.32561144	-0.10534488	9.902418

1496004584186	-0.30645782	-0.076614454	9.902418

1496004584188	-0.36391866	0.11492168	9.835381

1496004584199	-0.45968673	0.019153614	9.835381

1496004584203	-0.4309563	0.009576807	9.969456

1496004584217	-0.40222588	0.019153614	9.950302

1496004584224	-0.40222588	0.019153614	9.902418

1496004584237	-0.4309563	0.0	9.873688

1496004584248	-0.4213795	-0.05746084	9.892841

1496004584256	-0.4213795	0.02873042	9.969456

1496004584267	-0.37349546	0.019153614	9.969456

1496004584278	-0.39264908	-0.02873042	9.921572

1496004584287	-0.39264908	-0.02873042	9.921572

1496004584294	-0.39264908	0.019153614	9.940725

1496004584308	-0.39264908	0.019153614	9.950302

1496004584314	-0.4405331	0.019153614	9.959879

1496004584327	-0.37349546	0.019153614	10.01734

1496004584337	-0.39264908	0.038307227	10.04607

1496004584348	-0.36391866	0.019153614	9.9790325

1496004584354	-0.33518824	-0.02873042	9.988609

1496004584367	-0.40222588	0.0	10.007763

1496004584374	-0.40222588	0.02873042	10.007763

1496004584387	-0.39264908	0.047884032	9.969456

1496004584393	-0.33518824	0.02873042	9.988609

1496004584408	-0.33518824	0.02873042	9.998186

1496004584418	-0.31603462	-0.019153614	9.940725

1496004584423	-0.33518824	-0.047884032	9.921572

1496004584438	-0.36391866	-0.038307227	9.940725

1496004584447	-0.35434186	-0.02873042	9.940725

1496004584458	-0.40222588	-0.02873042	9.998186

1496004584464	-0.4213795	-0.009576807	10.01734

1496004584473	-0.4213795	0.047884032	9.969456

1496004584484	-0.40222588	0.047884032	9.950302

1496004584497	-0.40222588	0.019153614	9.902418

1496004584508	-0.37349546	0.02873042	9.950302

1496004584517	-0.39264908	0.02873042	10.0269165

1496004584524	-0.33518824	0.019153614	10.007763

1496004584538	-0.39264908	0.02873042	9.950302

1496004584549	-0.38307226	-0.019153614	9.950302

1496004584560	-0.35434186	0.0	9.931149

1496004584563	-0.35434186	-0.019153614	9.9790325

1496004584577	-0.38307226	0.009576807	9.959879

1496004584589	-0.39264908	-0.02873042	9.959879

1496004584597	-0.40222588	-0.02873042	9.931149

1496004584608	-0.35434186	-0.038307227	9.988609

1496004584618	-0.40222588	0.02873042	9.9790325

1496004584629	-0.36391866	0.019153614	9.959879

1496004584634	-0.36391866	-0.009576807	9.940725

1496004584650	-0.32561144	-0.02873042	9.988609

1496004584657	-0.37349546	0.0	10.007763

1496004584664	-0.4213795	0.0	9.959879

1496004584678	-0.41180268	-0.009576807	9.959879

1496004584688	-0.40222588	0.0	9.969456

1496004584694	-0.40222588	0.009576807	9.921572

1496004584709	-0.40222588	0.038307227	9.988609

1496004584713	-0.37349546	0.047884032	10.007763

1496004584723	-0.41180268	0.047884032	10.0269165

1496004584739	-0.38307226	0.02873042	9.998186

1496004584750	-0.37349546	0.047884032	9.988609

1496004584754	-0.39264908	0.009576807	10.007763

1496004584763	-0.35434186	-0.009576807	9.998186

1496004584774	-0.40222588	0.009576807	9.959879

1496004584784	-0.36391866	0.009576807	9.998186

1496004584794	-0.40222588	0.019153614	9.940725

1496004584810	-0.41180268	-0.009576807	9.911995

1496004584817	-0.4213795	0.038307227	9.959879

1496004584825	-0.4309563	0.038307227	9.940725

1496004584838	-0.39264908	0.047884032	9.969456

1496004584843	-0.39264908	0.047884032	10.007763

1496004584854	-0.39264908	0.019153614	9.988609

1496004584866	-0.40222588	0.038307227	9.9790325

1496004584873	-0.36391866	0.02873042	9.950302

1496004584888	-0.40222588	0.038307227	9.921572

1496004584898	-0.40222588	-0.009576807	9.959879

1496004584904	-0.4405331	-0.009576807	9.959879

1496004584914	-0.4213795	0.009576807	9.988609

1496004584929	-0.39264908	-0.038307227	9.940725

1496004584933	-0.4213795	-0.019153614	9.940725

1496004584944	-0.37349546	-0.019153614	9.969456

1496004584959	-0.35434186	0.009576807	9.969456

1496004584967	-0.38307226	-0.009576807	9.9790325

1496004584974	-0.40222588	0.038307227	9.988609

1496004585012	-0.38307226	0.0	9.998186

1496004585014	-0.36391866	-0.009576807	9.9790325

1496004585016	-0.38307226	-0.009576807	9.998186

1496004585018	-0.37349546	-0.009576807	9.998186

1496004585023	-0.37349546	0.019153614	9.969456

1496004585037	-0.35434186	-0.019153614	10.007763

1496004585045	-0.36391866	0.009576807	9.9790325

1496004585059	-0.40222588	0.009576807	9.969456

1496004585067	-0.40222588	-0.019153614	9.988609

1496004585073	-0.36391866	-0.019153614	9.969456

1496004585087	-0.38307226	0.02873042	9.998186

1496004585097	-0.39264908	0.02873042	9.9790325

1496004585103	-0.45010993	0.02873042	9.969456

1496004585114	-0.4405331	0.009576807	9.9790325

1496004585126	-0.41180268	0.047884032	9.940725

1496004585137	-0.39264908	-0.019153614	9.959879

1496004585143	-0.41180268	0.019153614	9.9790325

1496004585157	-0.4405331	0.038307227	9.911995

1496004585167	-0.4309563	0.019153614	9.969456

1496004585173	-0.38307226	0.019153614	9.998186

1496004585184	-0.31603462	0.038307227	9.9790325

1496004585193	-0.35434186	0.038307227	9.9790325

1496004585208	-0.36391866	0.019153614	9.959879

1496004585216	-0.36391866	-0.009576807	9.921572

1496004585228	-0.34476504	-0.047884032	9.969456

1496004585233	-0.45010993	0.009576807	9.998186

1496004585243	-0.45010993	0.0	9.921572

1496004585255	-0.4309563	0.0	9.931149

1496004585263	-0.38307226	-0.019153614	9.959879

1496004585278	-0.37349546	-0.02873042	9.921572

1496004585283	-0.45010993	0.0	9.911995

1496004585296	-0.35434186	0.047884032	9.931149

1496004585307	-0.35434186	0.0	9.950302

1496004585316	-0.40222588	0.02873042	9.959879

1496004585323	-0.41180268	0.009576807	9.902418

1496004585337	-0.40222588	-0.009576807	9.950302

1496004585343	-0.34476504	-0.019153614	9.988609

1496004585353	-0.40222588	0.02873042	9.9790325

1496004585366	-0.41180268	-0.019153614	9.921572

1496004585376	-0.41180268	-0.009576807	9.959879

1496004585386	-0.4213795	-0.009576807	9.921572

1496004585397	-0.35434186	-0.02873042	9.921572

1496004585407	-0.34476504	0.0	9.950302

1496004585418	-0.35434186	-0.038307227	9.921572

1496004585424	-0.36391866	0.009576807	9.959879

1496004585437	-0.30645782	0.0	9.9790325

1496004585447	-0.37349546	0.019153614	9.959879

1496004585457	-0.38307226	0.02873042	9.969456

1496004585463	-0.39264908	0.0	9.988609

1496004585473	-0.35434186	0.019153614	9.940725

1496004585483	-0.37349546	0.02873042	9.998186

1496004585493	-0.30645782	0.0	9.931149

1496004585503	-0.29688102	0.019153614	10.01734

1496004585513	-0.36391866	0.019153614	9.9790325

1496004585526	-0.36391866	0.02873042	9.988609

1496004585537	-0.38307226	0.019153614	9.998186

1496004585546	-0.40222588	-0.009576807	9.940725

1496004585553	-0.36391866	-0.02873042	9.940725

1496004585566	-0.37349546	-0.02873042	9.959879

1496004585577	-0.40222588	0.009576807	9.969456

1496004585583	-0.38307226	0.019153614	9.988609

1496004585607	-0.34476504	-0.009576807	9.9790325

1496004585614	-0.31603462	-0.02873042	10.007763

1496004585626	-0.32561144	-0.02873042	9.969456

1496004585633	-0.36391866	-0.009576807	9.969456

1496004585647	-0.37349546	0.0	9.969456

1496004585656	-0.35434186	0.009576807	9.998186

1496004585666	-0.41180268	0.038307227	9.959879

1496004585677	-0.41180268	0.009576807	9.940725

1496004585687	-0.38307226	-0.019153614	9.950302

1496004585693	-0.4213795	-0.019153614	9.950302

1496004585707	-0.40222588	-0.038307227	9.9790325

1496004585717	-0.37349546	-0.038307227	9.969456

1496004585725	-0.45010993	0.019153614	9.959879

1496004585734	-0.4309563	0.02873042	9.9790325

1496004585744	-0.39264908	0.0	9.940725

1496004585758	-0.41180268	0.02873042	9.998186

1496004585768	-0.38307226	0.038307227	10.036493

1496004585779	-0.4405331	0.019153614	9.950302

1496004585783	-0.40222588	0.02873042	9.988609

1496004585794	-0.39264908	-0.009576807	9.940725

1496004585872	-0.32561144	0.0	9.931149

1496004585874	-0.33518824	0.009576807	9.892841

1496004585876	-0.37349546	0.02873042	9.940725

1496004585878	-0.34476504	0.02873042	9.940725

1496004585880	-0.35434186	0.009576807	9.931149

1496004585882	-0.39264908	0.009576807	9.9790325

1496004585885	-0.38307226	0.019153614	9.950302

1496004585887	-0.35434186	0.0	9.911995

1496004585903	-0.36391866	-0.009576807	9.959879

1496004585914	-0.36391866	0.019153614	9.969456

1496004585916	-0.36391866	0.019153614	10.007763

1496004585927	-0.37349546	0.0	9.959879

1496004585933	-0.37349546	0.0	9.911995

1496004585949	-0.4309563	0.038307227	9.940725

1496004585956	-0.4213795	0.019153614	9.959879

1496004585966	-0.39264908	-0.009576807	9.998186

1496004585975	-0.41180268	0.0	9.988609

1496004585983	-0.40222588	0.009576807	10.01734

1496004585996	-0.40222588	0.009576807	9.969456

1496004586007	-0.39264908	0.05746084	9.931149

1496004586013	-0.35434186	0.019153614	9.940725

1496004586023	-0.29688102	0.009576807	9.940725

1496004586036	-0.38307226	0.047884032	9.940725

1496004586046	-0.37349546	0.038307227	9.959879

1496004586053	-0.33518824	0.047884032	9.921572

1496004586066	-0.34476504	0.009576807	9.969456

1496004586076	-0.2873042	0.02873042	10.0269165

1496004586086	-0.33518824	0.0	9.9790325

1496004586100	-0.37349546	0.019153614	9.969456

1496004586103	-0.34476504	0.047884032	9.959879

1496004586118	-0.35434186	0.019153614	9.921572

1496004586124	-0.35434186	0.0	9.969456

1496004586140	-0.41180268	0.009576807	9.940725

1496004586147	-0.37349546	0.009576807	10.007763

1496004586153	-0.33518824	0.009576807	9.969456

1496004586167	-0.38307226	0.009576807	9.950302

1496004586173	-0.34476504	0.009576807	9.998186

1496004586183	-0.35434186	0.009576807	9.911995

1496004586194	-0.33518824	-0.019153614	9.892841

1496004586207	-0.36391866	-0.047884032	9.931149

1496004586213	-0.37349546	-0.02873042	9.950302

1496004586228	-0.38307226	-0.019153614	9.969456

1496004586236	-0.41180268	0.009576807	9.959879

1496004586246	-0.41180268	0.038307227	9.988609

1496004586253	-0.4309563	0.08619126	10.01734

1496004586266	-0.37349546	0.05746084	9.988609

1496004586277	-0.40222588	0.038307227	9.998186

1496004586286	-0.38307226	0.009576807	10.01734

1496004586300	-0.38307226	0.0	10.007763

1496004586303	-0.39264908	0.009576807	9.988609

1496004586316	-0.33518824	-0.019153614	10.036493

1496004586324	-0.35434186	-0.009576807	9.950302

1496004586334	-0.36391866	-0.009576807	9.892841

1496004586343	-0.34476504	-0.06703765	9.892841

1496004586357	-0.37349546	-0.038307227	9.969456

1496004586366	-0.32561144	0.0	9.998186

1496004586378	-0.39264908	-0.009576807	9.921572

1496004586383	-0.39264908	0.0	9.921572

1496004586393	-0.33518824	0.02873042	9.9790325

1496004586404	-0.36391866	0.019153614	9.988609

1496004586416	-0.38307226	0.0	9.931149

1496004586423	-0.41180268	0.038307227	9.892841

1496004586438	-0.39264908	0.019153614	9.950302

1496004586450	-0.38307226	0.009576807	9.959879

1496004586453	-0.38307226	0.019153614	10.036493

1496004586463	-0.32561144	0.019153614	9.931149

1496004586478	-0.30645782	0.02873042	10.01734

1496004586486	-0.36391866	-0.038307227	9.864111

1496004586493	-0.36391866	-0.038307227	9.864111

1496004586503	-0.35434186	-0.009576807	9.892841

1496004586517	-0.41180268	0.009576807	9.787497

1496004586526	-0.4213795	0.038307227	9.940725

1496004586534	-0.4213795	0.038307227	9.940725

1496004586546	-0.41180268	0.02873042	9.864111

1496004586553	-0.4213795	0.038307227	9.950302

1496004586563	-0.37349546	0.05746084	9.950302

1496004586576	-0.30645782	0.02873042	9.998186

1496004586586	-0.2873042	0.02873042	9.969456

1496004586596	-0.33518824	0.009576807	9.902418

1496004586607	-0.39264908	0.038307227	9.864111

1496004586613	-0.39264908	0.038307227	9.864111

1496004586627	-0.40222588	-0.05746084	9.988609

1496004586656	-0.40222588	-0.05746084	9.988609

1496004586658	-0.34476504	-0.02873042	9.988609

1496004586661	-0.35434186	0.038307227	9.844957

1496004586673	-0.40222588	0.05746084	9.883265

1496004586684	-0.40222588	0.05746084	9.883265

1496004586685	-0.45968673	0.019153614	9.911995

1496004586703	-0.45968673	0.019153614	9.911995

1496004586714	-0.4309563	-0.009576807	9.854534

1496004586718	-0.40222588	0.019153614	9.825804

1496004586729	-0.34476504	0.019153614	9.988609

1496004586738	-0.34476504	-0.038307227	9.9790325

1496004586751	-0.34476504	0.0	9.9790325

1496004586771	-0.35434186	0.02873042	10.007763

1496004586773	-0.35434186	0.02873042	10.007763

1496004586775	-0.40222588	-0.019153614	9.959879

1496004586786	-0.5554548	0.047884032	10.055647

1496004586793	-0.45968673	0.047884032	10.055647

1496004586807	-0.36391866	0.038307227	10.007763

1496004586813	-0.36391866	0.038307227	10.007763

1496004586823	-0.36391866	0.05746084	9.969456

1496004586836	-0.33518824	-0.11492168	9.854534

1496004586843	-0.32561144	0.0	9.854534

1496004586858	-0.41180268	0.009576807	9.931149

1496004586866	-0.34476504	0.019153614	9.988609

1496004586873	-0.37349546	0.06703765	9.988609

1496004586883	-0.37349546	0.08619126	9.959879

1496004586897	-0.36391866	0.02873042	9.940725

1496004586908	-0.34476504	0.019153614	9.902418

1496004586921	-0.35434186	0.02873042	9.883265

1496004586923	-0.35434186	0.02873042	9.883265

1496004586933	-0.32561144	0.05746084	9.959879

1496004586943	-0.31603462	0.05746084	9.940725

1496004586957	-0.31603462	-0.009576807	9.883265

1496004586967	-0.38307226	0.0	9.902418

1496004586973	-0.38307226	0.038307227	10.01734

1496004586986	-0.41180268	0.019153614	9.969456

1496004586993	-0.45010993	0.047884032	10.007763

1496004587003	-0.36391866	-0.009576807	9.969456

1496004587021	-0.36391866	-0.02873042	9.950302

1496004587023	-0.36391866	-0.02873042	9.950302

1496004587036	-0.37349546	0.019153614	9.9790325

1496004587047	-0.39264908	-0.009576807	9.892841

1496004587053	-0.4213795	-0.019153614	9.931149

1496004587063	-0.34476504	-0.019153614	9.940725

1496004587073	-0.32561144	-0.009576807	9.959879

1496004587083	-0.32561144	-0.02873042	9.892841

1496004587093	-0.35434186	0.047884032	9.988609

1496004587103	-0.32561144	0.02873042	9.998186

1496004587118	-0.37349546	-0.019153614	9.883265

1496004587123	-0.37349546	-0.019153614	9.883265

1496004587139	-0.40222588	0.009576807	9.883265

1496004587144	-0.4213795	0.038307227	9.950302

1496004587153	-0.35434186	0.009576807	9.9790325

1496004587167	-0.36391866	0.009576807	9.931149

1496004587176	-0.32561144	0.02873042	9.988609

1496004587233	-0.45968673	0.038307227	9.902418

1496004587237	-0.41180268	0.047884032	9.921572

1496004587241	-0.40222588	0.02873042	9.940725

1496004587244	-0.39264908	0.0	9.892841

1496004587246	-0.40222588	-0.009576807	9.844957

1496004587248	-0.38307226	0.009576807	9.969456

1496004587249	-0.40222588	0.0	9.921572

1496004587263	-0.36391866	0.009576807	9.950302

1496004587265	-0.35434186	0.0	9.931149

1496004587273	-0.35434186	-0.02873042	9.931149

1496004587285	-0.38307226	0.0	9.959879

1496004587323	-0.37349546	0.038307227	9.988609

1496004587326	-0.37349546	0.009576807	9.998186

1496004587329	-0.37349546	0.009576807	9.9790325

1496004587331	-0.34476504	-0.019153614	9.959879

1496004587359	-0.30645782	-0.02873042	9.940725

1496004587360	-0.33518824	-0.009576807	9.940725

1496004587363	-0.35434186	0.019153614	9.940725

1496004587365	-0.4213795	0.019153614	9.854534

1496004587373	-0.40222588	0.076614454	9.998186

