1495300632878	24.96	12.54	-36.0

1495300632975	25.14	12.78	-36.12

1495300633075	25.14	12.96	-36.12

1495300633175	25.14	13.2	-36.12

1495300633282	25.08	13.2	-36.18

1495300633375	24.96	13.08	-36.3

1495300633475	24.9	13.32	-36.54

1495300633577	24.84	13.5	-36.78

1495300633675	24.9	13.8	-36.36

1495300633775	24.66	13.62	-36.3

1495300633875	24.42	13.32	-36.54

1495300633974	24.36	13.2	-36.6

1495300634074	24.3	13.14	-36.66

1495300634174	24.18	13.26	-36.78

1495300634275	24.18	13.14	-36.6

1495300634375	24.24	12.96	-36.36

1495300634474	24.06	13.02	-36.72

1495300634591	24.12	13.14	-36.72

1495300634684	24.06	13.08	-36.48

1495300634786	24.0	13.08	-36.42

1495300634885	24.18	13.2	-36.42

1495300634985	24.48	13.2	-36.18

1495300635085	24.36	13.32	-36.48

1495300635177	24.3	13.5	-36.6

1495300635285	24.24	13.38	-36.3

1495300635387	24.06	13.26	-36.12

1495300635485	24.18	13.62	-36.3

1495300635592	24.06	13.62	-36.18

1495300635685	23.94	13.74	-36.06

1495300635821	23.82	13.62	-36.12

1495300635885	23.88	13.32	-35.7

1495300635986	23.94	13.08	-35.58

1495300636085	24.06	13.02	-35.7

1495300636185	24.12	13.02	-36.0

1495300636290	24.24	12.72	-35.76

1495300636385	24.36	12.72	-36.12

1495300636485	24.36	12.42	-36.06

1495300636592	24.24	12.54	-36.06

1495300636685	24.12	12.72	-36.24

1495300636790	24.12	12.9	-36.54

1495300636886	24.12	12.72	-36.54

1495300636985	24.12	13.02	-36.6

1495300637087	24.12	13.38	-36.6

1495300637185	24.12	13.5	-36.48

1495300637285	24.0	13.56	-36.6

1495300637406	24.3	13.44	-36.6

1495300637486	24.3	13.5	-36.6

1495300637585	24.18	13.44	-36.42

1495300637685	24.3	13.38	-36.72

1495300637787	24.24	13.32	-36.54

