1496004702853	-0.17238252	0.0	9.950302

1496004702858	-0.1436521	0.0	9.921572

1496004702864	-0.17238252	0.038307227	9.9790325

1496004702868	-0.15322891	-0.009576807	9.969456

1496004702871	-0.1436521	-0.019153614	9.9790325

1496004702876	-0.12449849	-0.009576807	9.988609

1496004702895	-0.12449849	-0.02873042	9.9790325

1496004702898	-0.1340753	-0.02873042	10.007763

1496004702910	-0.16280572	-0.019153614	9.9790325

1496004702920	-0.16280572	-0.009576807	10.036493

1496004702929	-0.1436521	0.019153614	10.04607

1496004702941	-0.1436521	-0.02873042	9.988609

1496004702944	-0.15322891	-0.019153614	9.950302

1496004702958	-0.17238252	-0.009576807	9.988609

1496004702969	-0.15322891	-0.05746084	9.9790325

1496004702979	-0.16280572	-0.009576807	9.9790325

1496004702984	-0.19153613	-0.009576807	9.940725

1496004703000	-0.16280572	-0.02873042	9.988609

1496004703006	-0.19153613	-0.009576807	9.940725

1496004703018	-0.18195933	0.02873042	9.969456

1496004703024	-0.17238252	0.009576807	9.9790325

1496004703041	-0.16280572	0.009576807	10.007763

1496004703048	-0.19153613	0.02873042	10.0269165

1496004703060	-0.16280572	-0.02873042	9.988609

1496004703064	-0.12449849	-0.038307227	9.998186

1496004703074	-0.12449849	-0.02873042	9.998186

1496004703084	-0.1340753	-0.05746084	9.959879

1496004703098	-0.1436521	-0.02873042	9.864111

1496004703104	-0.1436521	-0.019153614	9.911995

1496004703114	-0.16280572	-0.02873042	9.911995

1496004703129	-0.17238252	-0.019153614	9.931149

1496004703134	-0.19153613	0.019153614	9.988609

1496004703149	-0.15322891	0.009576807	9.969456

1496004703159	-0.11492168	-0.009576807	10.007763

1496004703164	-0.12449849	-0.009576807	9.9790325

1496004703175	-0.15322891	-0.019153614	9.950302

1496004703184	-0.15322891	0.009576807	9.969456

1496004703194	-0.11492168	0.02873042	9.998186

1496004703208	-0.1436521	0.0	9.9790325

1496004703216	-0.1340753	-0.02873042	9.988609

1496004703224	-0.1436521	-0.009576807	9.988609

1496004703243	-0.11492168	0.009576807	10.0269165

1496004703246	-0.10534488	0.009576807	10.01734

1496004703259	-0.1340753	0.0	9.9790325

1496004703271	-0.1436521	-0.02873042	9.969456

1496004703276	-0.1340753	-0.019153614	9.988609

1496004703284	-0.18195933	0.009576807	10.007763

1496004703299	-0.17238252	0.0	10.01734

1496004703304	-0.15322891	-0.019153614	9.969456

1496004703318	-0.16280572	0.019153614	9.998186

1496004703324	-0.1436521	0.0	9.988609

1496004703334	-0.1340753	0.009576807	9.940725

1496004703349	-0.1436521	0.02873042	9.969456

1496004703354	-0.15322891	0.0	9.9790325

1496004703370	-0.1340753	-0.019153614	9.969456

1496004703379	-0.12449849	-0.009576807	9.959879

1496004703389	-0.1340753	-0.009576807	9.931149

1496004703399	-0.12449849	-0.02873042	9.959879

1496004703409	-0.17238252	-0.038307227	9.940725

1496004703420	-0.19153613	-0.009576807	9.921572

1496004703429	-0.16280572	-0.009576807	9.988609

1496004703434	-0.15322891	-0.019153614	9.969456

1496004703449	-0.15322891	-0.019153614	9.959879

1496004703459	-0.16280572	-0.009576807	9.969456

1496004703469	-0.15322891	-0.009576807	9.9790325

1496004703479	-0.1436521	-0.038307227	9.998186

1496004703488	-0.1340753	-0.038307227	9.940725

1496004703494	-0.1436521	-0.047884032	9.940725

1496004703504	-0.15322891	0.009576807	9.969456

1496004703532	-0.15322891	0.009576807	9.892841

1496004703546	-0.15322891	0.0	9.940725

1496004703549	-0.15322891	-0.019153614	9.959879

1496004703566	-0.18195933	-0.019153614	9.9790325

1496004703575	-0.15322891	-0.02873042	9.950302

1496004703584	-0.17238252	-0.019153614	9.902418

1496004703590	-0.15322891	-0.019153614	9.854534

1496004703599	-0.15322891	-0.019153614	9.902418

1496004703608	-0.16280572	-0.009576807	9.931149

1496004703622	-0.1436521	-0.009576807	9.969456

1496004703627	-0.16280572	-0.038307227	9.902418

1496004703630	-0.18195933	-0.019153614	9.988609

1496004703683	-0.15322891	-0.009576807	9.931149

1496004703688	-0.15322891	0.019153614	10.04607

1496004703692	-0.16280572	0.009576807	9.931149

1496004703695	-0.16280572	-0.038307227	9.931149

1496004703699	-0.22984336	-0.06703765	9.931149

1496004703702	-0.22984336	-0.047884032	10.055647

1496004703706	-0.18195933	-0.019153614	10.01734

1496004703710	-0.21068975	-0.019153614	9.950302

1496004703714	-0.21068975	-0.019153614	10.084377

1496004703734	-0.16280572	-0.038307227	9.921572

1496004703739	-0.16280572	0.009576807	10.065224

1496004703745	-0.16280572	-0.1436521	9.9790325

1496004703759	-0.15322891	0.009576807	9.883265

1496004703763	-0.15322891	0.009576807	9.883265

1496004703800	-0.12449849	0.019153614	9.844957

1496004703804	-0.1340753	0.019153614	9.931149

1496004703809	-0.1340753	0.0	10.036493

1496004703819	-0.16280572	0.009576807	10.084377

1496004703831	-0.15322891	-0.019153614	10.132261

1496004703839	-0.17238252	-0.019153614	10.084377

1496004703844	-0.17238252	-0.019153614	10.084377

1496004703859	-0.16280572	-0.019153614	10.036493

1496004703863	-0.16280572	-0.019153614	10.036493

1496004703880	-0.21068975	0.009576807	9.988609

1496004703888	-0.20111294	0.0	10.01734

1496004703901	-0.18195933	-0.009576807	9.969456

1496004703904	-0.18195933	-0.009576807	9.969456

1496004703919	-0.20111294	-0.02873042	9.854534

1496004703925	-0.20111294	-0.02873042	9.854534

1496004703939	-0.17238252	-0.009576807	9.959879

1496004703950	-0.1340753	0.0	9.959879

1496004703958	-0.17238252	-0.009576807	9.921572

1496004703970	-0.1340753	-0.02873042	9.988609

1496004703974	-0.1340753	-0.02873042	9.988609

1496004703989	-0.15322891	-0.038307227	9.892841

1496004703994	-0.15322891	-0.038307227	9.892841

1496004704004	-0.12449849	-0.095768064	9.931149

1496004704014	-0.1340753	-0.047884032	10.007763

1496004704024	-0.20111294	-0.06703765	9.883265

1496004704034	-0.20111294	-0.05746084	9.892841

1496004704043	-0.1340753	-0.019153614	9.988609

1496004704059	-0.1340753	0.0	9.9790325

1496004704070	-0.1436521	-0.02873042	9.959879

1496004704074	-0.1436521	-0.02873042	9.959879

1496004704084	-0.17238252	-0.02873042	9.969456

1496004704099	-0.18195933	-0.009576807	9.9790325

1496004704109	-0.18195933	-0.009576807	9.959879

1496004704120	-0.16280572	-0.019153614	9.902418

1496004704124	-0.16280572	-0.019153614	9.902418

1496004704141	-0.18195933	-0.02873042	9.950302

1496004704144	-0.24899697	-0.02873042	9.950302

1496004704159	-0.17238252	0.009576807	9.959879

1496004704164	-0.17238252	0.009576807	9.959879

1496004704185	-0.17238252	0.019153614	10.01734

1496004704199	-0.16280572	0.0	9.864111

1496004704209	-0.1436521	-0.02873042	9.959879

1496004704219	-0.1436521	-0.009576807	9.998186

1496004704230	-0.12449849	-0.009576807	9.998186

1496004704234	-0.10534488	-0.02873042	9.950302

1496004704244	-0.06703765	-0.019153614	9.911995

1496004704259	-0.11492168	-0.019153614	9.940725

1496004704269	-0.11492168	-0.009576807	10.01734

1496004704280	-0.1340753	-0.019153614	9.902418

1496004704289	-0.1340753	-0.019153614	9.902418

1496004704299	-0.19153613	0.0	9.911995

1496004704303	-0.16280572	-0.009576807	9.959879

1496004704318	-0.1340753	0.019153614	9.969456

1496004704329	-0.18195933	0.0	9.988609

1496004704335	-0.19153613	0.02873042	9.959879

1496004704343	-0.18195933	0.0	9.969456

1496004704353	-0.15322891	-0.02873042	9.959879

1496004704447	-0.12449849	-0.009576807	10.01734

1496004704449	-0.12449849	-0.038307227	9.9790325

1496004704453	-0.076614454	-0.019153614	10.007763

1496004704457	-0.11492168	-0.019153614	9.988609

1496004704459	-0.1436521	0.009576807	10.065224

1496004704464	-0.16280572	0.0	10.036493

1496004704468	-0.15322891	0.009576807	10.055647

1496004704471	-0.1436521	0.0	10.01734

1496004704475	-0.12449849	-0.047884032	9.969456

1496004704480	-0.1340753	-0.08619126	9.911995

1496004704485	-0.10534488	-0.038307227	9.959879

1496004704489	-0.095768064	0.009576807	9.988609

1496004704494	-0.095768064	-0.019153614	9.969456

1496004704497	-0.12449849	0.009576807	10.007763

1496004704533	-0.1340753	-0.009576807	9.959879

1496004704537	-0.12449849	0.019153614	9.940725

1496004704540	-0.16280572	-0.009576807	9.902418

1496004704544	-0.15322891	0.009576807	9.921572

1496004704548	-0.12449849	-0.038307227	9.940725

1496004704563	-0.15322891	-0.019153614	9.959879

1496004704566	-0.15322891	0.0	9.959879

1496004704579	-0.16280572	-0.047884032	9.921572

1496004704584	-0.17238252	-0.019153614	9.940725

1496004704594	-0.19153613	-0.02873042	9.969456

1496004704611	-0.17238252	-0.05746084	9.931149

1496004704620	-0.17238252	-0.02873042	9.950302

1496004704631	-0.18195933	-0.02873042	9.931149

1496004704648	-0.18195933	-0.009576807	9.969456

1496004704659	-0.20111294	0.009576807	9.959879

1496004704669	-0.19153613	0.0	9.998186

1496004704681	-0.1340753	-0.009576807	9.998186

1496004704690	-0.10534488	-0.047884032	9.969456

1496004704698	-0.1436521	-0.02873042	9.950302

1496004704708	-0.15322891	0.02873042	9.969456

1496004704715	-0.15322891	0.009576807	9.969456

1496004704724	-0.1340753	0.019153614	9.988609

1496004704739	-0.16280572	0.038307227	9.9790325

1496004704744	-0.16280572	0.019153614	9.988609

1496004704759	-0.15322891	0.009576807	9.998186

1496004704769	-0.17238252	0.0	9.940725

1496004704779	-0.17238252	0.0	9.940725

1496004704791	-0.16280572	0.02873042	9.969456

1496004704796	-0.1436521	0.019153614	9.921572

1496004704809	-0.15322891	0.038307227	9.950302

1496004704819	-0.1436521	0.019153614	9.950302

1496004704829	-0.1436521	0.019153614	9.998186

1496004704839	-0.18195933	0.009576807	9.921572

1496004704844	-0.16280572	0.009576807	9.931149

1496004704854	-0.20111294	0.0	9.959879

1496004704869	-0.18195933	0.0	9.911995

1496004704874	-0.22026655	-0.019153614	9.950302

1496004704884	-0.18195933	0.0	9.950302

1496004704899	-0.17238252	-0.009576807	9.959879

1496004704904	-0.15322891	-0.019153614	9.988609

1496004704914	-0.12449849	-0.019153614	10.007763

1496004704930	-0.15322891	-0.019153614	9.969456

1496004704934	-0.1436521	0.0	9.969456

1496004704944	-0.16280572	-0.009576807	9.969456

1496004704960	-0.12449849	-0.02873042	9.921572

1496004704964	-0.12449849	0.009576807	9.950302

1496004704979	-0.1436521	0.019153614	9.969456

1496004704985	-0.1436521	0.019153614	9.9790325

1496004704994	-0.15322891	0.0	9.940725

1496004705005	-0.1436521	0.02873042	9.940725

1496004705019	-0.15322891	0.019153614	9.921572

1496004705030	-0.17238252	0.02873042	9.9790325

1496004705039	-0.1436521	-0.009576807	9.959879

1496004705044	-0.15322891	-0.009576807	9.940725

1496004705059	-0.1340753	-0.009576807	9.931149

1496004705069	-0.1340753	0.0	9.959879

1496004705080	-0.15322891	-0.009576807	9.940725

1496004705084	-0.20111294	-0.019153614	9.921572

1496004705094	-0.21068975	-0.019153614	9.931149

1496004705108	-0.23942018	0.02873042	9.959879

1496004705119	-0.19153613	0.009576807	9.911995

1496004705124	-0.16280572	-0.038307227	9.931149

1496004705134	-0.17238252	0.02873042	10.01734

1496004705150	-0.1436521	-0.009576807	10.007763

1496004705154	-0.15322891	0.019153614	9.969456

1496004705164	-0.1436521	0.009576807	9.9790325

1496004705174	-0.16280572	0.009576807	9.931149

1496004705188	-0.18195933	0.0	9.969456

1496004705197	-0.15322891	0.0	9.940725

1496004705208	-0.17238252	-0.019153614	9.940725

1496004705223	-0.17238252	-0.02873042	9.950302

1496004705226	-0.12449849	0.0	10.007763

1496004705295	-0.16280572	-0.019153614	9.9790325

1496004705298	-0.15322891	-0.009576807	9.921572

1496004705301	-0.16280572	0.009576807	9.959879

1496004705306	-0.12449849	0.009576807	9.931149

1496004705310	-0.1340753	0.0	9.959879

1496004705315	-0.15322891	0.02873042	9.998186

1496004705319	-0.17238252	0.019153614	9.959879

1496004705322	-0.18195933	0.02873042	9.959879

1496004705325	-0.19153613	0.047884032	9.940725

1496004705329	-0.15322891	-0.009576807	9.959879

1496004705351	-0.15322891	0.009576807	9.940725

1496004705355	-0.17238252	-0.009576807	9.950302

1496004705359	-0.18195933	0.0	9.969456

1496004705370	-0.17238252	0.009576807	9.9790325

1496004705374	-0.1340753	-0.019153614	9.969456

1496004705389	-0.16280572	-0.02873042	9.959879

1496004705394	-0.19153613	-0.019153614	9.969456

1496004705404	-0.16280572	0.019153614	9.969456

1496004705419	-0.1436521	-0.02873042	9.950302

1496004705429	-0.16280572	-0.02873042	9.969456

1496004705434	-0.16280572	-0.019153614	9.959879

1496004705449	-0.15322891	-0.02873042	9.988609

1496004705459	-0.15322891	-0.02873042	9.969456

1496004705464	-0.1340753	-0.047884032	9.969456

1496004705474	-0.10534488	-0.009576807	9.988609

1496004705484	-0.12449849	-0.038307227	9.959879

1496004705494	-0.12449849	-0.038307227	9.988609

1496004705510	-0.1340753	-0.02873042	10.01734

1496004705514	-0.15322891	-0.009576807	9.9790325

1496004705529	-0.18195933	-0.02873042	9.959879

1496004705540	-0.20111294	0.0	9.9790325

1496004705549	-0.16280572	0.0	9.998186

1496004705559	-0.16280572	0.019153614	10.036493

1496004705570	-0.15322891	0.0	9.998186

1496004705579	-0.1436521	0.009576807	9.9790325

1496004705590	-0.1340753	0.0	9.9790325

1496004705594	-0.15322891	0.009576807	9.998186

1496004705609	-0.1436521	0.0	9.950302

1496004705619	-0.1340753	0.009576807	10.007763

1496004705623	-0.15322891	0.0	10.007763

1496004705634	-0.15322891	0.009576807	9.9790325

1496004705648	-0.1436521	-0.009576807	9.969456

1496004705654	-0.15322891	-0.009576807	9.959879

1496004705669	-0.16280572	0.0	9.902418

1496004705680	-0.1340753	-0.02873042	9.854534

1496004705689	-0.10534488	-0.019153614	9.959879

1496004705694	-0.095768064	-0.019153614	9.950302

1496004705704	-0.12449849	0.009576807	9.950302

1496004705719	-0.17238252	-0.009576807	9.911995

1496004705723	-0.17238252	-0.019153614	9.931149

1496004705739	-0.15322891	-0.019153614	9.950302

1496004705749	-0.15322891	-0.047884032	9.931149

1496004705755	-0.12449849	-0.038307227	9.950302

1496004705770	-0.17238252	-0.019153614	9.931149

1496004705780	-0.16280572	0.0	9.931149

1496004705784	-0.17238252	0.0	9.959879

1496004705794	-0.18195933	0.009576807	9.940725

1496004705808	-0.16280572	-0.019153614	9.969456

1496004705824	-0.16280572	-0.02873042	9.950302

1496004705834	-0.16280572	-0.019153614	9.988609

1496004705849	-0.17238252	-0.038307227	9.969456

1496004705854	-0.15322891	-0.047884032	9.969456

1496004705870	-0.17238252	-0.047884032	9.9790325

1496004705878	-0.1436521	-0.06703765	9.940725

1496004705884	-0.22984336	-0.038307227	9.950302

1496004705899	-0.19153613	-0.038307227	9.940725

1496004705909	-0.19153613	-0.009576807	9.940725

1496004705914	-0.19153613	0.009576807	9.9790325

1496004705929	-0.1436521	0.019153614	9.931149

1496004705940	-0.17238252	0.02873042	9.959879

1496004705948	-0.19153613	0.019153614	10.007763

1496004705954	-0.19153613	0.009576807	9.959879

1496004705969	-0.15322891	-0.009576807	9.950302

1496004705979	-0.15322891	0.019153614	9.931149

1496004705989	-0.10534488	0.019153614	9.911995

1496004706000	-0.1340753	0.019153614	9.940725

1496004706009	-0.095768064	0.02873042	9.940725

1496004706014	-0.1436521	0.047884032	9.931149

1496004706024	-0.16280572	0.009576807	9.950302

1496004706041	-0.1340753	0.009576807	9.969456

1496004706046	-0.17238252	-0.019153614	9.940725

1496004706059	-0.16280572	0.038307227	10.01734

1496004706064	-0.12449849	0.019153614	9.988609

1496004706079	-0.11492168	-0.019153614	9.998186

1496004706099	-0.10534488	0.009576807	9.9790325

1496004706103	-0.12449849	-0.009576807	9.988609

1496004706119	-0.18195933	-0.019153614	9.959879

1496004706146	-0.17238252	0.019153614	9.9790325

1496004706149	-0.1340753	0.009576807	9.9790325

1496004706164	-0.10534488	0.0	9.988609

1496004706198	-0.12449849	-0.009576807	9.959879

1496004706206	-0.1436521	-0.009576807	9.931149

1496004706210	-0.12449849	-0.009576807	9.950302

1496004706214	-0.16280572	-0.019153614	9.950302

1496004706219	-0.12449849	0.009576807	9.921572

1496004706222	-0.17238252	-0.009576807	9.931149

1496004706225	-0.16280572	0.009576807	9.998186

1496004706229	-0.1436521	-0.009576807	9.988609

1496004706315	-0.19153613	-0.02873042	9.9790325

1496004706318	-0.16280572	-0.06703765	9.959879

1496004706322	-0.1340753	-0.019153614	9.998186

1496004706325	-0.1340753	-0.019153614	9.959879

1496004706328	-0.1436521	0.0	9.9790325

1496004706331	-0.1436521	-0.009576807	9.969456

1496004706334	-0.17238252	0.019153614	9.940725

1496004706337	-0.1340753	0.02873042	10.007763

1496004706340	-0.11492168	-0.009576807	10.007763

1496004706343	-0.11492168	-0.009576807	9.969456

1496004706347	-0.1340753	-0.009576807	9.969456

1496004706351	-0.18195933	-0.009576807	9.959879

1496004706357	-0.16280572	-0.009576807	10.007763

1496004706386	-0.15322891	-0.009576807	9.988609

1496004706389	-0.1436521	-0.047884032	9.931149

1496004706392	-0.16280572	-0.038307227	9.950302

1496004706396	-0.16280572	0.02873042	9.959879

1496004706413	-0.16280572	0.06703765	10.007763

1496004706415	-0.16280572	0.019153614	10.04607

1496004706429	-0.18195933	0.047884032	10.04607

1496004706439	-0.17238252	0.009576807	9.998186

1496004706444	-0.11492168	0.009576807	9.998186

1496004706459	-0.1436521	-0.009576807	9.902418

1496004706464	-0.17238252	0.038307227	9.911995

1496004706474	-0.17238252	0.0	9.883265

1496004706489	-0.12449849	0.019153614	9.931149

1496004706494	-0.2777274	0.02873042	9.998186

1496004706504	-0.18195933	0.02873042	9.902418

1496004706519	-0.1340753	-0.019153614	9.883265

1496004706530	-0.12449849	-0.009576807	9.892841

1496004706534	-0.20111294	0.02873042	9.940725

1496004706544	-0.20111294	0.019153614	9.988609

1496004706559	-0.1340753	0.019153614	10.093954

1496004706569	-0.16280572	-0.019153614	10.007763

1496004706574	-0.16280572	-0.019153614	10.007763

1496004706589	-0.20111294	-0.05746084	10.103531

1496004706593	-0.20111294	-0.05746084	10.103531

1496004706608	-0.19153613	-0.009576807	9.969456

1496004706619	-0.15322891	-0.019153614	9.921572

1496004706629	-0.18195933	-0.02873042	9.921572

1496004706634	-0.18195933	-0.02873042	9.921572

1496004706644	-0.18195933	0.0	9.825804

1496004706658	-0.16280572	0.0	9.883265

1496004706670	-0.12449849	0.009576807	9.921572

1496004706678	-0.11492168	0.019153614	9.921572

1496004706689	-0.17238252	0.0	9.959879

1496004706694	-0.17238252	0.0	9.959879

1496004706709	-0.22026655	-0.06703765	9.998186

1496004706720	-0.19153613	-0.05746084	9.9790325

1496004706724	-0.19153613	-0.05746084	9.9790325

1496004706740	-0.20111294	-0.038307227	9.931149

1496004706744	-0.20111294	-0.038307227	9.931149

1496004706754	-0.18195933	-0.05746084	9.892841

1496004706769	-0.095768064	-0.009576807	9.998186

1496004706779	-0.076614454	-0.019153614	9.969456

1496004706783	-0.076614454	-0.019153614	9.969456

1496004706794	-0.095768064	-0.06703765	9.9790325

1496004706804	-0.1340753	-0.05746084	10.065224

1496004706814	-0.15322891	-0.047884032	9.959879

1496004706824	-0.1436521	-0.038307227	10.036493

1496004706839	-0.11492168	-0.038307227	10.007763

1496004706844	-0.11492168	-0.038307227	10.007763

1496004706855	-0.15322891	-0.009576807	9.969456

1496004706868	-0.15322891	-0.019153614	9.931149

1496004706874	-0.15322891	-0.019153614	9.931149

1496004706888	-0.1436521	-0.009576807	9.969456

1496004706894	-0.1436521	-0.009576807	9.969456

1496004706909	-0.12449849	-0.019153614	9.921572

1496004706914	-0.12449849	-0.019153614	9.921572

1496004706930	-0.18195933	0.009576807	9.969456

1496004706938	-0.17238252	0.009576807	9.931149

1496004706949	-0.17238252	-0.009576807	9.921572

1496004706955	-0.17238252	-0.009576807	9.921572

1496004707020	-0.17238252	0.009576807	9.940725

1496004707033	-0.2681506	-0.019153614	9.921572

1496004707047	-0.23942018	-0.019153614	9.873688

1496004707056	-0.19153613	-0.02873042	9.873688

1496004707058	-0.19153613	-0.047884032	9.931149

1496004707061	-0.16280572	-0.05746084	10.055647

1496004707065	-0.16280572	-0.038307227	10.007763

1496004707067	-0.1340753	0.0	9.9790325

1496004707071	-0.10534488	-0.08619126	9.911995

1496004707075	-0.10534488	-0.08619126	9.911995

1496004707078	-0.23942018	-0.02873042	9.873688

1496004707080	-0.19153613	-0.02873042	9.80665

1496004707129	-0.22026655	-0.02873042	9.844957

1496004707134	-0.20111294	-0.06703765	10.0269165

1496004707138	-0.15322891	-0.02873042	10.0269165

1496004707142	-0.18195933	-0.06703765	10.0269165

1496004707146	-0.17238252	-0.038307227	9.9790325

1496004707150	-0.12449849	-0.019153614	9.921572

1496004707155	-0.17238252	0.02873042	9.950302

1496004707159	-0.11492168	-0.009576807	9.9790325

1496004707183	-0.15322891	0.009576807	9.940725

1496004707187	-0.17238252	0.038307227	9.921572

1496004707191	-0.20111294	0.038307227	9.940725

1496004707194	-0.17238252	-0.009576807	9.969456

1496004707209	-0.18195933	0.0	9.969456

1496004707214	-0.1436521	-0.009576807	9.931149

1496004707228	-0.15322891	-0.038307227	9.931149

1496004707240	-0.15322891	-0.019153614	9.931149

1496004707243	-0.1340753	-0.019153614	9.998186

1496004707255	-0.1340753	0.0	9.988609

1496004707269	-0.16280572	0.009576807	10.007763

1496004707274	-0.15322891	0.009576807	9.911995

1496004707290	-0.16280572	0.019153614	9.940725

1496004707298	-0.1340753	0.047884032	9.950302

1496004707304	-0.15322891	0.047884032	9.931149

1496004707318	-0.1340753	-0.02873042	9.892841

1496004707328	-0.12449849	-0.047884032	9.950302

1496004707334	-0.1436521	-0.009576807	9.988609

1496004707349	-0.1340753	-0.038307227	9.988609

1496004707354	-0.1436521	-0.047884032	9.950302

1496004707364	-0.1436521	-0.06703765	9.921572

1496004707380	-0.1340753	-0.02873042	9.940725

1496004707383	-0.11492168	-0.02873042	9.921572

1496004707399	-0.1436521	-0.05746084	9.921572

1496004707404	-0.11492168	-0.038307227	9.940725

1496004707414	-0.11492168	-0.02873042	9.959879

1496004707428	-0.11492168	-0.019153614	9.931149

1496004707435	-0.11492168	-0.019153614	9.931149

1496004707449	-0.11492168	-0.038307227	9.873688

1496004707459	-0.1340753	0.009576807	9.921572

1496004707469	-0.1340753	-0.009576807	9.940725

1496004707475	-0.18195933	0.0	9.950302

1496004707488	-0.16280572	0.02873042	9.950302

1496004707494	-0.1340753	0.0	9.9790325

1496004707509	-0.1436521	-0.019153614	9.969456

1496004707519	-0.1436521	0.009576807	9.959879

1496004707524	-0.1436521	-0.019153614	9.998186

1496004707539	-0.21068975	-0.02873042	9.950302

1496004707549	-0.18195933	-0.05746084	9.940725

1496004707553	-0.16280572	0.009576807	9.931149

1496004707569	-0.18195933	-0.009576807	9.959879

1496004707578	-0.15322891	-0.009576807	9.969456

1496004707588	-0.12449849	-0.019153614	9.988609

1496004707600	-0.1340753	0.009576807	9.988609

1496004707604	-0.16280572	0.019153614	9.988609

1496004707619	-0.15322891	0.009576807	9.940725

1496004707630	-0.17238252	0.0	9.921572

1496004707638	-0.1436521	0.0	9.959879

1496004707645	-0.17238252	0.019153614	9.940725

1496004707654	-0.15322891	0.009576807	9.9790325

1496004707664	-0.1340753	-0.019153614	9.9790325

1496004707674	-0.15322891	0.009576807	10.007763

1496004707691	-0.17238252	0.009576807	9.969456

1496004707695	-0.1340753	-0.009576807	9.931149

1496004707704	-0.12449849	0.009576807	9.9790325

1496004707714	-0.12449849	0.009576807	9.988609

1496004707724	-0.18195933	0.0	9.9790325

1496004707739	-0.12449849	0.0	10.01734

1496004707743	-0.16280572	-0.019153614	9.998186

1496004707754	-0.15322891	0.0	9.998186

1496004707764	-0.17238252	0.0	9.931149

1496004707779	-0.16280572	0.009576807	9.940725

1496004707789	-0.1436521	-0.038307227	9.921572

1496004707793	-0.12449849	0.0	9.940725

1496004707804	-0.16280572	0.0	9.940725

