1495966557392	-6.24	28.62	11.88

1495966557419	0.06	26.22	-29.04

1495966557549	0.48	24.72	-28.98

1495966557620	1.38	24.36	-29.1

1495966557659	1.02	24.36	-28.98

1495966557684	1.62	23.7	-29.1

1495966557736	1.86	24.12	-29.94

1495966557832	2.04	23.64	-30.24

1495966557932	1.68	24.24	-29.4

1495966558032	1.8	24.0	-29.34

1495966558124	2.04	24.0	-29.16

1495966558232	2.1	23.76	-29.04

1495966558335	2.16	23.88	-28.8

1495966558432	1.98	23.52	-28.74

1495966558533	1.92	23.28	-28.26

1495966558635	1.68	22.98	-28.02

1495966558732	1.56	22.8	-28.26

1495966558834	1.74	22.68	-28.56

1495966558932	1.92	22.68	-28.62

1495966559032	1.86	22.68	-28.5

1495966559135	1.98	22.8	-28.8

1495966559234	2.16	22.8	-29.22

1495966559332	2.46	22.2	-29.7

1495966559433	2.16	21.54	-30.3

1495966559532	1.56	20.46	-30.9

1495966559632	1.44	19.26	-31.26

1495966559732	1.02	18.36	-31.74

1495966559832	0.9	17.82	-32.28

1495966559933	0.54	17.58	-32.16

1495966560032	0.18	17.52	-31.92

1495966560134	-0.42	17.88	-31.62

1495966560233	-0.12	18.72	-31.38

1495966560333	0.48	19.74	-30.96

1495966560433	0.78	20.94	-30.36

1495966560534	1.44	21.84	-29.82

1495966560633	1.98	21.9	-29.94

1495966560732	2.1	21.36	-30.3

1495966560844	2.46	20.94	-30.3

1495966560932	3.36	21.06	-30.3

1495966561033	4.38	21.6	-29.58

1495966561133	5.28	22.08	-28.8

1495966561232	5.82	22.2	-28.62

1495966561333	6.72	22.38	-28.14

1495966561432	7.68	23.28	-26.58

1495966561532	9.24	24.84	-25.14

1495966561632	11.04	26.52	-23.76

1495966561734	12.42	27.12	-22.5

1495966561832	13.44	26.94	-22.2

1495966561942	14.64	26.58	-21.9

1495966562052	16.14	26.64	-21.42

