1496004598740	28.62	12.48	-28.08

1496004598940	28.56	12.48	-28.2

1496004599041	28.56	12.78	-28.38

1496004599143	28.26	13.14	-28.62

1496004599240	28.32	13.2	-28.62

1496004599340	28.38	13.5	-28.56

1496004599446	28.38	13.38	-28.56

1496004599540	28.32	13.44	-28.44

1496004599641	28.32	13.44	-28.5

1496004599745	28.32	13.26	-28.38

1496004599841	28.32	13.08	-28.44

1496004599940	28.56	12.84	-28.14

1496004600049	28.56	12.9	-28.26

1496004600140	28.62	13.02	-28.38

1496004600241	28.44	13.26	-28.32

1496004600343	28.38	13.14	-28.56

1496004600441	28.38	13.02	-28.62

1496004600540	28.5	13.2	-28.68

1496004600643	28.5	13.2	-28.62

1496004600740	28.38	12.96	-28.5

1496004600841	28.5	12.96	-28.5

1496004600941	28.44	12.66	-28.74

1496004601041	28.5	12.6	-28.86

1496004601141	28.44	12.54	-28.62

1496004601241	28.5	12.6	-28.98

1496004601341	28.5	12.48	-29.1

1496004601441	28.38	12.66	-29.46

1496004601540	28.26	12.96	-29.88

1496004601642	28.32	13.08	-30.0

1496004601740	28.26	13.5	-29.82

1496004601841	28.26	13.68	-29.82

1496004601940	28.2	13.86	-30.18

1496004602042	28.2	13.98	-29.94

1496004602141	28.26	14.04	-29.82

1496004602241	28.44	13.98	-29.46

1496004602343	28.68	13.68	-28.92

1496004602441	28.44	13.62	-28.86

1496004602540	28.5	13.38	-28.86

1496004602644	28.56	13.14	-28.92

1496004602741	28.56	13.08	-28.74

1496004602841	28.44	13.02	-28.5

1496004602943	28.5	13.14	-28.74

1496004603042	28.26	13.26	-28.92

1496004603140	28.2	13.5	-29.22

1496004603254	28.44	13.5	-29.1

1496004603341	28.2	13.32	-29.04

1496004603441	28.02	13.5	-29.04

1496004603543	28.2	13.38	-28.74

1496004603641	28.32	13.32	-29.16

