1495309100285	0.00532907	-0.003197442	0.014122035

1495309100293	0.003197442	-0.003197442	0.017452704

1495309100312	0.0	-0.004263256	0.0119904075

1495309100314	0.00532907	-0.00532907	0.013056221

1495309100315	0.009725553	-0.00532907	0.013056221

1495309100325	0.010791367	-0.002131628	0.016253663

1495309100334	0.008659739	-0.002131628	0.015187849

1495309100355	0.0065281107	-0.003197442	0.019584332

1495309100357	0.0065281107	-0.002131628	0.020650147

1495309100364	0.010791367	-0.00532907	0.014122035

1495309100374	0.010791367	-0.0119904075	0.010791367

1495309100384	0.010791367	-0.013056221	0.017452704

1495309100399	0.003197442	-0.0119904075	0.015187849

1495309100404	0.001065814	-0.004263256	0.018518519

1495309100414	0.008659739	-0.008659739	0.015187849

1495309100424	0.010791367	-0.00532907	0.015187849

1495309100444	0.0065281107	-0.00532907	0.015187849

1495309100446	0.0075939246	-0.002131628	0.014122035

1495309100455	0.010791367	0.004263256	0.017452704

1495309100464	0.010791367	-0.002131628	0.016253663

1495309100474	0.0075939246	-0.009725553	0.017452704

1495309100486	0.004263256	-0.00532907	0.015187849

1495309100497	0.008659739	-0.009725553	0.008659739

1495309100504	0.009725553	-0.009725553	0.010791367

1495309100514	0.008659739	-0.0065281107	0.013056221

1495309100524	0.00532907	-0.0065281107	0.014122035

1495309100536	0.0065281107	-0.00532907	0.015187849

1495309100545	0.0075939246	0.0	0.018518519

1495309100556	0.004263256	-0.002131628	0.018518519

1495309100571	0.003197442	0.002131628	0.017452704

1495309100574	0.0075939246	0.001065814	0.0119904075

1495309100592	0.0075939246	0.0	0.009725553

1495309100594	0.0065281107	-0.0065281107	0.010791367

1495309100604	0.00532907	-0.010791367	0.014122035

1495309100614	0.00532907	-0.009725553	0.014122035

1495309100624	0.0075939246	-0.0065281107	0.017452704

1495309100639	0.008659739	-0.008659739	0.016253663

1495309100644	0.00532907	-0.0075939246	0.010791367

1495309100656	0.0065281107	-0.008659739	0.017452704

1495309100674	0.008659739	-0.003197442	0.015187849

1495309100686	0.0065281107	0.002131628	0.017452704

1495309100702	0.00532907	-0.00532907	0.018518519

1495309100704	0.00532907	-0.009725553	0.015187849

1495309100714	0.004263256	-0.0075939246	0.013056221

1495309100724	0.0075939246	-0.00532907	0.016253663

1495309100736	0.0065281107	-0.003197442	0.009725553

1495309100744	0.008659739	-0.001065814	0.013056221

1495309100755	0.0075939246	-0.0065281107	0.015187849

1495309100764	0.008659739	-0.003197442	0.015187849

1495309100774	0.009725553	0.0	0.016253663

1495309100793	0.0075939246	0.002131628	0.020650147

1495309100794	0.0065281107	0.0	0.013056221

1495309100804	0.004263256	-0.0065281107	0.0119904075

1495309100814	0.00532907	-0.009725553	0.008659739

1495309100824	0.0075939246	-0.0065281107	0.017452704

1495309100836	0.003197442	-0.001065814	0.016253663

1495309100844	0.00532907	-0.003197442	0.014122035

1495309100856	0.0065281107	-0.010791367	0.015187849

1495309100874	0.013056221	-0.003197442	0.010791367

1495309100886	0.014122035	0.004263256	0.017452704

1495309100894	0.009725553	0.0	0.013056221

1495309100905	0.0075939246	-0.004263256	0.013056221

1495309100914	0.008659739	-0.003197442	0.018518519

1495309100924	0.00532907	-0.010791367	0.013056221

1495309100948	0.003197442	-0.013056221	0.00532907

1495309100955	0.0065281107	-0.010791367	0.013056221

1495309100965	0.00532907	-0.013056221	0.016253663

1495309100981	0.0065281107	-0.010791367	0.018518519

1495309100985	0.0075939246	-0.0065281107	0.015187849

1495309100998	0.010791367	-0.0065281107	0.013056221

1495309101004	0.009725553	-0.004263256	0.017452704

1495309101014	0.008659739	-0.0065281107	0.015187849

1495309101024	0.00532907	-0.00532907	0.016253663

1495309101035	0.009725553	-0.010791367	0.017452704

1495309101044	0.015187849	-0.002131628	0.016253663

1495309101062	0.0065281107	-0.002131628	0.014122035

1495309101066	0.0075939246	0.003197442	0.0119904075

1495309101085	0.0119904075	-0.001065814	0.013056221

1495309101095	0.008659739	-0.002131628	0.015187849

1495309101104	0.014122035	0.001065814	0.015187849

1495309101118	0.009725553	0.001065814	0.018518519

1495309101124	0.0075939246	-0.009725553	0.017452704

1495309101136	0.0075939246	-0.0065281107	0.014122035

1495309101144	0.0075939246	-0.003197442	0.0119904075

1495309101154	0.0065281107	-0.0065281107	0.015187849

1495309101166	0.004263256	-0.004263256	0.013056221

1495309101174	0.0075939246	-0.003197442	0.018518519

1495309101188	0.0075939246	-0.001065814	0.0119904075

1495309101201	0.004263256	-0.001065814	0.014122035

1495309101204	0.00532907	0.002131628	0.014122035

1495309101214	0.0075939246	0.001065814	0.014122035

1495309101224	0.0065281107	-0.00532907	0.014122035

1495309101237	0.004263256	-0.0065281107	0.017452704

1495309101245	0.008659739	-0.008659739	0.018518519

1495309101258	0.0065281107	-0.002131628	0.018518519

1495309101265	0.0075939246	-0.002131628	0.019584332

1495309101274	0.0075939246	-0.001065814	0.018518519

1495309101286	0.008659739	-0.002131628	0.0119904075

1495309101294	0.0075939246	-0.003197442	0.009725553

1495309101304	0.004263256	-0.008659739	0.0119904075

1495309101314	0.0065281107	-0.0075939246	0.015187849

1495309101326	0.003197442	-0.0065281107	0.013056221

1495309101340	0.001065814	-0.016253663	0.016253663

1495309101345	0.00532907	-0.010791367	0.017452704

1495309101354	0.009725553	-0.008659739	0.017452704

1495309101366	0.008659739	0.0	0.017452704

1495309101374	0.004263256	-0.004263256	0.014122035

1495309101391	0.0075939246	-0.004263256	0.010791367

1495309101405	0.004263256	-0.00532907	0.013056221

1495309101415	0.013056221	-0.0075939246	0.015187849

1495309101425	0.0119904075	-0.002131628	0.009725553

1495309101441	0.010791367	0.001065814	0.009725553

1495309101451	0.0065281107	-0.004263256	0.015187849

1495309101480	0.0065281107	-0.009725553	0.013056221

1495309101481	0.00532907	-0.0065281107	0.013056221

1495309101483	0.003197442	-0.0065281107	0.017452704

1495309101488	0.0065281107	-0.002131628	0.014122035

1495309101494	0.0075939246	-0.004263256	0.018518519

1495309101504	0.008659739	-0.0075939246	0.015187849

1495309101519	0.0119904075	-0.002131628	0.019584332

1495309101524	0.009725553	-0.003197442	0.016253663

1495309101537	0.0075939246	-0.00532907	0.014122035

1495309101544	0.0075939246	0.0	0.018518519

1495309101554	0.00532907	0.003197442	0.013056221

1495309101564	0.00532907	0.002131628	0.016253663

1495309101574	0.0065281107	-0.00532907	0.014122035

1495309101586	0.002131628	-0.008659739	0.014122035

1495309101602	0.0065281107	-0.0075939246	0.017452704

1495309101604	0.0065281107	-0.008659739	0.016253663

1495309101614	0.0075939246	-0.003197442	0.016253663

1495309101624	0.008659739	0.0	0.020650147

1495309101636	0.004263256	-0.003197442	0.018518519

1495309101644	0.004263256	-0.00532907	0.019584332

1495309101654	0.009725553	-0.0075939246	0.013056221

1495309101666	0.010791367	-0.0075939246	0.015187849

1495309101686	0.008659739	-0.0075939246	0.010791367

1495309101694	0.009725553	-0.003197442	0.017452704

1495309101704	0.009725553	-0.0075939246	0.0119904075

1495309101714	0.008659739	-0.001065814	0.00532907

1495309101724	0.0075939246	-0.002131628	0.010791367

1495309101736	0.0075939246	-0.002131628	0.013056221

1495309101744	0.009725553	0.0	0.0075939246

1495309101754	0.00532907	-0.00532907	0.019584332

1495309101766	0.004263256	-0.0065281107	0.017452704

1495309101774	0.0065281107	-0.008659739	0.0065281107

1495309101788	0.009725553	-0.004263256	0.014122035

1495309101794	0.0075939246	-0.00532907	0.018518519

1495309101804	0.009725553	-0.002131628	0.014122035

1495309101817	0.0119904075	0.0	0.018518519

1495309101824	0.0119904075	0.0	0.019584332

1495309101836	0.008659739	-0.00532907	0.014122035

1495309101844	0.008659739	-0.0065281107	0.015187849

1495309101854	0.0075939246	-0.0075939246	0.015187849

1495309101864	0.001065814	-0.008659739	0.016253663

1495309101874	0.008659739	-0.0075939246	0.009725553

1495309101887	0.0065281107	-0.0065281107	0.014122035

1495309101898	0.00532907	-0.0065281107	0.020650147

1495309101904	0.008659739	-0.004263256	0.015187849

1495309101914	0.0065281107	-0.001065814	0.017452704

1495309101924	0.0075939246	-0.010791367	0.015187849

1495309101936	0.008659739	-0.00532907	0.019584332

1495309101944	0.00532907	-0.008659739	0.017452704

1495309101954	0.0065281107	-0.0065281107	0.017452704

1495309101965	0.0075939246	-0.0075939246	0.014122035

1495309101974	0.0075939246	-0.004263256	0.018518519

1495309101992	0.009725553	-0.004263256	0.014122035

1495309102015	0.008659739	-0.0065281107	0.013056221

1495309102024	0.0075939246	-0.008659739	0.014122035

1495309102039	0.0075939246	-0.0075939246	0.017452704

1495309102040	0.0075939246	-0.00532907	0.014122035

1495309102044	0.0065281107	-0.004263256	0.017452704

1495309102054	0.0075939246	-0.0065281107	0.014122035

1495309102066	0.0075939246	-0.00532907	0.009725553

1495309102087	0.009725553	-0.009725553	0.015187849

1495309102094	0.00532907	-0.010791367	0.018518519

1495309102104	0.0075939246	-0.008659739	0.015187849

1495309102119	0.00532907	-0.003197442	0.014122035

1495309102126	0.0075939246	-0.008659739	0.013056221

1495309102135	0.0075939246	-0.004263256	0.008659739

1495309102144	0.0065281107	-0.0075939246	0.018518519

1495309102154	0.0075939246	-0.009725553	0.014122035

1495309102165	0.0075939246	-0.001065814	0.014122035

1495309102174	0.0065281107	-0.002131628	0.014122035

1495309102187	0.009725553	0.001065814	0.015187849

1495309102194	0.004263256	-0.003197442	0.014122035

1495309102204	0.0065281107	-0.0065281107	0.016253663

1495309102214	0.008659739	-0.0065281107	0.017452704

1495309102224	0.00532907	-0.003197442	0.015187849

1495309102236	0.0075939246	-0.003197442	0.0119904075

1495309102247	0.009725553	-0.0119904075	0.0119904075

1495309102254	0.008659739	-0.008659739	0.014122035

1495309102266	0.009725553	0.003197442	0.013056221

1495309102286	0.0119904075	-0.00532907	0.0119904075

1495309102294	0.0075939246	0.001065814	0.010791367

1495309102304	0.0065281107	-0.001065814	0.019584332

1495309102314	0.0075939246	-0.0075939246	0.0119904075

1495309102324	0.0075939246	-0.008659739	0.013056221

1495309102336	0.00532907	-0.009725553	0.016253663

1495309102344	0.00532907	-0.009725553	0.0119904075

1495309102354	0.009725553	-0.0075939246	0.013056221

1495309102365	0.0119904075	-0.00532907	0.016253663

1495309102374	0.0075939246	-0.003197442	0.010791367

1495309102388	0.0075939246	-0.001065814	0.010791367

1495309102394	0.008659739	-0.00532907	0.015187849

1495309102404	0.00532907	-0.00532907	0.015187849

1495309102415	0.00532907	-0.0065281107	0.013056221

1495309102424	0.004263256	-0.008659739	0.016253663

1495309102436	0.0075939246	-0.003197442	0.008659739

1495309102444	0.0075939246	-0.0075939246	0.0119904075

1495309102454	0.0065281107	-0.00532907	0.015187849

1495309102464	0.0065281107	-0.0075939246	0.016253663

1495309102474	0.008659739	0.001065814	0.016253663

1495309102486	0.0065281107	-0.008659739	0.009725553

1495309102505	0.0075939246	-0.008659739	0.016253663

1495309102508	0.009725553	0.001065814	0.013056221

1495309102514	0.0065281107	-0.0065281107	0.0119904075

1495309102524	0.0075939246	-0.0065281107	0.014122035

1495309102537	0.0065281107	-0.00532907	0.016253663

1495309102544	0.0065281107	-0.0075939246	0.0119904075

1495309102554	0.0075939246	-0.00532907	0.013056221

1495309102566	0.00532907	-0.009725553	0.014122035

1495309102574	0.0065281107	-0.0065281107	0.018518519

1495309102593	0.010791367	-0.002131628	0.020650147

1495309102594	0.0075939246	-0.0065281107	0.0075939246

1495309102604	0.008659739	-0.004263256	0.009725553

1495309102614	0.00532907	-0.010791367	0.014122035

1495309102624	0.002131628	-0.010791367	0.013056221

1495309102638	0.004263256	-0.0119904075	0.015187849

1495309102644	0.00532907	-0.008659739	0.016253663

1495309102654	0.004263256	-0.0065281107	0.022781774

1495309102666	0.0065281107	-0.0065281107	0.015187849

1495309102674	0.0065281107	-0.0065281107	0.014122035

1495309102686	0.00532907	-0.008659739	0.013056221

1495309102694	0.0075939246	-0.010791367	0.014122035

1495309102704	0.009725553	-0.0119904075	0.014122035

1495309102715	0.0075939246	-0.00532907	0.018518519

1495309102724	0.0075939246	-0.008659739	0.016253663

1495309102742	0.00532907	-0.0065281107	0.017452704

1495309102744	0.003197442	0.0	0.018518519

1495309102754	0.00532907	-0.002131628	0.018518519

1495309102765	0.0075939246	-0.003197442	0.015187849

1495309102774	0.008659739	-0.001065814	0.014122035

1495309102787	0.0075939246	-0.0065281107	0.015187849

1495309102795	0.008659739	-0.003197442	0.014122035

1495309102805	0.0075939246	-0.004263256	0.020650147

1495309102823	0.0065281107	-0.0065281107	0.019584332

1495309102825	0.003197442	-0.008659739	0.014122035

1495309102837	0.0075939246	-0.004263256	0.016253663

1495309102844	0.0065281107	-0.004263256	0.014122035

1495309102854	0.0065281107	-0.009725553	0.0119904075

1495309102866	0.0075939246	-0.003197442	0.0119904075

1495309102874	0.0075939246	-0.003197442	0.008659739

1495309102886	0.0065281107	-0.0065281107	0.0119904075

1495309102897	0.003197442	-0.010791367	0.016253663

1495309102904	0.0119904075	-0.004263256	0.015187849

1495309102914	0.010791367	-0.0065281107	0.010791367

1495309102924	0.010791367	-0.0075939246	0.013056221

1495309102938	0.009725553	-0.002131628	0.020650147

1495309102945	0.0065281107	0.001065814	0.015187849

1495309102954	0.0065281107	-0.00532907	0.015187849

1495309102966	0.00532907	-0.0075939246	0.014122035

1495309102975	0.009725553	-0.00532907	0.014122035

1495309102989	0.013056221	-0.002131628	0.019584332

1495309103004	0.010791367	0.001065814	0.023980815

1495309103008	0.0075939246	-0.001065814	0.022781774

1495309103014	0.0075939246	-0.004263256	0.014122035

1495309103024	0.010791367	0.002131628	0.015187849

1495309103036	0.003197442	0.002131628	0.015187849

1495309103044	0.003197442	-0.0065281107	0.015187849

1495309103054	0.008659739	-0.010791367	0.013056221

1495309103065	0.0075939246	-0.002131628	0.0119904075

1495309103075	0.0065281107	-0.0075939246	0.015187849

1495309103087	0.004263256	-0.009725553	0.013056221

1495309103094	0.0075939246	-0.004263256	0.019584332

1495309103104	0.0065281107	-0.008659739	0.017452704

1495309103115	0.009725553	0.0	0.014122035

1495309103124	0.014122035	-0.002131628	0.013056221

1495309103135	0.008659739	-0.004263256	0.009725553

1495309103144	0.0075939246	-0.0075939246	0.014122035

1495309103154	0.010791367	-0.004263256	0.017452704

1495309103166	0.008659739	-0.00532907	0.014122035

1495309103180	0.009725553	-0.003197442	0.0075939246

1495309103187	0.013056221	-0.001065814	0.008659739

1495309103194	0.0075939246	-0.009725553	0.0119904075

1495309103204	0.0065281107	-0.0075939246	0.0119904075

1495309103214	0.0065281107	-0.004263256	0.013056221

1495309103224	0.00532907	0.0	0.019584332

1495309103238	0.008659739	-0.004263256	0.0119904075

1495309103244	0.00532907	-0.008659739	0.018518519

1495309103259	0.00532907	0.0	0.0119904075

1495309103266	0.00532907	0.002131628	0.017452704

1495309103274	0.00532907	0.002131628	0.013056221

1495309103286	0.004263256	-0.008659739	0.016253663

1495309103302	0.009725553	-0.00532907	0.013056221

1495309103304	0.0065281107	0.002131628	0.008659739

1495309103314	0.010791367	-0.003197442	0.0075939246

1495309103324	0.009725553	-0.0065281107	0.013056221

1495309103338	0.004263256	-0.0075939246	0.015187849

1495309103344	0.0065281107	-0.0075939246	0.010791367

1495309103354	0.008659739	-0.00532907	0.0119904075

1495309103366	0.0119904075	-0.001065814	0.010791367

1495309103374	0.009725553	0.001065814	0.018518519

1495309103396	0.0075939246	-0.001065814	0.013056221

1495309103398	0.003197442	-0.004263256	0.019584332

1495309103404	0.00532907	-0.002131628	0.019584332

1495309103414	0.0075939246	-0.009725553	0.016253663

1495309103424	0.014122035	-0.00532907	0.015187849

1495309103436	0.0119904075	-0.003197442	0.010791367

1495309103444	0.0065281107	-0.008659739	0.015187849

1495309103454	0.0065281107	-0.0065281107	0.018518519

1495309103466	0.008659739	-0.009725553	0.009725553

1495309103474	0.010791367	-0.009725553	0.009725553

1495309103487	0.0065281107	-0.0065281107	0.020650147

1495309103494	0.00532907	-0.003197442	0.015187849

1495309103504	0.008659739	-0.002131628	0.016253663

1495309103514	0.0075939246	-0.0065281107	0.0119904075

1495309103524	0.003197442	0.0	0.014122035

1495309103538	0.0065281107	-0.00532907	0.014122035

1495309103544	0.008659739	-0.004263256	0.013056221

1495309103554	0.0075939246	-0.008659739	0.017452704

1495309103566	0.00532907	-0.0075939246	0.013056221

1495309103574	0.009725553	-0.0075939246	0.017452704

1495309103586	0.0065281107	-0.0065281107	0.009725553

1495309103594	0.0075939246	-0.008659739	0.015187849

1495309103604	0.009725553	-0.008659739	0.017452704

1495309103614	0.003197442	-0.0065281107	0.016253663

1495309103624	0.0075939246	-0.002131628	0.015187849

1495309103636	0.0119904075	-0.002131628	0.019584332

1495309103644	0.0065281107	-0.004263256	0.018518519

1495309103657	0.0119904075	-0.002131628	0.013056221

1495309103665	0.0075939246	-0.0075939246	0.018518519

1495309103674	0.0075939246	-0.00532907	0.019584332

1495309103686	0.0075939246	-0.0075939246	0.014122035

1495309103694	0.0075939246	-0.010791367	0.017452704

1495309103704	0.00532907	-0.014122035	0.015187849

1495309103714	0.0075939246	-0.009725553	0.019584332

1495309103724	0.010791367	-0.004263256	0.019584332

1495309103737	0.009725553	-0.004263256	0.018518519

1495309103753	0.015187849	0.001065814	0.015187849

1495309103756	0.010791367	0.001065814	0.016253663

1495309103766	0.0065281107	-0.001065814	0.010791367

1495309103774	0.008659739	-0.004263256	0.0119904075

1495309103786	0.004263256	-0.003197442	0.014122035

1495309103794	0.0065281107	-0.008659739	0.014122035

1495309103804	0.003197442	-0.010791367	0.013056221

1495309103814	0.003197442	-0.0075939246	0.015187849

1495309103824	0.003197442	-0.004263256	0.015187849

1495309103843	0.0065281107	-0.001065814	0.017452704

1495309103849	0.0065281107	-0.002131628	0.020650147

1495309103854	0.008659739	-0.002131628	0.017452704

1495309103866	0.00532907	-0.002131628	0.013056221

1495309103874	0.0065281107	-0.002131628	0.010791367

1495309103886	0.0065281107	-0.00532907	0.016253663

1495309103894	0.004263256	-0.008659739	0.013056221

1495309103904	0.004263256	-0.010791367	0.013056221

1495309103915	0.0065281107	-0.00532907	0.009725553

1495309103924	0.0075939246	-0.004263256	0.013056221

1495309103944	0.004263256	-0.00532907	0.014122035

1495309103954	0.00532907	-0.00532907	0.017452704

1495309103965	0.0075939246	-0.010791367	0.015187849

1495309103974	0.0075939246	-0.015187849	0.013056221

1495309103986	0.009725553	-0.009725553	0.00532907

1495309104009	0.009725553	-0.0119904075	0.016253663

1495309104011	0.00532907	-0.009725553	0.014122035

1495309104017	0.00532907	-0.0075939246	0.015187849

1495309104024	0.0065281107	-0.00532907	0.009725553

1495309104036	0.004263256	-0.00532907	0.017452704

1495309104044	0.003197442	0.004263256	0.017452704

1495309104054	0.002131628	0.002131628	0.009725553

1495309104066	0.008659739	0.001065814	0.016253663

1495309104074	0.00532907	-0.27804422	0.013056221

1495309104087	0.00532907	-0.009725553	0.013056221

1495309104098	0.0065281107	-0.00532907	0.017452704

1495309104104	0.009725553	-0.003197442	0.015187849

1495309104115	0.0065281107	-0.009725553	0.021715961

1495309104125	0.008659739	-0.009725553	0.019584332

1495309104138	0.0119904075	-0.002131628	0.016253663

1495309104146	0.009725553	-0.003197442	0.010791367

1495309104154	0.004263256	-0.003197442	0.016253663

1495309104170	0.008659739	-0.002131628	0.017452704

1495309104174	0.0065281107	-0.002131628	0.015187849

1495309104186	0.0075939246	0.002131628	0.017452704

1495309104194	0.00532907	0.0	0.014122035

1495309104204	0.0075939246	-0.00532907	0.0075939246

1495309104214	0.009725553	-0.0065281107	0.009725553

1495309104224	0.009725553	-0.004263256	0.013056221

1495309104242	0.008659739	-0.0075939246	0.014122035

1495309104267	0.009725553	-0.004263256	0.010791367

1495309104269	0.00532907	-0.0075939246	0.017452704

1495309104274	0.0065281107	-0.013056221	0.013056221

1495309104286	0.0075939246	-0.008659739	0.010791367

1495309104294	0.0075939246	-0.004263256	0.013056221

1495309104304	0.008659739	0.003197442	0.014122035

1495309104314	0.009725553	0.002131628	0.018518519

1495309104324	0.00532907	-0.002131628	0.019584332

1495309104337	0.0075939246	-0.0065281107	0.015187849

1495309104344	0.008659739	-0.00532907	0.016253663

1495309104354	0.00532907	-0.00532907	0.016253663

1495309104366	0.0075939246	-0.009725553	0.010791367

1495309104374	0.010791367	-0.0075939246	0.014122035

1495309104398	0.010791367	-0.004263256	0.016253663

1495309104405	0.010791367	-0.009725553	0.015187849

1495309104414	0.004263256	-0.0065281107	0.016253663

1495309104424	0.00532907	-0.003197442	0.014122035

1495309104438	0.0119904075	-0.0075939246	0.015187849

1495309104444	0.0075939246	-0.0075939246	0.0075939246

1495309104454	0.00532907	-0.0075939246	0.015187849

1495309104466	0.0075939246	0.0	0.015187849

1495309104474	0.0065281107	-0.002131628	0.016253663

1495309104486	0.0065281107	-0.001065814	0.014122035

1495309104494	0.0065281107	-0.0075939246	0.018518519

1495309104507	0.0075939246	-0.0065281107	0.018518519

1495309104514	0.010791367	-0.00532907	0.017452704

1495309104524	0.009725553	-0.00532907	0.010791367

1495309104536	0.009725553	-0.004263256	0.0119904075

1495309104544	0.008659739	-0.002131628	0.0119904075

1495309104554	0.010791367	-0.008659739	0.010791367

1495309104565	0.0075939246	-0.004263256	0.014122035

1495309104574	0.0065281107	-0.003197442	0.010791367

1495309104589	0.00532907	-0.0075939246	0.010791367

1495309104594	0.010791367	-0.0075939246	0.008659739

1495309104607	0.009725553	-0.008659739	0.010791367

1495309104614	0.004263256	-0.0065281107	0.014122035

1495309104624	0.00532907	-0.008659739	0.014122035

1495309104636	0.009725553	-0.002131628	0.0119904075

1495309104644	0.0119904075	-0.001065814	0.013056221

1495309104654	0.009725553	-0.00532907	0.020650147

1495309104666	0.008659739	-0.001065814	0.014122035

1495309104674	0.008659739	-0.004263256	0.020650147

1495309104688	0.0119904075	-0.0075939246	0.016253663

1495309104700	0.00532907	-0.00532907	0.014122035

1495309104704	0.008659739	0.001065814	0.019584332

1495309104714	0.0075939246	-0.00532907	0.019584332

1495309104724	0.00532907	-0.008659739	0.016253663

1495309104737	0.002131628	-0.009725553	0.018518519

1495309104748	0.00532907	-0.0065281107	0.016253663

1495309104754	0.009725553	-0.002131628	0.010791367

1495309104766	0.008659739	-0.004263256	0.008659739

1495309104774	0.0065281107	-0.003197442	0.0075939246

1495309104786	0.0065281107	-0.00532907	0.016253663

1495309104794	0.010791367	0.003197442	0.013056221

1495309104804	0.009725553	-0.003197442	0.010791367

1495309104814	0.004263256	-0.0075939246	0.010791367

1495309104824	0.0065281107	-0.0119904075	0.008659739

1495309104836	0.00532907	-0.0119904075	0.009725553

1495309104847	0.004263256	-0.003197442	0.0119904075

1495309104854	0.00532907	-0.0075939246	0.015187849

1495309104865	0.0075939246	-0.0075939246	0.013056221

1495309104874	0.0065281107	-0.00532907	0.013056221

1495309104886	0.00532907	-0.0065281107	0.018518519

1495309104895	0.009725553	-0.002131628	0.014122035

1495309104904	0.001065814	-0.008659739	0.016253663

1495309104914	0.004263256	-0.009725553	0.014122035

1495309104925	0.008659739	-0.008659739	0.010791367

1495309104938	0.0075939246	-0.00532907	0.010791367

1495309104944	0.008659739	-0.008659739	0.015187849

1495309104954	0.0075939246	-0.0075939246	0.018518519

1495309104966	0.008659739	-0.001065814	0.019584332

1495309104974	0.009725553	0.004263256	0.017452704

1495309104988	0.009725553	0.001065814	0.014122035

1495309104994	0.0065281107	0.002131628	0.019584332

1495309105005	0.00532907	-0.002131628	0.013056221

1495309105021	0.00532907	-0.009725553	0.013056221

1495309105024	0.002131628	-0.010791367	0.015187849

1495309105037	0.003197442	-0.0065281107	0.010791367

1495309105044	0.003197442	-0.008659739	0.015187849

1495309105054	0.0065281107	-0.008659739	0.013056221

1495309105066	0.010791367	-0.00532907	0.016253663

1495309105074	0.009725553	-0.002131628	0.019584332

1495309105087	0.009725553	-0.004263256	0.019584332

1495309105094	0.004263256	-0.003197442	0.0119904075

1495309105104	0.0075939246	-0.001065814	0.015187849

1495309105120	0.008659739	-0.008659739	0.016253663

1495309105124	0.010791367	-0.014122035	0.019584332

1495309105136	0.0075939246	-0.008659739	0.019584332

1495309105144	0.008659739	-0.0065281107	0.020650147

1495309105154	0.004263256	0.001065814	0.0119904075

1495309105164	0.004263256	-0.003197442	0.014122035

1495309105174	0.0075939246	0.003197442	0.013056221

1495309105186	0.004263256	0.0	0.017452704

1495309105197	0.003197442	-0.008659739	0.016253663

1495309105204	0.004263256	-0.0119904075	0.010791367

1495309105214	0.001065814	-0.010791367	0.008659739

1495309105224	0.009725553	-0.0075939246	0.015187849

1495309105236	0.009725553	-0.00532907	0.017452704

1495309105244	0.008659739	-0.00532907	0.019584332

1495309105254	0.010791367	-0.00532907	0.018518519

