1495997477377	0.0119904075	-0.003197442	0.017452704

1495997477383	0.008659739	-0.001065814	0.017452704

1495997477389	0.009725553	-0.00532907	0.018518519

1495997477399	0.0065281107	-0.001065814	0.013056221

1495997477410	0.008659739	-0.00532907	0.021715961

1495997477418	0.009725553	-0.003197442	0.019584332

1495997477429	0.009725553	0.001065814	0.021715961

1495997477438	0.0065281107	-0.004263256	0.022781774

1495997477451	0.0075939246	-0.009725553	0.021715961

1495997477458	0.008659739	-0.002131628	0.02504663

1495997477468	0.0119904075	0.002131628	0.019584332

1495997477480	0.0065281107	-0.003197442	0.020650147

1495997477489	0.0065281107	-0.002131628	0.026112443

1495997477500	0.0065281107	-0.002131628	0.021715961

1495997477511	0.010791367	0.002131628	0.019584332

1495997477518	0.0075939246	-0.003197442	0.017452704

1495997477529	0.008659739	0.001065814	0.017452704

1495997477541	0.0075939246	-0.004263256	0.017452704

1495997477549	0.009725553	-0.003197442	0.019584332

1495997477558	0.008659739	-0.00532907	0.023980815

1495997477568	0.009725553	0.0	0.021715961

1495997477578	0.008659739	-0.003197442	0.022781774

1495997477590	0.010791367	-0.002131628	0.016253663

1495997477600	0.0119904075	-0.001065814	0.016253663

1495997477608	0.0075939246	-0.003197442	0.019584332

1495997477618	0.0119904075	-0.004263256	0.015187849

1495997477628	0.013056221	0.002131628	0.019584332

1495997477640	0.010791367	-0.001065814	0.015187849

1495997477648	0.00532907	0.0	0.017452704

1495997477658	0.0075939246	0.0	0.014122035

1495997477668	0.008659739	-0.004263256	0.0065281107

1495997477678	0.010791367	-0.004263256	0.017452704

1495997477693	0.00532907	-0.0065281107	0.018518519

1495997477699	0.0075939246	-0.001065814	0.018518519

1495997477708	0.014122035	-0.002131628	0.013056221

1495997477719	0.0119904075	-0.003197442	0.014122035

1495997477728	0.008659739	-0.0075939246	0.018518519

1495997477740	0.009725553	-0.0065281107	0.018518519

1495997477748	0.009725553	0.2704503	0.013056221

1495997477758	0.0065281107	0.002131628	0.020650147

1495997477768	0.009725553	-0.00532907	0.017452704

1495997477778	0.009725553	-0.00532907	0.021715961

1495997477795	0.010791367	-0.002131628	0.013056221

1495997477800	0.0065281107	-0.0075939246	0.017452704

1495997477823	0.0075939246	-0.009725553	0.016253663

1495997477825	0.008659739	-0.0065281107	0.020650147

1495997477828	0.0119904075	0.0	0.018518519

1495997477840	0.010791367	-0.001065814	0.015187849

1495997477848	0.010791367	-0.002131628	0.018518519

1495997477858	0.009725553	-0.00532907	0.019584332

1495997477868	0.010791367	-0.002131628	0.013056221

1495997477879	0.010791367	0.0	0.015187849

1495997477891	0.008659739	-0.003197442	0.013056221

1495997477900	0.010791367	0.001065814	0.016253663

1495997477908	0.010791367	0.001065814	0.022781774

1495997477918	0.008659739	-0.002131628	0.026112443

1495997477928	0.009725553	-0.002131628	0.017452704

1495997477945	0.0119904075	-0.002131628	0.016253663

1495997477959	0.0075939246	-0.001065814	0.015187849

1495997477969	0.0119904075	-0.00532907	0.015187849

1495997477979	0.010791367	-0.001065814	0.020650147

1495997478037	0.009725553	-0.003197442	0.018518519

1495997478052	0.009725553	-0.003197442	0.018518519

1495997478062	0.004263256	-0.004263256	0.021715961

1495997478064	0.003197442	-0.002131628	0.023980815

1495997478072	0.0065281107	-0.0075939246	0.0119904075

1495997478073	0.0065281107	-0.008659739	0.019584332

1495997478074	0.0075939246	-0.001065814	0.018518519

1495997478075	0.00532907	0.001065814	0.016253663

1495997478081	0.0065281107	-0.002131628	0.020650147

1495997478088	0.0065281107	-0.002131628	0.016253663

1495997478100	0.0119904075	-0.004263256	0.013056221

1495997478108	0.013056221	-0.001065814	0.013056221

1495997478119	0.0065281107	-0.0075939246	0.020650147

1495997478132	0.0075939246	-0.00532907	0.019584332

1495997478138	0.0075939246	-0.003197442	0.019584332

1495997478148	0.002131628	-0.001065814	0.018518519

1495997478160	0.002131628	-0.001065814	0.019584332

1495997478168	0.0075939246	-0.003197442	0.020650147

1495997478178	0.003197442	-0.00532907	0.018518519

1495997478201	0.0075939246	-0.001065814	0.018518519

1495997478203	0.0075939246	-0.001065814	0.018518519

1495997478208	0.008659739	-0.003197442	0.015187849

1495997478218	0.0075939246	-0.002131628	0.013056221

1495997478228	0.010791367	0.0	0.020650147

1495997478240	0.0119904075	0.001065814	0.020650147

1495997478248	0.013056221	-0.003197442	0.016253663

1495997478258	0.013056221	-0.002131628	0.019584332

1495997478268	0.008659739	-0.002131628	0.022781774

1495997478278	0.010791367	-0.003197442	0.017452704

1495997478293	0.0119904075	-0.003197442	0.015187849

1495997478299	0.009725553	-0.001065814	0.017452704

1495997478308	0.010791367	0.002131628	0.019584332

1495997478318	0.008659739	-0.0065281107	0.015187849

1495997478328	0.0075939246	-0.00532907	0.019584332

1495997478341	0.010791367	0.001065814	0.014122035

1495997478348	0.0075939246	-0.009725553	0.013056221

1495997478358	0.009725553	-0.0065281107	0.014122035

1495997478368	0.009725553	-0.001065814	0.017452704

1495997478378	0.008659739	0.0	0.019584332

1495997478390	0.00532907	0.001065814	0.018518519

1495997478400	0.0065281107	-0.00532907	0.021715961

1495997478408	0.009725553	-0.003197442	0.022781774

1495997478418	0.0075939246	-0.003197442	0.016253663

1495997478432	0.010791367	-0.00532907	0.016253663

1495997478440	0.0075939246	-0.0065281107	0.020650147

1495997478448	0.0075939246	0.002131628	0.019584332

1495997478458	0.0075939246	-0.004263256	0.016253663

1495997478469	0.0075939246	-0.003197442	0.015187849

1495997478480	0.0075939246	-0.00532907	0.016253663

1495997478495	0.0075939246	-0.001065814	0.018518519

1495997478501	0.00532907	-0.004263256	0.021715961

1495997478509	0.009725553	-0.003197442	0.021715961

1495997478519	0.008659739	-0.0075939246	0.019584332

1495997478529	0.0075939246	-0.004263256	0.017452704

1495997478540	0.010791367	-0.002131628	0.020650147

1495997478548	0.0075939246	-0.004263256	0.019584332

1495997478558	0.008659739	-0.00532907	0.017452704

1495997478568	0.008659739	-0.002131628	0.015187849

1495997478578	0.015187849	0.0	0.020650147

1495997478592	0.010791367	-0.002131628	0.016253663

1495997478599	0.0075939246	-0.002131628	0.013056221

1495997478608	0.008659739	-0.003197442	0.014122035

1495997478618	0.0119904075	-0.0065281107	0.019584332

1495997478628	0.0119904075	-0.00532907	0.017452704

1495997478641	0.009725553	-0.004263256	0.020650147

1495997478648	0.010791367	0.001065814	0.018518519

1495997478658	0.008659739	0.002131628	0.018518519

1495997478668	0.0075939246	-0.001065814	0.018518519

1495997478678	0.0065281107	-0.004263256	0.018518519

1495997478695	0.013056221	-0.002131628	0.019584332

1495997478701	0.013056221	-0.002131628	0.022781774

1495997478709	0.0119904075	-0.004263256	0.022781774

1495997478719	0.009725553	-0.003197442	0.018518519

1495997478732	0.0075939246	-0.004263256	0.019584332

1495997478741	0.008659739	-0.003197442	0.016253663

1495997478748	0.008659739	-0.002131628	0.018518519

1495997478758	0.0075939246	-0.001065814	0.016253663

1495997478768	0.013056221	0.001065814	0.018518519

1495997478778	0.0119904075	-0.001065814	0.017452704

1495997478790	0.0075939246	-0.003197442	0.0119904075

1495997478800	0.008659739	-0.001065814	0.016253663

1495997478809	0.008659739	0.001065814	0.019584332

1495997478818	0.010791367	-0.002131628	0.022781774

1495997478828	0.009725553	0.001065814	0.027178258

1495997478840	0.008659739	-0.00532907	0.020650147

1495997478848	0.0065281107	-0.00532907	0.013056221

1495997478858	0.010791367	-0.003197442	0.016253663

1495997478868	0.0065281107	0.001065814	0.016253663

1495997478878	0.013056221	0.003197442	0.019584332

1495997478892	0.0119904075	-0.00532907	0.017452704

1495997478899	0.0065281107	-0.0075939246	0.019584332

1495997478908	0.010791367	-0.004263256	0.022781774

1495997478918	0.010791367	-0.002131628	0.019584332

1495997478928	0.004263256	-0.003197442	0.015187849

1495997478941	0.008659739	-0.0065281107	0.017452704

1495997478949	0.010791367	-0.002131628	0.016253663

1495997478958	0.010791367	0.0	0.017452704

1495997478968	0.014122035	0.001065814	0.018518519

1495997478978	0.013056221	-0.003197442	0.014122035

1495997478992	0.010791367	-0.0065281107	0.019584332

1495997479000	0.010791367	-0.001065814	0.020650147

1495997479008	0.013056221	0.0	0.0119904075

1495997479019	0.0075939246	-0.004263256	0.0119904075

1495997479029	0.00532907	-0.003197442	0.017452704

1495997479040	0.0075939246	-0.00532907	0.0119904075

1495997479048	0.0075939246	-0.003197442	0.017452704

1495997479058	0.0075939246	-0.003197442	0.021715961

1495997479068	0.008659739	-0.001065814	0.021715961

1495997479078	0.0075939246	-0.003197442	0.021715961

1495997479090	0.009725553	-0.004263256	0.017452704

1495997479100	0.0075939246	-0.003197442	0.020650147

1495997479108	0.00532907	-0.002131628	0.018518519

1495997479118	0.010791367	0.0	0.018518519

1495997479128	0.009725553	-0.003197442	0.020650147

1495997479147	0.008659739	-0.003197442	0.014122035

1495997479151	0.009725553	-0.004263256	0.0119904075

1495997479158	0.009725553	-0.0065281107	0.016253663

1495997479168	0.009725553	-0.0075939246	0.0119904075

1495997479178	0.010791367	0.001065814	0.016253663

1495997479190	0.010791367	-0.003197442	0.016253663

1495997479199	0.013056221	0.0	0.016253663

1495997479208	0.017452704	0.001065814	0.019584332

1495997479218	0.015187849	0.001065814	0.016253663

1495997479228	0.014122035	0.001065814	0.014122035

1495997479240	0.010791367	-0.004263256	0.018518519

1495997479249	0.0075939246	-0.003197442	0.020650147

1495997479258	0.013056221	-0.003197442	0.0119904075

1495997479268	0.0119904075	-0.001065814	0.009725553

1495997479278	0.0075939246	-0.0065281107	0.013056221

1495997479291	0.0065281107	-0.0065281107	0.015187849

1495997479300	0.00532907	-0.0075939246	0.016253663

1495997479308	0.0075939246	-0.0075939246	0.018518519

1495997479318	0.009725553	-0.00532907	0.015187849

1495997479328	0.009725553	-0.003197442	0.018518519

1495997479340	0.009725553	-0.00532907	0.017452704

1495997479348	0.0119904075	0.002131628	0.020650147

1495997479358	0.014122035	0.001065814	0.017452704

1495997479368	0.0075939246	-0.003197442	0.014122035

1495997479378	0.008659739	-0.0065281107	0.010791367

1495997479390	0.010791367	-0.002131628	0.019584332

1495997479400	0.0065281107	-0.00532907	0.015187849

1495997479408	0.00532907	-0.00532907	0.013056221

1495997479418	0.0065281107	-0.00532907	0.015187849

1495997479428	0.009725553	0.001065814	0.015187849

1495997479442	0.014122035	0.002131628	0.020650147

1495997479448	0.014122035	0.001065814	0.014122035

1495997479458	0.010791367	0.0	0.018518519

1495997479468	0.009725553	-0.003197442	0.017452704

1495997479478	0.0075939246	-0.00532907	0.023980815

1495997479491	0.0119904075	-0.008659739	0.014122035

1495997479508	0.010791367	-0.002131628	0.018518519

1495997479518	0.0075939246	0.003197442	0.018518519

1495997479528	0.0065281107	-0.001065814	0.017452704

1495997479544	0.00532907	-0.004263256	0.018518519

1495997479549	0.010791367	-0.003197442	0.020650147

1495997479572	0.0065281107	0.0	0.015187849

1495997479587	0.00532907	-0.001065814	0.020650147

1495997479605	0.014122035	-0.003197442	0.019584332

1495997479609	0.013056221	-0.004263256	0.022781774

1495997479616	0.008659739	-0.001065814	0.017452704

1495997479618	0.0075939246	0.0	0.016253663

1495997479622	0.008659739	-0.00532907	0.017452704

1495997479628	0.010791367	-0.002131628	0.013056221

1495997479640	0.010791367	0.003197442	0.017452704

1495997479650	0.009725553	-0.001065814	0.014122035

1495997479658	0.009725553	0.001065814	0.018518519

1495997479668	0.0065281107	0.001065814	0.022781774

1495997479678	0.009725553	-0.002131628	0.020650147

1495997479690	0.0075939246	-0.008659739	0.016253663

1495997479700	0.0065281107	-0.002131628	0.017452704

1495997479709	0.0119904075	0.001065814	0.021715961

1495997479718	0.002131628	-0.0065281107	0.017452704

1495997479728	0.00532907	-0.004263256	0.009725553

1495997479742	0.0075939246	-0.004263256	0.018518519

1495997479748	0.009725553	-0.003197442	0.016253663

1495997479758	0.009725553	-0.003197442	0.015187849

1495997479768	0.002131628	-0.0075939246	0.020650147

1495997479778	0.0065281107	-0.00532907	0.018518519

1495997479790	0.009725553	-0.0065281107	0.019584332

1495997479799	0.009725553	-0.0075939246	0.018518519

1495997479809	0.0119904075	-0.008659739	0.018518519

1495997479818	0.008659739	-0.004263256	0.018518519

1495997479828	0.008659739	-0.002131628	0.019584332

1495997479840	0.014122035	-0.001065814	0.017452704

1495997479848	0.0119904075	0.0	0.017452704

1495997479858	0.015187849	0.002131628	0.016253663

1495997479869	0.0119904075	-0.003197442	0.015187849

1495997479878	0.0065281107	-0.003197442	0.018518519

1495997479890	0.015187849	0.003197442	0.023980815

1495997479900	0.010791367	0.002131628	0.019584332

1495997479908	0.0119904075	0.001065814	0.017452704

1495997479918	0.010791367	-0.003197442	0.017452704

1495997479928	0.009725553	-0.003197442	0.018518519

1495997479941	0.008659739	-0.002131628	0.018518519

1495997479949	0.008659739	-0.008659739	0.018518519

1495997479958	0.008659739	-0.013056221	0.019584332

1495997479968	0.0075939246	-0.001065814	0.015187849

1495997479978	0.008659739	0.0	0.014122035

1495997479992	0.009725553	-0.002131628	0.019584332

1495997480000	0.0075939246	-0.003197442	0.018518519

1495997480008	0.0065281107	-0.0075939246	0.017452704

1495997480018	0.00532907	-0.008659739	0.020650147

1495997480028	0.010791367	-0.002131628	0.017452704

1495997480044	0.003197442	-0.002131628	0.016253663

1495997480058	0.0075939246	-0.002131628	0.020650147

1495997480068	0.009725553	0.003197442	0.016253663

1495997480078	0.009725553	0.0	0.014122035

1495997480090	0.0119904075	-0.0075939246	0.017452704

1495997480099	0.009725553	-0.001065814	0.017452704

1495997480108	0.0075939246	0.0	0.020650147

1495997480118	0.013056221	0.002131628	0.02504663

1495997480128	0.013056221	-0.002131628	0.020650147

1495997480140	0.010791367	-0.004263256	0.022781774

1495997480148	0.010791367	-0.0065281107	0.021715961

1495997480159	0.008659739	-0.00532907	0.018518519

1495997480168	0.009725553	0.0	0.013056221

1495997480178	0.0065281107	-0.00532907	0.018518519

1495997480190	0.0075939246	-0.0065281107	0.022781774

1495997480200	0.009725553	-0.002131628	0.018518519

1495997480208	0.0075939246	0.003197442	0.014122035

1495997480218	0.014122035	-0.003197442	0.015187849

1495997480228	0.008659739	-0.003197442	0.017452704

1495997480248	0.003197442	-0.001065814	0.016253663

1495997480259	0.008659739	-0.002131628	0.020650147

1495997480268	0.0065281107	-0.003197442	0.013056221

1495997480278	0.004263256	-0.0065281107	0.014122035

1495997480290	0.0075939246	-0.008659739	0.016253663

1495997480300	0.0075939246	-0.002131628	0.021715961

1495997480308	0.004263256	0.0	0.018518519

1495997480318	0.009725553	0.003197442	0.016253663

1495997480328	0.009725553	0.00532907	0.021715961

1495997480342	0.0065281107	-0.002131628	0.019584332

1495997480349	0.0119904075	-0.0065281107	0.014122035

1495997480358	0.008659739	-0.00532907	0.014122035

1495997480368	0.008659739	-0.004263256	0.013056221

1495997480378	0.0119904075	0.001065814	0.019584332

1495997480390	0.009725553	-0.0075939246	0.013056221

1495997480399	0.0065281107	-0.009725553	0.010791367

1495997480408	0.0075939246	-0.00532907	0.019584332

1495997480419	0.008659739	0.002131628	0.018518519

1495997480428	0.0119904075	0.0	0.018518519

1495997480440	0.014122035	-0.004263256	0.014122035

1495997480448	0.010791367	0.002131628	0.014122035

1495997480458	0.0119904075	-0.003197442	0.016253663

1495997480468	0.010791367	-0.00532907	0.015187849

1495997480478	0.009725553	-0.001065814	0.018518519

1495997480490	0.009725553	-0.004263256	0.021715961

1495997480500	0.004263256	-0.0075939246	0.009725553

1495997480509	0.010791367	-0.008659739	0.009725553

1495997480518	0.0075939246	-0.009725553	0.015187849

1495997480528	0.010791367	-0.009725553	0.015187849

1495997480541	0.0065281107	-0.002131628	0.016253663

1495997480548	0.008659739	-0.003197442	0.0119904075

1495997480558	0.008659739	-0.003197442	0.015187849

1495997480568	0.008659739	-0.003197442	0.016253663

1495997480578	0.0119904075	-0.00532907	0.013056221

1495997480593	0.008659739	-0.003197442	0.015187849

1495997480601	0.014122035	0.0	0.013056221

1495997480608	0.0119904075	-0.004263256	0.013056221

1495997480618	0.0119904075	-0.003197442	0.0119904075

1495997480628	0.0075939246	-0.002131628	0.013056221

1495997480640	0.008659739	-0.002131628	0.018518519

1495997480648	0.009725553	-0.004263256	0.023980815

1495997480658	0.0075939246	-0.003197442	0.018518519

1495997480668	0.008659739	-0.009725553	0.013056221

1495997480678	0.008659739	-0.003197442	0.021715961

1495997480690	0.008659739	-0.001065814	0.017452704

1495997480699	0.00532907	-0.003197442	0.017452704

1495997480710	0.013056221	-0.002131628	0.017452704

1495997480718	0.0119904075	-0.002131628	0.019584332

1495997480728	0.008659739	-0.002131628	0.020650147

1495997480740	0.0075939246	-0.0065281107	0.015187849

1495997480748	0.004263256	-0.0075939246	0.017452704

1495997480758	0.008659739	0.004263256	0.021715961

1495997480768	0.0119904075	0.001065814	0.015187849

1495997480778	0.013056221	-0.004263256	0.014122035

1495997480790	0.009725553	-0.00532907	0.015187849

1495997480800	0.008659739	-0.004263256	0.014122035

1495997480809	0.0119904075	0.0	0.018518519

1495997480818	0.008659739	0.001065814	0.019584332

1495997480828	0.0065281107	0.002131628	0.019584332

1495997480840	0.009725553	-0.001065814	0.019584332

1495997480848	0.0065281107	-0.003197442	0.017452704

1495997480858	0.0075939246	-0.001065814	0.015187849

1495997480868	0.0065281107	-0.002131628	0.018518519

1495997480878	0.0075939246	-0.004263256	0.016253663

1495997480893	0.009725553	-0.003197442	0.015187849

1495997480900	0.004263256	-0.003197442	0.017452704

1495997480918	0.010791367	-0.002131628	0.018518519

1495997480928	0.014122035	0.0	0.016253663

1495997480940	0.008659739	-0.00532907	0.017452704

1495997480948	0.009725553	0.001065814	0.019584332

1495997480958	0.0065281107	-0.003197442	0.017452704

1495997480969	0.009725553	0.003197442	0.0119904075

1495997480978	0.008659739	-0.001065814	0.020650147

1495997480993	0.008659739	-0.004263256	0.019584332

1495997480999	0.0119904075	-0.002131628	0.017452704

1495997481008	0.0075939246	-0.0065281107	0.013056221

1495997481020	0.008659739	-0.001065814	0.018518519

1495997481028	0.014122035	0.0	0.019584332

1495997481041	0.010791367	-0.0065281107	0.018518519

1495997481048	0.0119904075	-0.00532907	0.014122035

1495997481058	0.0065281107	0.0	0.019584332

1495997481068	0.009725553	-0.003197442	0.020650147

1495997481078	0.008659739	-0.00532907	0.018518519

1495997481093	0.008659739	-0.001065814	0.016253663

1495997481101	0.009725553	-0.008659739	0.0119904075

1495997481118	0.009725553	-0.004263256	0.013056221

1495997481128	0.0075939246	-0.001065814	0.017452704

1495997481140	0.0075939246	0.27804422	0.021715961

1495997481148	0.0075939246	-0.00532907	0.019584332

1495997481158	0.00532907	-0.002131628	0.016253663

1495997481168	0.0065281107	0.001065814	0.016253663

1495997481178	0.013056221	-0.010791367	0.0119904075

1495997481193	0.0119904075	-0.004263256	0.014122035

1495997481200	0.009725553	0.0	0.020650147

1495997481208	0.008659739	-0.001065814	0.020650147

1495997481218	0.008659739	-0.00532907	0.016253663

1495997481228	0.0119904075	-0.004263256	0.018518519

1495997481240	0.010791367	-0.003197442	0.013056221

1495997481248	0.010791367	-0.002131628	0.016253663

1495997481258	0.009725553	0.0	0.016253663

1495997481268	0.0075939246	-0.002131628	0.015187849

1495997481278	0.0075939246	-0.001065814	0.018518519

1495997481290	0.009725553	0.002131628	0.017452704

1495997481299	0.010791367	-0.00532907	0.013056221

1495997481308	0.0065281107	-0.003197442	0.019584332

1495997481318	0.015187849	0.003197442	0.015187849

1495997481329	0.0075939246	-0.0065281107	0.022781774

1495997481341	0.0075939246	-0.001065814	0.014122035

1495997481348	0.009725553	-0.0065281107	0.019584332

1495997481359	0.010791367	-0.002131628	0.018518519

1495997481368	0.015187849	-0.002131628	0.019584332

1495997481378	0.010791367	-0.001065814	0.018518519

1495997481390	0.009725553	0.003197442	0.018518519

1495997481400	0.010791367	-0.003197442	0.015187849

1495997481408	0.0065281107	-0.004263256	0.013056221

1495997481419	0.0065281107	-0.004263256	0.017452704

1495997481428	0.008659739	-0.009725553	0.018518519

1495997481440	0.010791367	-0.002131628	0.020650147

1495997481448	0.009725553	-0.002131628	0.019584332

1495997481462	0.013056221	-0.002131628	0.016253663

1495997481479	0.010791367	-0.004263256	0.017452704

1495997481493	0.009725553	-0.003197442	0.019584332

1495997481502	0.009725553	0.004263256	0.019584332

1495997481526	0.008659739	-0.004263256	0.020650147

1495997481528	0.008659739	-0.004263256	0.016253663

1495997481541	0.015187849	-0.002131628	0.015187849

1495997481555	0.0119904075	-0.00532907	0.016253663

1495997481568	0.0075939246	-0.00532907	0.015187849

1495997481571	0.00532907	-0.002131628	0.018518519

1495997481578	0.0065281107	-0.002131628	0.014122035

1495997481590	0.008659739	-0.001065814	0.013056221

1495997481599	0.0075939246	-0.001065814	0.017452704

1495997481608	0.00532907	0.002131628	0.018518519

1495997481618	0.008659739	0.002131628	0.021715961

1495997481628	0.008659739	0.004263256	0.026112443

1495997481640	0.010791367	-0.001065814	0.018518519

1495997481648	0.009725553	-0.0065281107	0.017452704

1495997481659	0.0075939246	-0.004263256	0.013056221

1495997481668	0.008659739	-0.004263256	0.0119904075

1495997481678	0.0075939246	-0.009725553	0.017452704

1495997481690	0.0065281107	-0.003197442	0.015187849

1495997481700	0.010791367	-0.001065814	0.0119904075

1495997481708	0.0065281107	-0.003197442	0.0119904075

1495997481718	0.0119904075	-0.0065281107	0.016253663

1495997481728	0.008659739	-0.003197442	0.016253663

1495997481740	0.010791367	0.003197442	0.016253663

1495997481748	0.009725553	0.002131628	0.018518519

1495997481758	0.013056221	-0.00532907	0.017452704

1495997481768	0.010791367	0.0	0.0119904075

1495997481778	0.0075939246	0.001065814	0.016253663

1495997481792	0.010791367	0.002131628	0.020650147

1495997481800	0.0075939246	0.0	0.015187849

1495997481809	0.0065281107	-0.003197442	0.017452704

1495997481818	0.009725553	-0.003197442	0.020650147

1495997481829	0.008659739	-0.003197442	0.016253663

1495997481841	0.003197442	0.0	0.017452704

1495997481848	0.0065281107	-0.003197442	0.015187849

1495997481858	0.009725553	-0.0075939246	0.016253663

1495997481868	0.009725553	-0.00532907	0.020650147

1495997481878	0.013056221	-0.001065814	0.019584332

1495997481890	0.0075939246	0.0	0.014122035

1495997481899	0.004263256	-0.0065281107	0.019584332

1495997481908	0.008659739	-0.002131628	0.017452704

1495997481918	0.010791367	-0.00532907	0.014122035

1495997481928	0.008659739	-0.0075939246	0.014122035

1495997481940	0.009725553	-0.00532907	0.010791367

1495997481948	0.0075939246	-0.001065814	0.016253663

1495997481958	0.003197442	-0.00532907	0.015187849

1495997481968	0.004263256	-0.0065281107	0.015187849

1495997481978	0.008659739	-0.002131628	0.014122035

1495997481992	0.013056221	-0.001065814	0.014122035

1495997482000	0.010791367	0.002131628	0.020650147

1495997482010	0.009725553	0.001065814	0.017452704

1495997482018	0.008659739	-0.001065814	0.018518519

1495997482029	0.004263256	-0.001065814	0.019584332

1495997482040	0.002131628	-0.001065814	0.019584332

1495997482048	0.003197442	-0.0065281107	0.015187849

1495997482059	0.0065281107	-0.0065281107	0.017452704

1495997482068	0.008659739	-0.00532907	0.015187849

1495997482078	0.009725553	0.001065814	0.017452704

1495997482092	0.0075939246	-0.001065814	0.018518519

1495997482100	0.010791367	-0.004263256	0.013056221

1495997482118	0.009725553	-0.008659739	0.013056221

1495997482128	0.010791367	-0.003197442	0.015187849

1495997482141	0.014122035	-0.002131628	0.017452704

1495997482148	0.010791367	-0.004263256	0.018518519

1495997482158	0.009725553	-0.002131628	0.017452704

1495997482169	0.010791367	-0.002131628	0.018518519

1495997482178	0.0075939246	-0.0065281107	0.016253663

1495997482192	0.0075939246	-0.001065814	0.015187849

1495997482199	0.0075939246	-0.002131628	0.013056221

1495997482209	0.0119904075	-0.001065814	0.015187849

1495997482224	0.009725553	0.001065814	0.014122035

1495997482229	0.010791367	-0.001065814	0.016253663

1495997482240	0.010791367	-0.001065814	0.017452704

1495997482248	0.0065281107	-0.003197442	0.017452704

1495997482258	0.008659739	-0.00532907	0.016253663

1495997482268	0.00532907	-0.003197442	0.017452704

1495997482278	0.010791367	-0.002131628	0.018518519

1495997482290	0.010791367	-0.002131628	0.019584332

1495997482300	0.013056221	-0.004263256	0.016253663

1495997482318	0.009725553	-0.002131628	0.016253663

1495997482328	0.009725553	-0.001065814	0.0119904075

1495997482342	0.0065281107	-0.004263256	0.018518519

1495997482349	0.0119904075	-0.002131628	0.017452704

1495997482358	0.0119904075	0.001065814	0.020650147

