1495399924955	-0.43631762	1.3350652	0.7340794

1495399924960	-0.27924326	1.2324806	0.7809752

1495399924970	-0.12216893	1.1506795	0.7973621

1495399924980	0.046895817	1.0667466	0.7907008

1495399924992	0.21476153	0.9826805	0.76458836

1495399925003	0.35984546	0.9118039	0.71436185

1495399925010	0.492939	0.8333333	0.6282974

1495399925023	0.6096456	0.767919	0.50932586

1495399925030	0.74380493	0.7013056	0.3675726

1495399925040	0.8987477	0.6249667	0.23554489

1495399925052	1.0808686	0.51811886	0.10245137

1495399925069	1.3034905	0.31734613	-0.034905408

1495399925072	1.5564882	0.033706367	-0.14281908

1495399925082	1.8390621	-0.2769784	-0.29549694

1495399925090	2.090994	-0.5169198	-0.29549694

1495399925100	2.2230215	-0.5921929	-0.31294963

1495399925114	2.1946442	-0.46682653	-0.23767653

1495399925120	2.0407674	-0.3282707	-0.002131628

1495399925130	1.2707168	-0.43298694	-0.16027178

1495399925140	0.37623236	-0.22022381	-0.48427925

1495399925150	-0.7525979	0.50066614	-0.21596056

1495399925160	-1.50413	1.1769252	0.5223821

1495399925170	-1.6622702	1.2358114	0.83439916

1495399925190	-1.3579803	0.9118039	0.86717296

1495399925192	-0.9696243	0.63589126	0.68718356

1495399925200	-0.5812683	0.30095923	0.48427925

1495399925213	-0.23554489	0.087263525	0.23887557

1495399925220	0.02504663	0.070876636	-0.008659739

1495399925230	0.30202505	0.042499334	-0.20063949

1495399925240	0.64575005	-0.15480949	-0.33040234

1495399925251	0.8605116	-0.56061816	-0.31841195

1495399925260	0.63362646	-1.0688782	-0.08832934

1495399925273	0.111244336	-1.2379429	0.15267786

1495399925280	-0.10578204	-0.9576339	0.34132695

1495399925290	0.10031974	-0.78417265	0.40900612

1495399925300	0.21596056	-0.5114575	0.34239274

1495399925310	0.10471623	-0.2748468	0.06314948

1495399925320	0.14828138	-0.2693845	-0.68598455

1495399925330	0.5911271	-0.82560617	-1.0820677

1495399925340	0.8104183	-1.2707168	-1.4997336

1495399925366	0.95989877	-1.5892619	-1.7037038

1495399925369	1.0524913	-1.7255529	-1.8487877

1495399925372	1.0285106	-1.5619504	-1.8782307

1495399925380	0.9784173	-1.3558487	-1.7997602

1495399925390	1.0133227	-1.3787637	-1.580469

1495399925400	1.0547562	-1.5924593	-1.2511324

1495399925413	1.0798029	-1.7037038	-0.9292566

1495399925420	1.1834532	-1.3764988	-0.767919

1495399925430	1.2631228	-0.78963494	-0.58899546

1495399925440	1.329603	-0.45590195	-0.3675726

1495399925451	1.4528377	-0.29549694	-0.21809219

1495399925468	1.5390354	-0.2748468	-0.1842526

1495399925470	1.5772715	-0.34359178	-0.24540368

1495399925480	1.572875	-0.38928857	-0.32387424

1495399925490	1.5259792	-0.35438317	-0.379563

1495399925500	1.4713563	-0.29669598	-0.42752466

1495399925512	1.4332534	-0.010791367	-0.55302423

1495399925520	1.4332534	-0.010791367	-0.6041833

1495399925530	1.3186784	0.055555556	-0.6751932

1495399925541	1.2248868	-0.06434852	-0.7395417

1495399925552	1.1147082	-0.2410072	-0.7918998

1495399925560	1.0209166	-0.40460965	-0.83439916

1495399925570	0.98494536	-0.5289102	-0.88129497

1495399925580	0.96642685	-0.6053824	-0.9063416

1495399925590	0.96096456	-0.66320276	-0.88569146

1495399925600	0.95989877	-0.8104183	-0.88129497

1495399925610	0.91073805	-0.92379427	-0.8714362

1495399925620	0.804956	-0.97948307	-0.84532374

1495399925630	0.66853184	-0.9826805	-0.80815345

1495399925640	0.5301092	-0.91513455	-0.7689848

1495399925652	0.41553423	-0.79509723	-0.7340794

1495399925660	0.31188384	-0.6510791	-0.6020517

1495399925670	0.23341326	-0.54636294	-0.44497734

1495399925681	0.16786571	-0.41993073	-0.2977618

1495399925691	0.08939515	-0.25952572	-0.17013057

1495399925700	0.039168663	-0.20610179	-0.045696776

1495399925714	-0.015187849	-0.21049827	0.07953637

1495399925721	-0.087263525	-0.21049827	0.06541433

1495399925731	-0.16466826	-0.23341326	0.019584332

1495399925741	-0.24860112	-0.264988	-0.054489743

1495399925759	-0.34785506	-0.2998934	-0.107913665

1495399925760	-0.50612843	-0.28350654	-0.10031974

1495399925770	-0.75153214	-0.2300826	-0.039168663

1495399925780	-1.0568879	-0.1558753	0.08286704

1495399925790	-1.3590461	-0.062083665	0.28577137

1495399925800	-1.6502798	0.09485745	0.53770316

1495399925812	-1.9480416	0.24860112	0.7973621

1495399925820	-2.1652012	0.32494006	1.0602185

1495399925830	-2.3418598	0.29003465	1.2915001

1495399925840	-2.5393019	0.2017053	1.4845457

1495399925852	-2.7400746	0.173328	1.6012523

1495399925861	-2.77498	0.16786571	1.6448175

1495399925870	-2.5786037	0.11444178	1.5924593

1495399925880	-2.1858513	0.15161204	1.4103384

1495399925890	-1.7331468	0.24540368	1.2019718

1495399925901	-1.3710365	0.34026113	1.2685851

1495399925910	-1.184519	0.31521448	1.2685851

1495399925920	-1.4277911	0.17119637	1.5663469

1495399925930	-1.7299494	0.21596056	1.4593658

1495399925940	-1.9437783	0.2519318	1.2456701

1495399925952	-1.9808153	0.4416467	1.0023981

1495399925960	-1.8880895	0.76458836	0.83546495

1495399925970	-1.7572608	1.055822	0.7809752

1495399925980	-1.6382893	1.2521982	0.75579536

1495399925990	-1.4965361	1.2860378	0.7340794

1495399926000	-1.3623768	1.1813216	0.6882494

1495399926010	-1.2358114	1.048228	0.66200376

1495399926020	-1.0995203	0.9761524	0.66746604

1495399926030	-0.93804955	0.9990674	0.6718625

1495399926040	-0.77005064	1.0230483	0.6707967

1495399926053	-0.6053824	0.99040765	0.72422063

1495399926072	-0.34785506	0.83106846	0.7907008

1495399926080	-0.20610179	0.8551825	0.7864375

1495399926097	-0.05995204	0.9260591	0.74820143

1495399926100	0.10031974	1.0001333	0.71009856

1495399926110	0.26392218	1.0656807	0.63482547

1495399926120	0.6085798	1.1048495	0.43844923

1495399926130	0.80602187	0.9925393	0.31947774

1495399926140	1.0165201	0.80602187	0.21915801

1495399926152	1.2652545	0.5355715	0.115507595

1495399926160	1.5291767	0.22568612	0.039168663

1495399926170	1.7593925	-0.049027443	0.0075939246

1495399926180	1.9219291	-0.2410072	0.010791367

1495399926190	1.975353	-0.28244072	0.09152678

1495399926200	1.9219291	-0.22142287	0.2464695

1495399926210	1.709166	-0.05995204	0.3217426

1495399926220	1.2216893	0.11444178	0.2529976

1495399926230	0.51811886	0.3162803	0.10031974

1495399926240	-0.2464695	0.6969091	0.10351719

1495399926252	-0.89768183	0.9980016	0.36530775

1495399926261	-1.1376232	0.9685585	0.54103386

1495399926281	-1.0067946	0.84425795	0.5452971

1495399926283	-0.7961631	0.7689848	0.46243006

1495399926290	-0.49520382	0.5551559	0.36317614

1495399926300	-0.1951772	0.28244072	0.20823342

1495399926310	0.0065281107	0.058886223	-0.039168663

1495399926320	0.40674126	-0.39261925	-0.5213163

1495399926330	0.6380229	-0.80708766	-0.5921929

1495399926341	0.4188649	-1.2107648	-0.3282707

1495399926351	-0.25086597	-1.1376232	0.12216893

1495399926362	-0.51372236	-0.6369571	0.5551559

1495399926371	-0.09046096	-0.6598721	0.8289369

1495399926380	0.07513989	-0.47775114	0.7395417

1495399926390	-0.06314948	-0.30748734	0.31521448

1495399926400	0.009725553	-0.3675726	-0.17772448

1495399926410	0.3282707	-0.5627498	-0.538769

1495399926422	0.7351452	-0.91073805	-0.8714362

1495399926430	1.0634159	-1.2652545	-1.2696509

1495399926440	1.1965095	-1.5085266	-1.5488942

1495399926452	1.2936318	-1.678657	-1.777911

1495399926460	1.3645084	-1.534639	-1.8935518

1495399926471	1.3121502	-1.1638689	-1.809619

1495399926480	1.2095656	-0.90207833	-1.541167

1495399926490	1.1136425	-0.8846256	-1.1660005

1495399926501	1.0907274	-1.0667466	-0.5856648

1495399926512	1.1354916	-0.78963494	-0.68598455

1495399926520	1.1834532	-0.5223821	-0.5452971

1495399926530	1.292566	-0.34239274	-0.42099655

1495399926540	1.4452438	-0.196243	-0.39914736

1495399926551	1.5794032	-0.10684785	-0.42965627

1495399926560	1.6731948	-0.058886223	-0.4940048

1495399926570	1.6895816	-0.035971224	-0.5257128

1495399926580	1.6502798	0.029443111	-0.49520382

1495399926590	1.6513456	0.12976286	-0.47228885

1495399926600	1.6807888	0.26605383	-0.50932586

1495399926610	1.6721289	0.35225153	-0.5812683

1495399926620	1.59579	0.27924326	-0.6642686

1495399926630	1.4790834	0.061017852	-0.72422063

1495399926640	1.3220091	-0.25086597	-0.7689848

1495399926650	1.1769252	-0.5114575	-0.7961631

1495399926661	1.124567	-0.6718625	-0.84532374

1495399926670	1.1048495	-0.7275513	-0.91073805

1495399926685	0.9925393	-0.8791633	-1.0263789

1495399926702	0.8136158	-0.94351184	-1.0362377

1495399926710	0.8136158	-0.94351184	-0.987077

1495399926726	0.53663737	-0.7875033	-0.90527576

1495399926730	0.4188649	-0.71436185	-0.74380493

1495399926740	0.3490541	-0.67292833	-0.47775114

1495399926752	0.2693845	-0.50066614	-0.2410072

1495399926760	0.15161204	-0.51918465	-0.14281908

1495399926772	0.05995204	-0.5311751	-0.009725553

1495399926786	-0.010791367	-0.4188649	0.067545965

1495399926790	-0.09592326	-0.26605383	0.08939515

1495399926800	-0.2136957	-0.14281908	0.10031974

1495399926810	-0.32387424	-0.117772445	0.09925393

1495399926820	-0.46895817	-0.13629097	0.09485745

1495399926830	-0.66200376	-0.15161204	0.098054886

1495399926840	-0.93258727	-0.12869704	0.14281908

1495399926853	-1.4528377	-0.09259259	0.5257128

1495399926861	-1.4528377	-0.03810285	0.5257128

1495399926879	-1.7114309	0.021715961	0.81254995

1495399926881	-1.9852118	0.093791634	1.1027179

1495399926927	-2.232747	0.101385556	1.360112

1495399926928	-2.4793499	0.057687182	1.5968559

1495399926929	-2.7400746	-0.026112443	1.832534

1495399926931	-2.832667	0.04796163	1.8510525

1495399926933	-2.4509726	0.069810815	1.6622702

1495399926940	-1.9076738	0.107913665	1.4201971

1495399926951	-1.4822809	0.2977618	1.36664

1495399926962	-1.2499334	0.37410071	1.4834799

1495399926970	-1.1506795	0.36317614	1.632827

1495399926980	-1.315481	0.21915801	1.6153743

1495399926990	-1.664535	0.13415934	1.3840927

1495399927000	-1.9666933	0.29443112	1.1518785

1495399927010	-2.0451639	0.6108447	0.9555023

1495399927020	-1.9579004	0.9914735	0.82134295

1495399927030	-1.8292032	1.2946975	0.76125765

1495399927040	-1.6525446	1.4332534	0.7263523

1495399927052	-1.5215827	1.329603	0.65880626

1495399927060	-1.435385	1.0983213	0.53663737

1495399927070	-1.3623768	0.89768183	0.42859045

1495399927080	-1.2619238	0.7973621	0.37516654

1495399927090	-1.1365575	0.81801224	0.36863843

1495399927101	-0.88236076	0.8190781	0.46456167

1495399927114	-0.7046363	0.71009856	0.55622166

1495399927121	-0.52784437	0.6642686	0.6468159

1495399927131	-0.3675726	0.6041833	0.6969091

1495399927143	-0.18318678	0.54636294	0.69144684

1495399927152	-0.00532907	0.5289102	0.66320276

1495399927160	0.16786571	0.492939	0.58792967

1495399927170	0.3490541	0.46576074	0.46456167

1495399927180	0.5355715	0.43631762	0.31081802

1495399927190	0.7330136	0.35438317	0.14068745

1495399927200	0.9315215	0.19304556	-0.03157474

1495399927210	1.1670663	-0.037037037	-0.17119637

1495399927222	1.4431121	-0.2704503	-0.28350654

1495399927230	1.7223555	-0.44830802	-0.3610445

1495399927240	1.9568346	-0.57474023	-0.39155343

1495399927251	2.0834	-0.56061816	-0.3730349

1495399927263	2.0768719	-0.36424193	0.20397016

1495399927270	1.9949374	0.10471623	0.20397016

1495399927280	1.7419398	0.46349588	0.3490541

1495399927290	1.1420197	0.5802025	0.17119637

1495399927300	0.19957368	0.6478817	-0.07300826

1495399927313	-1.3361311	0.9008793	0.6282974

1495399927326	-1.4866773	0.9586997	0.69038105

1495399927346	-1.1834532	0.7176925	0.5311751

1495399927347	-0.77871037	0.26392218	0.33040234

1495399927352	-0.5027978	-0.17665868	0.010791367

1495399927360	-0.33373302	-0.45257127	-0.37729818

1495399927371	-0.13629097	-0.6239009	-0.6598721

1495399927380	0.19304556	-0.8943512	-0.77005064

1495399927390	0.4416467	-1.1430855	-0.6096456

1495399927400	0.31521448	-0.9925393	-0.19411138

1495399927410	0.00532907	-0.49080735	0.22901678

1495399927420	0.16573408	-0.52464694	0.53330666

1495399927430	0.4765521	-0.6937117	0.59765524

1495399927440	0.38502532	-0.62163603	0.28030908

1495399927452	0.28457233	-0.7057021	-0.16360246

1495399927461	0.3490541	-0.7307487	-0.5572875

1495399927470	0.5452971	-0.89221954	-0.8387956

1495399927480	0.83986145	-1.2227551	-1.115774

1495399927491	1.0034639	-1.5074607	-1.4114043

1495399927500	1.0459633	-1.4746869	-1.6742606

1495399927510	1.1441513	-1.1649348	-1.7855049

1495399927520	1.2379429	-0.7307487	-1.6153743

1495399927530	1.2303491	-0.86930454	-1.361311

1495399927540	1.216227	-1.092859	-1.0917932

1495399927550	1.1485479	-1.2402078	-0.9008793

1495399927561	1.1354916	-1.1823875	-0.8245404

1495399927570	1.1409539	-0.94351184	-0.6642686

1495399927581	1.1256329	-0.76019186	-0.45590195

1495399927590	1.1626699	-0.6893152	-0.36317614

1495399927600	1.2478018	-0.6184386	-0.3261391

1495399927610	1.3306688	-0.48974153	-0.3228084

1495399927620	1.41247	-0.3904876	-0.35331735

1495399927630	1.4713563	-0.3272049	-0.39155343

1495399927640	1.5444977	-0.3162803	-0.45483613

1495399927652	1.5968559	-0.24433786	-0.49520382

1495399927661	1.6132427	-0.17226219	-0.55622166

1495399927670	1.6176392	-0.15267786	-0.65880626

1495399927680	1.6023182	-0.16573408	-0.7263523

1495399927690	1.5466293	-0.2748468	-0.7864375

1495399927700	1.4015454	-0.38062882	-0.8245404

1495399927710	1.0492939	-0.57154274	-0.87689847

1495399927721	0.95989877	-0.93365306	-0.8529177

1495399927730	0.9075406	-0.9685585	-0.8104183

1495399927740	0.8758327	-1.0612843	-0.8005596

1495399927752	0.85731417	-1.1420197	-0.7875033

1495399927760	0.8005596	-1.147482	-0.75579536

1495399927770	0.68172127	-1.0568879	-0.7296829

1495399927780	0.53770316	-0.8943512	-0.6794564

1495399927791	0.43631762	-0.7689848	-0.63042897

1495399927800	0.2998934	-0.6195044	-0.45150545

1495399927820	-0.018518519	-0.4188649	-0.21156408

1495399927831	-0.150413	-0.30642152	-0.101385556

1495399927841	-0.23447908	-0.29549694	0.0

1495399927856	-0.31734613	-0.2933653	0.051159073

1495399927860	-0.41553423	-0.30535573	0.057687182

1495399927870	-0.51918465	-0.27924326	0.067545965

1495399927881	-0.61191046	-0.2748468	0.077404745

1495399927890	-0.7296829	-0.2813749	0.11337597

1495399927900	-0.9128697	-0.264988	0.14721556

1495399927910	-1.4431121	-0.17772448	0.3860911

1495399927920	-1.7005062	-0.15480949	0.63908875

1495399927930	-1.9764189	-0.062083665	0.9544364

1495399927940	-2.228484	0.11231015	1.2019718

1495399927955	-2.4280577	0.19411138	1.4244604

1495399927960	-2.6265655	0.15480949	1.6219025

1495399927970	-2.8010924	0.062083665	1.7331468

1495399927982	-2.8665068	-0.05662137	1.7637889

1495399928001	-2.6898482	-0.15480949	1.6656009

1495399928002	-2.310285	-0.19957368	1.4311218

1495399928010	-1.9372503	-0.045696776	1.2553957

1495399928020	-1.6906475	0.36424193	1.3186784

1495399928031	-1.5249134	0.70889956	1.535838

1495399928041	-1.4463096	0.6184386	1.6754596

1495399928052	-1.4321876	0.2715161	1.5564882

1495399928062	-1.5106581	0.16786571	1.3721023

1495399928070	-1.6742606	0.35331735	1.1878498

1495399928080	-1.7593925	0.86384225	0.9990674

1495399928090	-1.7364775	1.4681588	0.85078603

1495399928100	-1.6536105	1.8411937	0.79949373

1495399928120	-1.4660271	1.7200906	0.6664002

1495399928122	-1.3962164	1.4866773	0.5682121

1495399928130	-1.3186784	1.3100187	0.4864109

1495399928140	-1.1954436	1.1779909	0.48747668

1495399928151	-1.0110579	1.0634159	0.55622166

1495399928160	-0.85078603	1.0405009	0.5921929

1495399928170	-0.6413536	0.9477751	0.6205702

1495399928180	-0.43844923	0.85837996	0.6565414

1495399928190	-0.2769784	0.7395417	0.69584334

1495399928200	-0.118838266	0.6577405	0.7263523

1495399928210	0.03157474	0.62283504	0.71982414

1495399928220	0.15707435	0.6282974	0.6697309

1495399928230	0.28030908	0.6413536	0.5856648

1495399928240	0.43192112	0.6468159	0.46349588

1495399928252	0.59765524	0.6598721	0.30642152

1495399928260	0.7875033	0.64455104	0.15480949

1495399928271	1.0078604	0.53770316	-0.0065281107

1495399928280	1.2751132	0.3490541	-0.16360246

1495399928290	1.5564882	0.12976286	-0.2693845

1495399928300	2.0626166	-0.06434852	-0.35225153

1495399928310	2.1990407	-0.21915801	-0.3282707

1495399928320	2.1717293	-0.1449507	-0.18531841

1495399928330	1.9786837	-0.018518519	0.027178258

1495399928340	1.6481482	0.17985612	0.22142287

1495399928352	1.0722089	0.39368504	0.29549694

1495399928360	0.20503597	0.71009856	0.18212096

1495399928371	-0.7296829	0.91953105	0.24313882

1495399928380	-1.3209432	0.9980016	0.57154274

1495399928390	-1.4616307	0.8758327	0.6108447

1495399928400	-1.2915001	0.6827871	0.51811886

1495399928411	-0.9784173	0.492939	0.41007194

1495399928420	-0.64894754	0.29229948	0.28244072

1495399928430	-0.32494006	0.12323475	0.10031974

1495399928441	-0.08939515	0.107913665	-0.10031974

1495399928458	0.10578204	0.14068745	-0.29229948

1495399928460	0.3272049	0.070876636	-0.42099655

1495399928470	0.50066614	-0.13735679	-0.40567547

1495399928480	0.5257128	-0.46136424	-0.17119637

1495399928490	0.3490541	-0.6794564	0.12430056

1495399928500	0.14934719	-0.63589126	0.41220358

1495399928510	0.45483613	-0.8016254	0.44710898

1495399928521	0.46789235	-0.745004	0.30095923

1495399928531	0.4188649	-0.6282974	-0.004263256

1495399928540	0.46029842	-0.59445775	-0.3282707

1495399928552	0.6195044	-0.75153214	-0.6325606

1495399928560	0.78856915	-0.9805489	-0.9914735

1495399928570	0.8802292	-1.1048495	-1.2990941

1495399928580	0.9784173	-1.094058	-1.4986677

1495399928590	1.0656807	-1.0089262	-1.6819878

1495399928601	1.0743406	-0.9118039	-1.7299494

1495399928614	1.0219824	-0.8747668	-1.6121769

1495399928621	1.0078604	-0.9674927	-1.4168665

1495399928631	0.9914735	-1.1103117	-1.1921129

1495399928642	0.9216627	-1.1758593	-0.99360514

1495399928652	0.9467093	-1.0405009	-0.8365308

1495399928660	1.0471623	-0.6380229	-0.699174

1495399928670	1.1518785	-0.35771382	-0.50492936

1495399928680	1.2968292	-0.28350654	-0.37729818

1495399928690	1.4223288	-0.28244072	-0.2868372

1495399928700	1.5171863	-0.32933652	-0.26605383

1495399928712	1.490008	-0.36863843	-0.3282707

1495399928721	1.428857	-0.31521448	-0.3904876

1495399928730	1.3994138	-0.19197975	-0.42645884

1495399928741	1.3808953	-0.00532907	-0.46349588

1495399928751	1.3361311	0.127498	-0.50932586

1495399928760	1.2685851	0.10471623	-0.58899546

1495399928770	1.2053025	-0.023980815	-0.6195044

1495399928782	1.138689	-0.20610179	-0.6314948

1495399928790	1.124567	-0.42419398	-0.64894754

1495399928800	1.1397549	-0.57154274	-0.6478817

1495399928810	1.1746603	-0.6554756	-0.67732483

1495399928820	1.2172928	-0.6609379	-0.745004

1495399928830	1.2391421	-0.63042897	-0.81588066

1495399928841	1.2303491	-0.63908875	-0.90207833

1495399928869	1.0547562	-0.6041833	-0.94897413

1495399928871	0.90527576	-0.54756194	-0.96642685

1495399928880	0.722089	-0.4351186	-0.9292566

1495399928890	0.5780709	-0.30748734	-0.82560617

1495399928900	0.4765521	-0.18758327	-0.41660005

1495399928910	0.26605383	-0.12323475	-0.23341326

1495399928921	0.15707435	-0.1787903	-0.074074075

1495399928930	0.057687182	-0.19850786	0.06314948

1495399928940	-0.039168663	-0.150413	0.14175327

1495399928952	-0.1449507	-0.09925393	0.18758327

1495399928960	-0.23661071	-0.09152678	0.20503597

1495399928970	-0.33373302	-0.117772445	0.20397016

1495399928980	-0.4940048	-0.12430056	0.18105516

1495399928990	-0.72422063	-0.058886223	0.17985612

1495399929000	-1.0067946	0.034905408	0.25952572

1495399929012	-1.3089528	0.098054886	0.4351186

1495399929020	-1.5739409	0.15707435	0.66200376

1495399929030	-1.831335	0.24207301	0.9456435

1495399929040	-2.060485	0.3162803	1.2270184

1495399929050	-2.2295496	0.2529976	1.4244604

1495399929060	-2.4389822	0.14828138	1.5881962

1495399929070	-2.6593392	0.062083665	1.6961098

1495399929080	-2.7803092	0.042499334	1.7474021

1495399929090	-2.750866	0.051159073	1.6754596

1495399929100	-2.1957102	0.11670663	1.2827072

1495399929110	-1.6612043	0.3217426	1.1998401

1495399929120	-1.421263	0.44497734	1.3100187

1495399929130	-1.2619238	0.45257127	1.4637623

1495399929140	-1.2652545	0.35438317	1.4986677

1495399929152	-1.4267253	0.27258193	1.3874234

1495399929161	-1.572875	0.32494006	1.2107648

1495399929170	-1.6710632	0.5824674	0.99587

1495399929180	-1.6677325	1.0547562	0.7973621

1495399929190	-1.6143086	1.4452438	0.7155609

1495399929200	-1.541167	1.5444977	0.66320276

1495399929210	-1.451772	1.444178	0.6031175

1495399929220	-1.360112	1.1801226	0.5452971

1495399929230	-1.2707168	0.8846256	0.47228885

1495399929240	-1.1452172	0.71329606	0.42965627

1495399929252	-1.0045297	0.6893152	0.45257127

1495399929262	-0.70889956	0.7406075	0.5518252

1495399929280	-0.59445775	0.71982414	0.6108447

1495399929290	-0.45483613	0.6893152	0.6565414

1495399929300	-0.2519318	0.71009856	0.6434852

1495399929310	-0.13189448	0.7252864	0.64575005

1495399929320	0.013056221	0.71875834	0.6096456

1495399929330	0.16786571	0.6926459	0.53224087

1495399929340	0.32387424	0.6609379	0.41340262

1495399929351	0.492939	0.6195044	0.2813749

1495399929362	0.6642686	0.492939	0.18651745

1495399929371	0.8617106	0.31734613	0.11231015

1495399929380	1.071143	0.12323475	0.03157474

1495399929390	1.2707168	-0.032640554	-0.020650147

1495399929400	1.4463096	-0.12869704	-0.042499334

1495399929410	1.572875	-0.1384226	-0.032640554

1495399929420	1.6109779	-0.08832934	0.029443111

1495399929430	1.535838	0.017452704	0.1438849

1495399929440	1.3001599	0.16027178	0.19730882

1495399929452	0.8485212	0.3511857	0.16906475

1495399929460	0.28030908	0.50932586	0.150413

1495399929470	-0.27258193	0.64455104	0.25952572

1495399929480	-0.6806555	0.68718356	0.37623236

1495399929490	-0.82680523	0.6282974	0.41113776

1495399929501	-0.6325606	0.5671463	0.3446576

1495399929513	-0.46029842	0.49520382	0.25632828

1495399929521	-0.25086597	0.34572342	0.13415934

1495399929531	-0.042499334	0.23661071	-0.042499334

1495399929541	0.083932854	0.23554489	-0.19957368

1495399929552	0.1787903	0.13735679	-0.26711965

1495399929564	0.1787903	-0.20610179	-0.21476153

1495399929570	-0.13189448	-0.52784437	-0.03157474

1495399929580	-0.48534507	-0.561684	0.12536637

1495399929590	-0.33373302	-0.7275513	0.29443112

1495399929602	0.115507595	-1.0122569	0.40674126

1495399929610	0.23221423	-0.9511058	0.24207301

1495399929620	0.15707435	-0.79296565	-0.08939515

1495399929630	0.26605383	-0.7023714	-0.46136424

1495399929640	0.53330666	-0.87263525	-0.7569944

1495399929650	0.90967226	-1.1769252	-0.95004

1495399929660	1.2608579	-1.4496403	-1.193312

1495399929670	1.3743671	-1.6939782	-1.5903277

1495399929680	1.4136691	-1.8117507	-1.8531841

1495399929690	1.4496403	-1.6731948	-1.9110045

1495399929700	1.315481	-1.3459898	-1.4681588

1495399929710	1.2402078	-1.2107648	-1.1201705

1495399929720	1.1397549	-1.3306688	-0.85944575

1495399929730	1.0873967	-1.3840927	-0.745004

1495399929740	1.0634159	-1.2499334	-0.6947775

1495399929751	1.0547562	-1.0318412	-0.6565414

1495399929761	1.0808686	-0.81801224	-0.6239009

1495399929770	1.1354916	-0.6707967	-0.6085798

1495399929780	1.2183586	-0.57474023	-0.6108447

1495399929790	1.3001599	-0.53770316	-0.63589126

1495399929800	1.3481215	-0.49187317	-0.68491876

1495399929810	1.3840927	-0.3904876	-0.7023714

1495399929820	1.4179323	-0.23554489	-0.6739941

1495399929830	1.4626966	-0.053423926	-0.6151079

1495399929840	1.4932054	0.09698907	-0.5518252

1495399929852	1.4790834	0.13415934	-0.5027978

1495399929863	1.4114043	0.016253663	-0.45803356

1495399929870	1.3197442	-0.22795098	-0.45803356

1495399929880	1.2227551	-0.45483613	-0.42539302

1495399929890	1.1540102	-0.5856648	-0.48534507

1495399929900	0.9773514	-0.5442313	-0.58792967

1495399929910	0.9467093	-0.52464694	-0.68598455

1495399929920	0.94351184	-0.5311751	-0.7689848

1495399929930	0.9216627	-0.5551559	-0.8234745

1495399929940	0.8419931	-0.57913667	-0.83986145

