1496441833636	-4.4166	0.21915801	-3.0988543

1496441833647	-3.952971	-0.18105516	-3.221023

1496441833657	-3.3835597	-1.5259792	-3.2494004

1496441833666	-2.7901678	-3.0607514	-3.0203836

1496441833676	-2.971223	-4.977218	-2.8796961

1496441833689	-3.9300559	-4.8812947	-2.2775114

1496441833707	-4.417666	-3.0039968	-1.4397815

1496441833716	-4.486411	-1.8706368	-1.1693312

1496441833726	-4.134026	-0.8005596	-1.0143884

1496441833739	-3.564615	-0.47988275	-0.91073805

1496441833746	-2.8850253	-0.927125	-0.7732481

1496441833757	-2.1225686	-1.6121769	-0.58353317

1496441833766	-1.4539036	-2.096456	-0.37183586

1496441833776	-1.0634159	-2.0702105	-0.04796163

1496441833789	-0.77005064	-1.2827072	0.42752466

1496441833796	-0.5671463	-0.22688515	0.9292566

1496441833807	-0.77111644	0.3261391	1.2772449

1496441833817	-0.9740208	0.72861713	1.36664

1496441833826	-0.7406075	1.3089528	1.2282175

1496441833838	-0.4188649	1.2336798	0.9826805

1496441833846	0.019584332	0.94351184	0.75472957

1496441833856	0.6096456	0.9445777	0.63589126

1496441833866	1.0831335	0.65880626	0.58353317

1496441833876	1.4626966	0.2071676	0.5572875

1496441833891	2.2764456	-0.2246203	0.39914736

1496441833897	2.5556889	-0.2246203	0.35664803

1496441833907	2.660405	-0.7252864	0.45909938

1496441833917	2.6167066	-0.8659739	0.7067679

1496441833927	2.599254	-0.79949373	0.95004

1496441833938	3.3574474	0.3097522	0.9784173

1496441833946	4.1188383	1.4103384	0.8016254

1496441833957	4.4197974	1.7844391	0.62603253

1496441833972	4.9761524	2.007061	0.57047695

1496441833977	5.557554	1.832534	0.64575005

1496441833990	5.715694	1.1540102	0.8659739

1496441833997	5.924061	1.1987743	1.535838

1496441834006	5.7190247	2.0407674	2.5207834

1496441834016	4.85838	2.9232614	2.9810817

1496441834026	3.9399147	3.5995204	2.6276312

1496441834038	3.1665335	3.4762857	1.8914202

1496441834046	2.5643485	2.7323475	1.5598189

1496441834057	2.0800693	1.7015721	1.846656

1496441834067	1.6001865	0.5584865	2.278577

1496441834076	1.1464162	-0.44284573	2.5600853

1496441834089	0.41220358	-1.3962164	2.4301891

1496441834106	-0.42419398	-1.0754063	1.4921396

1496441834116	-1.0503597	-0.7340794	0.8900879

1496441834126	-1.663336	-0.48534507	0.35438317

1496441834138	-2.0756729	-0.287903	-0.11231015

1496441834147	-2.126965	-0.013056221	-0.6314948

1496441834157	-1.7768452	0.26711965	-1.1855849

1496441834167	-1.2063682	0.24433786	-1.6470823

1496441834176	-0.6205702	-0.02824407	-2.0386357

1496441834191	-0.13522515	-0.2017053	-2.2655208

1496441834197	0.070876636	-0.2464695	-2.167333

1496441834207	-0.41660005	-0.6085798	-1.5935252

1496441834216	-0.9990674	-0.62603253	-0.85944575

1496441834227	-1.071143	0.077404745	-0.3839595

1496441834238	-1.1441513	0.41446844	-0.2410072

1496441834246	-1.488809	0.15374367	-0.41220358

1496441834256	-1.9993339	-0.36424193	-0.82240874

1496441834266	-0.84425795	-0.196243	-1.0831335

1496441834276	4.4504395	1.7135625	-0.22688515

1496441834289	2.4825473	-0.2464695	0.20277111

1496441834296	2.4825473	-0.2464695	-0.07633893

1496441834306	-0.107913665	1.7724487	-0.64455104

1496441834316	-1.3994138	1.9732214	-1.389555

1496441834326	-3.1173728	0.745004	-2.2676525

1496441834338	-4.156941	-0.00532907	-3.023581

1496441834347	-4.406741	-0.11990408	-3.4970691

1496441834357	-5.0350385	-1.2793765	-3.702105

1496441834366	-6.0778046	-3.4032774	-3.6115108

1496441834376	-6.34186	-3.8940847	-3.3999467

1496441834389	-4.7677855	-1.0743406	-2.9952037

1496441834396	-4.180922	-0.6239009	-2.5414336

1496441834406	-4.8005595	-2.4880097	-2.1444178

1496441834416	-4.551825	-2.9156675	-1.8270717

1496441834428	-3.5679457	-2.2404742	-1.6580069

1496441834440	-2.675593	-2.2993605	-1.5968559

1496441834456	-2.394218	-2.6244338	-1.5139889

1496441834466	-1.952438	-2.6298962	-1.4114043

1496441834476	-1.4954703	-2.232747	-1.2936318

1496441834489	-1.4267253	-1.1300293	-0.63362646

1496441834497	-1.4267253	-1.1300293	-0.027178258

1496441834507	-0.8387956	0.50066614	0.5507594

1496441834516	-0.6184386	0.515854	0.9860112

1496441834526	-0.40460965	0.26605383	1.1365575

1496441834538	0.08180123	0.3904876	1.0961897

1496441834546	0.38169464	0.05662137	1.0034639

1496441834556	0.6140421	-0.31947774	0.9445777

1496441834566	0.91073805	-0.44604316	0.92059684

1496441834576	1.1725286	-0.6195044	0.8387956

1496441834589	1.4496403	-0.6478817	0.7078337

1496441834597	1.6961098	-0.5507594	0.6108447

1496441834606	1.9949374	-0.29669598	0.676259

1496441834616	2.6396217	0.58459896	0.81148416

1496441834626	3.14575	1.2968292	0.88569146

1496441834638	3.4697576	1.7484679	0.7776446

1496441834647	3.9933386	2.090994	0.57154274

1496441834656	4.7536635	2.0571542	0.39701572

1496441834670	5.8662405	0.6751932	0.7023714

1496441834692	5.5455637	1.1321609	2.1694643

1496441834697	5.5455637	1.1321609	2.8839595

1496441834719	4.347855	6.2512655	2.8763657

1496441834721	3.298561	6.419265	2.1073809

1496441834749	2.112843	1.4463096	1.4942713

1496441834752	2.112843	1.4463096	1.4942713

1496441834753	2.112843	1.4463096	1.4942713

1496441834756	1.9415134	-0.127498	1.9589661

1496441834766	1.7648548	-1.3264055	2.3571808

1496441834776	1.5772715	-1.94591	2.5600853

1496441834790	1.3034905	-1.9557687	2.4890754

1496441834797	0.85398346	-1.5226486	2.188116

1496441834806	0.196243	-0.79842794	1.7583266

1496441834816	-0.59992003	0.044630963	1.3100187

1496441834826	-1.3252065	0.7961631	0.8932854

1496441834838	-1.7823075	1.2631228	0.4820144

1496441834846	-1.7899014	1.3645084	-0.001065814

1496441834856	-1.2871037	1.2248868	-0.5169198

1496441834866	-0.5169198	0.92059684	-0.91953105

1496441834876	0.19197975	0.5289102	-1.1409539

1496441834889	-0.46682653	-2.3014922	-0.6718625

1496441834896	-1.3045564	-2.3014922	-0.3904876

1496441834906	-1.3241407	-2.278577	-0.26392218

1496441834916	-1.2860378	-0.9511058	-0.23994137

1496441834926	-1.315481	0.083932854	-0.23661071

1496441834938	-1.5062617	0.6642686	-0.2519318

1496441834947	-1.9066081	0.71436185	-0.37183586

1496441834959	-0.73834264	0.8562483	-0.49733546

1496441834966	3.4632294	0.8617106	-0.20503597

1496441834977	3.762057	-0.8888889	-0.10578204

1496441834990	1.6109779	-1.5150546	-0.52464694

1496441834999	0.8605116	1.6132427	-0.93698376

1496441835006	1.101652	5.9480414	-1.338396

1496441835016	0.95004	7.802425	-1.6830536

1496441835026	-1.9273914	3.321343	-2.2535305

1496441835040	-5.7669864	-2.5447643	-3.28324

1496441835058	-4.6117773	-0.79403144	-3.3574474

1496441835067	-2.4869437	0.7875033	-3.358513

1496441835076	-1.9448441	-0.9467093	-3.5362377

1496441835089	-4.0631495	-5.8694377	-4.0271783

1496441835096	-4.339062	-5.031708	-3.5406342

1496441835106	-4.501599	-4.197309	-2.865441

1496441835116	-4.8114843	-2.7171595	-2.1782575

1496441835126	-4.7318144	-1.1060485	-1.5707434

1496441835138	-4.3413267	-0.52784437	-1.1037836

1496441835147	-3.8864908	-0.964162	-0.7853717

1496441835157	-3.0967226	-1.4496403	-0.6882494

1496441835166	-1.9818811	-1.7015721	-0.71982414

1496441835176	-1.1649348	-2.2360778	-0.6282974

1496441835188	-0.84425795	-2.8828938	-0.26831868

1496441835196	-0.62603253	-2.706235	0.26831868

1496441835206	-0.24860112	-1.41247	0.8093525

1496441835216	-0.30095923	-0.080602184	1.2402078

1496441835226	-0.90527576	0.3610445	1.50413

1496441835239	-1.1681322	0.61191046	1.5444977

1496441835247	-0.98387957	0.6020517	1.383027

1496441835256	-0.56061816	0.32933652	1.1092459

1496441835266	0.067545965	0.26605383	0.88675725

1496441835276	0.6981082	0.22022381	0.7765787

1496441835289	1.9808153	0.15480949	0.59445775

1496441835296	2.377831	0.00532907	0.5027978

1496441835306	2.6461496	-0.15707435	0.5584865

1496441835316	2.8687716	-0.28896883	0.74167335

1496441835326	3.0574207	-0.40354383	0.9576339

1496441835340	3.4621637	-0.069810815	1.0263789

1496441835346	4.00866	0.7111644	0.8998135

1496441835356	4.4275246	1.2990941	0.70343727

1496441835366	4.966294	1.511724	0.52025044

1496441835376	5.700373	1.3721023	0.42312816

1496441835389	6.134559	0.6937117	0.53770316

1496441835397	6.2228885	0.25952572	1.0732747

1496441835406	6.30802	1.9219291	2.3168132

1496441835417	5.3317347	3.6224353	3.2788436

1496441835427	4.1743937	4.2660537	3.1207035

1496441835438	3.252731	4.103517	2.1400213

1496441835446	2.6473489	3.4184651	1.3950173

1496441835456	2.2916334	2.4640288	1.4321876

1496441835466	1.9732214	1.3165468	1.8956834

1496441835476	1.6513456	0.18864909	2.356115

1496441835490	1.0852652	-1.2553957	2.5567546

1496441835497	0.7078337	-1.3721023	2.2819078

1496441835507	0.17559285	-1.1409539	1.840128

1496441835517	-0.5452971	-0.7689848	1.3415934

1496441835529	-1.3514521	-0.43844923	0.9118039

1496441835538	-1.9469757	-0.12869704	0.51478815

1496441835546	-2.0855315	0.22795098	0.05662137

1496441835556	-1.7331468	0.63042897	-0.44937384

1496441835566	-1.0492939	0.93698376	-0.9260591

1496441835576	-0.2813749	1.0023981	-1.2740474

1496441835590	-0.08499867	0.3042899	-1.2282175

1496441835596	-0.6937117	-1.1266986	-0.76019186

1496441835607	-0.7275513	-1.3535838	-0.4014122

1496441835617	-0.6609379	-0.7492673	-0.2246203

1496441835626	-0.88569146	0.09152678	-0.23767653

1496441835640	-1.5161204	0.71982414	-0.6478817

1496441835657	-1.8117507	0.36211032	-0.87370104

1496441835667	-1.7921662	-0.25952572	-1.1103117

1496441835676	2.6985078	-1.9589661	-1.1037836

1496441835690	5.7735147	-4.112177	-0.5736744

1496441835697	2.3439915	-3.3322675	-1.1409539

1496441835707	-0.42645884	-0.6151079	-1.6382893

1496441835716	-2.577538	1.8641087	-2.1149747

1496441835726	-4.3053555	3.0498269	-2.5142553

1496441835738	-5.2957635	3.907141	-2.736744

1496441835746	-5.554223	4.25846	-2.8633094

1496441835756	-5.1954436	3.8438582	-2.8872902

1496441835766	-4.7623234	2.0931256	-2.9571009

1496441835777	-4.684919	-1.0198507	-3.1686652

1496441835788	-4.947775	-4.3609114	-3.4337864

1496441835796	-4.7328806	-5.798561	-3.4217958

1496441835806	-3.1741273	-3.8297362	-2.6942446

1496441835816	-3.1108446	-3.1282973	-1.9175327

1496441835826	-3.7948308	-2.758593	-1.481215

1496441835838	-3.6922462	-1.3264055	-1.3089528

1496441835846	-3.290834	-0.51811886	-1.2685851

1496441835856	-2.9930723	-0.82134295	-1.2631228

1496441835866	-2.4957368	-1.3329337	-1.2259526

1496441835877	-1.375433	-1.9415134	-0.93911535

1496441835897	-1.147482	-1.9709566	-0.5343725

1496441835907	-1.1201705	-0.5301092	0.6053824

1496441835944	-1.4856116	-0.21915801	1.1005862

1496441835946	-1.6164402	0.027178258	1.3317347

1496441835947	-0.99040765	0.28896883	0.9674927

1496441835957	-0.48427925	0.24313882	0.7252864

1496441835966	0.13082866	0.28896883	0.59992003

1496441835977	0.9969358	0.5595524	0.538769

1496441835986	1.7299494	0.4820144	0.47335464

1496441835997	2.134559	0.14614974	0.49840128

1496441836007	2.3952837	-0.1558753	0.66320276

1496441836017	2.5632827	-0.53330666	0.8387956

1496441836027	2.9614975	-0.4416467	0.93911535

1496441836036	3.6028512	0.09925393	0.918332

1496441836046	4.195177	0.49080735	0.79509723

1496441836056	4.81255	0.5398348	0.63482547

1496441836066	5.5215826	0.2933653	0.5398348

1496441836078	5.8248067	-0.38502532	0.9292566

1496441836088	5.6917133	1.0175859	1.9786837

1496441836098	6.026512	3.726086	2.6778576

1496441836106	5.520384	5.1877165	2.6854517

1496441836116	4.5245137	5.361178	2.0756729

1496441836126	3.695577	4.1983747	1.3110845

1496441836138	3.253797	2.6156409	0.99360514

1496441836146	2.9680257	1.3994138	1.2019718

1496441836157	2.63749	0.48321342	1.6241673

1496441836167	2.1761258	-0.2868372	2.0539567

1496441836177	1.655742	-0.74273914	2.3418598

1496441836190	1.1605382	-0.7013056	2.3669064

1496441836198	0.6609379	-0.27378097	2.158673

1496441836206	0.045696776	0.32387424	1.8018918

1496441836216	-0.6947775	0.8659739	1.3972821

1496441836227	-1.3645084	1.1725286	0.987077

1496441836238	-1.7724487	1.2467359	0.561684

1496441836246	-1.809619	1.2194245	0.098054886

1496441836256	-1.3819611	1.1464162	-0.36317614

1496441836266	-0.6249667	1.0417	-0.6981082

1496441836277	-0.50066614	0.895417	-0.82680523

1496441836288	-1.5019984	-1.9339195	-0.51918465

1496441836297	-1.5237143	-1.4583	-0.42206234

1496441836306	-1.4364508	-0.41113776	-0.46136424

1496441836317	-1.5892619	0.20277111	-0.53770316

1496441836326	-1.7855049	0.3490541	-0.6031175

1496441836338	-1.968825	0.15161204	-0.6478817

1496441836346	-2.090994	-0.49520382	-0.7525979

1496441836356	0.48094857	-3.024647	-1.0253131

1496441836366	6.5555553	-6.1366906	-0.94351184

1496441836377	7.764189	-7.2635226	-0.5103917

1496441836389	4.1983747	-5.4680257	-0.66200376

1496441836399	1.6241673	1.116973	-1.1769252

1496441836407	0.58899546	8.189582	-1.7877698

1496441836417	-1.1277645	10.152012	-2.1553423

1496441836426	-4.9237943	4.963096	-2.621103

1496441836438	-7.4773517	0.55302423	-3.0738077

1496441836447	-7.140288	0.40354383	-2.772715

1496441836457	-5.506262	1.306688	-2.1990407

1496441836466	-3.7107646	1.5543565	-1.8073541

1496441836477	-3.6945112	-4.499467	-2.4171329

1496441836490	-4.6620035	-6.9636292	-2.9417799

1496441836498	-4.197309	-5.10818	-2.7116973

1496441836506	-3.891953	-3.0814016	-2.112843

1496441836517	-4.103517	-2.4673595	-1.6939782

1496441836527	-3.7839062	-1.7440714	-1.421263

1496441836538	-3.2100985	-1.4605649	-1.0656807

1496441836547	-2.681055	-1.8248068	-0.73727685

1496441836556	-2.0091927	-2.158673	-0.6020517

1496441836566	-1.4201971	-2.363709	-0.5540901

1496441836577	-1.2444711	-2.3910205	-0.45150545

1496441836588	-1.4463096	-1.9197975	-0.21596056

1496441836597	-1.6677325	-0.4188649	0.12216893

1496441836607	-1.8521183	1.4419131	0.41007194

1496441836617	-2.2382095	1.7789768	0.5682121

1496441836626	-2.0539567	1.0766054	0.57154274

1496441836638	-0.96522784	0.6205702	0.41446844

1496441836646	-0.0075939246	-0.13415934	0.14281908

1496441836656	0.6598721	-0.85398346	-0.054489743

1496441836666	1.216227	-1.1485479	-0.069810815

1496441836677	1.7539302	-1.2608579	0.08286704

1496441836688	2.120437	-0.5911271	0.08286704

1496441836698	2.2513988	-0.26179057	0.11990408

1496441836707	2.4455101	0.057687182	0.3490541

1496441836716	2.6799893	0.27924326	0.7111644

1496441836726	2.911271	0.41660005	1.0110579

1496441836738	3.307221	0.87263525	1.0722089

1496441836747	3.7958965	1.5249134	0.8791633

1496441836756	4.2540636	2.0550227	0.59339195

1496441836766	4.765654	2.3691714	0.3665068

1496441836778	5.442979	2.4661603	0.27924326

1496441836794	5.913136	1.1354916	1.0841993

1496441836807	5.5247803	1.7637889	2.576339

1496441836817	4.5169196	3.1981082	3.8100185

1496441836828	3.6682653	5.032907	3.671596

1496441836841	2.2741807	6.0538235	1.984146

1496441836856	1.7997602	4.308553	2.0419664

1496441836866	1.4387157	2.2415402	2.3756995

1496441836877	0.9008793	-1.0448974	2.7487342

1496441836888	0.81148416	-1.9110045	2.6549428

1496441836897	0.69584334	-2.1378896	2.4051425

1496441836906	0.37183586	-1.8258727	1.9862777

1496441836916	-0.20063949	-1.2827072	1.4496403

1496441836926	-0.9216627	-0.88569146	0.9227285

1496441836938	-1.5520917	-0.827871	0.36863843

1496441836946	-1.7855049	-0.86930454	-0.3032241

1496441836957	-1.541167	-0.7525979	-1.0417

1496441836966	-0.9544364	-0.52464694	-1.64162

1496441836977	-0.3206768	-0.34359178	-2.0157208

1496441836989	0.07194245	-0.22142287	-2.1225686

1496441836998	-0.27804422	-0.39261925	-1.7190248

1496441837006	-1.1125766	-0.48094857	-0.8605116

1496441837016	-1.1584066	0.6096456	-0.15480949

1496441837026	-0.9521716	1.8367972	0.24433786

1496441837038	-0.9969358	2.3265388	0.37077004

1496441837047	-1.4681588	1.7343459	0.2748468

1496441837056	-2.2741807	0.09152678	-0.14175327

1496441837066	-0.70889956	-3.1905143	-0.7580602

1496441837078	7.9660273	-8.972822	-0.8202771

1496441837095	4.636957	-5.847722	-1.1344258

1496441837099	1.7364775	1.0808686	-1.6982414

1496441837107	0.6293632	7.8852916	-2.3735678

1496441837116	-0.50173193	10.440981	-2.911271

1496441837126	-3.8144152	6.0702105	-3.3562484

1496441837138	-6.902478	0.8617106	-3.741407

1496441837146	-7.334399	-0.04796163	-3.5406342

1496441837157	-6.246869	0.1384226	-3.0498269

1496441837167	-4.2529974	0.5082601	-2.5283773

1496441837177	-2.3756995	-0.045696776	-2.2055688

1496441837188	-2.2960298	-3.3541167	-2.4760191

1496441837197	-3.186118	-6.2359447	-2.8992805

1496441837206	-4.0686116	-7.1697307	-3.010525

1496441837220	-4.5365043	-5.7974954	-2.6581402

1496441837226	-4.356515	-2.6276312	-1.9949374

1496441837238	-4.2300825	-0.5398348	-0.87370104

1496441837247	-4.2463365	-0.20503597	-0.9860112

1496441837257	-4.1318946	-0.736211	-0.6642686

1496441837266	-3.4392486	-0.9990674	-0.8028244

1496441837277	-1.4822809	-1.603384	-0.58899546

1496441837288	-1.2336798	-2.2993605	-0.4308553

1496441837298	-1.2946975	-2.0844657	-0.08832934

1496441837306	-1.2347455	-0.22022381	0.3282707

1496441837316	-1.3579803	1.3962164	0.69038105

1496441837326	-1.7278178	1.3100187	0.82680523

1496441837338	-1.5051959	0.82134295	0.7013056

1496441837346	-0.79949373	0.45483613	0.49520382

1496441837356	-0.23447908	-0.2584599	0.33373302

1496441837366	0.3391953	-0.7460698	0.31081802

1496441837377	0.92819077	-0.9674927	0.3675726

1496441837390	1.8685052	-0.47548628	0.38822275

1496441837398	2.5643485	-0.23341326	0.31081802

1496441837406	2.7705836	-0.45150545	0.3511857

1496441837416	3.0313082	-0.23767653	0.6270983

1496441837426	3.0464962	-0.28030908	1.0405009

1496441837438	3.5744739	-0.3261391	1.3743671

1496441837446	3.550493	0.4351186	1.3743671

1496441837456	4.1613374	1.2456701	1.0808686

1496441837466	4.5867305	1.5325073	0.46349588

1496441837477	5.4658937	1.1790568	0.4308553

1496441837488	5.27498	0.4351186	0.7776446

1496441837497	5.5095925	1.6077805	1.777911

1496441837507	5.281508	3.131628	2.8206768

1496441837516	4.5802026	3.9813483	3.1632028

1496441837527	3.8558486	4.275913	2.6015189

1496441837538	3.3017585	3.6890488	1.7724487

1496441837546	2.8992805	2.4596324	1.405942

1496441837556	2.5174527	1.1725286	1.5051959

1496441837567	2.096456	0.22142287	1.7789768

1496441837577	1.6306955	-0.36530775	2.0506263

1496441837588	1.1594725	-0.6827871	2.188116

1496441837598	0.68718356	-0.6981082	2.1073809

1496441837606	0.18864909	-0.37077004	1.885958

1496441837617	-0.36530775	0.15374367	1.5478284

1496441837626	-0.96642685	0.6577405	1.1344258

1496441837640	-1.8161471	1.1441513	0.2748468

1496441837656	-1.7747135	1.2216893	-0.23221423

1496441837666	-1.3733014	1.2238209	-1.1975753

1496441837677	0.010791367	0.88236076	-1.3852918

1496441837688	0.15374367	0.11990408	-1.2881695

1496441837698	-0.5812683	-1.5401013	-0.9128697

1496441837707	-0.99587	-2.0943246	-0.63589126

1496441837716	-1.0122569	-1.4408473	-0.52358115

1496441837726	-1.1572076	-0.6424194	-0.49187317

1496441837738	-1.3655742	-0.1100453	-0.50612843

1496441837746	-1.4942713	0.150413	-0.5103917

1496441837756	-1.6536105	0.08286704	-0.5770051

1496441837766	-0.40567547	-0.8659739	-0.7078337

1496441837777	4.6729283	-2.8523848	-0.2933653

1496441837789	5.4189982	-3.9016786	0.18758327

1496441837797	2.5054624	-2.8294697	-0.18105516

1496441837806	0.40567547	1.2827072	-0.8779643

1496441837816	-0.6282974	5.798561	-1.5859313

1496441837826	-1.9797496	6.2348785	-2.227285

1496441837838	-4.368505	2.0233147	-3.32907

1496441837846	-4.3968825	0.34239274	-3.32907

1496441837856	-4.112177	1.069944	-3.5242472

1496441837866	-2.796696	1.4932054	-3.594058

1496441837878	-3.1795897	-2.0931256	-3.755529

1496441837888	-4.507061	-5.848788	-4.105649

1496441837898	-5.3405275	-7.45004	-3.968292

1496441837906	-4.573674	-5.3851585	-3.0683453

1496441837916	-3.7763124	-2.759659	-2.0419664

1496441837926	-4.1318946	-1.8270717	-1.4736211

1496441837940	-4.243139	-1.0688782	-1.1855849

1496441837946	-3.793765	-0.33693045	-0.918332

1496441837957	-3.2046363	-0.09259259	-0.6707967

1496441837967	-2.5708766	-0.33586463	-0.46349588

1496441837981	-1.9557687	-0.8617106	-0.25952572

1496441837988	-1.5532907	-1.4321876	0.043565147

1496441837998	-1.2990941	-1.3220091	0.48321342

1496441838007	-0.9128697	-0.1100453	0.89661604

1496441838016	-0.74273914	1.1540102	1.1191047

1496441838026	-0.84425795	1.4822809	1.0175859

1496441838040	-0.31521448	0.7111644	0.20397016

1496441838058	0.08939515	0.17452705	-0.023980815

1496441838067	0.759126	-0.7231548	0.06434852

1496441838077	1.0023981	-1.147482	0.21915801

1496441838088	1.2652545	-1.2957634	0.33693045

1496441838097	1.5783373	-0.9685585	0.35331735

1496441838106	2.0167866	-0.18105516	0.33160138

1496441838116	2.4215295	0.51265657	0.44284573

1496441838126	2.6112444	0.5911271	0.72861713

1496441838138	2.911271	0.56501466	0.9685585

1496441838146	3.3715694	0.6794564	1.0067946

1496441838157	3.899547	0.9980016	0.8758327

1496441838167	4.355449	1.2204902	0.7296829

1496441838177	4.8867574	1.4004797	0.6969091

1496441838188	5.4309883	1.3939515	0.8834266

1496441838198	5.672129	1.1409539	1.3918198

1496441838206	5.8170795	2.051692	2.4051425

1496441838216	5.347056	3.251532	3.3944845

1496441838226	4.485345	3.6049826	3.4806821

1496441838241	3.4556355	3.3148148	1.511724

1496441838257	3.1360245	2.8403943	1.2553957

1496441838267	2.2011724	0.8834266	1.6851852

1496441838277	1.6830536	-0.020650147	2.0855315

1496441838288	1.2619238	-0.5867306	2.2840395

1496441838298	0.895417	-0.89221954	2.2621903

1496441838306	0.48321342	-0.99040765	2.03757

1496441838316	-0.07513989	-0.7907008	1.6622702

1496441838327	-0.7732481	-0.46576074	1.2478018

1496441838338	-1.5281109	-0.25406343	0.88675725

1496441838346	-2.12923	-0.117772445	0.59339195

1496441838356	-2.356115	0.115507595	0.25512922

1496441838366	-2.126965	0.39261925	-0.21809219

1496441838376	-1.511724	0.4765521	-0.7624567

1496441838388	-0.7078337	0.2300826	-1.2009059

1496441838397	0.05995204	-0.1438849	-1.4976019

1496441838407	0.53224087	-0.5540901	-1.6121769

1496441838417	0.23447908	-1.4147348	-1.3840927

1496441838426	-0.7918998	-2.3658407	-0.7525979

1496441838438	-0.9696243	0.5911271	0.3511857

1496441838456	-1.116973	1.5478284	0.52464694

1496441838466	-2.440048	0.13962163	0.10471623

1496441838476	0.7973621	-2.143352	-0.26059154

1496441838488	6.257794	-4.3379965	-0.070876636

1496441838498	5.228084	-4.9837465	-0.32933652

1496441838506	2.370237	-2.6320276	-1.0285106

1496441838518	1.3285372	3.2035704	-1.7070343

1496441838527	0.8148148	8.252865	-2.4280577

1496441838551	-5.384093	1.1452172	-3.5614176

1496441838557	-7.0159874	-1.0688782	-3.5788703

1496441838580	-6.5043964	-0.24860112	-3.09992

1496441838581	-5.2270184	0.21809219	-2.8523848

1496441838587	-3.7805755	-0.93698376	-2.8523848

1496441838598	-2.803224	-3.9464428	-2.9451106

1496441838606	-2.8403943	-6.6079135	-3.0607514

1496441838616	-3.048761	-7.0061283	-2.8599787

