1495308257183	0.335	-4.012	8.724

1495308257184	0.344	-4.051	8.734

1495308257185	0.354	-4.041	8.724

1495308257196	0.344	-4.031	8.734

1495308257211	0.344	-4.012	8.734

1495308257220	0.354	-4.031	8.753

1495308257225	0.335	-4.041	8.724

1495308257251	0.373	-4.003	8.753

1495308257261	0.373	-4.003	8.753

1495308257263	0.325	-4.003	8.696

1495308257265	0.335	-4.022	8.724

1495308257275	0.335	-4.003	8.734

1495308257291	0.287	-3.993	8.724

1495308257295	0.354	-3.984	8.696

1495308257305	0.344	-4.003	8.734

1495308257315	0.335	-4.012	8.734

1495308257330	0.354	-4.022	8.743

1495308257342	0.363	-4.051	8.743

1495308257345	0.335	-4.003	8.743

1495308257358	0.335	-3.993	8.753

1495308257367	0.316	-4.031	8.743

1495308257375	0.354	-3.993	8.743

1495308257393	0.344	-4.012	8.753

1495308257395	0.325	-3.974	8.724

1495308257405	0.316	-4.003	8.686

1495308257415	0.316	-4.041	8.696

1495308257426	0.325	-4.012	8.705

1495308257443	0.325	-4.003	8.705

1495308257445	0.335	-4.022	8.705

1495308257455	0.335	-4.022	8.724

1495308257465	0.335	-4.022	8.715

1495308257474	0.325	-4.022	8.724

1495308257487	0.335	-4.022	8.753

1495308257495	0.306	-3.984	8.696

1495308257504	0.335	-4.003	8.753

1495308257516	0.335	-4.012	8.715

1495308257525	0.335	-4.022	8.705

1495308257552	0.354	-4.003	8.715

1495308257553	0.325	-4.012	8.705

1495308257556	0.335	-3.993	8.724

1495308257565	0.325	-3.984	8.715

1495308257575	0.335	-4.031	8.724

1495308257589	0.354	-4.022	8.743

1495308257595	0.344	-4.003	8.696

1495308257605	0.354	-4.003	8.743

1495308257615	0.383	-4.041	8.763

1495308257625	0.363	-4.003	8.724

1495308257637	0.363	-4.031	8.743

1495308257645	0.373	-4.031	8.753

1495308257656	0.354	-4.031	8.743

1495308257665	0.383	-4.022	8.743

1495308257674	0.363	-4.031	8.724

1495308257687	0.363	-4.012	8.753

1495308257705	0.383	-4.022	8.763

1495308257706	0.354	-4.041	8.705

1495308257715	0.363	-4.051	8.753

1495308257725	0.354	-4.031	8.724

1495308257737	0.335	-4.051	8.734

1495308257745	0.363	-4.022	8.715

1495308257758	0.344	-3.984	8.743

1495308257768	0.335	-3.993	8.705

1495308257783	0.344	-3.993	8.724

1495308257788	0.325	-4.012	8.753

1495308257795	0.354	-3.993	8.705

1495308257805	0.325	-3.993	8.715

1495308257815	0.316	-4.003	8.743

1495308257824	0.316	-4.031	8.724

1495308257839	0.325	-4.022	8.753

1495308257845	0.316	-4.012	8.743

1495308257857	0.335	-4.003	8.743

1495308257867	0.306	-4.012	8.743

1495308257875	0.306	-4.022	8.724

1495308257887	0.344	-4.031	8.734

1495308257895	0.335	-4.031	8.715

1495308257905	0.344	-4.022	8.753

1495308257914	0.335	-4.041	8.753

1495308257924	0.373	-4.041	8.782

1495308257943	0.335	-4.041	8.743

1495308257944	0.325	-4.041	8.734

1495308257957	0.335	-4.022	8.734

1495308257965	0.363	-4.022	8.734

1495308257974	0.383	-4.022	8.734

1495308257987	0.354	-4.012	8.763

1495308258002	0.354	-4.022	8.743

1495308258005	0.344	-4.012	8.734

1495308258014	0.344	-3.993	8.724

1495308258025	0.335	-4.012	8.753

1495308258038	0.344	-4.012	8.734

1495308258045	0.335	-4.022	8.753

1495308258057	0.335	-4.003	8.753

1495308258065	0.325	-4.012	8.763

1495308258075	0.325	-4.022	8.753

1495308258087	0.344	-4.031	8.763

1495308258095	0.335	-3.993	8.696

1495308258105	0.335	-4.003	8.734

1495308258115	0.344	-4.031	8.724

1495308258124	0.363	-4.012	8.782

1495308258139	0.325	-4.003	8.753

1495308258153	0.344	-4.012	8.724

1495308258156	0.316	-4.003	8.724

1495308258165	0.354	-4.031	8.715

1495308258175	0.354	-4.012	8.753

1495308258187	0.335	-4.022	8.743

1495308258203	0.335	-3.984	8.791

1495308258205	0.392	-4.003	8.772

1495308258215	0.335	-4.031	8.734

1495308258225	0.325	-4.022	8.734

1495308258237	0.373	-4.051	8.724

1495308258245	0.335	-3.974	8.724

1495308258256	0.335	-4.012	8.753

1495308258265	0.344	-4.022	8.734

1495308258274	0.335	-4.031	8.715

1495308258292	0.354	-4.003	8.743

1495308258295	0.344	-4.031	8.724

1495308258305	0.383	-4.041	8.753

1495308258314	0.354	-4.051	8.734

1495308258324	0.335	-4.051	8.743

1495308258337	0.354	-4.012	8.753

1495308258345	0.335	-4.022	8.743

1495308258357	0.335	-4.041	8.753

1495308258369	0.316	-4.003	8.734

1495308258375	0.296	-3.993	8.743

1495308258387	0.354	-3.993	8.734

1495308258395	0.316	-3.993	8.763

1495308258405	0.383	-4.012	8.743

1495308258414	0.344	-4.012	8.743

1495308258424	0.373	-4.003	8.753

1495308258439	0.335	-4.022	8.743

1495308258445	0.363	-4.031	8.753

1495308258457	0.373	-4.031	8.734

1495308258466	0.383	-4.041	8.763

1495308258475	0.402	-4.031	8.753

1495308258487	0.363	-4.022	8.734

1495308258495	0.354	-4.012	8.753

1495308258505	0.363	-4.022	8.734

1495308258525	0.344	-4.003	8.743

1495308258526	0.354	-4.003	8.724

1495308258538	0.363	-4.041	8.715

1495308258545	0.325	-4.041	8.763

1495308258556	0.354	-4.022	8.743

1495308258567	0.354	-4.041	8.763

1495308258575	0.392	-4.06	8.753

1495308258593	0.335	-4.041	8.734

1495308258595	0.363	-4.022	8.705

1495308258605	0.344	-4.031	8.734

1495308258614	0.268	-4.003	8.724

1495308258624	0.344	-4.003	8.715

1495308258637	0.296	-4.07	8.705

1495308258645	0.344	-4.051	8.763

1495308258655	0.344	-4.003	8.753

1495308258665	0.354	-4.022	8.724

1495308258674	0.383	-4.012	8.724

1495308258694	0.383	-3.974	8.743

1495308258696	0.383	-3.993	8.743

1495308258705	0.373	-3.964	8.734

1495308258715	0.354	-4.012	8.743

1495308258725	0.344	-3.993	8.743

1495308258739	0.325	-4.051	8.686

1495308258745	0.354	-4.031	8.724

1495308258756	0.344	-4.07	8.734

1495308258765	0.335	-4.06	8.715

1495308258775	0.344	-4.051	8.724

1495308258802	0.335	-4.07	8.724

1495308258804	0.354	-4.022	8.763

1495308258805	0.325	-4.003	8.743

1495308258815	0.363	-4.003	8.753

1495308258824	0.344	-4.031	8.743

1495308258837	0.354	-3.993	8.715

1495308258845	0.335	-4.051	8.743

1495308258856	0.354	-4.041	8.743

1495308258866	0.325	-4.06	8.715

1495308258875	0.325	-4.012	8.734

1495308258887	0.344	-4.051	8.734

1495308258895	0.344	-4.041	8.715

1495308258905	0.335	-4.031	8.724

1495308258914	0.354	-4.041	8.743

1495308258924	0.354	-4.022	8.753

1495308258937	0.373	-4.022	8.734

1495308258945	0.383	-4.022	8.743

1495308258956	0.354	-4.041	8.772

1495308258966	0.383	-4.012	8.753

1495308258975	0.402	-4.06	8.743

1495308258988	0.344	-4.012	8.724

1495308258999	0.383	-4.012	8.782

1495308259005	0.344	-4.003	8.743

1495308259015	0.344	-4.041	8.753

1495308259024	0.325	-4.031	8.715

1495308259039	0.344	-4.041	8.772

1495308259045	0.335	-4.012	8.724

1495308259063	0.344	-4.031	8.734

1495308259068	0.363	-4.031	8.782

1495308259075	0.363	-4.041	8.782

1495308259087	0.354	-4.022	8.743

1495308259095	0.363	-4.031	8.743

1495308259105	0.354	-4.031	8.743

1495308259115	0.363	-4.031	8.734

1495308259124	0.344	-4.012	8.734

1495308259137	0.325	-4.012	8.686

1495308259149	0.354	-4.012	8.734

1495308259156	0.344	-4.031	8.753

1495308259165	0.354	-4.031	8.734

1495308259174	0.335	-4.041	8.705

1495308259187	0.344	-4.041	8.715

1495308259196	0.316	-4.012	8.696

1495308259205	0.344	-4.041	8.753

1495308259215	0.316	-4.022	8.743

1495308259225	0.344	-4.022	8.705

1495308259237	0.325	-4.031	8.705

1495308259245	0.354	-4.031	8.743

1495308259255	0.344	-4.003	8.753

1495308259265	0.354	-3.993	8.753

1495308259274	0.402	-4.003	8.743

1495308259287	0.335	-4.031	8.763

1495308259295	0.363	-4.022	8.753

1495308259305	0.363	-4.07	8.715

1495308259315	0.392	-4.022	8.705

1495308259325	0.363	-4.041	8.724

1495308259339	0.383	-4.041	8.734

1495308259345	0.373	-4.06	8.724

1495308259357	0.363	-4.031	8.772

1495308259366	0.373	-4.031	8.753

1495308259375	0.335	-4.022	8.734

1495308259390	0.373	-4.041	8.734

1495308259395	0.392	-4.012	8.753

1495308259405	0.373	-4.051	8.724

1495308259414	0.392	-4.041	8.782

1495308259425	0.354	-4.031	8.753

1495308259437	0.335	-4.031	8.724

1495308259445	0.344	-4.022	8.734

1495308259458	0.354	-4.041	8.753

1495308259465	0.363	-4.06	8.724

1495308259474	0.344	-4.012	8.753

1495308259487	0.344	-4.022	8.753

1495308259495	0.363	-4.041	8.724

1495308259505	0.335	-4.041	8.705

1495308259515	0.335	-4.051	8.715

1495308259526	0.335	-4.003	8.753

1495308259540	0.373	-4.041	8.772

1495308259562	0.325	-4.012	8.724

1495308259563	0.325	-4.012	8.705

1495308259565	0.354	-4.012	8.753

1495308259575	0.335	-4.012	8.743

1495308259589	0.316	-3.993	8.715

1495308259595	0.306	-3.993	8.715

1495308259605	0.335	-4.012	8.753

1495308259614	0.325	-4.031	8.753

1495308259629	0.354	-4.003	8.743

1495308259638	0.354	-4.022	8.753

1495308259645	0.344	-4.022	8.753

1495308259656	0.354	-4.012	8.743

1495308259665	0.363	-4.022	8.763

1495308259674	0.354	-4.003	8.763

1495308259689	0.383	-4.079	8.772

1495308259695	0.363	-4.031	8.743

1495308259705	0.354	-4.07	8.753

1495308259715	0.373	-4.041	8.743

1495308259725	0.363	-4.031	8.772

1495308259737	0.354	-4.041	8.743

1495308259745	0.363	-4.06	8.743

1495308259756	0.373	-4.041	8.753

1495308259765	0.354	-4.022	8.753

1495308259774	0.373	-3.984	8.753

1495308259787	0.354	-4.003	8.743

1495308259795	0.373	-4.003	8.734

1495308259805	0.354	-4.031	8.724

1495308259815	0.335	-3.993	8.743

1495308259825	0.335	-4.022	8.743

1495308259838	0.325	-4.022	8.715

1495308259845	0.296	-4.031	8.705

1495308259855	0.296	-4.022	8.705

1495308259865	0.316	-4.022	8.715

1495308259874	0.296	-4.022	8.743

1495308259888	0.373	-4.022	8.734

1495308259908	0.354	-4.012	8.743

1495308259910	0.335	-4.031	8.772

1495308259915	0.354	-4.031	8.772

1495308259925	0.373	-4.012	8.763

1495308259937	0.392	-4.012	8.772

1495308259945	0.373	-4.022	8.772

1495308259960	0.363	-4.041	8.772

1495308259965	0.373	-4.022	8.734

1495308259975	0.373	-4.031	8.753

1495308259987	0.363	-4.051	8.743

1495308260005	0.363	-4.041	8.734

1495308260015	0.354	-4.031	8.753

1495308260024	0.335	-4.051	8.724

1495308260037	0.363	-4.022	8.724

1495308260045	0.363	-4.012	8.724

1495308260057	0.344	-3.993	8.724

1495308260065	0.373	-3.984	8.772

1495308260074	0.354	-3.984	8.743

1495308260087	0.354	-3.993	8.724

1495308260096	0.344	-3.993	8.763

1495308260105	0.344	-3.993	8.734

1495308260116	0.363	-4.022	8.734

1495308260126	0.344	-4.022	8.686

1495308260143	0.363	-4.041	8.753

1495308260147	0.354	-4.06	8.734

1495308260157	0.392	-4.031	8.734

1495308260167	0.354	-4.031	8.753

1495308260196	0.354	-4.031	8.734

1495308260197	0.354	-4.041	8.734

1495308260201	0.354	-4.022	8.743

1495308260206	0.392	-4.012	8.715

1495308260215	0.383	-4.012	8.734

1495308260225	0.354	-4.031	8.715

1495308260240	0.354	-4.012	8.715

1495308260245	0.373	-4.031	8.724

1495308260256	0.344	-4.051	8.743

1495308260265	0.354	-4.022	8.734

1495308260274	0.392	-4.051	8.782

1495308260287	0.344	-4.012	8.763

1495308260303	0.316	-4.041	8.763

1495308260305	0.363	-4.012	8.715

1495308260315	0.354	-4.022	8.724

1495308260324	0.335	-3.984	8.724

1495308260337	0.325	-4.003	8.743

1495308260345	0.335	-3.993	8.724

1495308260356	0.325	-4.022	8.753

1495308260365	0.316	-4.031	8.705

1495308260374	0.335	-4.003	8.753

1495308260387	0.344	-4.012	8.724

1495308260402	0.363	-4.012	8.724

1495308260405	0.335	-4.003	8.715

1495308260415	0.354	-4.031	8.724

1495308260425	0.344	-4.012	8.734

1495308260437	0.344	-4.031	8.743

1495308260445	0.373	-4.041	8.753

1495308260455	0.373	-4.041	8.724

1495308260465	0.325	-4.022	8.715

1495308260475	0.354	-4.031	8.734

1495308260489	0.363	-4.012	8.753

1495308260495	0.363	-4.012	8.743

1495308260505	0.354	-4.031	8.724

1495308260525	0.373	-4.031	8.763

1495308260537	0.363	-4.022	8.753

1495308260546	0.363	-4.022	8.715

1495308260557	0.344	-4.022	8.715

1495308260566	0.344	-4.012	8.734

1495308260575	0.354	-4.012	8.734

1495308260587	0.344	-4.022	8.734

1495308260595	0.325	-4.031	8.724

1495308260605	0.335	-4.022	8.715

1495308260614	0.316	-4.012	8.734

1495308260624	0.354	-4.003	8.724

1495308260637	0.354	-4.012	8.724

1495308260644	0.354	-4.012	8.743

1495308260659	0.363	-4.003	8.743

1495308260675	0.306	-4.031	8.724

1495308260677	0.306	-4.041	8.715

1495308260691	0.344	-4.003	8.724

1495308260695	0.363	-4.051	8.734

1495308260706	0.354	-4.012	8.705

1495308260715	0.335	-4.041	8.743

1495308260725	0.306	-4.022	8.763

1495308260738	0.383	-4.012	8.763

1495308260745	0.335	-4.012	8.772

1495308260755	0.363	-4.012	8.753

1495308260767	0.335	-4.022	8.743

1495308260775	0.363	-4.012	8.753

1495308260789	0.344	-4.031	8.724

1495308260795	0.335	-4.003	8.705

1495308260805	0.383	-4.051	8.763

1495308260825	0.363	-4.022	8.734

1495308260826	0.363	-4.003	8.705

1495308260839	0.335	-4.031	8.763

1495308260845	0.344	-4.022	8.724

1495308260855	0.335	-4.041	8.734

1495308260866	0.344	-4.031	8.724

1495308260875	0.354	-3.984	8.715

1495308260887	0.325	-4.022	8.724

1495308260898	0.354	-3.993	8.715

1495308260905	0.373	-4.022	8.743

1495308260915	0.325	-3.984	8.724

1495308260925	0.335	-3.993	8.734

1495308260937	0.344	-3.984	8.763

1495308260945	0.335	-4.012	8.743

1495308260955	0.363	-4.022	8.724

1495308260965	0.383	-4.041	8.724

1495308260975	0.363	-4.022	8.734

1495308260987	0.373	-4.031	8.753

1495308260999	0.363	-4.079	8.734

1495308261017	0.402	-4.041	8.743

1495308261019	0.373	-4.031	8.753

1495308261025	0.373	-4.022	8.743

1495308261039	0.354	-4.031	8.715

1495308261045	0.373	-4.022	8.743

1495308261055	0.373	-4.051	8.724

1495308261071	0.354	-4.003	8.724

1495308261075	0.373	-4.06	8.763

1495308261087	0.354	-4.022	8.743

1495308261105	0.344	-4.012	8.763

1495308261116	0.363	-4.031	8.753

1495308261125	0.363	-4.041	8.753

1495308261137	0.363	-4.022	8.763

1495308261146	0.344	-4.012	8.743

1495308261155	0.344	-4.022	8.743

1495308261167	0.383	-4.022	8.772

1495308261207	0.354	-3.993	8.763

1495308261208	0.354	-4.003	8.753

1495308261209	0.344	-3.993	8.724

1495308261210	0.354	-4.031	8.705

1495308261215	0.354	-4.003	8.705

1495308261225	0.344	-4.012	8.734

1495308261237	0.335	-4.022	8.715

1495308261245	0.344	-4.012	8.715

1495308261255	0.325	-4.003	8.724

1495308261266	0.344	-4.012	8.753

1495308261275	0.354	-4.012	8.734

1495308261287	0.344	-4.012	8.734

1495308261295	0.335	-3.993	8.734

1495308261305	0.335	-3.993	8.724

1495308261314	0.373	-4.031	8.743

1495308261324	0.363	-3.993	8.724

1495308261339	0.344	-4.022	8.724

1495308261355	0.373	-4.003	8.715

1495308261356	0.354	-4.031	8.724

1495308261366	0.344	-4.003	8.724

1495308261375	0.344	-4.012	8.724

1495308261387	0.363	-4.012	8.734

1495308261395	0.392	-4.003	8.743

1495308261414	0.383	-4.041	8.743

1495308261415	0.373	-4.041	8.724

1495308261425	0.344	-4.031	8.763

1495308261437	0.344	-4.022	8.715

1495308261445	0.354	-4.012	8.724

1495308261455	0.344	-4.051	8.772

1495308261466	0.363	-4.041	8.772

1495308261475	0.344	-4.051	8.734

1495308261487	0.392	-4.012	8.734

1495308261503	0.354	-4.012	8.724

1495308261505	0.373	-4.012	8.734

1495308261515	0.354	-3.993	8.743

1495308261525	0.344	-4.003	8.734

1495308261537	0.325	-4.012	8.753

1495308261545	0.344	-4.022	8.724

1495308261555	0.344	-4.012	8.715

1495308261566	0.363	-4.06	8.743

1495308261576	0.344	-4.003	8.743

1495308261587	0.306	-4.003	8.724

1495308261596	0.373	-4.031	8.772

1495308261606	0.392	-4.051	8.763

1495308261615	0.392	-4.051	8.772

1495308261625	0.392	-4.06	8.782

1495308261639	0.335	-4.041	8.753

1495308261645	0.383	-4.041	8.724

1495308261655	0.344	-4.022	8.724

1495308261666	0.383	-4.012	8.705

1495308261679	0.392	-3.974	8.734

1495308261687	0.344	-4.003	8.715

1495308261695	0.335	-4.003	8.734

1495308261705	0.363	-4.003	8.753

1495308261715	0.335	-3.993	8.734

1495308261724	0.344	-4.012	8.724

1495308261737	0.335	-4.031	8.696

1495308261746	0.325	-4.022	8.715

1495308261755	0.306	-4.012	8.734

1495308261773	0.325	-4.041	8.734

1495308261775	0.363	-4.012	8.753

1495308261787	0.335	-4.022	8.715

1495308261795	0.373	-4.022	8.715

1495308261805	0.325	-4.012	8.734

1495308261814	0.363	-4.031	8.743

1495308261824	0.373	-4.022	8.724

1495308261837	0.373	-4.022	8.734

1495308261845	0.373	-4.051	8.734

1495308261856	0.392	-4.041	8.782

1495308261866	0.383	-4.022	8.734

1495308261876	0.354	-4.022	8.724

1495308261888	0.373	-4.06	8.772

1495308261895	0.344	-4.041	8.763

1495308261905	0.373	-4.041	8.763

1495308261914	0.383	-4.022	8.734

1495308261924	0.363	-4.022	8.753

1495308261939	0.373	-4.012	8.724

1495308261946	0.373	-4.031	8.734

1495308261955	0.344	-4.031	8.743

1495308261967	0.344	-4.041	8.734

1495308261975	0.344	-4.031	8.724

1495308261987	0.344	-4.022	8.705

1495308262002	0.344	-4.012	8.715

1495308262005	0.344	-4.012	8.696

1495308262015	0.325	-4.003	8.715

1495308262043	0.344	-4.003	8.715

1495308262044	0.354	-4.022	8.715

1495308262045	0.354	-4.012	8.724

1495308262055	0.354	-4.012	8.715

1495308262066	0.354	-4.003	8.734

1495308262075	0.344	-4.012	8.705

1495308262087	0.363	-4.022	8.724

1495308262095	0.335	-4.003	8.715

1495308262105	0.344	-4.022	8.705

1495308262116	0.335	-4.022	8.705

1495308262125	0.344	-4.003	8.743

1495308262137	0.354	-4.031	8.734

1495308262145	0.344	-4.012	8.724

