1495840698878	-5.1797204	-14.283472	-13.969549

1495840698879	-5.8075657	-9.02527	-9.182232

1495840698883	-7.4556584	-4.0025115	-6.35693

1495840698883	-8.789829	-0.39240307	-5.4151626

1495840698884	-9.731596	2.2759378	-5.10124

1495840698885	-10.987287	4.237953	-4.0025115

1495840698885	-11.615131	5.10124	-2.9822633

1495840698903	-10.987287	4.865798	-2.3544185

1495840698903	-9.731596	3.6101084	-2.1189766

1495840698904	-8.86831	2.2759378	-1.4911317

1495840698905	-8.632868	1.1772093	-0.8632868

1495840698935	-9.02527	0.39240307	-0.39240307

1495840698936	-9.339193	-0.15696123	0.0

1495840698937	-9.103751	-0.70632553	0.078480616

1495840698939	-8.554387	-1.0987287	0.15696123

1495840698949	-8.318945	-1.1772093	0.23544185

1495840698966	-8.711349	-1.020248	0.31392246

1495840698969	-9.260713	-0.6278449	0.31392246

1495840698979	-9.417674	-0.39240307	0.31392246

1495840699009	-9.182232	-0.23544185	0.39240307

1495840699010	-9.02527	-0.078480616	0.39240307

1495840699011	-9.02527	-0.0	0.23544185

1495840699019	-9.182232	-0.0	0.15696123

1495840699029	-9.339193	0.078480616	0.23544185

1495840699047	-9.5746355	0.078480616	0.23544185

1495840699050	-10.045519	0.15696123	0.39240307

1495840699059	-10.516402	0.23544185	0.4708837

1495840699091	-10.830325	0.31392246	0.5493643

1495840699092	-10.830325	0.4708837	0.5493643

1495840699092	-10.673364	0.78480613	0.31392246

1495840699099	-10.673364	1.1772093	-0.078480616

1495840699109	-10.751844	1.5696123	-0.31392246

1495840699131	-10.830325	1.8050542	-0.39240307

1495840699132	-10.594883	1.8050542	-0.39240307

1495840699139	-10.20248	1.8835348	-0.39240307

1495840699149	-9.888557	1.9620154	-0.31392246

1495840699162	-9.888557	2.1189766	-0.31392246

1495840699169	-9.888557	2.2759378	-0.4708837

1495840699179	-9.731596	2.3544185	-0.70632553

1495840699196	-9.417674	2.432899	-0.9417674

1495840699199	-9.103751	2.3544185	-1.0987287

1495840699209	-8.711349	1.9620154	-1.2556899

1495840699227	-8.318945	1.5696123	-1.4126511

1495840699231	-8.240464	1.2556899	-1.7265736

1495840699239	-8.475906	1.020248	-2.2759378

1495840699249	-9.339193	1.1772093	-3.4531472

1495840699259	-11.222728	1.0987287	-4.865798

1495840699278	-13.812589	0.31392246	-5.886046

1495840699279	-16.167007	-1.6480929	-6.5923715

1495840699289	-18.129023	-4.5518756	-7.2202168

1495840699299	-20.248	-8.789829	-6.749333

1495840699309	-22.680899	-13.812589	-3.9240308

1495840699319	-21.66065	-14.754355	-2.3544185

1495840699333	-16.245487	-9.260713	-4.237953

1495840699339	-11.929053	-3.2961857	-7.9265423

1495840699349	-10.045519	1.4126511	-11.615131

1495840699374	-9.417674	4.0025115	-13.184743

1495840699376	-8.711349	3.2961857	-11.929053

1495840699379	-7.4556584	1.7265736	-9.496155

1495840699389	-6.121488	0.70632553	-7.534139

1495840699399	-5.336682	0.23544185	-6.121488

1495840699412	-4.9442787	-0.23544185	-4.9442787

1495840699419	-4.708837	-0.5493643	-4.0025115

1495840699453	-4.7873178	-0.78480613	-3.1392245

1495840699454	-5.336682	-1.1772093	-2.5113797

1495840699455	-5.9645267	-1.3341705	-1.9620154

1495840699459	-6.513891	-1.2556899	-1.4911317

1495840699469	-6.9062943	-1.2556899	-1.0987287

1495840699492	-7.4556584	-1.4126511	-0.70632553

1495840699493	-8.005023	-1.4126511	-0.5493643

1495840699499	-8.240464	-1.4126511	-0.4708837

1495840699509	-8.083504	-1.020248	-0.5493643

1495840699523	-7.4556584	-0.78480613	-0.4708837

1495840699529	-6.9062943	-0.8632868	-0.15696123

1495840699539	-6.4354105	-1.0987287	0.23544185

1495840699556	-6.35693	-1.3341705	0.5493643

1495840699559	-6.670852	-1.4911317	0.70632553

1495840699569	-7.4556584	-1.5696123	0.8632868

1495840699585	-8.397426	-1.5696123	1.020248

1495840699589	-9.496155	-1.5696123	1.0987287

1495840699599	-10.594883	-1.5696123	1.020248

1495840699618	-11.693612	-1.020248	0.5493643

1495840699619	-13.420185	0.078480616	-0.31392246

1495840699630	-14.4404335	0.6278449	-0.39240307

1495840699639	-13.577147	0.23544185	0.078480616

1495840699668	-12.635379	0.15696123	0.15696123

1495840699670	-12.478417	0.6278449	-0.23544185

1495840699671	-13.106263	1.1772093	-0.39240307

1495840699679	-13.969549	1.4911317	-0.4708837

1495840699689	-14.518914	1.6480929	-0.31392246

1495840699699	-14.675875	1.7265736	0.0

1495840699712	-14.361953	1.8050542	0.15696123

1495840699719	-13.734108	1.8835348	0.078480616

1495840699729	-13.341704	2.2759378	-0.5493643

1495840699753	-13.655627	2.7468216	-1.6480929

1495840699754	-14.518914	2.668341	-3.5316277

1495840699759	-15.696123	1.0987287	-4.3949146

1495840699769	-16.010046	-1.7265736	-3.9240308

1495840699779	-15.3037195	-3.84555	-4.3949146

1495840699794	-14.283472	-4.865798	-7.141736

1495840699799	-13.184743	-6.35693	-11.222728

1495840699833	-10.20248	-11.065766	-15.3037195

1495840699834	-6.0430074	-17.030294	-16.55941

1495840699835	-4.080992	-18.913828	-14.283472

1495840699839	-4.6303563	-15.696123	-11.850573

1495840699849	-6.8278136	-10.280961	-9.103751

1495840699859	-8.475906	-5.8075657	-6.670852

1495840699874	-9.5746355	-2.668341	-5.10124

1495840699879	-10.359441	-0.6278449	-4.708837

1495840699889	-11.222728	0.78480613	-4.237953

1495840699915	-12.321457	1.8050542	-2.9822633

1495840699916	-12.949302	2.1974573	-2.2759378

1495840699919	-12.870821	1.8835348	-2.040496

1495840699929	-11.850573	1.1772093	-1.8835348

1495840699939	-11.065766	0.5493643	-1.4911317

1495840699953	-10.830325	0.15696123	-1.020248

1495840699959	-10.516402	-0.15696123	-0.6278449

1495840699969	-9.810077	-0.4708837	-0.15696123

1495840699993	-9.02527	-0.9417674	0.23544185

1495840699996	-8.632868	-1.2556899	0.6278449

1495840699999	-8.475906	-1.5696123	0.8632868

1495840700009	-8.083504	-1.8050542	0.9417674

1495840700019	-7.61262	-1.8050542	1.020248

1495840700033	-7.3771777	-1.6480929	0.9417674

1495840700039	-7.298697	-1.3341705	0.6278449

1495840700049	-7.141736	-1.1772093	0.39240307

1495840700072	-7.0632553	-1.020248	0.23544185

1495840700076	-7.141736	-0.8632868	0.0

1495840700079	-7.4556584	-0.78480613	-0.23544185

1495840700090	-7.9265423	-0.78480613	-0.39240307

1495840700099	-8.554387	-0.78480613	-0.4708837

1495840700113	-9.339193	-0.8632868	-0.39240307

1495840700119	-10.045519	-0.9417674	-0.39240307

1495840700129	-10.516402	-0.9417674	-0.39240307

1495840700153	-10.751844	-0.8632868	-0.39240307

1495840700153	-10.987287	-0.6278449	-0.31392246

1495840700159	-10.908806	-0.31392246	-0.39240307

1495840700169	-10.751844	-0.0	-0.4708837

1495840700179	-10.673364	0.39240307	-0.5493643

1495840700196	-10.516402	0.70632553	-0.4708837

1495840700199	-10.594883	1.020248	-0.4708837

1495840700209	-10.673364	1.3341705	-0.39240307

1495840700236	-10.751844	1.5696123	-0.31392246

1495840700237	-10.987287	1.8050542	-0.5493643

1495840700239	-11.222728	2.2759378	-1.0987287

1495840700250	-11.45817	2.8253021	-2.040496

1495840700259	-11.536651	3.4531472	-2.9037828

1495840700274	-11.065766	3.7670696	-3.6885889

1495840700279	-9.888557	3.6885889	-4.5518756

1495840700289	-8.475906	3.3746665	-5.5721235

1495840700299	-7.4556584	2.668341	-6.35693

1495840700316	-7.3771777	1.5696123	-6.9062943

1495840700319	-8.711349	0.5493643	-7.9265423

1495840700329	-11.929053	-0.6278449	-9.02527

1495840700339	-17.8151	-4.7873178	-7.4556584

1495840700353	-23.073301	-12.086015	-3.2961857

1495840700359	-21.66065	-14.911317	-1.4126511

1495840700369	-15.460681	-11.850573	-2.9822633

1495840700380	-10.516402	-8.554387	-4.6303563

1495840700425	-9.02527	-6.9847746	-5.258201

1495840700426	-10.045519	-5.5721235	-5.9645267

1495840700427	-11.693612	-3.6885889	-7.298697

1495840700427	-12.478417	-2.040496	-8.397426

1495840700429	-12.321457	-1.2556899	-8.475906

1495840700439	-11.45817	-1.4126511	-7.769581

1495840700449	-9.967038	-1.8050542	-6.749333

1495840700462	-8.161984	-1.8050542	-5.5721235

1495840700469	-6.749333	-1.5696123	-4.6303563

1495840700479	-5.8075657	-1.4126511	-3.6101084

1495840700504	-5.258201	-1.4126511	-2.7468216

1495840700505	-5.1797204	-1.4911317	-2.1189766

1495840700509	-5.4151626	-1.4126511	-1.7265736

1495840700519	-5.6506042	-1.4126511	-1.2556899

1495840700529	-5.886046	-1.6480929	-0.8632868

1495840700545	-5.886046	-1.8050542	-0.4708837

1495840700549	-5.729085	-1.9620154	-0.15696123

1495840700559	-5.4151626	-2.1189766	0.0

1495840700591	-5.258201	-2.1189766	0.23544185

1495840700592	-5.258201	-2.040496	0.4708837

1495840700593	-5.1797204	-1.8835348	0.5493643

1495840700599	-5.0227594	-1.7265736	0.5493643

1495840700609	-5.0227594	-1.6480929	0.4708837

1495840700627	-5.0227594	-1.5696123	0.4708837

1495840700629	-5.4151626	-1.4911317	0.6278449

1495840700639	-6.0430074	-1.5696123	0.70632553

1495840700677	-6.9062943	-1.5696123	0.6278449

1495840700678	-8.475906	-0.9417674	-0.15696123

1495840700680	-9.810077	-0.15696123	-1.1772093

1495840700680	-10.987287	0.15696123	-1.0987287

1495840700689	-12.242976	-0.0	-0.15696123

1495840700699	-13.027782	-0.23544185	0.70632553

1495840700720	-12.79234	-0.23544185	0.9417674

1495840700721	-12.635379	-0.0	0.78480613

1495840700729	-13.027782	0.39240307	0.4708837

1495840700739	-13.498666	0.78480613	0.31392246

1495840700759	-13.969549	1.020248	0.31392246

1495840700762	-14.126511	1.020248	0.31392246

1495840700769	-13.734108	1.0987287	0.39240307

1495840700779	-13.263224	1.2556899	0.31392246

1495840700789	-13.263224	1.3341705	0.15696123

1495840700802	-14.126511	1.8050542	-0.5493643

1495840700809	-15.539162	2.5113797	-2.1974573

1495840700819	-16.716372	2.1189766	-3.4531472

1495840700829	-16.55941	-0.15696123	-3.6101084

1495840700839	-15.931565	-2.7468216	-3.5316277

1495840700849	-15.696123	-4.708837	-4.237953

1495840700867	-15.22524	-6.4354105	-6.4354105

1495840700871	-13.969549	-9.417674	-10.437922

1495840700879	-10.751844	-14.597394	-14.283472

1495840700889	-5.729085	-19.07079	-14.518914

1495840700914	-3.060744	-19.07079	-12.635379

1495840700915	-3.4531472	-14.675875	-10.594883

1495840700919	-5.6506042	-9.182232	-8.005023

1495840700929	-7.4556584	-5.10124	-6.4354105

1495840700939	-8.94679	-2.1974573	-6.4354105

1495840700953	-11.3012085	0.23544185	-6.121488

1495840700959	-13.498666	2.040496	-4.7873178

1495840700970	-14.04803	3.060744	-4.1594725

1495840700994	-13.027782	3.1392245	-3.5316277

1495840700995	-11.693612	2.1189766	-2.432899

1495840700999	-10.594883	0.9417674	-1.020248

1495840701009	-9.5746355	0.15696123	-0.23544185

1495840701019	-9.182232	-0.31392246	0.15696123

1495840701033	-8.94679	-0.5493643	0.39240307

1495840701039	-8.475906	-0.78480613	0.39240307

1495840701049	-8.161984	-1.0987287	0.4708837

1495840701075	-7.9265423	-1.2556899	0.5493643

1495840701077	-7.61262	-1.4126511	0.4708837

1495840701079	-7.534139	-1.3341705	0.39240307

1495840701089	-7.769581	-1.0987287	0.23544185

1495840701111	-8.005023	-0.9417674	0.078480616

1495840701112	-8.005023	-0.8632868	0.0

1495840701119	-8.083504	-0.8632868	-0.15696123

1495840701129	-8.161984	-0.9417674	-0.31392246

1495840701151	-8.240464	-0.9417674	-0.39240307

1495840701156	-8.632868	-1.020248	-0.5493643

1495840701159	-9.182232	-1.0987287	-0.5493643

1495840701170	-9.888557	-1.020248	-0.5493643

1495840701192	-10.673364	-0.9417674	-0.6278449

1495840701193	-11.45817	-0.70632553	-0.5493643

1495840701199	-11.772092	-0.4708837	-0.39240307

1495840701209	-11.693612	-0.15696123	-0.31392246

1495840701232	-11.222728	0.15696123	-0.23544185

1495840701237	-10.673364	0.39240307	-0.23544185

1495840701239	-10.045519	0.78480613	-0.31392246

1495840701249	-9.5746355	1.020248	-0.23544185

1495840701259	-9.103751	1.2556899	-0.23544185

1495840701275	-8.86831	1.4126511	-0.23544185

1495840701279	-8.711349	1.4126511	-0.23544185

1495840701311	-8.94679	1.3341705	-0.31392246

1495840701312	-9.5746355	1.2556899	-0.6278449

1495840701313	-10.437922	1.2556899	-1.3341705

1495840701319	-11.144247	1.3341705	-2.5113797

1495840701329	-10.908806	1.3341705	-3.84555

1495840701348	-9.888557	1.4126511	-5.886046

1495840701350	-8.94679	1.5696123	-8.475906

1495840701359	-9.339193	1.1772093	-10.830325

1495840701390	-11.929053	-1.8050542	-11.3012085

1495840701391	-17.187254	-9.888557	-7.3771777

1495840701391	-20.248	-17.187254	-1.8835348

1495840701399	-17.579659	-16.323969	-1.2556899

1495840701409	-14.204991	-10.830325	-4.080992

1495840701425	-13.106263	-7.2202168	-6.513891

1495840701429	-12.71386	-5.1797204	-7.769581

1495840701439	-12.635379	-3.6885889	-7.9265423

1495840701449	-12.242976	-3.060744	-7.61262

1495840701466	-11.3012085	-2.7468216	-6.9847746

1495840701470	-10.124	-2.9037828	-6.0430074

1495840701479	-9.339193	-3.3746665	-4.865798

1495840701489	-8.94679	-3.7670696	-3.84555

1495840701504	-8.632868	-3.7670696	-3.1392245

1495840701509	-8.083504	-3.060744	-2.9822633

1495840701519	-7.2202168	-1.8835348	-3.4531472

1495840701529	-6.5923715	-0.9417674	-3.7670696

1495840701547	-6.278449	-0.4708837	-3.6101084

1495840701549	-6.0430074	-0.31392246	-3.1392245

1495840701559	-5.6506042	-0.39240307	-2.668341

1495840701570	-5.4151626	-0.4708837	-2.040496

1495840701585	-5.258201	-0.5493643	-1.4126511

1495840701589	-5.1797204	-0.70632553	-1.020248

1495840701599	-5.1797204	-0.78480613	-0.6278449

1495840701609	-5.0227594	-0.9417674	-0.31392246

1495840701627	-4.865798	-1.0987287	-0.078480616

1495840701634	-4.9442787	-1.1772093	0.15696123

1495840701639	-5.1797204	-1.1772093	0.39240307

1495840701650	-5.336682	-1.1772093	0.4708837

1495840701659	-5.336682	-1.020248	0.39240307

1495840701669	-5.336682	-0.9417674	0.31392246

1495840701679	-5.4151626	-0.78480613	0.31392246

1495840701692	-5.6506042	-0.70632553	0.31392246

1495840701699	-6.0430074	-0.78480613	0.39240307

1495840701709	-6.670852	-0.8632868	0.5493643

1495840701729	-7.534139	-1.020248	0.5493643

1495840701730	-8.632868	-1.1772093	0.5493643

1495840701739	-9.810077	-1.3341705	0.5493643

1495840701749	-10.830325	-1.4911317	0.5493643

1495840701759	-11.772092	-1.5696123	0.6278449

1495840701777	-12.635379	-1.7265736	0.8632868

1495840701779	-13.655627	-1.8050542	1.0987287

1495840701789	-14.754355	-1.9620154	1.4126511

1495840701812	-15.853085	-1.8835348	1.6480929

1495840701816	-17.108774	-1.7265736	1.8050542

1495840701819	-17.972061	-1.5696123	1.9620154

1495840701829	-18.05054	-1.3341705	1.8835348

1495840701839	-16.873333	-0.8632868	1.3341705

1495840701853	-15.3037195	-0.31392246	0.4708837

1495840701859	-14.597394	-0.0	-0.31392246

1495840701871	-15.931565	0.5493643	-2.3544185

1495840701879	-18.129023	0.78480613	-4.9442787

1495840701897	-18.913828	-0.8632868	-5.8075657

1495840701899	-17.658138	-4.080992	-6.9847746

1495840701909	-15.068278	-8.789829	-12.71386

1495840701919	-8.711349	-15.146759	-20.248

1495840701933	-2.7468216	-19.30623	-20.012556

1495840701939	-1.3341705	-18.05054	-15.3822

1495840701950	-2.7468216	-12.870821	-12.007534

1495840701973	-5.729085	-7.298697	-7.6911

1495840701974	-8.240464	-2.7468216	-6.0430074

1495840701979	-10.045519	0.4708837	-6.199969

1495840701989	-11.615131	2.9822633	-6.0430074

1495840701999	-12.399938	4.6303563	-4.708837

1495840702015	-11.536651	4.708837	-3.7670696

1495840702019	-10.20248	3.7670696	-2.9822633

1495840702029	-9.653115	2.5113797	-2.1974573

1495840702050	-9.339193	1.3341705	-1.0987287

1495840702051	-8.789829	0.39240307	-0.39240307

1495840702059	-8.397426	-0.23544185	-0.23544185

1495840702069	-8.318945	-0.6278449	-0.078480616

1495840702091	-8.397426	-1.020248	0.15696123

1495840702092	-8.86831	-1.2556899	0.31392246

1495840702099	-9.260713	-1.3341705	0.39240307

1495840702109	-9.260713	-1.2556899	0.5493643

1495840702131	-9.02527	-1.0987287	0.5493643

1495840702136	-8.86831	-0.8632868	0.5493643

1495840702139	-8.711349	-0.78480613	0.5493643

1495840702149	-8.632868	-0.70632553	0.4708837

1495840702159	-8.632868	-0.70632553	0.39240307

1495840702173	-8.789829	-0.78480613	0.4708837

1495840702179	-9.02527	-0.8632868	0.5493643

1495840702189	-9.417674	-0.9417674	0.5493643

1495840702212	-10.045519	-0.9417674	0.5493643

1495840702215	-10.751844	-0.9417674	0.5493643

1495840702219	-11.3012085	-0.8632868	0.4708837

1495840702229	-11.379689	-0.70632553	0.23544185

1495840702239	-11.144247	-0.5493643	0.0

1495840702252	-10.751844	-0.39240307	-0.15696123

1495840702259	-10.359441	-0.15696123	-0.31392246

1495840702270	-10.045519	0.15696123	-0.39240307

1495840702281	-9.810077	0.39240307	-0.4708837

1495840702289	-9.731596	0.6278449	-0.4708837

1495840702299	-9.653115	0.8632868	-0.4708837

1495840702320	-9.731596	1.0987287	-0.39240307

1495840702320	-10.124	1.2556899	-0.4708837

1495840702330	-10.673364	1.3341705	-0.6278449

1495840702348	-10.908806	1.4911317	-0.8632868

1495840702351	-10.908806	1.4126511	-1.3341705

1495840702359	-10.437922	1.6480929	-2.7468216

1495840702369	-9.417674	2.9822633	-5.8075657

1495840702383	-8.554387	4.3949146	-9.496155

1495840702389	-9.260713	4.237953	-12.242976

1495840702399	-11.772092	1.2556899	-13.184743

1495840702409	-14.911317	-3.9240308	-12.556898

1495840702427	-19.07079	-11.222728	-9.496155

1495840702429	-21.974573	-18.678387	-4.7873178

1495840702439	-19.463192	-19.30623	-2.040496

1495840702449	-12.635379	-13.498666	-2.7468216

1495840702470	-7.8480616	-8.789829	-4.3949146

1495840702471	-7.6911	-5.886046	-5.258201

1495840702479	-9.967038	-4.0025115	-5.4936433

1495840702498	-12.242976	-2.5113797	-5.6506042

1495840702499	-13.420185	-1.4126511	-6.0430074

1495840702509	-13.184743	-0.8632868	-6.121488

1495840702519	-11.693612	-0.78480613	-5.729085

1495840702533	-9.810077	-0.9417674	-5.1797204

1495840702539	-8.161984	-1.0987287	-4.316434

1495840702549	-7.0632553	-1.020248	-3.4531472

1495840702572	-6.199969	-0.70632553	-2.8253021

1495840702573	-5.6506042	-0.39240307	-2.2759378

1495840702579	-5.258201	-0.31392246	-1.9620154

1495840702591	-5.0227594	-0.39240307	-1.4911317

1495840702599	-4.7873178	-0.6278449	-0.8632868

1495840702617	-4.708837	-0.9417674	-0.31392246

1495840702619	-4.7873178	-1.1772093	0.0

1495840702629	-4.9442787	-1.4911317	0.39240307

1495840702662	-5.10124	-1.6480929	0.6278449

1495840702662	-5.1797204	-1.6480929	0.8632868

1495840702663	-5.258201	-1.6480929	0.9417674

1495840702669	-5.10124	-1.5696123	0.9417674

1495840702679	-4.708837	-1.4126511	0.8632868

1495840702689	-4.473395	-1.2556899	0.70632553

1495840702699	-4.708837	-1.020248	0.6278449

1495840702709	-5.258201	-0.8632868	0.5493643

1495840702719	-6.0430074	-0.78480613	0.5493643

1495840702749	-6.9062943	-0.5493643	0.23544185

1495840702750	-7.6911	-0.078480616	-0.15696123

1495840702756	-8.554387	-0.15696123	0.0

1495840702775	-9.731596	-0.5493643	0.4708837

1495840702825	-11.065766	-0.8632868	0.78480613

1495840702826	-12.321457	-0.70632553	0.78480613

1495840702827	-13.577147	-0.5493643	0.78480613

1495840702830	-14.754355	-0.4708837	0.9417674

1495840702831	-16.245487	-0.4708837	1.2556899

1495840702832	-17.422697	-0.15696123	1.4911317

1495840702833	-17.89358	0.23544185	1.4126511

1495840702839	-17.73662	0.70632553	1.020248

1495840702855	-16.873333	1.2556899	-0.078480616

1495840702859	-16.088526	2.1189766	-2.1974573

1495840702869	-15.931565	2.1974573	-4.3949146

1495840702879	-15.696123	0.39240307	-4.5518756

1495840702900	-15.3037195	-1.9620154	-3.2961857

1495840702902	-15.068278	-3.3746665	-3.3746665

1495840702909	-14.911317	-4.316434	-5.0227594

1495840702919	-14.361953	-5.8075657	-8.318945

1495840702938	-12.399938	-9.260713	-12.870821

1495840702939	-8.94679	-14.361953	-15.460681

1495840702949	-5.336682	-17.187254	-14.126511

1495840702959	-4.237953	-15.22524	-11.3012085

1495840702978	-5.4936433	-9.888557	-8.711349

1495840702982	-7.0632553	-4.7873178	-6.4354105

1495840702989	-8.005023	-1.7265736	-5.4151626

1495840702999	-9.103751	0.23544185	-4.5518756

1495840703009	-10.280961	1.5696123	-3.84555

1495840703022	-10.987287	2.2759378	-3.2177052

1495840703029	-10.987287	2.3544185	-2.432899

1495840703065	-10.673364	1.7265736	-1.8835348

1495840703066	-10.359441	0.6278449	-1.020248

1495840703066	-9.810077	-0.6278449	0.15696123

1495840703069	-9.653115	-1.5696123	0.70632553

1495840703079	-10.045519	-1.8835348	0.6278449

1495840703090	-10.20248	-1.8050542	0.5493643

1495840703103	-9.653115	-1.7265736	0.4708837

1495840703109	-8.86831	-1.6480929	0.39240307

1495840703119	-8.005023	-1.4126511	0.39240307

1495840703129	-7.298697	-1.2556899	0.39240307

1495840703144	-6.9847746	-1.1772093	0.39240307

1495840703149	-6.9847746	-0.9417674	0.39240307

1495840703159	-7.2202168	-0.70632553	0.31392246

1495840703169	-7.3771777	-0.4708837	0.15696123

1495840703185	-7.534139	-0.39240307	0.078480616

1495840703189	-7.9265423	-0.31392246	-0.078480616

1495840703199	-8.397426	-0.39240307	-0.078480616

1495840703209	-9.02527	-0.4708837	0.0

1495840703227	-9.496155	-0.5493643	0.078480616

1495840703234	-10.124	-0.4708837	0.15696123

1495840703239	-10.830325	-0.39240307	0.31392246

1495840703251	-11.222728	-0.15696123	0.39240307

1495840703259	-11.3012085	0.15696123	0.23544185

1495840703275	-11.379689	0.5493643	0.0

1495840703279	-11.065766	0.9417674	-0.23544185

1495840703310	-10.516402	1.2556899	-0.5493643

1495840703311	-10.045519	1.4911317	-0.6278449

1495840703312	-9.731596	1.4911317	-0.5493643

1495840703319	-9.653115	1.4911317	-0.4708837

1495840703329	-9.810077	1.5696123	-0.5493643

1495840703351	-10.20248	1.5696123	-1.020248

1495840703352	-10.751844	1.8050542	-1.8835348

1495840703359	-11.144247	2.040496	-2.9037828

1495840703369	-11.379689	2.432899	-4.0025115

1495840703399	-11.3012085	2.5898602	-5.258201

1495840703400	-11.144247	2.3544185	-6.0430074

1495840703401	-10.673364	1.7265736	-6.670852

1495840703410	-9.731596	0.78480613	-7.2202168

1495840703419	-9.496155	-0.23544185	-7.534139

1495840703433	-10.987287	-2.8253021	-6.9847746

1495840703439	-13.812589	-6.4354105	-5.10124

1495840703449	-15.146759	-9.496155	-3.060744

1495840703475	-14.04803	-9.731596	-2.9037828

1495840703476	-13.263224	-7.6911	-4.237953

1495840703479	-13.498666	-6.513891	-5.258201

1495840703489	-13.498666	-6.35693	-5.10124

1495840703512	-13.106263	-5.6506042	-4.865798

1495840703513	-12.556898	-4.3949146	-4.865798

1495840703519	-11.615131	-3.3746665	-4.9442787

1495840703529	-10.437922	-3.060744	-4.708837

1495840703552	-9.5746355	-3.060744	-4.237953

1495840703556	-9.182232	-3.1392245	-3.7670696

1495840703559	-9.103751	-3.1392245	-3.2961857

1495840703569	-8.789829	-3.060744	-2.9822633

1495840703579	-8.318945	-2.5898602	-3.060744

1495840703593	-7.4556584	-1.8050542	-3.2177052

1495840703599	-6.670852	-1.1772093	-3.2961857

1495840703609	-6.0430074	-0.70632553	-3.2177052

1495840703633	-5.5721235	-0.5493643	-2.9822633

1495840703634	-5.258201	-0.6278449	-2.5113797

1495840703639	-5.1797204	-0.8632868	-2.040496

1495840703649	-5.336682	-1.1772093	-1.5696123

1495840703659	-5.5721235	-1.5696123	-1.0987287

1495840703669	-5.6506042	-1.8050542	-0.78480613

1495840703679	-5.729085	-2.040496	-0.4708837

1495840703692	-5.8075657	-2.1974573	-0.23544185

1495840703699	-5.9645267	-2.1974573	-0.23544185

1495840703710	-5.9645267	-2.1189766	-0.15696123

1495840703724	-5.886046	-1.9620154	-0.15696123

1495840703730	-5.8075657	-1.8050542	-0.078480616

1495840703739	-5.886046	-1.5696123	-0.078480616

1495840703749	-6.121488	-1.2556899	-0.15696123

1495840703766	-6.513891	-0.70632553	-0.70632553

1495840703769	-7.0632553	-0.0	-1.5696123

