1495258382597	0.0075939246	-0.001065814	0.018518519

1495258382603	0.010791367	-0.002131628	0.014122035

1495258382610	0.009725553	-0.003197442	0.020650147

1495258382618	0.010791367	-0.001065814	0.017452704

1495258382627	0.008659739	0.001065814	0.015187849

1495258382638	0.0075939246	0.001065814	0.023980815

1495258382648	0.0075939246	0.002131628	0.019584332

1495258382658	0.010791367	-0.001065814	0.018518519

1495258382667	0.008659739	-0.0065281107	0.021715961

1495258382679	0.0075939246	-0.002131628	0.015187849

1495258382687	0.004263256	-0.002131628	0.014122035

1495258382699	0.009725553	0.004263256	0.016253663

1495258382711	0.009725553	-0.003197442	0.014122035

1495258382719	0.013056221	0.001065814	0.021715961

1495258382727	0.0075939246	0.0	0.021715961

1495258382738	0.008659739	-0.0065281107	0.020650147

1495258382748	0.009725553	-0.001065814	0.023980815

1495258382758	0.013056221	-0.004263256	0.017452704

1495258382768	0.008659739	-0.004263256	0.018518519

1495258382777	0.0075939246	-0.003197442	0.022781774

1495258382787	0.0065281107	-0.0075939246	0.016253663

1495258382798	0.010791367	-0.003197442	0.0119904075

1495258382807	0.010791367	0.0	0.015187849

1495258382820	0.010791367	-0.002131628	0.013056221

1495258382831	0.00532907	-0.002131628	0.017452704

1495258382838	0.004263256	-0.001065814	0.017452704

1495258382850	0.008659739	-0.002131628	0.021715961

1495258382858	0.010791367	-0.002131628	0.019584332

1495258382871	0.013056221	-0.00532907	0.020650147

1495258382878	0.009725553	-0.002131628	0.016253663

1495258382888	0.0119904075	0.001065814	0.015187849

1495258382898	0.009725553	-0.002131628	0.021715961

1495258382908	0.0075939246	-0.00532907	0.018518519

1495258382918	0.008659739	-0.001065814	0.021715961

1495258382928	0.0075939246	-0.004263256	0.019584332

1495258382938	0.0075939246	0.0	0.019584332

1495258382948	0.010791367	-0.003197442	0.013056221

1495258382957	0.0065281107	-0.003197442	0.018518519

1495258382968	0.009725553	-0.003197442	0.017452704

1495258382977	0.013056221	-0.001065814	0.021715961

1495258382987	0.010791367	-0.004263256	0.019584332

1495258382998	0.0119904075	-0.004263256	0.019584332

1495258383007	0.0119904075	-0.0075939246	0.022781774

1495258383019	0.009725553	0.0	0.019584332

1495258383028	0.0119904075	0.0	0.019584332

1495258383038	0.014122035	0.0	0.022781774

1495258383047	0.010791367	0.001065814	0.021715961

1495258383057	0.014122035	-0.003197442	0.015187849

1495258383068	0.010791367	-0.004263256	0.010791367

1495258383077	0.009725553	-0.001065814	0.016253663

1495258383087	0.009725553	0.0	0.020650147

1495258383098	0.0075939246	-0.002131628	0.020650147

1495258383107	0.0065281107	-0.001065814	0.018518519

1495258383120	0.008659739	0.001065814	0.014122035

1495258383138	0.0119904075	0.002131628	0.015187849

1495258383147	0.0065281107	-0.0065281107	0.026112443

1495258383157	0.013056221	-0.001065814	0.023980815

1495258383170	0.010791367	-0.00532907	0.019584332

1495258383177	0.008659739	-0.00532907	0.010791367

1495258383187	0.010791367	-0.002131628	0.015187849

1495258383199	0.009725553	-0.001065814	0.019584332

1495258383208	0.0065281107	0.0	0.021715961

1495258383219	0.008659739	-0.002131628	0.020650147

1495258383227	0.0065281107	-0.003197442	0.019584332

1495258383237	0.009725553	-0.00532907	0.020650147

1495258383247	0.010791367	-0.003197442	0.015187849

1495258383257	0.003197442	0.0	0.017452704

1495258383268	0.0075939246	-0.00532907	0.016253663

1495258383279	0.008659739	-0.003197442	0.015187849

1495258383288	0.008659739	-0.002131628	0.022781774

1495258383298	0.0075939246	0.0	0.020650147

1495258383307	0.009725553	-0.00532907	0.018518519

1495258383320	0.009725553	-0.002131628	0.0119904075

1495258383338	0.009725553	-0.001065814	0.014122035

1495258383347	0.0119904075	-0.001065814	0.016253663

1495258383357	0.004263256	-0.004263256	0.02504663

1495258383368	0.00532907	0.0	0.017452704

1495258383378	0.0075939246	-0.002131628	0.016253663

1495258383388	0.010791367	-0.001065814	0.020650147

1495258383398	0.004263256	-0.003197442	0.018518519

1495258383407	0.009725553	-0.004263256	0.0119904075

1495258383421	0.013056221	-0.0065281107	0.017452704

1495258383428	0.009725553	-0.0065281107	0.015187849

1495258383437	0.009725553	-0.00532907	0.019584332

1495258383447	0.0075939246	-0.001065814	0.019584332

1495258383458	0.009725553	0.00532907	0.017452704

1495258383470	0.008659739	-0.001065814	0.021715961

1495258383478	0.008659739	-0.002131628	0.019584332

1495258383488	0.010791367	-0.003197442	0.013056221

1495258383498	0.010791367	-0.001065814	0.019584332

1495258383507	0.0065281107	-0.004263256	0.016253663

1495258383519	0.00532907	-0.0065281107	0.019584332

1495258383528	0.0075939246	-0.001065814	0.019584332

1495258383537	0.0075939246	-0.00532907	0.019584332

1495258383547	0.009725553	-0.001065814	0.019584332

1495258383557	0.009725553	-0.009725553	0.017452704

1495258383568	0.013056221	-0.002131628	0.017452704

1495258383578	0.008659739	-0.002131628	0.020650147

1495258383588	0.0119904075	-0.002131628	0.017452704

1495258383598	0.0065281107	-0.00532907	0.015187849

1495258383608	0.004263256	-0.008659739	0.013056221

1495258383620	0.00532907	-0.010791367	0.0119904075

1495258383628	0.009725553	-0.0075939246	0.020650147

1495258383637	0.010791367	0.0	0.019584332

1495258383647	0.010791367	0.001065814	0.017452704

1495258383657	0.010791367	-0.002131628	0.019584332

1495258383672	0.014122035	-0.002131628	0.014122035

1495258383678	0.0119904075	-0.002131628	0.014122035

1495258383702	0.0119904075	-0.003197442	0.016253663

1495258383703	0.010791367	-0.003197442	0.018518519

1495258383707	0.008659739	-0.00532907	0.016253663

1495258383721	0.010791367	-0.002131628	0.017452704

1495258383739	0.008659739	0.004263256	0.020650147

1495258383748	0.008659739	0.003197442	0.017452704

1495258383758	0.013056221	-0.002131628	0.018518519

1495258383768	0.008659739	0.001065814	0.019584332

1495258383777	0.008659739	-0.001065814	0.021715961

1495258383787	0.010791367	-0.002131628	0.0119904075

1495258383798	0.008659739	-0.003197442	0.018518519

1495258383807	0.010791367	-0.003197442	0.018518519

1495258383818	0.010791367	0.0	0.026112443

1495258383828	0.009725553	-0.002131628	0.021715961

1495258383847	0.010791367	-0.002131628	0.016253663

1495258383888	0.0075939246	-0.004263256	0.014122035

1495258383891	0.008659739	-0.001065814	0.015187849

1495258383892	0.0075939246	-0.004263256	0.015187849

1495258383893	0.004263256	-0.00532907	0.02504663

1495258383893	0.010791367	-0.004263256	0.019584332

1495258383898	0.009725553	-0.001065814	0.017452704

1495258383907	0.0075939246	-0.003197442	0.018518519

1495258383920	0.0119904075	-0.004263256	0.021715961

1495258383938	0.013056221	-0.002131628	0.021715961

1495258383947	0.008659739	-0.00532907	0.019584332

1495258383957	0.0075939246	-0.003197442	0.015187849

1495258383968	0.0065281107	-0.0065281107	0.016253663

1495258383977	0.008659739	0.0	0.018518519

1495258383987	0.010791367	0.0	0.018518519

1495258383998	0.009725553	-0.004263256	0.020650147

1495258384007	0.008659739	-0.00532907	0.015187849

1495258384021	0.008659739	-0.003197442	0.009725553

1495258384028	0.009725553	0.0	0.010791367

1495258384038	0.013056221	0.002131628	0.013056221

1495258384048	0.013056221	-0.002131628	0.016253663

1495258384057	0.0075939246	-0.002131628	0.017452704

1495258384068	0.010791367	-0.001065814	0.010791367

1495258384077	0.008659739	-0.002131628	0.018518519

1495258384087	0.010791367	0.0	0.014122035

1495258384098	0.0065281107	-0.003197442	0.020650147

1495258384107	0.0065281107	-0.0075939246	0.020650147

1495258384120	0.0119904075	-0.00532907	0.015187849

1495258384138	0.00532907	-0.00532907	0.019584332

1495258384148	0.00532907	-0.002131628	0.019584332

1495258384158	0.0075939246	-0.00532907	0.014122035

1495258384169	0.0119904075	-0.00532907	0.013056221

1495258384177	0.0119904075	0.002131628	0.016253663

1495258384187	0.0119904075	0.002131628	0.017452704

1495258384198	0.0075939246	-0.001065814	0.018518519

1495258384207	0.004263256	-0.008659739	0.020650147

1495258384219	0.002131628	-0.008659739	0.016253663

1495258384228	0.0075939246	-0.001065814	0.016253663

1495258384238	0.010791367	-0.003197442	0.021715961

1495258384247	0.009725553	-0.004263256	0.022781774

1495258384257	0.0075939246	-0.0065281107	0.021715961

1495258384268	0.0075939246	-0.0065281107	0.022781774

1495258384278	0.010791367	-0.0075939246	0.023980815

1495258384287	0.0075939246	-0.001065814	0.022781774

1495258384298	0.0075939246	-0.002131628	0.020650147

1495258384307	0.009725553	-0.002131628	0.015187849

1495258384322	0.004263256	-0.0065281107	0.021715961

1495258384338	0.008659739	-0.004263256	0.019584332

1495258384348	0.008659739	-0.004263256	0.0119904075

1495258384358	0.0119904075	-0.003197442	0.015187849

1495258384368	0.008659739	-0.00532907	0.017452704

1495258384377	0.008659739	-0.0075939246	0.021715961

1495258384387	0.0065281107	-0.002131628	0.020650147

1495258384398	0.009725553	0.002131628	0.017452704

1495258384408	0.0065281107	0.002131628	0.020650147

1495258384418	0.0065281107	-0.009725553	0.021715961

1495258384427	0.008659739	-0.008659739	0.023980815

1495258384437	0.010791367	-0.001065814	0.015187849

1495258384447	0.0119904075	-0.001065814	0.019584332

1495258384457	0.0119904075	-0.002131628	0.020650147

1495258384468	0.009725553	-0.004263256	0.017452704

1495258384479	0.008659739	-0.002131628	0.014122035

1495258384488	0.009725553	-0.003197442	0.015187849

1495258384498	0.013056221	-0.0065281107	0.017452704

1495258384508	0.008659739	-0.0065281107	0.022781774

1495258384521	0.009725553	-0.004263256	0.017452704

1495258384538	0.013056221	0.0	0.020650147

1495258384548	0.0119904075	-0.0065281107	0.013056221

1495258384558	0.008659739	-0.009725553	0.015187849

1495258384571	0.009725553	-0.009725553	0.013056221

1495258384578	0.009725553	-0.00532907	0.022781774

1495258384588	0.009725553	-0.003197442	0.020650147

1495258384598	0.0119904075	-0.004263256	0.020650147

1495258384608	0.009725553	-0.001065814	0.017452704

1495258384622	0.0119904075	-0.002131628	0.016253663

1495258384628	0.014122035	-0.003197442	0.016253663

1495258384637	0.016253663	-0.002131628	0.015187849

1495258384647	0.013056221	-0.002131628	0.019584332

1495258384657	0.0075939246	-0.003197442	0.017452704

1495258384668	0.0075939246	-0.00532907	0.020650147

1495258384678	0.008659739	-0.002131628	0.019584332

1495258384688	0.010791367	-0.0065281107	0.013056221

1495258384698	0.0065281107	-0.004263256	0.016253663

1495258384707	0.00532907	0.0	0.017452704

1495258384718	0.010791367	0.001065814	0.017452704

1495258384727	0.0075939246	-0.0065281107	0.016253663

1495258384737	0.009725553	-0.0065281107	0.016253663

1495258384748	0.0119904075	-0.002131628	0.018518519

1495258384757	0.015187849	0.001065814	0.018518519

1495258384768	0.010791367	-0.004263256	0.013056221

1495258384778	0.008659739	-0.009725553	0.019584332

1495258384788	0.0075939246	-0.004263256	0.022781774

1495258384801	0.008659739	-0.0065281107	0.016253663

1495258384808	0.008659739	-0.004263256	0.016253663

1495258384820	0.002131628	-0.004263256	0.019584332

1495258384828	0.003197442	-0.001065814	0.015187849

1495258384838	0.010791367	-0.001065814	0.0119904075

1495258384848	0.0119904075	0.0	0.015187849

1495258384858	0.003197442	-0.002131628	0.020650147

1495258384870	0.00532907	-0.00532907	0.018518519

1495258384880	0.008659739	-0.00532907	0.014122035

1495258384888	0.010791367	-0.001065814	0.020650147

1495258384898	0.0065281107	-0.001065814	0.018518519

1495258384908	0.008659739	-0.0065281107	0.015187849

1495258384920	0.0075939246	-0.0065281107	0.013056221

1495258384937	0.016253663	0.003197442	0.014122035

1495258384947	0.009725553	-0.0075939246	0.014122035

1495258384958	0.008659739	-0.003197442	0.018518519

1495258384968	0.013056221	-0.001065814	0.015187849

1495258384978	0.013056221	-0.00532907	0.017452704

1495258384987	0.008659739	-0.010791367	0.010791367

1495258384997	0.0065281107	-0.002131628	0.013056221

1495258385007	0.0065281107	-0.00532907	0.020650147

1495258385019	0.008659739	-0.004263256	0.019584332

1495258385028	0.008659739	-0.009725553	0.015187849

1495258385038	0.00532907	-0.00532907	0.016253663

1495258385048	0.010791367	-0.001065814	0.022781774

1495258385057	0.010791367	-0.003197442	0.017452704

1495258385068	0.009725553	-0.004263256	0.018518519

1495258385078	0.009725553	-0.001065814	0.013056221

1495258385088	0.004263256	-0.004263256	0.020650147

1495258385097	0.0065281107	-0.0065281107	0.015187849

1495258385107	0.00532907	-0.001065814	0.014122035

1495258385120	0.010791367	-0.00532907	0.019584332

1495258385137	0.0119904075	-0.004263256	0.015187849

1495258385147	0.010791367	-0.0065281107	0.017452704

1495258385157	0.010791367	-0.004263256	0.014122035

1495258385171	0.013056221	-0.001065814	0.013056221

1495258385178	0.010791367	-0.004263256	0.016253663

1495258385188	0.010791367	-0.00532907	0.015187849

1495258385198	0.0119904075	-0.003197442	0.016253663

1495258385207	0.009725553	-0.00532907	0.016253663

1495258385220	0.009725553	-0.00532907	0.019584332

1495258385227	0.0119904075	-0.00532907	0.019584332

1495258385238	0.009725553	-0.003197442	0.020650147

1495258385248	0.010791367	-0.004263256	0.018518519

1495258385257	0.0065281107	-0.002131628	0.019584332

1495258385268	0.0065281107	-0.0065281107	0.020650147

1495258385277	0.013056221	-0.004263256	0.016253663

1495258385287	0.015187849	-0.003197442	0.015187849

1495258385297	0.0119904075	-0.00532907	0.016253663

1495258385307	0.009725553	-0.003197442	0.020650147

1495258385320	0.0	-0.00532907	0.019584332

1495258385338	0.00532907	-0.0065281107	0.013056221

1495258385348	0.0065281107	-0.0075939246	0.014122035

1495258385358	0.00532907	-0.003197442	0.016253663

1495258385368	0.010791367	0.0	0.018518519

1495258385377	0.008659739	-0.003197442	0.017452704

1495258385387	0.0065281107	-0.0075939246	0.016253663

1495258385397	0.0065281107	-0.003197442	0.017452704

1495258385407	0.013056221	0.0	0.022781774

1495258385419	0.0119904075	0.001065814	0.026112443

1495258385429	0.009725553	-0.003197442	0.021715961

1495258385438	0.0065281107	-0.0065281107	0.020650147

1495258385447	0.00532907	-0.001065814	0.021715961

1495258385457	0.009725553	-0.002131628	0.016253663

1495258385471	0.0119904075	-0.004263256	0.017452704

1495258385477	0.0119904075	-0.003197442	0.015187849

1495258385487	0.009725553	-0.00532907	0.016253663

1495258385498	0.010791367	-0.00532907	0.018518519

1495258385507	0.010791367	-0.004263256	0.016253663

1495258385520	0.009725553	-0.00532907	0.018518519

1495258385537	0.013056221	-0.0075939246	0.015187849

1495258385548	0.009725553	-0.001065814	0.019584332

1495258385557	0.0065281107	0.002131628	0.020650147

1495258385569	0.00532907	-0.003197442	0.015187849

1495258385577	0.014122035	-0.00532907	0.017452704

1495258385588	0.009725553	-0.002131628	0.020650147

1495258385597	0.010791367	0.0	0.018518519

1495258385609	0.009725553	-0.00532907	0.020650147

1495258385621	0.009725553	-0.004263256	0.020650147

1495258385628	0.00532907	-0.00532907	0.015187849

1495258385638	0.0119904075	-0.013056221	0.015187849

1495258385648	0.009725553	-0.001065814	0.016253663

1495258385658	0.008659739	-0.001065814	0.019584332

1495258385668	0.008659739	-0.002131628	0.014122035

1495258385677	0.010791367	0.001065814	0.019584332

1495258385687	0.010791367	0.001065814	0.020650147

1495258385697	0.008659739	-0.0065281107	0.017452704

1495258385707	0.0119904075	-0.0065281107	0.019584332

1495258385719	0.009725553	-0.003197442	0.016253663

1495258385738	0.0075939246	-0.004263256	0.021715961

1495258385747	0.013056221	-0.004263256	0.013056221

1495258385757	0.0119904075	-0.004263256	0.019584332

1495258385771	0.0075939246	-0.004263256	0.017452704

1495258385777	0.0065281107	-0.001065814	0.019584332

1495258385788	0.0075939246	-0.003197442	0.021715961

1495258385798	0.0065281107	-0.0075939246	0.020650147

1495258385809	0.0075939246	-0.002131628	0.020650147

1495258385820	0.010791367	0.0	0.021715961

1495258385828	0.0065281107	-0.002131628	0.015187849

1495258385838	0.001065814	-0.0119904075	0.018518519

1495258385847	0.009725553	-0.004263256	0.019584332

1495258385858	0.0119904075	-0.003197442	0.019584332

1495258385868	0.0065281107	-0.002131628	0.019584332

1495258385878	0.0065281107	-0.002131628	0.013056221

1495258385889	0.009725553	-0.0075939246	0.017452704

1495258385898	0.0075939246	-0.0065281107	0.020650147

1495258385907	0.009725553	-0.003197442	0.018518519

1495258385918	0.009725553	-0.001065814	0.021715961

1495258385927	0.0065281107	0.002131628	0.030508926

1495258385937	0.0065281107	0.0	0.021715961

1495258385947	0.010791367	-0.003197442	0.023980815

1495258385957	0.0119904075	-0.002131628	0.015187849

1495258385968	0.0119904075	-0.0075939246	0.019584332

1495258385978	0.0119904075	-0.002131628	0.018518519

1495258385988	0.013056221	-0.0065281107	0.015187849

1495258385998	0.010791367	-0.0065281107	0.014122035

1495258386007	0.010791367	-0.0065281107	0.016253663

1495258386020	0.009725553	-0.009725553	0.018518519

1495258386027	0.008659739	-0.0065281107	0.016253663

1495258386037	0.0065281107	-0.0075939246	0.015187849

1495258386047	0.0119904075	-0.003197442	0.021715961

1495258386057	0.0075939246	-0.001065814	0.015187849

1495258386072	0.010791367	-0.003197442	0.017452704

1495258386088	0.0075939246	-0.0065281107	0.018518519

1495258386098	0.009725553	-0.004263256	0.014122035

1495258386107	0.009725553	-0.003197442	0.016253663

1495258386120	0.009725553	-0.003197442	0.019584332

1495258386137	0.0119904075	-0.00532907	0.021715961

1495258386147	0.00532907	0.27378097	0.021715961

1495258386157	0.010791367	-0.003197442	0.015187849

1495258386168	0.010791367	-0.002131628	0.019584332

1495258386178	0.0065281107	-0.00532907	0.020650147

1495258386188	0.013056221	0.0	0.021715961

1495258386197	0.009725553	-0.004263256	0.020650147

1495258386207	0.008659739	-0.003197442	0.019584332

1495258386219	0.0075939246	-0.002131628	0.020650147

1495258386227	0.0075939246	-0.003197442	0.015187849

1495258386237	0.008659739	-0.00532907	0.019584332

1495258386248	0.0075939246	-0.0065281107	0.020650147

1495258386257	0.0075939246	-0.0065281107	0.017452704

1495258386268	0.009725553	0.001065814	0.02504663

1495258386278	0.009725553	-0.001065814	0.020650147

1495258386288	0.00532907	-0.001065814	0.020650147

1495258386298	0.008659739	-0.004263256	0.013056221

1495258386308	0.0075939246	-0.003197442	0.018518519

1495258386320	0.004263256	-0.003197442	0.015187849

1495258386337	0.009725553	0.003197442	0.015187849

1495258386347	0.004263256	-0.003197442	0.022781774

1495258386357	0.009725553	-0.0075939246	0.021715961

1495258386370	0.013056221	-0.002131628	0.022781774

1495258386378	0.0065281107	-0.0075939246	0.022781774

1495258386388	0.0065281107	-0.010791367	0.016253663

1495258386397	0.0075939246	-0.0065281107	0.018518519

1495258386408	0.0075939246	-0.003197442	0.021715961

1495258386420	0.0065281107	-0.004263256	0.013056221

1495258386427	0.008659739	-0.00532907	0.014122035

1495258386438	0.008659739	-0.004263256	0.021715961

1495258386448	0.0075939246	-0.001065814	0.021715961

1495258386457	0.013056221	-0.003197442	0.019584332

1495258386468	0.009725553	-0.001065814	0.022781774

1495258386477	0.0075939246	0.0	0.022781774

1495258386487	0.0075939246	-0.003197442	0.020650147

1495258386497	0.009725553	-0.004263256	0.018518519

1495258386507	0.008659739	0.003197442	0.016253663

1495258386518	0.0065281107	0.003197442	0.015187849

1495258386529	0.004263256	0.001065814	0.017452704

1495258386541	0.003197442	-0.0065281107	0.016253663

1495258386548	0.0075939246	-0.003197442	0.014122035

1495258386557	0.00532907	-0.003197442	0.017452704

1495258386568	0.009725553	-0.004263256	0.021715961

1495258386577	0.009725553	-0.002131628	0.019584332

1495258386588	0.0065281107	-0.001065814	0.015187849

1495258386597	0.00532907	-0.00532907	0.018518519

1495258386608	0.010791367	-0.0075939246	0.015187849

1495258386621	0.008659739	-0.004263256	0.014122035

1495258386628	0.008659739	-0.0065281107	0.017452704

1495258386640	0.008659739	-0.0075939246	0.020650147

1495258386648	0.0075939246	-0.008659739	0.017452704

1495258386657	0.010791367	-0.00532907	0.014122035

1495258386668	0.009725553	-0.0065281107	0.019584332

1495258386677	0.0065281107	-0.0075939246	0.020650147

1495258386687	0.004263256	-0.009725553	0.021715961

1495258386698	0.00532907	-0.0065281107	0.016253663

1495258386707	0.00532907	-0.002131628	0.0119904075

1495258386720	0.008659739	-0.003197442	0.016253663

1495258386738	0.009725553	-0.002131628	0.020650147

1495258386747	0.010791367	-0.001065814	0.015187849

1495258386757	0.008659739	-0.00532907	0.018518519

1495258386768	0.004263256	-0.0065281107	0.019584332

1495258386777	0.010791367	-0.004263256	0.017452704

1495258386787	0.0065281107	-0.00532907	0.014122035

1495258386797	0.010791367	-0.004263256	0.014122035

1495258386807	0.0075939246	-0.004263256	0.016253663

1495258386819	0.008659739	-0.003197442	0.017452704

1495258386831	0.010791367	-0.004263256	0.0119904075

1495258386844	0.013056221	-0.0119904075	0.017452704

1495258386856	0.009725553	-0.00532907	0.019584332

1495258386858	0.008659739	-0.001065814	0.022781774

1495258386868	0.010791367	-0.003197442	0.019584332

1495258386878	0.008659739	0.001065814	0.015187849

1495258386888	0.004263256	-0.00532907	0.016253663

1495258386898	0.0075939246	-0.0075939246	0.017452704

1495258386907	0.008659739	-0.00532907	0.016253663

1495258386921	0.009725553	-0.00532907	0.015187849

1495258386938	0.00532907	-0.0065281107	0.013056221

1495258386948	0.009725553	-0.003197442	0.019584332

1495258386957	0.010791367	-0.001065814	0.022781774

1495258386968	0.009725553	-0.002131628	0.014122035

1495258386977	0.009725553	0.0	0.015187849

1495258386988	0.010791367	-0.002131628	0.017452704

1495258386998	0.00532907	-0.004263256	0.021715961

1495258387008	0.00532907	-0.004263256	0.019584332

1495258387020	0.0075939246	-0.002131628	0.015187849

1495258387028	0.0075939246	-0.004263256	0.020650147

1495258387037	0.010791367	-0.001065814	0.023980815

1495258387048	0.010791367	-0.002131628	0.023980815

1495258387058	0.008659739	-0.002131628	0.022781774

1495258387069	0.0075939246	-0.002131628	0.020650147

1495258387078	0.009725553	-0.004263256	0.013056221

1495258387088	0.004263256	-0.0075939246	0.016253663

1495258387098	0.0119904075	-0.0065281107	0.018518519

1495258387107	0.008659739	-0.008659739	0.022781774

1495258387119	0.010791367	-0.00532907	0.016253663

1495258387137	0.0119904075	-0.003197442	0.016253663

1495258387147	0.008659739	-0.00532907	0.014122035

1495258387157	0.009725553	0.0	0.021715961

1495258387168	0.00532907	-0.004263256	0.018518519

1495258387178	0.013056221	-0.003197442	0.017452704

1495258387188	0.0075939246	-0.0065281107	0.014122035

1495258387198	0.009725553	-0.001065814	0.014122035

1495258387208	0.010791367	-0.001065814	0.020650147

1495258387235	0.009725553	-0.001065814	0.016253663

1495258387249	0.009725553	-0.001065814	0.026112443

1495258387257	0.0075939246	-0.003197442	0.018518519

1495258387273	0.008659739	-0.002131628	0.014122035

1495258387299	0.009725553	-0.00532907	0.020650147

1495258387320	0.008659739	-0.008659739	0.018518519

1495258387322	0.009725553	-0.00532907	0.010791367

1495258387338	0.004263256	0.001065814	0.021715961

1495258387347	0.010791367	-0.003197442	0.018518519

1495258387357	0.004263256	-0.002131628	0.018518519

1495258387368	0.009725553	-0.003197442	0.015187849

1495258387378	0.013056221	-0.004263256	0.014122035

1495258387388	0.0065281107	-0.00532907	0.015187849

1495258387398	0.010791367	-0.003197442	0.020650147

1495258387407	0.015187849	-0.0065281107	0.016253663

1495258387418	0.0119904075	-0.003197442	0.019584332

1495258387427	0.008659739	-0.001065814	0.019584332

1495258387437	0.008659739	-0.001065814	0.014122035

1495258387448	0.014122035	-0.002131628	0.0119904075

1495258387457	0.013056221	-0.004263256	0.021715961

1495258387468	0.009725553	-0.002131628	0.018518519

1495258387478	0.009725553	0.001065814	0.018518519

1495258387488	0.014122035	-0.003197442	0.016253663

1495258387499	0.010791367	-0.0075939246	0.017452704

1495258387508	0.009725553	-0.009725553	0.010791367

1495258387521	0.008659739	-0.0075939246	0.019584332

1495258387537	0.015187849	-0.004263256	0.017452704

1495258387547	0.0075939246	-0.00532907	0.015187849

1495258387557	0.0075939246	-0.0065281107	0.022781774

1495258387568	0.0075939246	-0.0075939246	0.018518519

1495258387578	0.004263256	-0.009725553	0.021715961

