1496001903890	29.22	12.42	-27.9

1496001903997	29.52	12.72	-27.9

1496001904089	29.34	12.78	-28.02

1496001904194	29.1	13.08	-28.08

1496001904289	28.92	12.96	-28.38

1496001904389	28.98	12.96	-28.38

1496001904500	28.92	13.02	-28.38

1496001904592	28.8	13.2	-28.5

1496001904699	28.68	13.26	-28.5

1496001904792	28.5	13.08	-28.62

1496001904891	28.5	12.9	-28.62

1496001905000	28.8	12.78	-28.68

1496001905089	28.98	13.2	-28.62

1496001905192	28.8	13.14	-28.56

1496001905290	28.74	13.26	-28.74

1496001905389	28.56	13.32	-28.92

1496001905491	28.68	13.44	-28.92

1496001905589	28.68	13.32	-28.74

1496001905691	28.62	13.38	-28.74

1496001905792	28.5	13.2	-28.62

1496001905889	28.38	12.78	-28.44

1496001905995	28.74	12.6	-28.5

1496001906096	28.74	12.48	-28.56

1496001906189	28.86	12.42	-28.32

1496001906289	28.8	12.6	-28.38

1496001906390	28.74	12.66	-28.32

1496001906490	28.8	12.54	-28.26

1496001906589	28.74	12.66	-28.26

1496001906692	28.86	12.84	-28.26

1496001906803	28.56	13.2	-28.32

1496001906889	28.5	13.32	-28.14

1496001906999	28.44	13.32	-28.14

1496001907093	28.14	13.26	-28.2

1496001907197	28.02	13.5	-28.26

1496001907291	28.08	13.62	-28.44

1496001907399	28.08	13.5	-28.38

1496001907491	27.9	13.44	-28.44

1496001907591	28.02	13.32	-28.32

1496001907704	27.96	13.2	-28.56

1496001907802	27.78	13.08	-28.62

1496001907897	27.96	12.84	-28.44

1496001907996	28.08	12.84	-28.44

1496001908097	27.96	13.02	-28.26

1496001908192	27.78	13.38	-28.62

1496001908291	27.54	13.5	-28.68

1496001908391	27.48	13.44	-28.92

1496001908491	27.48	13.62	-28.86

1496001908592	27.6	13.86	-28.86

1496001908691	28.02	14.04	-29.04

1496001908791	27.78	13.86	-29.04

