1495958594715	0.722089	1.1878498	3.3770318

1495958594730	-0.16360246	0.7155609	2.021183

1495958594738	0.3860911	0.50066614	0.2977618

1495958594744	0.22248867	0.018518519	-0.9586997

1495958594756	-0.22022381	-0.34785506	-1.7747135

1495958594764	-0.3228084	-0.80815345	-2.258993

1495958594776	-0.4994671	-1.101652	-2.425926

1495958594784	-0.7853717	-1.2499334	-2.4367173

1495958594794	-1.3928857	-1.3306688	-2.182654

1495958594804	-2.477085	-1.2990941	-1.4321876

1495958594814	-3.442446	-0.8485212	-0.5301092

1495958594826	-3.3835597	0.9586997	-0.074074075

1495958594834	-2.6101785	2.0626166	-0.14281908

1495958594845	-2.1749268	2.0626166	-0.2813749

1495958594857	-2.1466827	1.8106848	-0.26179057

1495958594864	-2.3822277	1.3733014	-0.26179057

1495958594876	-2.6690648	0.9586997	-0.32387424

1495958594885	-2.706235	0.676259	-0.56608045

1495958594894	-2.4379163	0.5780709	-0.84638953

1495958594906	-2.1073809	0.5398348	-1.0459633

1495958594914	-1.8870237	0.5921929	-1.2150279

1495958594924	-1.3252065	0.3839595	-1.352518

1495958594935	-1.0285106	0.19957368	-1.3808953

1495958594944	-0.86930454	0.21596056	-1.3089528

1495958594955	-0.767919	0.37623236	-1.1212363

1495958594965	-0.6522782	0.44058087	-0.9401812

1495958594974	-0.5442313	0.41766587	-0.7776446

1495958594984	-0.50612843	0.3162803	-0.6642686

1495958594994	-0.470024	0.17226219	-0.6510791

1495958595004	-0.39261925	-0.022781774	-0.66746604

1495958595014	-0.37410071	-0.23114842	-0.6064482

1495958595024	-0.45909938	-0.44284573	-0.50173193

1495958595034	-0.54316545	-0.54209965	-0.39261925

1495958595044	-0.52025044	-0.46029842	-0.29229948

1495958595056	-0.29443112	-0.26605383	-0.093791634

1495958595064	0.05995204	-0.003197442	0.23994137

1495958595074	0.36317614	0.23887557	0.5301092

1495958595086	0.5343725	0.42206234	0.68598455

1495958595094	0.8148148	0.3839595	0.7460698

1495958595104	1.4201971	0.10031974	0.7046363

1495958595114	1.982947	-0.30748734	1.3558487

1495958595124	2.1793232	-0.51811886	1.5608846

1495958595138	2.218625	-1.3798295	1.8216094

1495958595144	2.2840395	-2.021183	2.1225686

1495958595155	2.394218	-1.3197442	2.1334932

1495958595169	2.2688515	0.05009326	1.7942979

1495958595178	1.9579004	1.1409539	1.4561684

1495958595184	1.5848655	1.4048761	1.1987743

1495958595194	1.4507061	0.81694645	1.1277645

1495958595204	1.7921662	0.033706367	1.1550759

1495958595213	2.378897	-0.29882762	0.9740208

1495958595223	2.7977617	-0.37183586	0.561684

1495958595234	2.7628565	-0.6598721	0.18864909

1495958595244	2.3658407	-1.2663202	0.10245137

1495958595255	1.8880895	-1.6077805	0.35011992

1495958595264	1.5520917	-1.2772449	0.57047695

1495958595273	1.2772449	-0.8888889	0.66746604

1495958595284	0.94897413	-0.6783906	0.8333333

1495958595294	0.48427925	-0.5921929	1.101652

1495958595304	0.11444178	-0.379563	1.3241407

1495958595314	-0.10245137	-0.23554489	1.170397

1495958595324	-0.19957368	-0.895417	0.9401812

1495958595334	-0.28577137	-1.4485744	0.6806555

1495958595345	-0.39808154	-1.7364775	0.42645884

1495958595356	-0.59445775	-1.6241673	0.20943245

1495958595364	-0.81148416	-1.3012257	-0.03157474

1495958595374	-0.9990674	-0.8419931	-0.34359178

1495958595393	-1.1376232	-0.33160138	-0.6969091

1495958595398	-1.1834532	0.06861178	-1.0089262

1495958595407	-1.1430855	0.30642152	-1.2270184

1495958595414	-1.069944	0.40354383	-1.360112

1495958595423	-1.0001333	0.36863843	-1.3764988

1495958595434	-0.9128697	0.18864909	-1.3241407

1495958595444	-0.8289369	-0.039168663	-1.2478018

1495958595455	-0.71329606	-0.26179057	-1.1060485

1495958595464	-0.5082601	-0.47988275	-0.8136158

1495958595474	-0.18758327	-0.7330136	-0.31841195

1495958595484	0.51918465	-1.2511324	0.2529976

1495958595494	1.7354116	-1.2903011	0.8005596

1495958595504	2.4192646	0.46029842	1.2444711

1495958595513	2.0495603	2.6865175	1.7135625

1495958595525	0.45909938	3.9725554	1.4267253

1495958595534	0.23994137	1.1943778	0.8419931

1495958595544	1.0013323	-1.3950173	0.6009859

1495958595556	0.470024	-1.3546497	0.6565414

1495958595571	-0.074074075	0.115507595	-0.002131628

1495958595576	-0.17559285	1.0362377	-0.5595524

1495958595585	-0.2628564	0.71009856	-0.8617106

1495958595594	-0.3206768	0.2977618	-0.9630962

1495958595604	-0.51478815	-0.06434852	-0.98494536

1495958595614	-0.87263525	-0.28896883	-1.0339729

1495958595623	-1.3733014	-0.42206234	-1.2303491

1495958595634	-1.9862777	-0.8987477	-1.2980282

1495958595647	-2.4782841	-1.1899813	-1.161604

1495958595655	-2.7705836	-0.74273914	-1.1027179

1495958595664	-2.8403943	0.021715961	-1.0492939

1495958595674	-2.743272	0.76671994	-0.82134295

1495958595684	-2.6494803	1.4397815	-0.48974153

1495958595694	-2.6713295	1.8553158	-0.3381295

1495958595704	-2.5742073	1.8510525	-0.38169464

1495958595714	-2.2470024	1.467093	-0.5082601

1495958595723	-1.4189981	0.5257128	-0.68172127

1495958595735	-1.0863309	0.3141487	-0.9532374

1495958595744	-0.77111644	0.13962163	-1.1518785

1495958595755	-0.53663737	-0.09925393	-1.2543299

1495958595764	-0.42099655	-0.2584599	-1.2816414

1495958595773	-0.42419398	-0.2017053	-1.1975753

1495958595784	-0.5289102	0.002131628	-1.069944

1495958595795	-0.6195044	0.17559285	-0.96522784

1495958595804	-0.6293632	0.18318678	-0.89768183

1495958595814	-0.54316545	0.061017852	-0.83986145

1495958595824	-0.47881696	-0.098054886	-0.7809752

1495958595834	-0.53224087	-0.2715161	-0.6882494

1495958595844	-0.6369571	-0.41340262	-0.5223821

1495958595855	-0.6653344	-0.4014122	-0.28577137

1495958595863	-0.5507594	-0.17665868	-0.045696776

1495958595873	-0.30202505	0.10471623	0.19957368

1495958595885	-0.010791367	0.30748734	0.4537703

1495958595894	0.2748468	0.56501466	0.6609379

1495958595905	0.6707967	0.6239009	0.8148148

1495958595918	1.6775912	-0.6009859	1.3514521

1495958595924	1.8521183	-1.3132161	1.9011457

1495958595936	1.8565148	-1.6164402	2.3439915

1495958595944	1.9818811	-1.3939515	2.531708

1495958595954	2.340794	-0.5584865	2.3233414

1495958595964	2.3931522	0.6314948	1.8302691

1495958595974	2.0157208	1.5630163	1.3426592

1495958595984	1.6819878	1.4179323	1.0373034

1495958595994	1.6950439	0.44710898	1.0001333

1495958596004	2.096456	-0.03810285	0.9357847

1495958596014	2.5327737	0.24313882	0.7111644

1495958596024	2.7334132	0.5911271	0.44284573

1495958596034	2.6723955	0.1100453	0.2410072

1495958596044	2.4848123	-0.9674927	0.16786571

1495958596055	2.2240875	-1.5652812	0.29443112

1495958596064	1.9622968	-1.3558487	0.46456167

1495958596074	1.6382893	-1.1310952	0.5692779

1495958596084	1.207434	-1.0732747	0.7961631

1495958596094	0.7918998	-0.7961631	1.0143884

1495958596104	0.48427925	-0.40460965	1.1540102

1495958596114	0.24860112	-0.10471623	1.0743406

1495958596124	-0.10245137	-0.52358115	0.8714362

1495958596134	-0.18651745	-1.207434	0.6129763

1495958596144	-0.2584599	-1.6231015	0.34359178

1495958596156	-0.39475086	-1.6742606	0.10471623

1495958596164	-0.61191046	-1.398348	-0.08286704

1495958596174	-0.8245404	-0.8562483	-0.37183586

1495958596186	-1.0263789	-0.20823342	-0.7296829

1495958596194	-1.1746603	0.3282707	-0.9990674

1495958596204	-1.2553957	0.64455104	-1.1693312

1495958596213	-1.2673861	0.78310686	-1.3176125

1495958596223	-1.2521982	0.74273914	-1.4637623

1495958596234	-1.2347455	0.5082601	-1.564082

1495958596244	-1.1670663	0.17226219	-1.5935252

1495958596255	-0.9761524	-0.22568612	-1.4942713

1495958596265	-0.6151079	-0.5692779	-1.2139622

1495958596274	-0.08939515	-0.91953105	-0.7231548

1495958596284	0.7504663	-1.5194511	-0.0075939246

1495958596295	2.378897	0.76565415	1.315481

1495958596304	2.378897	0.76565415	1.5859313

1495958596314	0.598721	3.0018651	1.9110045

1495958596324	-0.014122035	3.655209	1.7812417

1495958596334	-0.49520382	1.3459898	1.329603

1495958596345	0.11337597	-0.71009856	0.9816147

1495958596354	0.054489743	-0.96642685	0.4308553

1495958596364	0.25632828	0.16906475	-0.12430056

1495958596374	0.7918998	0.31841195	-0.52784437

1495958596384	0.6554756	-0.26831868	-0.9826805

1495958596394	0.43631762	-0.5213163	-1.1813216

1495958596404	0.13522515	-0.78963494	-1.2521982

1495958596414	-0.41340262	-1.032907	-1.2968292

1495958596424	-1.1572076	-1.1594725	-1.315481

1495958596434	-1.9622968	-1.0743406	-1.0808686

1495958596444	-2.4978683	-0.6739941	-0.6806555

1495958596456	-2.8534505	0.069810815	-0.5824674

1495958596482	-3.0126565	0.91406876	-0.6205702

1495958596494	-2.8109512	1.7659206	-0.5770051

1495958596497	-2.4531043	2.1040502	-0.47335464

1495958596499	-2.2404742	1.8586464	-0.41340262

1495958596504	-2.1858513	1.4496403	-0.40567547

1495958596514	-1.7735145	0.77990943	-0.6424194

1495958596524	-1.41247	0.4308553	-0.83546495

1495958596534	-1.1409539	0.2769784	-1.0055956

1495958596544	-0.91073805	0.19197975	-1.1660005

1495958596554	-0.7023714	0.03157474	-1.2543299

1495958596564	-0.5671463	-0.058886223	-1.2150279

1495958596574	-0.55302423	0.101385556	-1.0852652

1495958596584	-0.55622166	0.28577137	-0.96522784

1495958596594	-0.46789235	0.31947774	-0.84638953

1495958596604	-0.28244072	0.2246203	-0.72861713

1495958596614	-0.117772445	0.087263525	-0.6893152

1495958596624	-0.06541433	-0.058886223	-0.6751932

1495958596635	-0.12323475	-0.18758327	-0.58899546

1495958596648	-0.18864909	-0.24540368	-0.40460965

1495958596656	-0.14175327	-0.13962163	-0.19730882

1495958596666	0.00532907	0.032640554	-0.014122035

1495958596674	0.17226219	0.087263525	0.18212096

1495958596684	0.3097522	0.12323475	0.402478

1495958596694	0.42752466	0.34678924	0.5770051

1495958596704	0.6707967	0.45909938	0.98934186

1495958596714	1.8760991	-0.28350654	1.0776712

1495958596724	2.1957102	-0.39701572	1.3808953

1495958596734	2.0321076	-0.287903	1.7037038

1495958596744	1.8204104	-0.9315215	2.081135

1495958596755	1.7495337	-1.6666666	2.364775

1495958596764	1.938316	-0.895417	2.0201173

1495958596774	1.9339195	1.0263789	1.4877431

1495958596785	1.5903277	2.142286	1.3962164

1495958596794	1.3449241	1.6481482	1.3220091

1495958596804	1.3121502	0.90967226	1.2467359

1495958596814	1.511724	0.90860647	1.1277645

1495958596842	1.8891554	1.1899813	0.9347189

1495958596843	2.173861	1.1409539	0.71875834

1495958596845	2.157474	0.59992003	0.53224087

1495958596854	1.9143353	-0.07300826	0.49626964

1495958596865	1.6885159	-0.6739941	0.52025044

1495958596874	1.4364508	-1.0492939	0.51478815

1495958596884	1.0873967	-1.1147082	0.5856648

1495958596894	0.75579536	-1.3394618	0.8104183

1495958596907	0.2300826	-1.3623768	1.2608579

1495958596914	0.11444178	-1.1878498	1.2314149

1495958596924	0.027178258	-1.2848388	1.1191047

1495958596934	-0.07194245	-1.5379696	0.86717296

1495958596944	-0.16573408	-1.9110045	0.5540901

1495958596954	-0.29229948	-2.167333	0.26059154

1495958596965	-0.49187317	-1.9852118	-0.033706367

1495958596974	-0.7330136	-1.5401013	-0.28457233

1495958596984	-0.97069013	-1.0045297	-0.5551559

1495958596994	-1.1921129	-0.43298694	-0.85078603

1495958597009	-1.3285372	-0.044630963	-1.1136425

1495958597014	-1.3470557	0.16679989	-1.3197442

1495958597024	-1.3012257	0.264988	-1.4834799

1495958597034	-1.2499334	0.20063949	-1.59579

1495958597045	-1.2259526	-0.043565147	-1.6164402

1495958597054	-1.2042366	-0.39155343	-1.5695443

1495958597065	-1.1649348	-0.6577405	-1.4136691

1495958597073	-0.987077	-0.78856915	-1.1332268

1495958597085	-0.59445775	-0.7907008	-0.6434852

1495958597094	0.117772445	-0.9162004	0.035971224

1495958597105	2.4608314	-0.7907008	1.4158007

1495958597116	2.112843	3.0607514	1.8794298

1495958597124	1.7398082	4.514788	2.2993605

1495958597134	1.0612843	3.5122569	3.0269117

1495958597144	-0.043565147	1.2673861	3.3661072

1495958597154	-0.045696776	-0.046895817	2.5033307

1495958597164	1.0492939	-0.28457233	0.964162

1495958597175	0.9315215	-0.2998934	-0.44937384

1495958597184	0.019584332	-0.20397016	-1.36664

1495958597215	-0.1951772	-0.3042899	-1.8836931

1495958597220	-0.14068745	-0.57593924	-2.1237676

1495958597223	-0.13082866	-0.50173193	-2.2470024

1495958597226	-0.40354383	-0.30642152	-2.2501998

1495958597235	-1.2946975	-0.57913667	-1.8826272

1495958597244	-2.4160671	-1.2292832	-1.2259526

1495958597254	-3.0454304	-0.5257128	-0.71875834

1495958597264	-2.9211297	1.0678124	-0.48974153

1495958597274	-2.432454	1.8946177	-0.37410071

1495958597284	-2.2164934	2.2055688	-0.33160138

1495958597294	-2.6713295	1.8641087	-0.23887557

1495958597304	-2.645084	1.435385	-0.35984546

1495958597314	-2.334266	0.8190781	-0.54636294

1495958597325	-1.9873434	0.46895817	-0.76125765

1495958597334	-1.7976285	0.29003465	-0.97188914

1495958597345	-1.6513456	0.30202505	-1.1103117

1495958597354	-1.4463096	0.25739408	-1.216227

1495958597366	-1.1878498	0.080602184	-1.2488676

1495958597380	-0.8703704	-0.021715961	-1.1965095

1495958597386	-0.59992003	0.067545965	-1.0808686

1495958597394	-0.39914736	0.17559285	-0.94351184

1495958597404	-0.26392218	0.12536637	-0.81694645

1495958597414	-0.1842526	-0.021715961	-0.71875834

1495958597423	-0.17226219	-0.13415934	-0.6806555

1495958597434	-0.21476153	-0.25952572	-0.6893152

1495958597445	-0.23221423	-0.41007194	-0.6838529

1495958597454	-0.24966693	-0.5551559	-0.6096456

1495958597465	-0.2759126	-0.653344	-0.46682653

1495958597474	-0.23554489	-0.54103386	-0.2584599

1495958597498	0.057687182	0.034905408	0.32494006

1495958597501	0.057687182	0.034905408	0.32494006

1495958597504	0.33693045	0.40354383	0.83986145

1495958597514	0.5584865	0.39155343	0.9511058

1495958597524	1.0798029	0.08606448	0.99040765

1495958597534	1.6721289	-0.54209965	1.0873967

1495958597544	1.9938716	-0.96096456	1.2751132

1495958597554	1.9240607	-1.0524913	1.6612043

1495958597565	1.7855049	-1.3394618	1.9906741

1495958597574	1.9273914	-1.5401013	2.0430322

1495958597584	2.3418598	-0.8190781	1.7005062

1495958597594	2.4301891	0.3141487	1.4038103

1495958597604	2.1139088	0.93911535	1.1987743

1495958597613	1.8248068	0.9696243	0.987077

1495958597625	1.7463362	0.6838529	0.92059684

1495958597634	1.9698907	0.46029842	0.8562483

1495958597645	2.293898	0.50932586	0.7057021

1495958597670	2.423661	0.47775114	0.50492936

1495958597674	2.364775	-0.18758327	0.05995204

1495958597677	2.1761258	-1.0459633	0.26392218

1495958597687	1.8367972	-1.3514521	0.3282707

1495958597694	1.5194511	-1.0732747	0.41766587

1495958597704	0.9118039	-0.9685585	0.7809752

1495958597714	0.5955236	-0.74820143	1.0612843

1495958597724	0.36424193	-0.5595524	1.2303491

1495958597736	0.19411138	-0.50612843	1.2107648

1495958597744	0.023980815	-0.5692779	1.0362377

1495958597754	-0.09698907	-0.93911535	0.7732481

1495958597765	-0.16906475	-1.5520917	0.49840128

1495958597774	-0.2519318	-1.922995	0.24207301

1495958597784	-0.3665068	-1.8979483	0.02504663

1495958597794	-0.5540901	-1.6731948	-0.173328

1495958597804	-0.79403144	-1.1714628	-0.40567547

1495958597814	-1.0034639	-0.50173193	-0.69144684

1495958597824	-1.1605382	0.11670663	-0.9805489

1495958597834	-1.2456701	0.5027978	-1.1834532

1495958597844	-1.2565948	0.6806555	-1.3110845

1495958597854	-1.2336798	0.676259	-1.3928857

1495958597865	-1.1998401	0.515854	-1.4332534

1495958597874	-1.0972556	0.20277111	-1.3907541

1495958597884	-0.8714362	-0.2126299	-1.2379429

1495958597896	0.052358113	-0.49733546	-0.33693045

1495958597909	1.0438316	-0.9860112	0.2475353

1495958597915	2.036504	0.002131628	0.8714362

1495958597924	2.218625	2.0003996	1.375433

1495958597934	1.9503064	3.6693313	1.8487877

1495958597944	1.1878498	2.8839595	2.5119903

1495958597954	0.5551559	1.0568879	2.7803092

1495958597965	0.38169464	-0.042499334	2.1847856

1495958597973	0.5671463	-0.09698907	0.9784173

1495958597985	0.598721	0.17665868	-0.46682653

1495958597994	-0.06541433	0.20397016	-1.4768186

1495958598007	-0.31188384	0.07300826	-2.1237676

1495958598017	-0.2126299	-0.051159073	-2.3975487

1495958598024	-0.12869704	-0.23767653	-2.4301891

1495958598034	-0.29669598	-0.4188649	-2.235012

1495958598044	-1.1289635	-0.55622166	-1.6721289

1495958598054	-2.304823	-0.9075406	-0.9696243

1495958598065	-3.0378363	-0.4765521	-0.5780709

1495958598074	-3.1108446	1.0001333	-0.538769

1495958598084	-2.6232347	2.248068	-0.59339195

1495958598094	-2.1837196	2.7083666	-0.5213163

1495958598104	-2.3014922	1.68745	-0.40674126

1495958598114	-2.409539	1.361311	-0.45043966

1495958598124	-2.2316813	0.95989877	-0.59445775

1495958598134	-1.8914202	0.67732483	-0.78856915

1495958598144	-1.6405542	0.4820144	-0.92379427

1495958598154	-1.4801493	0.48321342	-0.9969358

1495958598165	-1.2915001	0.51918465	-1.0055956

1495958598174	-1.0602185	0.28896883	-1.0219824

1495958598184	-0.8430589	0.08832934	-1.0274447

1495958598194	-0.70023984	0.111244336	-0.9784173

1495958598204	-0.598721	0.24540368	-0.89768183

1495958598214	-0.5213163	0.34678924	-0.76125765

1495958598224	-0.46136424	0.3610445	-0.62283504

1495958598234	-0.3381295	0.30535573	-0.5726086

1495958598244	-0.098054886	0.15707435	-0.5921929

1495958598254	0.12643218	-0.062083665	-0.6249667

1495958598265	0.17665868	-0.2933653	-0.6140421

1495958598274	0.087263525	-0.43951505	-0.51372236

1495958598284	0.053423926	-0.3675726	-0.29882762

1495958598294	0.39261925	0.31521448	0.33040234

1495958598304	0.6064482	0.31521448	0.5812683

1495958598314	0.8377298	0.5900613	0.72422063

1495958598324	1.2641886	0.44058087	0.78856915

1495958598334	2.0047963	-0.2246203	0.8605116

1495958598345	2.5359712	-1.1878498	1.1289635

1495958598354	2.1324275	-1.5291767	1.7005062

1495958598374	1.5379696	-1.8586464	2.2066348

1495958598376	1.4419131	-1.5707434	2.568745

1495958598386	1.6807888	-0.29549694	2.4531043

1495958598394	2.0550227	1.0873967	1.9066081

1495958598404	1.9896083	2.2230215	1.6448175

1495958598413	1.5827339	1.8619771	1.3962164

1495958598423	1.3950173	0.7057021	1.1758593

1495958598435	1.5554223	0.42752466	1.1266986

1495958598444	1.8302691	0.74713564	0.93911535

1495958598453	2.1171062	0.77990943	0.66200376

1495958598466	2.0865974	0.22795098	0.19957368

1495958598474	2.0865974	-0.49080735	0.19957368

1495958598484	1.6088463	-0.6827871	0.26392218

1495958598494	1.2915001	-0.46136424	0.6129763

1495958598504	0.67292833	-0.9544364	0.97508657

1495958598514	0.42539302	-0.99040765	1.2946975

1495958598524	0.18758327	-0.7973621	1.3317347

1495958598534	-0.042499334	-0.72422063	1.2379429

1495958598544	-0.21476153	-0.9532374	1.0907274

1495958598554	-0.37729818	-1.2324806	0.84532374

1495958598565	-0.47122303	-1.6208366	0.4994671

1495958598574	-0.4994671	-1.9448441	0.12323475

1495958598584	-0.5921929	-1.8607781	-0.1787903

1495958598594	-0.7765787	-1.5019984	-0.40674126

1495958598604	-1.0143884	-0.964162	-0.6064482

1495958598614	-1.207434	-0.34785506	-0.79842794

1495958598624	-1.3317347	0.10471623	-1.0023981

1495958598634	-1.2968292	0.33693045	-1.170397

1495958598645	-1.1092459	0.33373302	-1.3186784

1495958598656	-0.8998135	0.11990408	-1.4332534

1495958598664	-0.7732481	-0.2628564	-1.4244604

1495958598674	-0.6882494	-0.6893152	-1.2150279

1495958598686	-0.43405277	-1.0492939	-0.75472957

1495958598694	0.13522515	-1.2980282	0.44830802

1495958598704	2.0003996	-0.42859045	1.0459633

1495958598714	2.0462296	1.6699973	1.3678391

1495958598724	1.5935252	3.563549	1.6132427

1495958598734	1.1790568	4.011857	1.4780176

1495958598744	0.8518519	1.7768452	1.2761791

1495958598754	1.1813216	-1.5369039	1.2980282

1495958598765	1.2204902	-1.9448441	0.918332

1495958598774	0.7809752	-0.6783906	-0.127498

1495958598784	0.14068745	0.9773514	-0.94244605

1495958598797	-0.47335464	1.7484679	-1.4626966

1495958598804	-0.47988275	1.6219025	-1.8106848

1495958598816	-0.35771382	1.1027179	-1.8117507

1495958598824	-0.4416467	0.5114575	-1.6492139

1495958598834	-0.79509723	-0.2410072	-1.5401013

1495958598844	-1.4551026	-0.9990674	-1.3645084

1495958598854	-2.120437	-1.161604	-0.9216627

1495958598865	-2.4225953	-0.39808154	-0.34678924

1495958598874	-2.332001	0.6468159	-0.34678924

1495958598885	-2.1618705	1.3950173	-0.5965894

1495958598894	-2.1618705	1.5707434	-0.5856648

1495958598909	-2.4379163	0.71329606	-0.5355715

1495958598926	-2.4192646	0.38169464	-0.53663737

1495958598954	-2.2501998	0.06314948	-0.62283504

1495958598955	-2.0527577	-0.20277111	-0.76125765

1495958598957	-1.8968825	-0.21915801	-0.8649081

1495958598958	-1.7735145	-0.001065814	-0.90967226

1495958598964	-1.6296296	0.20823342	-0.9292566

1495958598975	-1.4004797	0.23114842	-0.941247

1495958598986	-1.1452172	0.098054886	-0.9816147

1495958599001	-0.9445777	-0.03810285	-1.0078604

1495958599006	-0.74380493	-0.002131628	-0.9914735

1495958599014	-0.59445775	0.032640554	-0.8987477

1495958599024	-0.5223821	-0.035971224	-0.78856915

1495958599036	-0.5082601	-0.11337597	-0.70889956

1495958599044	-0.44937384	-0.15267786	-0.7122302

1495958599054	-0.3032241	-0.23994137	-0.7460698

1495958599064	-0.15707435	-0.41660005	-0.7111644

1495958599074	-0.10351719	-0.50932586	-0.5726086

1495958599084	-0.09046096	-0.41007194	-0.35225153

1495958599094	0.2759126	-0.15161204	0.23994137

1495958599104	0.38276047	0.46136424	0.49840128

1495958599114	0.57474023	0.36317614	0.6751932

1495958599124	0.8605116	0.1624034	0.7853717

1495958599134	1.3230748	-0.19730882	0.90967226

1495958599144	1.8739675	-0.6937117	1.1081802

1495958599154	2.090994	-0.8202771	1.4976019

1495958599165	1.8750333	-0.8846256	1.9579004

1495958599174	1.7593925	-1.4932054	2.2371435

1495958599191	1.8836931	-1.8902211	2.2164934

1495958599205	2.1618705	-0.9303224	1.823741

1495958599208	2.0091927	0.5682121	1.5249134

1495958599214	1.5837996	1.2751132	1.2990941

1495958599224	1.3579803	1.0448974	1.1746603

1495958599234	1.5215827	0.6195044	1.207434

1495958599244	1.9284573	0.39155343	1.2248868

1495958599254	2.2982948	0.2977618	1.0459633

1495958599264	2.5109246	0.070876636	0.70343727

1495958599274	2.4814816	-0.45150545	0.41113776

1495958599284	2.1488142	-0.93258727	0.38169464

1495958599294	1.4616307	-0.9969358	0.6325606

1495958599304	1.3329337	-0.9532374	0.7122302

1495958599313	1.1921129	-0.8703704	0.8038902

1495958599323	0.9696243	-0.98387957	0.9031442

1495958599335	0.767919	-1.0034639	1.0198507

1495958599344	0.59765524	-0.87689847	1.0154543

1495958599354	0.3959499	-0.8987477	0.8617106

1495958599366	0.22248867	-1.3121502	0.6522782

1495958599394	0.09485745	-1.7583266	0.43298694

1495958599399	-0.049027443	-1.8565148	0.20277111

1495958599401	-0.24433786	-1.7452705	0.0119904075

1495958599405	-0.5213163	-1.4757527	-0.13962163

1495958599414	-0.83439916	-1.0514256	-0.30095923

1495958599424	-1.1332268	-0.55622166	-0.5671463

1495958599440	-1.3459898	0.021715961	-0.8430589

1495958599444	-1.4431121	0.38169464	-1.0678124

1495958599454	-1.4376498	0.5518252	-1.2194245

1495958599465	-1.3994138	0.62603253	-1.3252065

1495958599478	-1.3852918	0.5584865	-1.4256594

1495958599486	-1.3197442	-0.23767653	-1.3209432

1495958599494	-1.0405009	-0.05009326	-1.055822

1495958599504	-0.2769784	-0.5856648	-0.6500133

1495958599514	0.7275513	-0.7166267	-0.11990408

1495958599523	1.5106581	0.0065281107	0.46456167

1495958599534	1.511724	1.7059685	0.88782305

1495958599544	0.96522784	3.3629096	1.2336798

1495958599563	0.6151079	4.0326405	1.4801493

1495958599566	0.653344	2.1357582	1.618705

1495958599574	0.9162004	-0.23221423	1.7680522

1495958599584	0.6893152	-0.6500133	1.6153743

1495958599594	0.53330666	-0.009725553	0.5770051

1495958599604	0.5518252	0.6468159	-0.48321342

1495958599614	0.27924326	0.48321342	-1.2663202

1495958599624	0.21596056	-0.0075939246	-1.7343459

1495958599635	0.07194245	-0.6413536	-1.7855049

1495958599644	-0.41007194	-1.3001599	-1.4572343

1495958599654	-1.0873967	-1.6536105	-1.1878498

1495958599665	-2.354916	-1.389555	-0.53770316

1495958599684	-2.720357	-0.71436185	-0.34785506

1495958599694	-2.796696	0.17559285	-0.48974153

1495958599704	-2.5414336	1.4921396	-0.4940048

