1495902865129	-2.509	8.38	-1.733

1495902865136	-2.509	8.38	-1.733

1495902866269	-4.252	4.28	2.815

1495902866278	-4.271	4.079	3.572

1495902866288	-4.185	3.878	4.242

1495902866297	-3.955	3.61	4.884

1495902866309	-3.696	3.409	5.19

1495902866319	-3.543	2.882	5.621

1495902866328	-3.275	2.461	6.138

1495902866338	-2.691	2.231	6.742

1495902866348	-2.269	2.011	7.431

1495902866361	-1.733	1.838	7.719

1495902866368	-0.957	1.561	7.747

1495902866378	-0.373	1.187	7.824

1495902866387	0.488	1.063	7.929

1495902866408	1.053	1.005	7.786

1495902866410	1.58	1.063	7.949

1495902866418	1.972	1.034	8.437

1495902866427	2.116	0.861	9.222

1495902866438	2.336	0.814	10.266

1495902866448	2.595	0.689	11.128

1495902866458	2.815	0.584	11.866

1495902866468	2.815	0.488	12.431

1495902866481	2.317	0.21	12.775

1495902866487	2.03	0.038	12.613

1495902866500	2.116	0.229	12.517

1495902866511	2.375	0.498	12.507

1495902866523	2.595	0.555	12.402

1495902866527	2.729	0.363	12.172

1495902866538	2.442	-0.009	12.057

1495902866548	2.183	-0.459	12.009

1495902866558	2.087	-0.871	12.996

1495902866568	1.714	-1.11	14.174

1495902866578	1.628	-1.168	15.151

1495902866587	1.216	-1.206	16.022

1495902866598	0.679	-1.187	16.348

1495902866609	0.019	-1.005	15.763

1495902866618	-0.411	-0.861	15.016

1495902866627	-0.584	-0.747	13.877

1495902866641	-0.689	-0.708	12.517

1495902866648	-0.833	-0.823	11.559

1495902866666	-0.814	-0.871	10.601

1495902866674	-0.766	-0.804	9.826

1495902866680	-0.612	-0.641	9.328

1495902866688	-0.632	-0.354	9.059

1495902866700	-0.622	-0.229	8.992

1495902866712	-0.316	-0.134	9.117

1495902866720	0.076	0.0	9.299

1495902866727	0.421	0.153	9.299

1495902866739	0.545	0.268	8.801

1495902866748	0.545	0.478	8.801

1495902866758	0.354	0.928	8.772

1495902866767	0.478	0.919	8.849

1495902866780	1.024	0.919	8.724

1495902866788	1.11	1.091	8.734

1495902866798	1.005	1.206	8.925

1495902866811	1.015	1.187	8.83

1495902866823	0.996	1.024	8.715

1495902866828	0.641	0.948	8.839

1495902866837	0.469	1.043	9.174

1495902866847	0.593	1.206	9.625

1495902866858	0.948	1.407	10.008

1495902866870	1.398	1.484	9.969

1495902866878	1.867	1.714	9.557

1495902866890	2.068	1.944	9.241

1495902866900	2.126	2.116	9.021

1495902866909	1.972	2.231	8.897

1495902866919	1.877	2.346	8.897

1495902866927	1.819	2.585	8.734

1495902866938	1.723	2.806	8.676

1495902866948	1.206	2.959	9.376

1495902866963	0.785	2.863	10.209

1495902866968	0.411	2.652	10.85

1495902866979	0.287	2.509	11.511

1495902866988	0.181	2.499	11.933

1495902866999	0.191	2.901	11.779

1495902867010	0.143	2.719	11.703

1495902867019	-0.708	2.193	11.138

1495902867031	-1.13	1.752	10.927

1495902867060	-1.503	1.426	10.946

1495902867069	-1.503	1.331	11.023

1495902867077	-1.091	1.312	11.013

1495902867079	-0.421	1.436	10.946

1495902867090	0.172	1.704	10.975

1495902867091	0.383	1.867	10.879

1495902867098	0.114	1.608	10.534

1495902867118	-0.143	1.494	10.285

1495902867120	-0.363	1.369	10.237

1495902867128	-0.861	0.996	10.352

1495902867138	-1.043	0.804	10.573

1495902867151	-0.66	0.67	10.544

1495902867157	-0.344	0.785	10.381

1495902867167	-0.162	0.785	9.969

1495902867178	-0.229	0.775	9.395

1495902867188	-0.507	0.775	8.916

1495902867199	-0.689	0.756	8.763

1495902867209	-0.794	0.545	8.533

1495902867219	-0.747	0.335	8.322

1495902867235	-0.574	0.287	8.408

1495902867238	-0.277	0.402	8.619

1495902867248	-0.095	0.517	8.925

1495902867258	-0.086	0.478	9.069

1495902867273	-0.181	0.459	9.28

1495902867278	-0.354	0.488	9.797

1495902867287	-0.584	0.536	9.625

1495902867298	-0.756	0.67	9.308

1495902867310	-0.66	0.89	8.945

1495902867319	-0.737	0.996	8.303

1495902867328	-0.909	0.996	7.613

1495902867338	-0.996	0.928	7.192

1495902867348	-1.168	0.89	6.407

1495902867359	-1.264	0.833	6.148

1495902867367	-1.522	0.679	6.071

1495902867378	-1.848	0.526	6.158

1495902867392	-1.915	0.325	6.502

1495902867398	-1.79	0.114	7.0

1495902867408	-1.695	-0.21	7.374

1495902867419	-1.589	-0.555	7.518

1495902867429	-1.618	-0.507	7.814

1495902867439	-1.934	-0.44	8.217

1495902867448	-1.829	-0.517	8.494

1495902867458	-1.455	-0.651	8.609

1495902867470	-1.264	-0.737	8.945

1495902867481	-1.264	-0.804	9.759

1495902867488	-1.273	-0.89	10.64

1495902867498	-1.235	-0.909	11.473

1495902867508	-1.082	-0.861	12.095

1495902867524	-0.727	-0.632	12.172

1495902867527	-0.612	-0.344	11.779

1495902867538	-0.996	-0.181	11.042

1495902867547	-3.093	-0.277	10.419

1495902867568	-3.409	-0.584	9.988

1495902867569	-3.102	-0.766	10.276

1495902867578	-2.451	-0.507	10.908

1495902867587	-1.81	-0.028	11.406

1495902867600	-1.11	0.249	11.626

1495902867612	-0.565	0.392	11.588

1495902867619	-0.239	0.421	11.578

1495902867628	0.038	0.507	11.636

1495902867638	0.411	0.459	12.019

1495902867648	0.718	0.287	12.957

1495902867658	-1.245	-1.015	17.258

1495902867668	-0.354	0.478	17.574

1495902867679	0.172	1.043	17.181

1495902867689	0.794	1.455	15.888

1495902867698	1.608	2.03	13.331

1495902867708	1.819	2.231	10.563

1495902867730	1.053	2.135	8.629

1495902867731	-0.976	1.618	7.939

1495902867737	-2.911	2.049	7.556

1495902867747	-3.802	1.857	7.862

1495902867758	-4.213	1.81	8.408

1495902867772	-4.233	1.925	8.638

1495902867778	-4.118	2.02	8.724

1495902867787	-3.897	2.001	8.82

1495902867798	-3.897	1.58	8.753

1495902867814	-3.917	1.12	8.6

1495902867818	-3.543	1.063	8.715

1495902867828	-2.959	1.446	9.127

1495902867837	-2.758	1.8	9.625

1495902867854	-3.246	1.714	9.328

1495902867857	-3.993	1.312	8.456

1495902867867	-6.617	1.503	5.516

1495902867877	-9.864	0.727	-2.614

1495902867891	-4.309	1.245	4.395

1495902867897	-1.704	1.896	7.652

1495902867909	-2.183	2.432	10.86

1495902867919	-3.725	0.584	12.737

1495902867929	-4.127	-0.919	11.981

1495902867937	-4.079	-0.019	9.586

1495902867947	-3.754	1.225	6.445

1495902867958	-3.083	1.245	4.788

1495902867971	-2.576	0.45	6.052

1495902867978	-1.666	0.66	7.048

1495902867988	-1.398	1.005	7.451

1495902867997	-1.532	0.89	8.274

1495902868017	-1.35	0.143	9.088

1495902868019	-0.823	-0.019	9.586

1495902868028	-1.005	0.124	8.81

1495902868037	-1.819	0.383	7.537

1495902868047	-2.365	0.737	7.422

1495902868058	-2.336	1.168	8.303

1495902868071	-2.442	1.704	7.929

1495902868078	-1.992	2.298	7.767

1495902868087	-2.174	2.557	8.533

1495902868098	-2.011	3.016	7.029

1495902868112	-0.584	2.959	8.178

1495902868118	-1.743	2.595	8.696

1495902868127	-4.012	2.461	10.008

1495902868137	-2.193	5.468	9.826

1495902868152	-2.174	4.558	7.46

1495902868161	1.762	9.921	3.744

1495902868167	-4.52	6.933	2.614

1495902868177	-6.014	6.234	4.108

1495902868188	-4.865	6.847	7.537

1495902868206	-4.491	7.221	7.642

1495902868227	-4.75	8.092	3.955

1495902868235	-4.405	8.705	4.079

1495902868238	-4.778	8.437	3.802

1495902868247	-5.315	7.881	3.227

1495902868260	-5.545	7.585	3.361

1495902868270	-5.727	7.316	3.907

1495902868277	-6.052	6.56	4.137

1495902868287	-6.311	5.545	4.702

1495902868297	-6.387	4.778	5.717

1495902868313	-6.732	4.443	6.435

1495902868318	-7.355	4.424	7.01

1495902868328	-7.69	4.769	7.518

1495902868337	-8.456	4.817	7.632

1495902868348	-8.724	4.778	7.451

1495902868358	-8.839	4.855	6.914

1495902868367	-8.753	5.123	6.138

1495902868378	-8.676	5.688	5.698

1495902868388	-8.485	6.024	4.989

1495902868397	-8.38	6.225	4.798

1495902868409	-8.303	6.052	4.175

1495902868419	-8.121	5.956	3.15

1495902868428	-8.044	5.851	2.557

1495902868438	-7.68	5.947	2.183

1495902868448	-7.163	6.043	1.992

1495902868458	-6.474	5.775	2.403

1495902868468	-6.081	4.721	2.949

1495902868478	-5.794	4.003	2.901

1495902868487	-5.19	3.888	2.758

1495902868497	-5.286	3.553	3.275

1495902868519	-5.114	4.166	2.758

1495902868527	-5.707	4.865	3.217

1495902868540	-5.813	5.842	3.361

1495902868549	-5.65	6.186	3.735

1495902868558	-5.87	6.454	3.648

1495902868567	-5.851	6.885	3.505

1495902868578	-5.315	7.297	3.811

1495902868588	-4.874	7.565	3.926

1495902868597	-4.893	8.044	4.146

1495902868609	-4.903	8.648	4.089

1495902868625	-4.922	9.04	3.974

1495902868627	-5.104	9.366	4.529

1495902868637	-5.861	9.28	4.635

1495902868647	-5.842	9.519	5.344

1495902868658	-6.244	9.481	5.727

1495902868668	-6.359	9.548	5.64

1495902868678	-6.244	9.902	6.033

1495902868687	-6.32	10.008	5.449

1495902868698	-6.119	9.883	5.104

1495902868710	-5.851	9.797	4.443

1495902868719	-5.679	9.644	3.591

1495902868728	-5.286	9.538	3.035

1495902868747	-5.286	9.28	2.576

1495902868748	-5.171	9.347	2.346

1495902868758	-5.305	9.261	2.662

1495902868767	-5.612	8.878	1.158

1495902868782	-5.382	8.839	-0.191

1495902868788	-5.123	9.433	-0.775

1495902868798	-5.104	10.324	-1.331

1495902868812	-4.98	10.764	-1.254

1495902868822	-4.721	10.63	-0.727

1495902868828	-4.759	9.864	-0.325

1495902868838	-4.721	9.548	0.43

1495902868848	-4.711	9.318	0.919

1495902868858	-4.568	9.184	1.359

1495902868867	-4.28	9.012	1.848

1495902868878	-4.223	8.667	2.26

1495902868888	-4.185	8.102	2.384

1495902868898	-4.156	7.46	2.796

1495902868909	-4.252	6.885	3.639

1495902868921	-4.434	6.158	4.271

1495902868929	-4.424	5.889	5.717

1495902868938	-4.587	6.167	5.851

1495902868948	-4.635	6.656	6.1

1495902868958	-4.558	7.182	6.589

1495902868970	-4.587	7.221	6.665

1495902868977	-4.491	6.847	6.397

1495902868987	-4.405	6.158	6.129

1495902868997	-4.118	5.602	5.947

1495902869009	-3.83	5.018	5.526

1495902869018	-3.62	4.836	5.2

1495902869030	-3.543	4.759	5.257

1495902869057	-3.543	4.798	5.573

1495902869059	-3.648	4.98	5.755

1495902869068	-3.821	5.334	5.909

1495902869071	-4.079	5.794	6.234

1495902869080	-4.271	6.359	6.454

1495902869087	-4.175	7.029	6.186

1495902869099	-3.936	7.345	5.985

1495902869112	-3.821	7.163	5.669

1495902869128	-3.725	6.617	5.478

1495902869144	-3.706	6.474	5.631

1495902869148	-3.802	6.914	6.071

1495902869158	-4.079	7.163	6.397

1495902869167	-4.376	7.412	6.569

1495902869185	-4.654	7.623	6.78

1495902869188	-5.075	8.274	6.847

1495902869198	-5.238	9.05	7.02

1495902869211	-5.554	9.5	6.905

1495902869219	-5.851	9.701	6.636

1495902869228	-6.148	9.768	6.522

1495902869238	-6.454	9.701	6.483

1495902869247	-6.828	9.845	6.608

1495902869260	-7.163	10.065	6.483

1495902869270	-7.498	10.199	6.435

1495902869278	-7.604	10.075	6.589

1495902869287	-7.719	9.567	6.435

1495902869298	-7.814	9.299	5.976

1495902869312	-7.834	9.433	5.899

1495902869318	-7.805	9.73	5.593

1495902869327	-7.604	10.209	4.367

1495902869340	-7.451	10.467	3.993

1495902869350	-7.326	9.835	3.888

1495902869358	-7.096	9.203	3.811

1495902869367	-6.962	8.245	3.591

1495902869380	-6.771	7.613	3.237

1495902869390	-6.186	7.431	2.901

1495902869398	-5.439	5.928	4.386

1495902869413	-4.625	4.051	1.599

1495902869420	-4.29	4.28	-0.593

1495902869432	-4.338	4.999	1.388

1495902869438	-4.118	5.449	2.241

1495902869449	-3.782	5.305	1.359

1495902869458	-3.476	4.865	1.235

1495902869472	-3.208	4.769	0.919

1495902869478	-3.035	5.133	0.095

1495902869487	-3.476	5.257	-0.124

1495902869498	-3.878	5.458	-0.019

1495902869509	-4.778	7.077	-1.273

1495902869521	-4.874	6.071	3.361

1495902869527	-5.727	4.434	0.785

1495902869538	-6.263	4.826	1.369

1495902869549	-5.65	4.118	5.085

1495902869559	-5.344	3.735	1.532

1495902869569	-4.932	4.731	1.934

1495902869578	-5.363	6.234	3.055

1495902869588	-5.928	7.029	3.256

1495902869600	-7.278	7.336	3.313

1495902869612	-7.403	6.158	3.715

1495902869618	-7.527	6.167	1.896

1495902869628	-7.996	7.154	3.093

1495902869638	-8.169	8.303	4.826

1495902869647	-8.121	8.571	4.903

1495902869659	-7.795	8.044	4.874

1495902869678	-7.383	7.508	4.472

1495902869679	-6.541	7.393	3.323

1495902869688	-6.263	8.743	2.403

1495902869699	-6.981	9.634	2.71

1495902869711	-7.546	9.73	2.193

1495902869728	-8.14	8.964	1.704

1495902869737	-7.958	8.37	1.494

1495902869747	-7.834	7.508	1.168

1495902869758	-7.039	6.464	0.584

1495902869768	-5.631	5.066	0.028

1495902869777	-5.056	4.367	0.047

1495902869788	-5.257	3.725	0.335

1495902869798	-4.999	3.256	0.766

1495902869809	-5.037	3.773	0.517

1495902869819	-5.889	4.395	0.804

1495902869828	-7.039	5.698	0.153

1495902869838	-6.589	7.326	-0.919

1495902869849	-6.1	7.173	-2.039

1495902869861	-4.769	6.684	-1.532

1495902869872	-4.003	6.531	-1.838

1495902869898	-3.294	6.349	-2.049

1495902869901	-2.815	5.047	-2.528

1495902869907	-3.572	4.577	-2.135

1495902869912	-5.688	7.613	1.283

1495902869927	-6.675	5.334	-1.139

1495902869937	-7.096	4.644	0.383

1495902869947	-7.776	4.309	0.66

1495902869958	-7.316	3.419	1.407

1495902869969	-7.527	4.539	0.67

1495902869980	-8.217	4.51	-0.354

1495902869988	-7.565	4.903	-2.001

1495902869998	-6.991	4.549	-1.608

1495902870009	-4.999	4.204	-2.126

1495902870018	-5.717	4.702	0.258

1495902870029	-7.968	4.721	0.526

1495902870039	-6.78	5.363	-0.526

