1496209801557	0.019584332	0.0075939246	-0.0075939246

1496209801567	0.029443111	0.013056221	0.001065814

1496209801578	0.020650147	0.001065814	-0.004263256

1496209801588	0.033706367	0.004263256	-0.004263256

1496209801598	0.02504663	0.002131628	-0.009725553

1496209801608	0.009725553	0.0075939246	-0.014122035

1496209801617	0.023980815	-0.018518519	0.0

1496209801627	0.009725553	0.002131628	-0.0119904075

1496209801637	0.010791367	0.013056221	-0.0065281107

1496209801647	0.02824407	-0.002131628	-0.0075939246

1496209801657	0.027178258	-0.0075939246	-0.0119904075

1496209801667	0.03157474	-0.003197442	-0.014122035

1496209801677	0.029443111	-0.009725553	-0.008659739

1496209801687	0.009725553	-0.001065814	-0.008659739

1496209801697	0.008659739	-0.002131628	-0.008659739

1496209801716	0.016253663	-0.003197442	-0.002131628

1496209801717	0.013056221	-0.004263256	-0.016253663

1496209801728	0.003197442	0.013056221	-0.0065281107

1496209801737	0.0119904075	0.0075939246	-0.003197442

1496209801749	0.014122035	-0.015187849	-0.0119904075

1496209801757	-0.0065281107	-0.001065814	-0.00532907

1496209801768	-0.004263256	0.008659739	-0.0119904075

1496209801777	0.010791367	-0.0075939246	-0.002131628

1496209801788	0.003197442	0.008659739	-0.004263256

1496209801797	0.008659739	0.002131628	-0.010791367

1496209801810	0.014122035	0.015187849	-0.0119904075

1496209801817	0.017452704	-0.021715961	-0.0119904075

1496209801827	0.004263256	0.001065814	-0.0119904075

1496209801837	0.022781774	-0.003197442	-0.010791367

1496209801848	0.02504663	0.0075939246	-0.0119904075

1496209801860	0.039168663	0.004263256	-0.009725553

1496209801867	0.039168663	0.004263256	-0.010791367

1496209801879	0.008659739	-0.003197442	-0.00532907

1496209801887	0.0119904075	-0.009725553	-0.008659739

1496209801897	0.02504663	-0.001065814	-0.004263256

1496209801910	0.029443111	-0.022781774	-0.00532907

1496209801917	0.015187849	-0.014122035	-0.0075939246

1496209801928	0.009725553	-0.00532907	-0.008659739

1496209801937	0.021715961	-0.026112443	-0.008659739

1496209801947	0.009725553	-0.029443111	-0.014122035

1496209801958	0.021715961	-0.020650147	-0.013056221

1496209801967	0.017452704	-0.02504663	-0.015187849

1496209801977	0.013056221	-0.021715961	-0.017452704

1496209801987	0.016253663	-0.026112443	-0.013056221

1496209801997	0.016253663	-0.02504663	-0.017452704

1496209802008	0.00532907	-0.018518519	-0.020650147

1496209802017	0.010791367	-0.027178258	-0.014122035

1496209802027	-0.002131628	-0.021715961	-0.021715961

1496209802037	0.002131628	-0.02504663	-0.013056221

1496209802047	-0.0075939246	-0.022781774	-0.02504663

1496209802057	0.002131628	-0.022781774	-0.022781774

1496209802067	-0.010791367	-0.010791367	-0.013056221

1496209802077	-0.010791367	-0.018518519	-0.0119904075

1496209802087	0.004263256	-0.014122035	-0.019584332

1496209802098	-0.003197442	-0.0065281107	-0.023980815

1496209802114	0.003197442	-0.0075939246	-0.019584332

1496209802118	0.002131628	-0.009725553	-0.017452704

1496209802127	0.00532907	-0.010791367	-0.015187849

1496209802137	0.0065281107	-0.015187849	-0.010791367

1496209802148	-0.003197442	-0.008659739	-0.018518519

1496209802160	0.00532907	-0.015187849	-0.015187849

1496209802167	-0.0075939246	-0.0065281107	-0.019584332

1496209802177	0.003197442	-0.014122035	-0.015187849

1496209802187	0.001065814	-0.013056221	-0.023980815

1496209802198	-0.002131628	-0.014122035	-0.013056221

1496209802209	-0.001065814	-0.0075939246	-0.0119904075

1496209802217	0.003197442	-0.013056221	-0.014122035

1496209802227	0.00532907	-0.010791367	-0.016253663

1496209802237	0.010791367	-0.003197442	-0.026112443

1496209802247	0.018518519	-0.017452704	-0.018518519

1496209802257	0.003197442	-0.015187849	-0.020650147

1496209802269	-0.001065814	-0.015187849	-0.014122035

1496209802281	0.001065814	-0.0075939246	-0.020650147

1496209802287	-0.001065814	-0.018518519	-0.018518519

1496209802297	-0.02504663	-0.004263256	-0.015187849

1496209802309	-0.010791367	-0.010791367	-0.015187849

1496209802317	-0.013056221	-0.0119904075	-0.016253663

1496209802327	-0.00532907	-0.004263256	-0.020650147

1496209802337	0.0065281107	0.003197442	-0.010791367

1496209802347	0.0075939246	-0.001065814	-0.020650147

1496209802359	0.009725553	0.003197442	-0.029443111

1496209802369	0.02824407	0.002131628	-0.023980815

1496209802377	0.021715961	0.013056221	-0.026112443

1496209802392	0.027178258	0.0065281107	-0.02824407

1496209802398	0.021715961	0.003197442	-0.02824407

1496209802409	0.0075939246	0.008659739	-0.022781774

1496209802417	0.003197442	-0.014122035	-0.022781774

1496209802427	-0.02504663	-0.002131628	-0.020650147

1496209802437	-0.03810285	-0.003197442	-0.018518519

1496209802447	-0.019584332	-0.0075939246	-0.015187849

1496209802460	-0.026112443	0.004263256	-0.0119904075

1496209802467	-0.03157474	-0.003197442	-0.016253663

1496209802477	-0.029443111	-0.0075939246	-0.022781774

1496209802487	-0.033706367	-0.004263256	-0.020650147

1496209802497	-0.033706367	-0.004263256	-0.022781774

1496209802509	-0.032640554	-0.008659739	-0.023980815

1496209802517	-0.02504663	-0.02504663	-0.018518519

1496209802527	-0.03810285	-0.0119904075	-0.02504663

1496209802537	-0.034905408	-0.017452704	-0.02824407

1496209802547	-0.021715961	-0.018518519	-0.021715961

1496209802557	-0.030508926	-0.020650147	-0.032640554

1496209802567	-0.02824407	-0.010791367	-0.020650147

1496209802578	-0.034905408	-0.029443111	-0.026112443

1496209802588	-0.037037037	-0.017452704	-0.02824407

1496209802597	-0.035971224	-0.021715961	-0.023980815

1496209802613	-0.019584332	-0.030508926	-0.02824407

1496209802627	-0.008659739	-0.04023448	-0.026112443

1496209802637	-0.019584332	-0.039168663	-0.027178258

1496209802647	-0.0119904075	-0.039168663	-0.017452704

1496209802658	-0.016253663	-0.02504663	-0.026112443

1496209802667	-0.02504663	-0.010791367	-0.020650147

1496209802677	-0.039168663	-0.021715961	-0.02824407

1496209802687	-0.029443111	-0.020650147	-0.03157474

1496209802697	-0.04023448	0.001065814	-0.017452704

1496209802711	-0.017452704	-0.010791367	-0.02824407

1496209802717	-0.003197442	-0.015187849	-0.027178258

1496209802727	-0.015187849	0.00532907	-0.032640554

1496209802747	-0.009725553	0.0075939246	-0.030508926

1496209802749	-0.004263256	-0.009725553	-0.032640554

1496209802763	-0.014122035	0.009725553	-0.034905408

1496209802767	-0.008659739	0.002131628	-0.04023448

1496209802777	-0.010791367	0.0	-0.032640554

1496209802787	-0.018518519	0.0065281107	-0.02824407

1496209802797	-0.015187849	0.008659739	-0.021715961

1496209802809	-0.0065281107	-0.002131628	-0.030508926

1496209802817	-0.010791367	0.009725553	-0.030508926

1496209802827	0.004263256	0.009725553	-0.035971224

1496209802837	-0.00532907	0.021715961	-0.02824407

1496209802847	-0.0065281107	0.013056221	-0.02824407

1496209802858	0.001065814	0.027178258	-0.030508926

1496209802867	0.014122035	0.029443111	-0.02504663

1496209802877	0.021715961	0.021715961	-0.029443111

1496209802887	0.020650147	0.020650147	-0.032640554

1496209802897	0.015187849	0.02824407	-0.03157474

1496209802908	0.017452704	0.017452704	-0.037037037

1496209802917	0.030508926	0.017452704	-0.029443111

1496209802927	0.0119904075	0.026112443	-0.029443111

1496209802937	0.03157474	0.0119904075	-0.037037037

1496209802947	0.017452704	0.026112443	-0.03157474

1496209802957	0.017452704	0.016253663	-0.02824407

1496209802967	0.02824407	0.015187849	-0.022781774

1496209802977	0.0075939246	0.014122035	-0.021715961

1496209802987	0.015187849	0.016253663	-0.032640554

1496209802997	0.021715961	0.0075939246	-0.03157474

1496209803012	0.019584332	0.004263256	-0.034905408

1496209803027	0.013056221	0.008659739	-0.033706367

1496209803037	0.010791367	0.00532907	-0.034905408

1496209803047	0.014122035	0.0075939246	-0.023980815

1496209803059	0.014122035	0.010791367	-0.02504663

1496209803075	0.015187849	0.001065814	-0.030508926

1496209803077	0.03157474	0.010791367	-0.02504663

1496209803087	0.017452704	0.0	-0.035971224

1496209803097	0.026112443	0.0119904075	-0.029443111

1496209803109	0.022781774	0.0	-0.029443111

1496209803117	0.023980815	0.017452704	-0.037037037

1496209803127	0.035971224	0.0065281107	-0.030508926

1496209803137	0.030508926	0.018518519	-0.032640554

1496209803148	0.035971224	0.00532907	-0.027178258

1496209803162	0.03810285	0.010791367	-0.034905408

1496209803177	0.055555556	0.002131628	-0.032640554

1496209803187	0.04796163	0.013056221	-0.030508926

1496209803197	0.037037037	0.015187849	-0.030508926

1496209803208	0.05009326	0.009725553	-0.027178258

1496209803217	0.04143352	0.015187849	-0.033706367

1496209803227	0.039168663	0.020650147	-0.033706367

1496209803237	0.054489743	0.015187849	-0.022781774

1496209803247	0.019584332	0.027178258	-0.02824407

1496209803257	0.044630963	0.027178258	-0.021715961

1496209803268	0.02504663	0.022781774	-0.02824407

1496209803277	0.051159073	0.019584332	-0.033706367

1496209803287	0.027178258	0.029443111	-0.032640554

1496209803297	0.034905408	0.037037037	-0.039168663

1496209803311	0.039168663	0.016253663	-0.039168663

1496209803317	0.021715961	0.02824407	-0.035971224

1496209803328	0.02824407	0.022781774	-0.037037037

1496209803337	0.027178258	0.030508926	-0.034905408

1496209803347	0.017452704	0.017452704	-0.04143352

1496209803358	0.029443111	0.018518519	-0.034905408

1496209803367	0.009725553	0.0119904075	-0.04143352

1496209803377	0.032640554	0.020650147	-0.037037037

1496209803387	0.029443111	0.020650147	-0.04023448

1496209803397	0.033706367	0.0065281107	-0.04023448

1496209803410	0.026112443	0.008659739	-0.04023448

1496209803427	0.03810285	0.010791367	-0.04143352

1496209803437	0.023980815	0.008659739	-0.043565147

1496209803447	0.037037037	0.020650147	-0.039168663

1496209803458	0.030508926	0.0065281107	-0.044630963

1496209803467	0.030508926	0.017452704	-0.034905408

1496209803477	0.02504663	0.00532907	-0.043565147

1496209803488	0.018518519	-0.003197442	-0.035971224

1496209803497	0.020650147	0.001065814	-0.044630963

1496209803512	0.014122035	0.0065281107	-0.049027443

1496209803517	0.019584332	-0.004263256	-0.043565147

1496209803533	0.0065281107	0.0065281107	-0.03810285

1496209803537	0.016253663	0.004263256	-0.039168663

1496209803565	0.019584332	-0.002131628	-0.042499334

1496209803567	0.021715961	0.004263256	-0.04143352

1496209803568	0.022781774	-0.002131628	-0.042499334

1496209803577	0.001065814	0.009725553	-0.03810285

1496209803587	-0.00532907	-0.00532907	-0.042499334

1496209803597	0.008659739	-0.0075939246	-0.044630963

1496209803611	0.0065281107	0.002131628	-0.04796163

1496209803627	0.013056221	0.002131628	-0.044630963

1496209803637	-0.003197442	0.009725553	-0.04796163

1496209803647	0.017452704	0.008659739	-0.044630963

1496209803658	0.003197442	0.010791367	-0.05009326

1496209803667	0.02504663	0.00532907	-0.044630963

1496209803677	0.013056221	0.0075939246	-0.05009326

1496209803687	0.020650147	-0.002131628	-0.043565147

1496209803700	0.0119904075	0.002131628	-0.045696776

1496209803712	0.0	0.00532907	-0.046895817

1496209803727	0.0	0.0	-0.03810285

1496209803729	0.0	0.0065281107	-0.039168663

1496209803747	0.00532907	0.0119904075	-0.04143352

1496209803749	0.0	0.0075939246	-0.043565147

1496209803758	0.001065814	-0.016253663	-0.051159073

1496209803767	-0.0065281107	0.002131628	-0.042499334

1496209803777	-0.001065814	-0.003197442	-0.04023448

1496209803787	0.0	-0.002131628	-0.044630963

1496209803797	0.014122035	-0.02504663	-0.042499334

1496209803808	0.004263256	-0.0065281107	-0.052358113

1496209803817	0.003197442	-0.008659739	-0.046895817

1496209803827	0.010791367	-0.018518519	-0.039168663

1496209803837	0.013056221	-0.0119904075	-0.039168663

1496209803847	0.0065281107	-0.021715961	-0.051159073

1496209803857	0.022781774	-0.02504663	-0.055555556

1496209803867	0.016253663	-0.023980815	-0.05995204

1496209803877	0.030508926	-0.035971224	-0.05009326

1496209803887	0.021715961	-0.044630963	-0.052358113

1496209803897	0.015187849	-0.030508926	-0.055555556

1496209803912	0.023980815	-0.032640554	-0.05662137

1496209803917	0.018518519	-0.034905408	-0.062083665

1496209803927	0.018518519	-0.037037037	-0.05662137

1496209803937	0.016253663	-0.039168663	-0.054489743

1496209803947	0.00532907	-0.03810285	-0.057687182

1496209803961	0.0119904075	-0.029443111	-0.05995204

1496209803967	0.015187849	-0.043565147	-0.061017852

1496209803977	0.016253663	-0.02504663	-0.06648015

1496209803987	0.014122035	-0.022781774	-0.06648015

1496209803997	0.002131628	-0.017452704	-0.058886223

1496209804009	0.00532907	-0.019584332	-0.06541433

1496209804027	-0.0075939246	-0.026112443	-0.06541433

1496209804037	-0.00532907	-0.029443111	-0.069810815

1496209804047	-0.0119904075	-0.018518519	-0.06434852

1496209804058	-0.020650147	-0.010791367	-0.07300826

1496209804067	-0.008659739	-0.026112443	-0.069810815

1496209804077	-0.008659739	-0.009725553	-0.07300826

1496209804087	-0.010791367	-0.0065281107	-0.07300826

1496209804097	0.001065814	-0.014122035	-0.07513989

1496209804108	-0.0075939246	-0.014122035	-0.07513989

1496209804117	-0.009725553	-0.004263256	-0.06541433

1496209804127	-0.002131628	0.0	-0.067545965

1496209804137	-0.013056221	0.001065814	-0.069810815

1496209804147	0.00532907	-0.0119904075	-0.06861178

1496209804158	0.0	0.0075939246	-0.06541433

1496209804168	-0.009725553	0.002131628	-0.07300826

1496209804177	-0.002131628	0.004263256	-0.067545965

1496209804188	0.0	-0.00532907	-0.062083665

1496209804198	-0.013056221	0.0119904075	-0.061017852

1496209804220	-0.001065814	0.00532907	-0.054489743

1496209804237	-0.009725553	0.013056221	-0.054489743

1496209804248	-0.0065281107	-0.003197442	-0.061017852

1496209804258	0.0	0.0075939246	-0.06434852

1496209804267	0.008659739	0.009725553	-0.062083665

1496209804277	0.021715961	0.0	-0.07300826

1496209804287	0.020650147	0.001065814	-0.06314948

1496209804297	0.018518519	0.009725553	-0.061017852

1496209804309	0.02824407	0.002131628	-0.06648015

1496209804317	0.030508926	-0.0075939246	-0.06648015

1496209804327	0.03157474	-0.002131628	-0.06434852

1496209804337	0.0119904075	-0.001065814	-0.06541433

1496209804347	0.0119904075	-0.008659739	-0.06314948

1496209804358	0.013056221	-0.016253663	-0.069810815

1496209804367	0.004263256	-0.010791367	-0.067545965

1496209804377	0.009725553	-0.021715961	-0.06541433

1496209804387	0.0075939246	-0.020650147	-0.06861178

1496209804398	0.0065281107	-0.018518519	-0.07300826

1496209804408	0.0119904075	-0.017452704	-0.06861178

1496209804417	0.014122035	-0.026112443	-0.067545965

1496209804427	0.009725553	-0.021715961	-0.06861178

1496209804437	0.009725553	-0.017452704	-0.06861178

1496209804447	0.010791367	-0.02824407	-0.06541433

1496209804459	0.0	-0.015187849	-0.06648015

1496209804467	0.0065281107	-0.021715961	-0.06541433

1496209804477	0.001065814	-0.027178258	-0.070876636

1496209804487	0.0075939246	-0.017452704	-0.06861178

1496209804497	-0.002131628	-0.0119904075	-0.06648015

1496209804509	0.0	-0.026112443	-0.067545965

1496209804517	-0.003197442	-0.015187849	-0.06314948

1496209804527	-0.004263256	-0.010791367	-0.058886223

1496209804537	-0.0065281107	-0.013056221	-0.06434852

1496209804547	-0.003197442	-0.015187849	-0.058886223

1496209804561	-0.00532907	-0.015187849	-0.061017852

1496209804568	-0.0119904075	-0.009725553	-0.067545965

1496209804591	-0.0119904075	-0.022781774	-0.06314948

1496209804592	-0.002131628	-0.017452704	-0.06434852

1496209804597	-0.015187849	-0.0119904075	-0.06861178

1496209804609	-0.0065281107	-0.017452704	-0.062083665

1496209804627	-0.013056221	-0.018518519	-0.05995204

1496209804637	-0.010791367	-0.022781774	-0.05995204

1496209804647	-0.004263256	-0.014122035	-0.05995204

1496209804658	-0.001065814	-0.0119904075	-0.058886223

1496209804667	0.008659739	-0.019584332	-0.05995204

1496209804677	0.017452704	-0.013056221	-0.054489743

1496209804687	0.0119904075	-0.00532907	-0.051159073

1496209804699	0.016253663	-0.0119904075	-0.05009326

1496209804709	0.022781774	-0.016253663	-0.055555556

1496209804717	0.022781774	-0.009725553	-0.049027443

1496209804727	0.020650147	-0.0065281107	-0.051159073

1496209804738	0.026112443	-0.018518519	-0.057687182

1496209804747	0.026112443	-0.015187849	-0.051159073

1496209804759	0.020650147	-0.0065281107	-0.049027443

1496209804767	0.020650147	-0.017452704	-0.053423926

1496209804777	0.022781774	-0.017452704	-0.04796163

1496209804787	0.010791367	-0.010791367	-0.049027443

1496209804797	0.022781774	-0.014122035	-0.046895817

1496209804809	0.020650147	-0.0119904075	-0.04796163

1496209804827	0.029443111	-0.013056221	-0.05662137

1496209804837	0.02824407	-0.0075939246	-0.055555556

1496209804847	0.035971224	-0.008659739	-0.05009326

1496209804858	0.037037037	0.0	-0.044630963

1496209804867	0.033706367	-0.001065814	-0.051159073

1496209804877	0.027178258	-0.002131628	-0.05009326

1496209804887	0.0119904075	-0.004263256	-0.046895817

1496209804897	-0.009725553	-0.002131628	-0.051159073

1496209804909	-0.022781774	0.0065281107	-0.049027443

1496209804917	-0.030508926	0.00532907	-0.043565147

1496209804927	-0.034905408	0.00532907	-0.044630963

1496209804937	-0.022781774	-0.021715961	-0.046895817

1496209804947	-0.016253663	0.0	-0.043565147

1496209804958	-0.014122035	-0.004263256	-0.046895817

1496209804967	0.0065281107	0.002131628	-0.053423926

1496209804977	0.017452704	0.001065814	-0.052358113

1496209804987	0.021715961	0.014122035	-0.053423926

1496209804997	0.046895817	-0.004263256	-0.049027443

1496209805010	0.052358113	0.001065814	-0.051159073

1496209805027	0.05995204	-0.0065281107	-0.054489743

1496209805038	0.05995204	-0.0119904075	-0.053423926

1496209805047	0.054489743	-0.0119904075	-0.04796163

1496209805060	0.045696776	-0.020650147	-0.046895817

1496209805067	0.045696776	-0.0119904075	-0.042499334

1496209805077	0.049027443	-0.010791367	-0.042499334

1496209805087	0.032640554	-0.0075939246	-0.042499334

1496209805097	0.030508926	-0.013056221	-0.04143352

1496209805110	0.0119904075	-0.009725553	-0.02824407

1496209805117	-0.001065814	-0.013056221	-0.035971224

1496209805127	-0.009725553	-0.017452704	-0.030508926

1496209805137	-0.018518519	-0.020650147	-0.027178258

1496209805147	-0.02504663	-0.014122035	-0.027178258

1496209805158	-0.026112443	-0.0119904075	-0.034905408

1496209805167	-0.02504663	-0.014122035	-0.039168663

1496209805178	-0.026112443	-0.009725553	-0.037037037

1496209805192	-0.023980815	-0.0065281107	-0.04143352

1496209805197	-0.020650147	-0.00532907	-0.046895817

1496209805209	-0.013056221	-0.001065814	-0.04023448

1496209805227	-0.0075939246	0.003197442	-0.039168663

1496209805237	0.0	0.001065814	-0.03810285

1496209805248	-0.0075939246	0.010791367	-0.03810285

1496209805262	-0.0075939246	0.010791367	-0.039168663

1496209805267	0.001065814	0.010791367	-0.04023448

1496209805277	-0.00532907	0.021715961	-0.033706367

1496209805287	0.001065814	0.014122035	-0.027178258

1496209805297	-0.002131628	0.004263256	-0.030508926

1496209805308	-0.002131628	0.009725553	-0.033706367

1496209805317	-0.009725553	0.010791367	-0.032640554

1496209805327	-0.020650147	0.00532907	-0.037037037

1496209805337	-0.023980815	-0.0075939246	-0.034905408

1496209805347	-0.03810285	-0.0065281107	-0.029443111

1496209805360	-0.05009326	-0.0075939246	-0.029443111

1496209805367	-0.014122035	-0.017452704	-0.035971224

1496209805377	-0.019584332	0.022781774	-0.029443111

1496209805389	-0.014122035	0.027178258	-0.043565147

1496209805398	0.010791367	0.019584332	-0.04143352

1496209805409	0.009725553	0.021715961	-0.04143352

1496209805427	0.019584332	0.029443111	-0.043565147

1496209805437	0.022781774	0.027178258	-0.042499334

1496209805447	0.020650147	0.03157474	-0.035971224

1496209805458	0.019584332	0.026112443	-0.039168663

1496209805467	0.02504663	0.026112443	-0.03810285

1496209805477	0.022781774	0.035971224	-0.03810285

1496209805487	0.009725553	0.037037037	-0.037037037

1496209805497	0.0119904075	0.02504663	-0.035971224

1496209805509	0.008659739	0.016253663	-0.034905408

1496209805517	-0.001065814	0.015187849	-0.034905408

1496209805527	0.0065281107	0.019584332	-0.027178258

1496209805537	0.001065814	0.0075939246	-0.033706367

1496209805548	0.003197442	0.0075939246	-0.039168663

1496209805559	-0.010791367	0.0119904075	-0.042499334

1496209805567	-0.009725553	0.0	-0.046895817

1496209805577	-0.017452704	-0.010791367	-0.046895817

1496209805587	-0.02504663	0.0	-0.04796163

1496209805597	-0.017452704	-0.002131628	-0.049027443

1496209805608	-0.020650147	-0.014122035	-0.051159073

1496209805617	-0.020650147	-0.017452704	-0.051159073

1496209805627	-0.0119904075	-0.016253663	-0.06314948

1496209805637	-0.009725553	-0.021715961	-0.061017852

1496209805647	-0.008659739	-0.016253663	-0.058886223

1496209805662	0.001065814	-0.020650147	-0.05995204

1496209805667	0.00532907	-0.020650147	-0.055555556

1496209805677	0.004263256	-0.013056221	-0.051159073

1496209805687	-0.00532907	-0.02824407	-0.05662137

1496209805697	-0.001065814	-0.03157474	-0.058886223

1496209805709	-0.004263256	-0.02824407	-0.058886223

1496209805717	-0.003197442	-0.019584332	-0.045696776

1496209805727	0.0075939246	-0.026112443	-0.04796163

1496209805737	0.010791367	-0.015187849	-0.05009326

1496209805747	0.018518519	-0.004263256	-0.049027443

1496209805759	0.019584332	-0.0075939246	-0.045696776

1496209805767	0.009725553	-0.0119904075	-0.049027443

1496209805777	-0.002131628	-0.010791367	-0.035971224

1496209805787	-0.009725553	-0.010791367	-0.034905408

1496209805797	-0.009725553	-0.013056221	-0.037037037

1496209805809	-0.014122035	-0.009725553	-0.033706367

1496209805827	-0.015187849	-0.020650147	-0.032640554

1496209805837	-0.0119904075	-0.016253663	-0.039168663

1496209805847	-0.009725553	-0.0119904075	-0.04023448

1496209805858	0.00532907	-0.0119904075	-0.037037037

1496209805867	0.013056221	-0.0075939246	-0.04023448

1496209805877	0.014122035	-0.0065281107	-0.042499334

1496209805887	0.0075939246	-0.009725553	-0.04143352

1496209805897	0.009725553	-0.010791367	-0.043565147

1496209805910	0.002131628	-0.014122035	-0.043565147

1496209805917	-0.003197442	-0.016253663	-0.039168663

1496209805934	0.004263256	-0.023980815	-0.034905408

1496209805937	-0.009725553	-0.009725553	-0.042499334

1496209805947	-0.008659739	-0.0119904075	-0.035971224

1496209805958	-0.008659739	-0.014122035	-0.04023448

1496209805967	-0.017452704	-0.016253663	-0.039168663

1496209805977	-0.016253663	-0.008659739	-0.04023448

1496209805987	-0.010791367	-0.0075939246	-0.04023448

1496209805997	-0.015187849	-0.002131628	-0.04143352

1496209806009	0.0	0.0	-0.042499334

1496209806027	-0.001065814	0.010791367	-0.03810285

1496209806037	-0.001065814	-0.001065814	-0.04143352

1496209806047	0.0	-0.004263256	-0.04023448

1496209806058	-0.008659739	-0.010791367	-0.04023448

1496209806067	0.002131628	-0.0075939246	-0.039168663

1496209806077	0.004263256	-0.003197442	-0.029443111

1496209806087	0.003197442	-0.014122035	-0.033706367

1496209806097	0.00532907	-0.016253663	-0.035971224

1496209806109	0.001065814	0.001065814	-0.032640554

1496209806117	0.013056221	-0.00532907	-0.026112443

1496209806127	0.014122035	-0.00532907	-0.035971224

1496209806137	0.014122035	-0.0075939246	-0.032640554

1496209806147	0.019584332	-0.015187849	-0.034905408

1496209806160	0.017452704	-0.013056221	-0.035971224

1496209806167	0.017452704	-0.015187849	-0.04023448

1496209806177	0.026112443	-0.004263256	-0.033706367

1496209806196	0.018518519	-0.003197442	-0.033706367

1496209806199	0.023980815	-0.018518519	-0.030508926

1496209806215	0.016253663	0.001065814	-0.03157474

1496209806228	0.019584332	-0.009725553	-0.034905408

1496209806237	0.020650147	-0.002131628	-0.032640554

1496209806247	0.02504663	-0.009725553	-0.035971224

1496209806258	0.027178258	-0.0119904075	-0.033706367

1496209806267	0.030508926	-0.018518519	-0.035971224

1496209806277	0.016253663	-0.010791367	-0.033706367

1496209806287	0.014122035	-0.017452704	-0.033706367

1496209806297	0.00532907	-0.023980815	-0.035971224

1496209806309	-0.002131628	-0.021715961	-0.039168663

1496209806317	0.004263256	-0.019584332	-0.035971224

1496209806327	-0.00532907	-0.016253663	-0.03157474

1496209806337	-0.0075939246	-0.022781774	-0.034905408

1496209806347	-0.00532907	-0.023980815	-0.034905408

1496209806358	-0.0075939246	-0.029443111	-0.035971224

1496209806367	-0.014122035	-0.027178258	-0.03810285

1496209806377	-0.010791367	-0.017452704	-0.033706367

1496209806387	-0.013056221	-0.020650147	-0.033706367

1496209806397	-0.0119904075	-0.020650147	-0.039168663

1496209806409	-0.0075939246	-0.022781774	-0.035971224

1496209806427	-0.013056221	-0.021715961	-0.037037037

1496209806437	-0.009725553	-0.015187849	-0.03810285

1496209806447	-0.017452704	-0.027178258	-0.033706367

1496209806460	-0.0075939246	-0.023980815	-0.02824407

1496209806467	-0.003197442	-0.022781774	-0.026112443

1496209806486	-0.0075939246	-0.019584332	-0.032640554

1496209806487	-0.004263256	-0.023980815	-0.03157474

1496209806497	-0.003197442	-0.022781774	-0.032640554

1496209806510	-0.002131628	-0.021715961	-0.032640554

1496209806517	0.003197442	-0.019584332	-0.02504663

1496209806528	-0.0119904075	-0.0119904075	-0.032640554

1496209806537	-0.008659739	-0.018518519	-0.030508926

