1496009362478	29.76	6.84	-27.06

1496009362576	29.82	7.38	-27.48

1496009362668	29.76	7.5	-27.48

1496009362769	29.58	7.5	-27.6

1496009362871	29.58	7.32	-27.66

1496009362969	29.58	7.62	-28.2

1496009363068	29.58	7.74	-28.2

1496009363169	29.4	7.92	-28.44

1496009363268	29.34	8.22	-28.74

1496009363370	29.28	8.04	-28.62

1496009363469	29.16	8.28	-28.68

1496009363568	29.46	8.28	-28.68

1496009363668	29.46	8.22	-28.44

1496009363769	29.46	8.04	-28.44

1496009363870	29.34	7.98	-28.32

1496009363969	29.58	7.68	-28.2

1496009364068	29.7	7.62	-28.26

1496009364177	29.7	7.56	-28.08

1496009364268	29.82	7.5	-28.14

1496009364369	29.34	7.44	-28.02

1496009364461	29.46	7.62	-28.08

1496009364569	29.34	7.68	-28.02

1496009364668	29.46	7.8	-28.26

1496009364769	29.4	7.86	-28.5

1496009364872	29.34	7.86	-28.56

1496009364970	29.58	7.8	-28.38

1496009365068	29.64	7.74	-28.26

1496009365182	29.94	7.8	-28.26

1496009365268	30.06	7.98	-28.26

1496009365372	30.24	7.74	-28.08

1496009365468	30.36	7.8	-28.14

1496009365570	30.42	7.8	-27.84

1496009365668	30.36	7.74	-27.66

1496009365769	30.18	7.86	-28.08

1496009365868	30.18	7.68	-27.96

1496009365968	30.18	7.98	-28.2

1496009366068	30.06	7.68	-28.38

1496009366169	30.06	8.1	-28.5

1496009366268	29.76	8.1	-28.32

1496009366369	29.76	8.22	-28.56

1496009366468	29.88	8.22	-28.5

1496009366580	30.12	8.04	-28.26

1496009366671	30.18	8.04	-28.44

1496009366769	30.18	7.8	-28.2

1496009366868	30.12	7.92	-28.26

1496009366969	30.12	7.74	-28.14

1496009367069	30.12	7.68	-28.32

1496009367169	30.18	7.68	-28.32

1496009367281	30.06	7.74	-28.38

1496009367379	29.88	7.8	-28.44

