1495904824941	-0.40900612	-2.090994	0.12430056

1495904824949	-0.64575005	-1.2499334	-0.24540368

1495904824960	-0.85944575	-0.42099655	-0.63362646

1495904824981	-1.1277645	0.31521448	-0.9128697

1495904824984	-1.5543565	1.2685851	-1.1321609

1495904824990	-1.6426859	1.5881962	-1.0983213

1495904824999	-1.7081002	1.9143353	-0.9674927

1495904825009	-1.7648548	2.2066348	-0.7853717

1495904825019	-1.8062884	2.2863042	-0.5802025

1495904825029	-1.7560618	2.0560884	-0.3610445

1495904825039	-1.534639	1.572875	-0.13962163

1495904825049	-1.0995203	0.8649081	-0.004263256

1495904825059	-0.44604316	0.04796163	0.16466826

1495904825069	0.52784437	-0.48534507	0.48747668

1495904825079	1.4321876	0.023980815	0.8834266

1495904825089	1.3655742	1.3918198	1.1420197

1495904825099	0.5103917	2.554623	1.1998401

1495904825119	-0.19411138	1.8662404	0.28896883

1495904825129	1.3645084	-0.55302423	-0.85398346

1495904825139	1.5019984	-1.9480416	0.093791634

1495904825152	1.0110579	-1.6687983	0.7744471

1495904825159	1.3438582	-0.13415934	0.0065281107

1495904825169	0.6806555	0.5114575	-0.8104183

1495904825179	-0.5082601	0.3141487	-1.8062884

1495904825189	-0.95989877	0.19411138	-2.3222754

1495904825199	-1.564082	-0.5343725	-2.5971222

1495904825209	-2.3494537	-1.2608579	-2.599254

1495904825219	-3.1173728	-1.2761791	-2.2306156

1495904825229	-3.4249933	-0.23114842	-1.3317347

1495904825239	-3.19158	1.1681322	-0.38715693

1495904825249	-3.1522782	1.8018918	-0.18531841

1495904825259	-3.290834	1.80842	-0.27924326

1495904825270	-3.290834	1.3491874	-0.28457233

1495904825279	-2.9297895	0.77871037	-0.2759126

1495904825290	-2.3832934	0.17226219	-0.41340262

1495904825310	-1.5237143	-0.3347988	-0.7263523

1495904825313	-1.5237143	-0.3347988	-0.7263523

1495904825321	-1.283773	0.0119904075	-0.76458836

1495904825329	-1.1561418	0.16573408	-0.8474554

1495904825344	-1.0263789	-0.014122035	-0.8485212

1495904825349	-0.97508657	0.1100453	-0.81801224

1495904825359	-1.0013323	0.40021315	-0.6664002

1495904825369	-1.0274447	0.50932586	-0.6664002

1495904825383	-0.75579536	0.26605383	-0.62603253

1495904825389	-0.46136424	-0.17452705	-0.6707967

1495904825399	-0.2748468	-0.736211	-0.6718625

1495904825409	-0.22142287	-1.2303491	-0.6413536

1495904825419	-0.22142287	-1.4660271	-0.5627498

1495904825429	-0.18531841	-1.3939515	-0.35331735

1495904825439	-0.069810815	-0.9980016	0.06648015

1495904825449	0.13082866	-0.42419398	0.68598455

1495904825459	0.43298694	0.118838266	1.2957634

1495904825469	0.90207833	0.5114575	1.603384

1495904825479	1.4485744	0.65880626	1.5674127

1495904825489	2.106315	0.4014122	1.3491874

1495904825500	2.7924328	-0.0065281107	1.0417

1495904825511	3.3955503	-0.470024	0.9740208

1495904825519	3.7805755	-0.86717296	1.2172928

1495904825529	3.9868104	-1.7801758	1.5303757

1495904825539	3.6911805	-2.1313615	1.6481482

1495904825549	3.351985	-0.34359178	1.5237143

1495904825561	2.803224	2.128031	1.2282175

1495904825569	1.9698907	2.5426326	1.0045297

1495904825579	1.9164668	0.3042899	1.0863309

1495904825590	2.2819078	0.3326672	1.0143884

1495904825599	2.446576	0.44391152	0.745004

1495904825609	2.354916	0.41446844	0.5452971

1495904825619	2.1771915	-0.1897149	0.6129763

1495904825629	1.9503064	-0.81148416	0.82560617

1495904825639	1.4834799	-1.4736211	1.1801226

1495904825649	1.0198507	-1.8041567	1.5881962

1495904825659	0.66853184	-1.9208633	1.7528644

1495904825669	0.46456167	-1.9906741	1.7375433

1495904825679	0.34239274	-2.1313615	1.6601386

1495904825689	0.101385556	-2.2142286	1.4626966

1495904825699	-0.173328	-2.4018118	1.0961897

1495904825710	-0.37410071	-2.6112444	0.6129763

1495904825719	-0.5584865	-2.340794	0.14068745

1495904825731	-0.80708766	-1.7026379	-0.2704503

1495904825739	-1.0362377	-0.8289369	-0.69144684

1495904825749	-1.1943778	-0.00532907	-1.0841993

1495904825759	-1.3186784	0.5103917	-1.3459898

1495904825769	-1.4038103	0.90860647	-1.5760725

1495904825779	-1.5794032	1.5030643	-1.5281109

1495904825789	-1.6590728	1.6797229	-1.3764988

1495904825800	-1.6961098	1.7505995	-1.0732747

1495904825811	-1.68745	1.6536105	-0.70023984

1495904825837	-1.5608846	1.360112	-0.35438317

1495904825842	-1.3012257	0.94897413	-0.067545965

1495904825845	-0.8758327	0.33373302	0.1558753

1495904825850	-0.1558753	-0.722089	0.4373834

1495904825859	0.9761524	-1.2402078	0.8518519

1495904825869	1.8727684	-0.17226219	1.4201971

1495904825879	1.375433	1.7331468	1.7768452

1495904825889	-0.009725553	2.9854784	1.7680522

1495904825907	-0.80708766	3.3148148	1.4507061

1495904825911	-0.055555556	1.0055956	0.13415934

1495904825920	1.2172928	-1.6568079	-1.0405009

1495904825929	0.5671463	-2.2011724	-0.43298694

1495904825939	0.5486278	-0.5726086	-0.045696776

1495904825949	0.49733546	0.39368504	-0.43951505

1495904825959	-0.032640554	0.15480949	-0.8900879

1495904825971	-0.37183586	0.08180123	-1.5760725

1495904825979	-1.2402078	-0.8900879	-1.869571

1495904825989	-1.9928057	-1.7789768	-1.7747135

1495904825999	-2.8687716	-2.051692	-1.5488942

1495904826010	-3.5025313	-1.4332534	-1.2030376

1495904826019	-3.640954	-0.020650147	-0.81694645

1495904826029	-3.359579	1.2259526	-0.5301092

1495904826040	-3.1829202	1.4364508	-0.2868372

1495904826049	-3.1949108	1.0524913	-0.115507595

1495904826066	-3.07927	0.83000267	-0.09485745

1495904826071	-2.6898482	0.88129497	-0.17665868

1495904826080	-2.2142286	0.7853717	-0.3326672

1495904826089	-1.7375433	0.48974153	-0.4994671

1495904826099	-1.1746603	0.36424193	-0.6053824

1495904826111	-0.84532374	0.48534507	-0.7122302

1495904826119	-0.7057021	0.47335464	-0.85944575

1495904826129	-0.61191046	0.3347988	-0.9128697

1495904826139	-0.6424194	0.3097522	-0.8333333

1495904826149	-0.8136158	0.38276047	-0.7536637

1495904826159	-0.9260591	0.32387424	-0.79842794

1495904826169	-0.8834266	0.12643218	-0.90527576

1495904826179	-0.43298694	-0.5965894	-0.8714362

1495904826189	-0.17559285	-0.9477751	-0.79296565

1495904826199	0.037037037	-1.2423395	-0.6434852

1495904826209	0.13629097	-1.4376498	-0.45043966

1495904826219	0.12869704	-1.4189981	-0.21596056

1495904826229	0.06314948	-1.2042366	0.12430056

1495904826239	0.019584332	-0.8791633	0.61617374

1495904826249	0.1613376	-0.40900612	1.1746603

1495904826259	0.7263523	0.07953637	1.4660271

1495904826269	1.5935252	0.17985612	1.3317347

1495904826279	2.4301891	-0.35331735	1.1561418

1495904826289	3.1490808	-1.0678124	1.0722089

1495904826299	3.6289635	-1.846656	1.1256329

1495904826311	3.716227	-2.4455101	1.2980282

1495904826319	3.3791633	-2.0342393	1.6088463

1495904826329	3.0782042	-0.1897149	1.7833734

1495904826339	2.727951	1.9721556	1.4004797

1495904826349	2.1957102	2.7312818	0.8802292

1495904826359	2.112843	2.1782575	0.7013056

1495904826369	2.8513188	-0.08180123	0.74713564

1495904826379	3.0193179	-0.40354383	0.38928857

1495904826389	2.8959498	-0.16027178	-0.07633893

1495904826399	2.431255	-0.33373302	-0.16360246

1495904826409	2.1520116	-0.6085798	0.117772445

1495904826419	2.0146549	-0.6151079	0.46895817

1495904826429	1.664535	-0.5540901	0.89115375

1495904826439	1.2204902	-0.45043966	1.3840927

1495904826449	0.83106846	-0.5824674	1.7844391

1495904826459	0.5289102	-0.7166267	1.877165

1495904826469	0.35225153	-0.93804955	1.7146283

1495904826479	0.27258193	-1.481215	1.4801493

1495904826490	0.19957368	-2.105116	1.2042366

1495904826499	0.13735679	-2.6505463	0.8617106

1495904826529	-0.014122035	-2.6898482	0.4416467

1495904826538	-0.26179057	-2.1313615	0.083932854

1495904826548	-0.492939	-1.2434052	-0.26605383

1495904826550	-0.6739941	-0.37183586	-0.6806555

1495904826551	-0.8202771	0.24433786	-0.9925393

1495904826559	-0.9544364	0.67732483	-1.1813216

1495904826569	-1.3733014	1.0503597	-1.1801226

1495904826579	-1.3655742	1.632827	-0.9696243

1495904826589	-1.5249134	1.8018918	-0.7275513

1495904826599	-1.6393552	1.7899014	-0.46349588

1495904826610	-1.6426859	1.5478284	-0.1897149

1495904826621	-1.4561684	1.1212363	0.043565147

1495904826629	-1.0001333	0.5289102	0.18651745

1495904826639	-0.11337597	-0.04023448	0.3391953

1495904826649	0.93911535	-0.016253663	0.60751396

1495904826659	1.2368772	0.98814285	0.86717296

1495904826669	0.6282974	2.1990407	0.91953105

1495904826679	-0.40674126	2.9146016	0.89661604

1495904826689	-1.1005862	3.1501465	0.7918998

1495904826699	-0.722089	1.4189981	-0.1951772

1495904826709	1.4343193	-1.4267253	-1.7692512

1495904826719	1.5554223	-2.007061	-0.20610179

1495904826729	1.3710365	-0.8758327	0.82134295

1495904826739	1.5215827	0.06314948	-0.21156408

1495904826749	0.5770051	0.24207301	-1.0602185

1495904826759	-0.31188384	0.5595524	-1.831335

1495904826769	-0.8245404	0.26605383	-1.9698907

1495904826779	-1.5194511	-0.9357847	-1.832534

1495904826790	-2.3626432	-1.3089528	-1.6023182

1495904826807	-3.193845	-1.0383693	-1.3220091

1495904826834	-3.9399147	0.02504663	-0.9980016

1495904826836	-4.37943	1.3426592	-0.65880626

1495904826842	-4.0696774	2.6723955	-0.3162803

1495904826847	-3.443512	3.1240342	-0.07633893

1495904826849	-2.9756196	2.5436983	-0.023980815

1495904826859	-2.378897	1.2827072	-0.19078071

1495904826869	-1.6437516	0.22355449	-0.47335464

1495904826879	-1.0951239	-0.13082866	-0.61617374

1495904826889	-0.8747668	-0.23114842	-0.6500133

1495904826899	-0.89115375	-0.14281908	-0.6937117

1495904826910	-0.9805489	-0.16360246	-0.7296829

1495904826919	-1.0417	-0.1384226	-0.7122302

1495904826929	-1.048228	0.009725553	-0.6838529

1495904826939	-0.9860112	0.08180123	-0.63908875

1495904826949	-0.83986145	0.05009326	-0.6009859

1495904826959	-0.6096456	-0.16573408	-0.6510791

1495904826969	-0.1897149	-1.0972556	-0.70889956

1495904826979	-0.045696776	-1.2980282	-0.61737275

1495904826989	0.037037037	-1.3361311	-0.48427925

1495904826999	0.11990408	-1.0350386	-0.20397016

1495904827009	0.2410072	-0.5540901	0.31081802

1495904827019	0.44391152	0.001065814	0.8998135

1495904827029	0.78310686	0.46136424	1.2903011

1495904827039	1.2259526	0.653344	1.3438582

1495904827049	1.7789768	0.2715161	1.1746603

1495904827059	2.4499068	-0.23887557	0.85398346

1495904827069	3.186118	-0.69038105	0.6085798

1495904827079	3.7053025	-0.7252864	0.78417265

1495904827089	3.7271516	-0.7023714	1.2652545

1495904827099	3.5090594	-1.6568079	1.7976285

1495904827110	3.0683453	-1.6382893	1.8902211

1495904827119	2.63749	0.895417	1.4834799

1495904827129	2.2316813	2.6625366	1.3077538

1495904827140	1.8902211	1.4593658	1.4256594

1495904827149	1.8565148	0.03810285	1.4321876

1495904827159	2.1902478	0.053423926	1.4277911

1495904827169	2.6997068	0.41660005	0.8016254

1495904827180	2.5655475	-0.03810285	0.6293632

1495904827189	2.278577	-0.54636294	0.7231548

1495904827200	1.9197975	-0.80708766	0.90967226

1495904827211	1.4364508	-1.2238209	1.1321609

1495904827237	0.972955	-1.68745	1.4387157

1495904827239	0.6565414	-1.8586464	1.6699973

1495904827240	0.50932586	-1.8433254	1.7278178

1495904827249	0.402478	-1.8750333	1.6001865

1495904827259	0.18651745	-1.9360511	1.2915001

1495904827269	-0.032640554	-2.1990407	0.9118039

1495904827279	-0.19850786	-2.5949907	0.48747668

1495904827289	-0.45257127	-2.4618971	0.07633893

1495904827299	-0.7296829	-1.7440714	-0.3206768

1495904827309	-0.99480414	-0.7536637	-0.759126

1495904827323	-1.4189981	0.84532374	-1.4692246

1495904827339	-1.5303757	1.2391421	-1.6405542

1495904827349	-1.6513456	1.5095923	-1.6426859

1495904827359	-1.7549961	1.6536105	-1.2303491

1495904827369	-1.8553158	1.709166	-0.84972024

1495904827380	-1.8216094	1.5488942	-0.470024

1495904827389	-1.6338929	1.1681322	-0.14934719

1495904827399	-1.1693312	0.6554756	0.13189448

1495904827410	-0.33040234	-0.17452705	0.39368504

1495904827419	0.7721822	-0.68491876	0.76565415

1495904827429	1.360112	0.12643218	1.2270184

1495904827439	1.0678124	1.6851852	1.557554

1495904827457	0.60751396	3.4315214	1.6819878

1495904827461	0.5540901	3.2188916	1.2751132

1495904827478	0.58353317	0.22355449	0.5267786

1495904827479	0.6009859	-1.0448974	0.3610445

1495904827489	1.1081802	-1.0263789	-0.07300826

1495904827499	1.0547562	-0.6609379	-0.6653344

1495904827510	0.16466826	-0.51918465	-1.2946975

1495904827519	-0.2704503	-0.3162803	-1.8281375

1495904827529	-0.50492936	-0.15480949	-2.213163

1495904827540	-0.85837996	-0.10351719	-2.515321

1495904827553	-2.1902478	-1.078737	-2.0779376

1495904827570	-2.1902478	-1.078737	-1.54996

1495904827572	-3.7282174	-0.3959499	-1.1147082

1495904827579	-3.7817745	1.1027179	-0.83546495

1495904827589	-3.3541167	2.4804156	-0.6195044

1495904827599	-3.0138557	2.7039702	-0.46243006

1495904827610	-2.950573	2.0615509	-0.23661071

1495904827619	-2.9472423	1.2860378	-0.108979486

1495904827630	-2.753131	0.85944575	-0.22901678

1495904827639	-2.380096	0.8038902	-0.49520382

1495904827650	-1.8619771	0.8289369	-0.7252864

1495904827659	-1.315481	0.6697309	-0.88129497

1495904827669	-0.9456435	0.41993073	-0.9860112

1495904827679	-0.79509723	0.33586463	-1.0514256

1495904827690	-0.6293632	0.42752466	-1.0623502

1495904827700	-0.3665068	0.5038636	-1.0067946

1495904827710	-0.1897149	0.5900613	-0.92499334

1495904827720	-0.2017053	0.55622166	-0.8245404

1495904827730	-0.32387424	0.39808154	-0.73727685

1495904827749	-0.42965627	0.14281908	-0.74380493

1495904827753	-0.2813749	-0.7013056	-0.7406075

1495904827759	-0.2813749	-0.7013056	-0.69144684

1495904827769	0.1842526	-1.1889155	-0.59765524

1495904827779	0.34572342	-1.0536904	-0.3904876

1495904827789	0.42099655	-0.73181456	-0.04796163

1495904827799	0.40460965	-0.31841195	0.42206234

1495904827810	0.40354383	0.08499867	0.87689847

1495904827819	0.63908875	0.56608045	1.2172928

1495904827829	1.3339995	0.8703704	1.3787637

1495904827839	2.273115	0.5082601	1.4223288

1495904827850	2.950573	-0.23447908	1.4965361

1495904827859	3.1905143	-0.8900879	1.6481482

1495904827879	3.5395684	-1.7627232	1.5739409

1495904827889	3.717426	-0.9586997	1.3459898

1495904827899	3.4359179	0.3555822	1.0143884

1495904827910	2.630962	0.8802292	0.804956

1495904827919	2.1477485	0.84638953	0.7406075

1495904827929	2.1706634	0.6151079	0.9532374

1495904827939	2.4509726	0.2017053	1.2292832

1495904827951	2.8076205	-0.8703704	1.0013323

1495904827959	2.5949907	-1.2488676	0.81801224

1495904827969	2.2753797	-1.184519	0.76125765

1495904827983	2.0756729	-1.2532641	0.88782305

1495904827989	1.8270717	-1.4256594	1.124567

1495904827999	1.398348	-1.2053025	1.3918198

1495904828010	0.941247	-1.0459633	1.6382893

1495904828019	0.6369571	-1.0373034	1.7669864

1495904828029	0.42312816	-1.1670663	1.7986944

1495904828039	0.17772448	-1.5030643	1.7659206

1495904828050	-0.052358113	-1.9425793	1.6044497

1495904828060	-0.1558753	-2.318945	1.2553957

1495904828080	-0.2017053	-2.394218	0.8430589

1495904828089	-0.66320276	-1.3449241	0.23554489

1495904828099	-0.95656806	-0.79949373	-0.046895817

1495904828119	-1.2761791	0.12869704	-0.66853184

1495904828129	-1.3808953	0.4416467	-0.86930454

1495904828139	-1.4136691	0.71982414	-0.9674927

1495904828149	-1.405942	0.9063416	-0.9303224

1495904828159	-1.3928857	1.1081802	-0.6325606

1495904828169	-1.4866773	1.36664	-0.42645884

1495904828179	-1.4092726	1.2139622	-0.22568612

1495904828189	-1.124567	0.7918998	-0.069810815

1495904828200	-0.5518252	0.22022381	0.11231015

1495904828211	0.3555822	-0.093791634	0.44710898

1495904828219	1.5369039	0.18758327	1.0078604

1495904828229	2.4379163	1.3339995	1.8445244

1495904828239	1.4233946	3.19158	2.6877165

1495904828259	-1.1321609	1.0154543	1.4321876

1495904828271	-0.5355715	-0.108979486	0.1951772

1495904828296	0.31294963	-0.7875033	-0.5965894

1495904828300	-0.21049827	-1.0656807	-1.0373034

1495904828303	-0.81588066	-1.0492939	-1.557554

1495904828310	-1.2063682	-1.0972556	-1.9774847

1495904828319	-1.5085266	-1.1201705	-2.3571808

1495904828329	-1.7789768	-0.88129497	-2.7901678

1495904828343	-1.9568346	-0.7176925	-2.9331203

1495904828349	-2.1466827	-0.9008793	-2.2295496

1495904828359	-2.6734612	-1.3350652	-0.7111644

1495904828369	-2.9014122	-0.50932586	-0.62283504

1495904828379	-3.0214496	0.25512922	-0.5398348

1495904828389	-2.996403	0.5507594	-0.38822275

1495904828399	-3.0126565	0.43298694	-0.26831868

1495904828413	-2.9756196	0.41340262	-0.28457233

1495904828420	-2.9167333	0.41766587	-0.45043966

1495904828429	-2.7815082	0.44058087	-0.66320276

1495904828439	-2.2829735	0.58459896	-0.7907008

1495904828450	-1.6067146	0.5486278	-0.86823875

1495904828459	-1.0820677	0.44604316	-0.90421

1495904828469	-0.7864375	0.43951505	-0.90207833

1495904828479	-0.6085798	0.46789235	-0.91513455

1495904828489	-0.5900613	0.47228885	-0.86277646

1495904828524	-0.79949373	0.45590195	-0.804956

1495904828528	-1.0951239	0.36863843	-0.8703704

1495904828531	-1.216227	0.08286704	-0.91406876

1495904828536	-1.1943778	-0.09259259	-0.8703704

1495904828540	-1.0110579	-0.2912337	-0.7875033

1495904828552	-0.4820144	-1.0579536	-0.40354383

1495904828560	-0.23767653	-1.2772449	-0.19411138

1495904828569	-0.04143352	-1.2663202	0.05009326

1495904828579	0.093791634	-1.0514256	0.3206768

1495904828589	0.16679989	-0.7078337	0.6249667

1495904828599	0.20277111	-0.43951505	0.91513455

1495904828610	0.26179057	-0.3326672	1.1397549

1495904828619	0.54636294	-0.3511857	1.1103117

1495904828629	1.2478018	-0.40674126	0.79296565

1495904828639	2.4018118	-0.50066614	0.46576074

1495904828649	3.5101252	-0.7961631	0.47122303

1495904828659	4.12097	-0.97069013	0.7635225

1495904828669	4.3369303	-1.6677325	0.99040765

1495904828679	4.0576873	-2.6690648	1.2368772

1495904828689	3.3541167	-1.7713829	1.3699707

1495904828699	2.4825473	0.67292833	1.1660005

1495904828710	1.8968825	2.1771915	1.1081802

1495904828719	1.8411937	1.7419398	1.2107648

1495904828729	2.2098322	0.6893152	1.2740474

1495904828739	2.681055	-0.06434852	1.1256329

1495904828749	2.9810817	-0.12536637	0.7351452

1495904828759	2.8872902	0.11990408	-0.3162803

1495904828770	2.707301	-0.6981082	-0.3097522

1495904828779	2.4957368	-0.6380229	0.019584332

1495904828789	2.1978416	-0.25512922	0.30202505

1495904828803	1.6929123	-0.11444178	0.6500133

1495904828812	1.0688782	0.045696776	1.1496136

1495904828819	0.6053824	0.26831868	1.5019984

1495904828832	0.37729818	0.37729818	1.5390354

1495904828839	0.19197975	0.14721556	1.3699707

1495904828849	-0.09925393	-0.40021315	1.1223022

1495904828859	-0.39808154	-1.0045297	0.79296565

1495904828871	-0.5867306	-1.2990941	0.37623236

1495904828879	-0.67732483	-1.1529443	-0.08939515

1495904828889	-0.78856915	-0.7635225	-0.55302423

1495904828899	-0.9075406	-0.31294963	-0.96522784

1495904828910	-0.9401812	0.11231015	-1.2793765

1495904828919	-0.90967226	0.47881696	-1.50413

1495904828929	-0.97069013	0.7208899	-1.59579

1495904828939	-1.1277645	1.0263789	-1.5291767

1495904828950	-1.490008	1.8499867	-0.87689847

1495904828959	-1.511724	2.0015988	-0.470024

1495904828970	-1.3840927	1.7713829	-0.15707435

1495904828982	-1.1136425	1.2019718	0.074074075

1495904828989	-0.6794564	0.17013057	0.36970425

1495904828999	0.026112443	-0.69038105	0.78963494

1495904829010	0.9805489	-0.39368504	1.2619238

1495904829019	1.663336	0.71436185	1.7528644

1495904829029	1.3994138	2.4040768	2.0647483

1495904829040	0.68718356	3.7653878	2.0342393

1495904829050	0.14828138	3.161071	1.2871037

1495904829059	0.1787903	0.767919	0.08832934

1495904829088	0.7918998	-1.1823875	-0.1449507

1495904829092	0.83106846	-1.6056488	-0.20397016

1495904829101	0.50932586	-0.9315215	-0.8562483

1495904829102	0.101385556	-0.7961631	-1.4616307

1495904829111	-0.117772445	-0.78963494	-2.0714095

1495904829119	-0.44710898	-0.5627498	-2.0714095

1495904829129	-1.0754063	-0.5355715	-2.2447376

1495904829140	-2.5708766	-1.0448974	-1.3764988

1495904829149	-2.5708766	-0.9630962	-1.0972556

1495904829159	-3.230882	0.78310686	-0.8998135

1495904829169	-3.0847323	1.8935518	-0.7406075

1495904829179	-3.0159872	2.0178523	-0.39914736

1495904829189	-3.1043165	1.7855049	-0.16360246

1495904829199	-3.1600053	1.6372236	-0.27924326

1495904829209	-2.9516387	1.5968559	-0.47548628

1495904829219	-2.4379163	1.1354916	-0.6838529

1495904829229	-1.8794298	0.47228885	-0.8093525

1495904829239	-1.4877431	0.22688515	-0.8888889

1495904829250	-1.2118305	0.34239274	-0.96096456

1495904829259	-0.9980016	0.46895817	-1.0591527

1495904829271	-0.7569944	0.2912337	-1.0417

1495904829279	-0.63042897	0.12430056	-0.8747668

1495904829289	-0.7046363	0.14934719	-0.6510791

1495904829300	-0.8562483	0.19957368	-0.49840128

1495904829311	-0.9511058	0.022781774	-0.48747668

1495904829320	-0.95004	-0.2912337	-0.57593924

1495904829339	-0.8136158	-0.6827871	-0.70023984

1495904829340	-0.58459896	-1.1300293	-0.69584334

1495904829349	-0.35331735	-1.4702904	-0.69584334

1495904829359	-0.026112443	-1.4256594	-0.2998934

1495904829369	0.06648015	-1.0995203	0.09259259

1495904829379	0.18318678	-0.6314948	0.5682121

1495904829389	0.40794033	-0.14281908	1.0503597

1495904829400	0.82240874	0.30748734	1.398348

1495904829410	1.2936318	0.44497734	1.6393552

1495904829429	1.6338929	0.111244336	1.7997602

1495904829431	1.938316	-0.8649081	1.6939782

1495904829439	2.5403676	-1.9110045	1.5074607

1495904829449	3.1534772	-2.3069544	1.4539036

1495904829459	3.4413803	-1.7909672	1.3819611

1495904829469	3.5025313	-0.2769784	1.2391421

1495904829479	3.1108446	1.4082068	1.0110579

1495904829489	2.4804156	2.3233414	0.7536637

1495904829499	2.2851052	2.45417	0.71875834

1495904829510	2.5251799	1.9349854	0.90967226

1495904829519	2.7575274	1.2292832	0.9477751

1495904829529	2.7695177	0.7536637	0.6085798

1495904829539	2.5883293	0.23661071	0.15161204

1495904829569	2.212097	-0.42206234	0.16466826

1495904829573	1.80842	-0.25406343	0.7122302

1495904829576	1.3928857	-0.11231015	1.3733014

1495904829579	1.0536904	-0.36211032	1.8204104

1495904829589	0.77990943	-0.86277646	1.9949374

1495904829599	0.6184386	-1.4092726	1.8750333

1495904829609	0.5802025	-2.172795	1.5707434

1495904829619	0.598721	-2.7323475	1.2095656

1495904829629	0.62163603	-2.9363177	0.76019186

1495904829639	0.4820144	-2.9058087	0.28896883

1495904829649	0.20397016	-2.5502264	-0.09485745

1495904829659	-0.11231015	-1.9339195	-0.36863843

1495904829669	-0.40900612	-1.2019718	-0.6031175

1495904829679	-0.65880626	-0.46243006	-0.84092724

1495904829689	-0.86930454	0.2136957	-1.0067946

1495904829701	-1.009992	0.77551293	-1.1060485

1495904829710	-1.1201705	1.2608579	-1.1452172

1495904829719	-1.2740474	1.678657	-1.0722089

1495904829729	-1.5183853	1.938316	-0.97948307

1495904829739	-1.7604584	1.9938716	-0.82680523

1495904829749	-1.8586464	1.7517985	-0.2246203

1495904829759	-1.1725286	0.2759126	0.09259259

1495904829769	-0.22248867	-0.5824674	0.39155343

1495904829779	1.603384	-1.3470557	0.8932854

1495904829789	3.7282174	-0.032640554	1.9066081

1495904829799	3.7336798	3.938849	3.1119106

1495904829811	1.4965361	5.230349	3.177458

1495904829819	-0.5965894	2.1302958	2.1117773

1495904829829	-0.09152678	-0.9696243	0.58459896

1495904829839	1.7223555	-2.9722888	-0.96642685

1495904829850	0.6369571	-2.1139088	-1.534639

1495904829859	-0.9347189	-0.52464694	-1.9698907

1495904829869	-1.7942979	0.5595524	-2.213163

1495904829879	-2.186917	1.4048761	-2.4171329

1495904829889	-2.3735678	2.213163	-3.1131096

1495904829900	-2.6364243	2.4150014	-3.573408

1495904829910	-2.9243271	1.375433	-2.8403943

1495904829919	-2.759659	0.101385556	-1.451772

1495904829929	-2.4650946	-0.20610179	-0.7624567

