1494420556650	50.879997	15.719999	-10.92

1494420556657	50.879997	15.719999	-10.98

1494420556667	50.76	15.839999	-11.219999

1494420556677	50.82	15.78	-11.4

1494420556687	50.76	15.78	-11.5199995

1494420556697	50.76	15.78	-11.28

1494420556707	50.579998	15.96	-11.16

1494420556717	50.579998	15.66	-10.86

1494420556727	50.579998	15.36	-10.8

1494420556737	50.64	15.36	-10.8

1494420556747	50.82	15.059999	-10.62

1494420556761	50.82	15.12	-10.38

1494420556767	50.52	15.12	-10.38

1494420556777	50.52	15.12	-10.62

1494420556787	50.219997	15.059999	-10.5

1494420556797	50.16	15.24	-10.8

1494420556807	50.039997	15.24	-10.559999

1494420556818	49.98	14.94	-10.32

1494420556828	49.86	15.179999	-10.26

1494420556837	49.92	15.179999	-10.32

1494420556847	50.46	15.179999	-10.5

1494420556858	50.34	15.36	-10.32

1494420556867	50.34	15.24	-10.32

1494420556877	50.46	15.24	-10.26

1494420556887	50.76	15.48	-10.559999

1494420556897	50.64	15.54	-10.559999

1494420556907	50.76	15.719999	-10.62

1494420556917	50.64	15.48	-10.8

1494420556927	50.46	15.48	-10.679999

1494420556937	50.219997	15.36	-10.679999

1494420556947	50.76	15.42	-11.099999

1494420556958	50.82	15.24	-11.099999

1494420556968	50.76	15.24	-10.8

1494420556977	50.82	15.42	-10.8

1494420556987	50.879997	15.179999	-10.92

1494420556997	50.879997	15.36	-10.679999

1494420557007	50.879997	15.12	-10.5

1494420557019	51.18	14.94	-10.38

1494420557028	50.82	14.759999	-10.2

1494420557037	50.52	14.88	-10.0199995

1494420557047	50.34	15.059999	-10.0199995

1494420557057	50.28	15.12	-10.2

1494420557067	50.16	15.24	-10.0199995

1494420557078	50.039997	15.42	-10.26

1494420557088	50.219997	15.54	-10.2

1494420557097	50.219997	15.719999	-10.38

1494420557107	50.34	15.839999	-10.559999

1494420557117	50.579998	16.02	-10.5

1494420557127	50.76	15.66	-10.8

1494420557138	50.82	15.719999	-10.62

1494420557148	50.94	15.78	-10.8

1494420557158	51.059998	15.719999	-10.86

1494420557168	51.12	15.839999	-11.16

1494420557178	50.94	15.839999	-10.92

1494420557187	50.64	15.719999	-10.679999

1494420557197	50.28	15.66	-10.679999

1494420557245	50.28	15.96	-10.8

1494420557246	50.34	15.78	-10.8

1494420557247	50.039997	15.719999	-10.8

1494420557247	49.98	15.719999	-10.559999

1494420557248	49.739998	15.42	-10.32

1494420557257	49.739998	15.48	-10.32

1494420557266	50.219997	15.78	-10.62

1494420557276	50.52	15.719999	-10.92

1494420557287	50.34	15.66	-10.8

1494420557297	50.28	15.78	-10.8

1494420557307	50.16	15.78	-10.62

1494420557318	50.28	15.78	-10.62

1494420557328	50.28	15.96	-10.86

1494420557337	50.28	15.839999	-11.16

1494420557347	50.219997	15.54	-10.86

1494420557357	50.28	15.54	-10.86

1494420557367	50.28	15.719999	-10.86

1494420557376	50.34	15.719999	-10.86

1494420557387	50.52	15.54	-11.16

1494420557397	50.46	15.66	-11.28

1494420557407	50.579998	15.719999	-11.219999

1494420557418	50.579998	15.48	-10.98

1494420557428	50.64	15.66	-11.219999

1494420557438	50.76	15.66	-11.219999

1494420557448	50.879997	15.48	-11.219999

1494420557457	50.579998	15.36	-11.5199995

1494420557467	50.82	15.179999	-11.219999

1494420557477	50.879997	15.059999	-11.099999

1494420557487	50.579998	15.059999	-10.92

1494420557498	50.64	15.24	-11.16

1494420557507	50.579998	15.36	-11.28

1494420557518	50.52	15.48	-11.4

1494420557528	50.46	15.54	-11.46

1494420557537	50.579998	15.66	-11.4

1494420557547	50.579998	15.839999	-11.58

1494420557557	50.52	15.839999	-11.58

1494420557567	50.82	15.839999	-11.759999

1494420557578	50.94	15.839999	-11.7

1494420557587	50.879997	15.96	-11.4

1494420557597	50.64	15.839999	-11.099999

1494420557607	50.52	16.02	-10.86

1494420557617	50.34	16.08	-10.62

1494420557627	50.46	16.02	-10.38

1494420557637	50.46	15.78	-10.559999

1494420557647	50.28	15.78	-10.38

1494420557657	50.16	15.839999	-10.38

1494420557668	50.16	15.719999	-10.559999

1494420557679	50.46	15.42	-10.8

1494420557687	50.579998	15.24	-10.98

1494420557697	51.059998	15.179999	-10.98

1494420557707	51.18	15.24	-11.219999

1494420557717	51.18	15.54	-10.92

1494420557728	51.42	15.48	-10.92

1494420557738	51.42	15.48	-10.98

1494420557747	51.42	15.66	-10.98

1494420557757	51.36	15.839999	-10.8

1494420557767	51.18	15.54	-10.679999

1494420557777	50.76	15.48	-10.86

1494420557787	50.52	15.42	-10.62

1494420557797	50.46	15.42	-10.92

1494420557807	50.219997	15.24	-11.16

1494420557819	50.219997	15.24	-11.099999

1494420557828	50.28	15.179999	-10.86

1494420557837	50.28	15.179999	-10.86

1494420557847	50.34	15.48	-10.86

1494420557857	50.579998	15.54	-10.679999

1494420557867	50.219997	15.719999	-10.62

1494420557877	50.46	15.719999	-10.38

1494420557887	50.579998	15.96	-10.38

1494420557898	50.64	15.839999	-10.5

1494420557908	50.579998	15.54	-10.8

1494420557917	50.579998	15.78	-10.98

1494420557927	50.579998	15.719999	-10.98

1494420557937	50.579998	15.66	-11.16

1494420557947	50.94	15.66	-11.16

1494420557957	50.879997	15.719999	-11.219999

1494420557967	50.879997	15.719999	-11.16

1494420557977	50.76	15.78	-10.92

1494420557987	50.879997	16.02	-10.679999

1494420557998	50.82	15.96	-10.62

1494420558008	50.879997	15.96	-10.38

1494420558017	50.879997	15.96	-10.26

1494420558027	50.64	15.78	-10.32

1494420558037	50.52	15.719999	-10.32

1494420558047	50.34	15.719999	-10.2

1494420558058	50.46	15.839999	-10.08

1494420558068	50.52	16.02	-10.26

1494420558077	50.76	16.02	-10.26

1494420558087	50.64	16.08	-10.5

1494420558097	50.76	16.14	-10.38

1494420558107	50.94	16.26	-10.62

1494420558117	50.94	16.02	-10.8

1494420558127	50.94	16.08	-10.98

1494420558137	51.18	15.96	-11.219999

1494420558147	51.12	15.96	-10.98

1494420558159	50.76	15.66	-10.98

1494420558168	50.82	15.54	-11.099999

1494420558177	50.82	15.48	-11.4

1494420558187	50.82	15.54	-11.16

1494420558198	50.94	15.54	-11.16

1494420558207	51.059998	15.54	-11.16

1494420558217	50.94	15.48	-10.98

1494420558227	50.64	15.179999	-11.28

1494420558237	50.94	15.12	-11.16

1494420558247	50.879997	14.94	-10.86

1494420558258	50.879997	14.94	-10.8

1494420558268	50.64	14.94	-11.099999

1494420558277	50.579998	15.24	-11.219999

1494420558287	50.64	15.12	-11.16

1494420558297	50.52	15.179999	-11.28

1494420558307	50.64	15.42	-11.219999

1494420558317	50.219997	15.78	-11.16

1494420558327	50.28	16.08	-11.219999

1494420558337	50.219997	15.96	-11.099999

1494420558347	50.34	15.839999	-10.8

1494420558357	50.46	15.78	-10.62

1494420558367	50.46	15.839999	-10.32

1494420558378	50.579998	16.02	-10.38

1494420558388	50.64	16.02	-10.26

1494420558397	51.059998	15.96	-10.2

1494420558407	50.76	15.839999	-10.2

1494420558417	50.52	16.08	-10.08

1494420558427	50.64	16.08	-10.26

1494420558438	50.579998	16.02	-10.26

1494420558448	50.52	15.96	-10.559999

1494420558457	50.34	15.839999	-10.32

1494420558467	50.46	15.839999	-10.5

1494420558477	50.46	15.66	-10.62

1494420558487	50.46	15.78	-10.62

1494420558498	50.64	15.78	-10.679999

1494420558508	50.52	15.96	-10.5

1494420558517	50.52	16.32	-10.2

1494420558527	50.46	16.44	-10.2

1494420558537	50.039997	16.44	-10.0199995

1494420558547	50.039997	16.44	-10.0199995

1494420558558	49.98	16.68	-10.2

1494420558568	50.34	16.44	-10.0199995

1494420558577	50.52	16.26	-10.0199995

1494420558587	50.579998	16.08	-9.96

1494420558597	50.34	15.839999	-10.08

1494420558607	50.46	16.08	-9.96

1494420558618	50.879997	16.32	-10.32

1494420558628	50.82	16.08	-10.32

1494420558637	50.82	16.08	-10.2

1494420558647	50.76	16.14	-10.5

1494420558657	50.52	16.44	-10.62

1494420558667	50.46	16.44	-10.8

1494420558678	50.64	16.32	-10.92

1494420558688	50.76	15.78	-11.099999

1494420558697	50.64	15.48	-10.98

1494420558707	50.879997	15.839999	-11.099999

1494420558717	50.94	15.78	-10.92

1494420558727	50.879997	15.839999	-10.8

1494420558738	50.94	15.78	-10.559999

1494420558748	51.12	15.719999	-10.38

1494420558757	51.239998	15.96	-10.38

1494420558767	51.36	16.32	-10.38

1494420558777	51.48	16.44	-10.38

1494420558787	51.18	16.26	-10.38

1494420558799	51.36	16.44	-10.559999

1494420558808	51.42	16.14	-10.559999

1494420558817	51.48	16.44	-10.86

1494420558827	51.42	16.68	-11.16

1494420558837	51.42	16.44	-11.16

1494420558847	51.36	16.38	-11.16

1494420558857	51.18	16.14	-10.98

1494420558867	51.48	16.38	-10.679999

1494420558877	51.36	16.02	-10.86

1494420558887	51.239998	16.26	-10.8

1494420558897	51.239998	15.719999	-10.5

1494420558907	51.36	15.36	-10.5

1494420558917	51.18	15.179999	-10.32

1494420558927	51.18	14.88	-10.32

1494420558937	51.239998	14.94	-10.5

1494420558947	51.059998	14.88	-10.5

1494420558956	50.94	15.12	-10.32

1494420558967	51.059998	15.179999	-10.559999

1494420558978	51.18	15.42	-10.559999

1494420558988	51.12	15.78	-10.38

1494420558997	51.059998	16.08	-10.559999

1494420559007	51.12	16.32	-10.32

1494420559017	51.059998	16.44	-10.2

1494420559027	50.94	16.38	-10.5

1494420559038	51.12	16.14	-10.5

1494420559048	51.059998	16.02	-10.559999

1494420559057	50.94	15.96	-10.62

1494420559067	51.059998	15.719999	-10.62

1494420559077	51.239998	15.66	-10.5

1494420559087	51.059998	15.96	-10.8

1494420559097	50.94	15.54	-10.98

1494420559107	51.12	15.36	-10.8

1494420559118	50.94	15.48	-10.92

1494420559128	50.94	15.48	-10.679999

1494420559137	50.82	15.54	-10.559999

1494420559147	50.52	15.66	-10.679999

1494420559157	50.28	15.54	-10.679999

1494420559167	50.34	15.059999	-10.679999

1494420559178	50.46	15.179999	-10.62

1494420559188	50.52	15.48	-10.8

1494420559202	50.579998	15.48	-10.86

1494420559207	50.579998	15.66	-10.86

1494420559217	50.76	15.719999	-10.98

1494420559227	51.12	15.719999	-10.98

1494420559237	51.12	15.719999	-11.16

1494420559247	51.18	16.02	-11.219999

1494420559257	51.36	16.14	-11.28

1494420559267	51.18	16.26	-11.16

1494420559277	51.36	16.32	-11.099999

1494420559287	50.94	16.32	-11.099999

1494420559297	50.82	16.14	-11.099999

1494420559307	50.579998	15.719999	-10.92

1494420559317	50.64	15.719999	-10.92

1494420559327	50.579998	15.66	-10.8

1494420559337	50.46	15.66	-10.559999

1494420559347	50.219997	15.42	-10.679999

1494420559357	50.16	15.179999	-10.559999

1494420559367	50.579998	15.059999	-10.559999

1494420559377	50.579998	14.88	-10.5

1494420559387	50.64	15.42	-10.62

1494420559397	50.76	15.24	-10.5

1494420559407	50.52	15.179999	-10.26

1494420559417	50.52	15.059999	-10.26

1494420559427	50.94	15.12	-10.08

1494420559437	50.879997	15.24	-10.32

1494420559447	50.82	15.24	-10.559999

1494420559457	50.82	15.42	-10.8

1494420559467	50.94	15.36	-10.86

1494420559477	51.059998	15.54	-11.099999

1494420559487	51.42	15.66	-11.4

1494420559497	51.539997	15.719999	-11.58

1494420559507	51.12	15.719999	-11.5199995

1494420559517	51.18	15.36	-11.16

1494420559527	51.36	15.36	-10.8

1494420559537	51.42	15.179999	-10.8

1494420559547	51.18	15.24	-10.679999

1494420559557	51.18	15.36	-10.62

1494420559567	50.94	15.24	-10.559999

1494420559577	50.82	15.24	-10.26

1494420559587	50.94	15.24	-10.32

1494420559597	50.64	15.719999	-10.679999

1494420559607	50.52	15.78	-10.98

1494420559617	50.46	16.08	-10.98

1494420559626	50.46	15.96	-10.98

1494420559637	50.219997	15.839999	-10.86

1494420559647	50.039997	15.96	-10.679999

1494420559657	50.039997	15.839999	-10.98

1494420559667	50.16	15.839999	-11.28

1494420559677	50.46	15.839999	-11.099999

1494420559687	50.34	15.66	-10.92

1494420559697	50.16	15.54	-10.92

1494420559707	50.219997	15.54	-10.679999

1494420559717	50.34	15.48	-10.679999

1494420559727	50.82	15.48	-10.679999

1494420559737	50.879997	15.54	-10.62

1494420559747	50.82	15.719999	-10.32

1494420559757	50.879997	15.78	-10.32

1494420559767	50.76	16.14	-10.26

1494420559777	50.879997	16.26	-10.26

1494420559787	50.879997	16.26	-10.32

1494420559797	50.879997	16.619999	-10.5

1494420559807	50.76	16.56	-10.8

1494420559817	50.579998	16.56	-10.8

1494420559826	50.579998	16.38	-11.099999

1494420559837	50.52	16.26	-10.98

1494420559847	50.52	16.08	-11.28

1494420559857	50.52	15.96	-11.099999

1494420559867	50.64	15.78	-10.98

1494420559877	50.64	15.54	-11.099999

1494420559887	50.579998	15.42	-10.8

1494420559897	50.64	15.48	-10.8

1494420559906	50.82	15.48	-10.62

1494420559917	50.76	15.48	-10.679999

1494420559927	50.879997	15.54	-10.8

1494420559937	50.94	15.719999	-10.679999

1494420559947	50.76	15.839999	-10.92

1494420559957	50.579998	15.54	-10.5

1494420559967	50.579998	15.839999	-10.5

1494420559977	50.579998	15.719999	-10.32

1494420559987	50.52	15.719999	-10.0199995

1494420559997	50.46	15.719999	-10.2

1494420560007	50.52	15.42	-9.78

1494420560017	50.52	15.42	-9.9

1494420560027	50.76	15.66	-9.66

1494420560037	50.82	15.54	-9.78

1494420560047	51.059998	15.24	-10.0199995

1494420560057	50.94	15.12	-10.26

1494420560067	50.879997	15.179999	-10.32

1494420560077	50.94	15.059999	-10.08

1494420560087	50.94	15.36	-10.38

1494420560097	50.76	15.24	-10.5

1494420560107	50.579998	15.059999	-10.5

1494420560117	50.579998	15.48	-10.679999

1494420560127	50.34	15.66	-10.5

1494420560137	50.46	15.96	-10.38

1494420560147	50.579998	15.839999	-10.38

1494420560157	50.64	15.839999	-10.32

1494420560167	50.82	15.78	-10.0199995

1494420560177	51.12	15.719999	-10.26

1494420560187	51.239998	15.78	-10.2

1494420560197	51.36	15.719999	-9.96

1494420560207	51.42	15.839999	-9.9

1494420560217	51.48	15.839999	-9.66

1494420560227	51.36	15.66	-9.599999

1494420560237	51.239998	15.96	-9.66

1494420560247	51.059998	15.839999	-9.719999

1494420560257	51.12	15.839999	-9.66

1494420560267	51.12	15.78	-9.96

1494420560277	51.18	15.719999	-9.78

1494420560287	50.879997	15.66	-9.719999

1494420560297	50.76	15.24	-9.96

1494420560307	50.82	15.42	-10.26

1494420560317	50.879997	15.24	-10.5

1494420560326	50.879997	15.36	-10.38

1494420560337	50.76	15.12	-10.38

1494420560346	50.64	15.24	-10.26

1494420560357	50.46	15.24	-10.32

1494420560367	50.82	15.179999	-10.62

1494420560377	50.82	15.54	-10.62

1494420560387	50.82	15.66	-10.679999

1494420560397	50.94	15.719999	-10.559999

1494420560407	51.059998	15.78	-10.62

1494420560417	51.059998	15.839999	-10.62

1494420560427	50.579998	15.96	-10.559999

1494420560437	50.82	15.66	-10.679999

1494420560447	50.64	15.66	-10.8

1494420560457	50.64	15.54	-10.62

1494420560467	50.579998	15.54	-10.38

1494420560477	50.28	15.54	-10.38

1494420560487	50.28	15.42	-10.38

1494420560497	50.28	15.66	-10.2

1494420560507	50.64	15.54	-10.26

1494420560517	50.52	15.96	-10.2

1494420560527	50.28	15.96	-9.9

1494420560537	50.34	15.96	-9.719999

1494420560547	50.34	15.839999	-9.48

1494420560557	50.34	15.839999	-9.78

1494420560567	50.34	15.839999	-9.78

1494420560577	50.52	15.839999	-9.78

1494420560587	50.46	15.96	-9.96

1494420560597	50.52	15.839999	-10.0199995

1494420560607	50.34	15.719999	-10.26

1494420560617	50.28	15.78	-10.38

1494420560627	50.46	15.78	-10.8

1494420560637	50.52	15.54	-10.62

1494420560647	50.52	15.719999	-10.559999

1494420560657	50.34	15.719999	-10.62

1494420560667	50.219997	15.54	-10.679999

1494420560677	50.34	15.719999	-10.62

1494420560687	50.82	16.02	-10.5

1494420560697	50.64	15.96	-10.5

1494420560707	50.579998	15.96	-10.5

1494420560725	50.52	16.14	-10.2

1494420560727	50.579998	15.839999	-10.26

1494420560737	50.52	16.02	-10.0199995

1494420560747	50.64	16.02	-9.66

1494420560757	50.52	15.839999	-9.66

1494420560767	50.34	15.78	-9.599999

1494420560777	50.579998	15.96	-9.599999

1494420560787	50.34	16.08	-9.3

1494420560797	50.46	16.14	-9.3

1494420560807	50.28	16.56	-9.12

1494420560817	50.28	16.68	-9.12

1494420560827	50.34	16.74	-9.179999

1494420560837	50.28	16.68	-9.179999

1494420560847	50.52	16.859999	-9.179999

1494420560857	50.46	16.68	-9.179999

1494420560867	50.76	16.56	-9.48

1494420560877	50.64	16.619999	-9.48

1494420560887	50.76	16.56	-9.599999

1494420560897	50.579998	16.26	-9.719999

1494420560907	50.579998	16.08	-9.66

1494420560917	50.579998	16.08	-9.599999

1494420560927	50.46	15.839999	-9.48

1494420560937	50.52	15.78	-9.36

1494420560947	50.46	15.78	-9.12

1494420560957	50.52	15.719999	-9.3

1494420560967	50.46	15.66	-9.3

1494420560977	50.64	15.66	-9.179999

1494420560987	50.64	15.719999	-9.3

1494420560997	50.76	16.08	-9.36

1494420561007	50.879997	16.26	-9.48

1494420561017	50.879997	16.26	-9.42

1494420561027	50.64	16.38	-9.42

1494420561037	50.82	16.38	-9.3

1494420561047	50.94	16.44	-9.179999

1494420561057	51.059998	16.38	-9.36

1494420561067	51.059998	16.38	-9.42

1494420561077	50.76	16.08	-9.42

1494420561087	50.579998	16.08	-9.36

1494420561097	50.76	16.26	-9.599999

1494420561107	51.059998	16.14	-9.66

1494420561117	50.94	16.08	-9.599999

1494420561127	50.879997	15.96	-9.66

1494420561137	50.879997	16.02	-9.9

1494420561147	51.059998	16.02	-9.66

1494420561157	51.18	15.78	-9.48

1494420561167	51.18	15.66	-9.42

1494420561189	51.059998	15.54	-9.66

1494420561190	51.059998	15.36	-9.66

1494420561197	50.94	15.24	-9.78

1494420561207	51.059998	15.24	-10.0199995

1494420561217	51.12	15.179999	-9.96

1494420561227	51.18	14.94	-10.0199995

1494420561237	51.36	15.179999	-10.2

1494420561247	51.539997	15.179999	-10.559999

1494420561257	51.539997	15.12	-10.559999

1494420561267	51.539997	15.42	-10.559999

1494420561277	51.539997	15.48	-10.559999

1494420561287	51.12	15.54	-10.38

1494420561297	50.76	15.66	-10.2

1494420561307	50.52	15.78	-10.26

1494420561317	50.34	15.839999	-10.5

1494420561327	50.16	15.96	-10.2

1494420561337	50.16	16.08	-10.08

1494420561347	49.98	15.78	-10.0199995

1494420561357	49.739998	15.839999	-9.96

1494420561367	50.039997	15.66	-9.719999

1494420561377	50.28	15.78	-9.719999

1494420561387	50.34	15.96	-9.599999

1494420561398	50.579998	15.78	-9.3

1494420561407	50.52	15.839999	-9.179999

1494420561416	50.52	15.839999	-9.3

1494420561426	50.52	16.14	-9.3

1494420561437	50.82	16.02	-9.36

1494420561447	50.82	16.26	-9.42

1494420561457	50.82	16.08	-9.42

1494420561467	50.76	15.78	-9.48

1494420561477	50.76	15.839999	-9.78

1494420561487	50.879997	15.839999	-9.9

1494420561497	50.82	16.08	-9.599999

1494420561507	50.82	16.08	-9.42

1494420561517	50.76	16.26	-9.36

1494420561527	50.76	16.02	-9.42

1494420561537	50.64	15.96	-9.42

1494420561547	50.64	16.08	-9.48

1494420561557	50.579998	16.14	-9.3

1494420561567	50.52	16.08	-9.179999

1494420561577	50.34	15.78	-9.059999

1494420561587	50.52	15.78	-9.3

1494420561597	50.579998	15.78	-9.42

1494420561607	50.879997	16.14	-9.36

1494420561617	51.059998	16.26	-9.42

1494420561627	51.059998	16.38	-9.179999

1494420561637	50.94	16.38	-9.0

