1494364523076	-18.3	-26.04	-24.6

1494364523172	-19.32	-24.96	-26.22

1494364523272	-20.22	-24.66	-26.46

1494364523372	-20.34	-25.8	-24.72

1494364523481	-20.52	-27.48	-22.2

1494364523572	-21.48	-28.62	-20.4

1494364523672	-22.5	-28.5	-19.92

1494364523777	-22.68	-28.14	-19.98

1494364523872	-22.32	-27.12	-20.52

1494364523972	-21.9	-25.2	-22.08

1494364524079	-21.66	-22.92	-23.88

1494364524172	-22.2	-20.88	-25.74

1494364524272	-22.86	-19.44	-26.46

1494364524380	-22.68	-19.26	-25.62

1494364524472	-22.14	-20.34	-22.98

1494364524574	-22.32	-22.14	-19.62

1494364524678	-22.74	-23.34	-17.22

1494364524772	-23.52	-24.0	-15.72

1494364524870	-23.52	-24.24	-15.6

1494364524980	-23.04	-23.52	-16.02

1494364525072	-22.62	-22.68	-17.46

1494364525177	-22.62	-21.84	-19.08

1494364525290	-23.28	-21.0	-20.58

1494364525382	-23.64	-21.18	-21.18

1494364525493	-23.52	-22.2	-20.28

1494364525588	-22.56	-24.36	-17.76

1494364525681	-21.9	-27.06	-14.28

1494364525784	-21.66	-29.7	-11.46

1494364525890	-22.02	-31.44	-10.02

1494364525982	-22.14	-31.92	-10.32

1494364526081	-21.72	-31.98	-11.88

1494364526186	-21.72	-31.5	-13.86

1494364526282	-22.14	-30.96	-16.44

1494364526382	-23.1	-30.36	-18.96

1494364526488	-24.0	-30.48	-20.64

1494364526582	-24.18	-30.96	-20.76

1494364526693	-23.28	-32.46	-18.9

1494364526782	-22.26	-34.92	-15.72

1494364526885	-22.32	-37.02	-13.68

1494364526982	-22.38	-37.62	-13.44

1494364527082	-22.26	-37.8	-14.22

1494364527182	-21.72	-37.2	-15.6

1494364527282	-21.42	-36.06	-18.18

1494364527394	-21.9	-34.74	-21.12

1494364527482	-22.74	-33.66	-23.94

1494364527582	-23.64	-33.24	-25.74

1494364527684	-23.76	-33.54	-25.02

1494364527782	-23.04	-35.16	-22.62

1494364527882	-22.5	-36.96	-19.86

1494364527982	-23.1	-38.1	-18.72

