1495201947546	-0.6703765	-7.431602	2.087744

1495201947555	-0.9959879	-7.479486	1.982399

1495201947649	-1.283292	-7.431602	1.8579005

1495201947652	-1.6663644	-7.422025	1.2258313

1495201947657	-1.6376339	-7.52737	0.076614454

1495201947661	-1.2449849	-7.517793	-0.4405331

1495201947666	-0.80445176	-7.5082164	-0.78529817

1495201947670	-0.45968673	-7.4507556	-1.3024458

1495201947674	-0.25857377	-7.431602	-1.6950948

1495201947678	-0.10534488	-7.3645644	-2.1068976

1495201947682	0.019153614	-7.249643	-2.7581203

1495201947687	0.23942018	-7.1730285	-3.5434184

1495201947690	0.45968673	-7.2687964	-4.223372

1495201947694	0.641646	-7.441179	-4.309563

1495201947698	0.45010993	-7.795521	-3.9743748

1495201947702	0.10534488	-8.418014	-3.4380736

1495201947706	0.076614454	-8.887277	-3.0933087

1495201947710	-0.45968673	-8.810662	-2.6048915

1495201947900	-0.89064306	-8.37013	-3.1603463

1495201947904	-0.81402856	-8.1402855	-4.1946416

1495201947907	-0.93852705	-8.264784	-5.2768207

1495201947912	-0.2681506	-8.686164	-6.215348

1495201947916	0.61291564	-9.126697	-6.8569937

1495201947919	1.283292	-9.251195	-6.7708025

1495201947923	1.7238252	-9.097966	-6.033388

1495201947927	1.7717092	-8.801085	-4.9224787

1495201947930	1.3024458	-8.255207	-4.1180267

1495201947937	0.7278373	-7.5082164	-3.6870706

1495201947941	0.29688102	-6.789956	-3.2082303

1495201947944	-0.038307227	-6.205771	-2.1068976

1495201947949	-0.22984336	-5.841852	-0.842759

1495201947953	-0.21068975	-4.999093	-0.29688102

1495201947957	-2.1260512	-6.205771	-1.8004397

1495201947960	-3.6008794	-11.032481	-5.0278234

1495201947964	-4.213795	-18.521544	-10.400413

1495201947967	-1.5705963	-19.6133	-7.144298

1495201947971	4.4915223	-19.6133	-2.5953147

1495201947975	-4.2521024	-13.005303	2.078167

1495201947979	-13.512875	-2.030283	6.4547677

1495201947982	-18.397045	4.5681367	7.393295

1495201947985	-15.428236	5.410896	4.0797195

1495201947989	-4.8937483	-1.8579005	3.7541082

1495201947993	5.056554	-10.630256	6.646304

1495201947998	9.193734	-18.071434	7.249643

1495201948001	9.998186	-19.6133	4.4340615

1495201948006	9.32781	-19.6133	1.1013328

1495201948009	6.0716953	-18.722658	-0.48841715

1495201948014	1.982399	-12.488156	1.0534488

1495201948367	-2.4995465	-7.9487495	1.8674773

1495201948371	-6.6271505	-5.7748146	0.7565677

1495201948375	-7.9391727	-5.094861	0.35434186

1495201948379	-7.97748	-6.4739213	-0.1340753

1495201948382	-5.8226986	-7.9391727	-0.10534488

1495201948386	-2.8634653	-9.605537	0.29688102

1495201948389	-1.6567876	-11.348516	0.80445176

1495201948394	-0.11492168	-11.60709	1.5993267

1495201948397	-0.30645782	-10.907983	2.0111294

1495201948401	0.2777274	-9.710882	1.0247183

1495201948405	0.63206923	-9.404425	0.08619126

1495201948408	0.2777274	-9.461885	-0.4309563

1495201948411	0.15322891	-9.605537	-0.37349546

1495201948415	0.25857377	-9.701305	0.16280572

1495201948419	-0.05746084	-10.01734	0.24899697

1495201948422	-0.45010993	-10.295067	-0.019153614

1495201948426	-0.60333884	-10.28549	-0.2777274

1495201948430	-0.48841715	-10.113108	0.22026655

1495201948434	-0.60333884	-10.189722	0.78529817

1495201948437	-0.25857377	-10.419566	0.46926352

1495201948441	-0.2681506	-10.448297	0.45010993

1495201948444	-0.21068975	-10.275913	0.37349546

1495201948448	-0.45010993	-10.429143	0.39264908

1495201948452	-0.45010993	-10.611102	0.4213795

1495201948455	-0.30645782	-10.821792	0.7469909

1495201948459	0.1340753	-10.898406	0.92895025

1495201948462	0.24899697	-10.898406	1.1300632

1495201948466	0.2873042	-10.94629	1.2354081

1495201948470	0.31603462	-11.061212	1.3503298

1495201948473	0.15322891	-11.089942	1.4077905

1495201948477	0.05746084	-11.147403	1.1013328

1495201948480	-0.30645782	-11.3964	0.89064306

1495201948484	-0.63206923	-11.319786	0.50757074

1495201948488	-0.63206923	-11.099519	0.038307227

1495201948491	-0.4309563	-11.195287	-0.38307226

1495201948495	-0.24899697	-11.262324	-0.62249243

1495201948498	0.0	-11.530476	-0.8619126

1495201948501	0.2681506	-11.63582	-1.1492168

1495201948505	0.40222588	-11.894394	-1.2354081

1495201948509	0.45968673	-12.143391	-1.1492168

1495201948513	0.48841715	-12.545617	-1.1013328

1495201948517	0.6799533	-13.062764	-1.1300632

1495201948521	0.9576807	-13.359646	-1.091756

1495201948525	1.436521	-14.116213	-1.2737153

1495201948529	1.3120226	-15.533581	-1.4173675

1495201948532	1.4173675	-17.03714	-1.283292

1495201948534	0.40222588	-17.046717	-0.93852705

1495201948538	-0.80445176	-15.399506	-0.842759

1495201948542	-1.1492168	-13.158532	-1.982399

1495201948546	-1.4748282	-11.070788	-1.043872

1495201948549	-1.6184803	-8.762778	-1.5801731

1495201948553	-2.2505496	-9.883265	-3.217807

1495201948556	-2.7485435	-11.568783	-2.815581

1495201948560	-3.2848446	-12.172121	-1.3982137

1495201948564	-4.3478703	-12.545617	-0.545878

1495201949066	-5.171476	-13.120225	0.4213795

1495201949069	-5.257667	-13.67568	0.7469909

1495201949073	-4.2042184	-14.33648	0.47884035

1495201949077	-2.4995465	-14.60463	0.91937345

1495201949081	-0.7182605	-13.9917145	2.0207062

1495201949084	0.17238252	-12.555194	2.719813

1495201949088	0.5363012	-11.674128	2.030283

1495201949091	-0.12449849	-11.118672	1.6759412

1495201949095	-0.21068975	-11.042058	0.8810662

1495201949099	0.15322891	-11.281479	-0.076614454

1495201949102	0.5650316	-10.869676	-0.08619126

1495201949105	0.30645782	-10.113108	0.5267244

1495201949109	-0.10534488	-9.3661175	1.091756

1495201949114	-0.5554548	-8.829816	1.0151415

1495201949117	-0.9672575	-8.523358	0.79487497

1495201949121	-1.043872	-8.580819	0.7661445

1495201949124	-0.7469909	-8.801085	0.9959879

1495201949127	-0.40222588	-8.944737	1.2258313

1495201949131	-0.46926352	-9.11712	1.3790601

1495201949135	-0.82360536	-9.165004	1.3024458

1495201949139	-0.8810662	-9.212888	1.091756

1495201949143	-1.0247183	-9.423578	1.1779473

1495201949146	-1.2162545	-9.442732	1.091756

1495201949150	-1.5227122	-9.193734	0.91937345

1495201949155	-1.7046716	-8.791509	0.7469909

1495201949159	-1.9440918	-8.532935	0.23942018

1495201949162	-2.1164744	-8.561666	-0.11492168

1495201949165	-2.0207062	-8.465898	-0.545878

1495201949169	-2.0590134	-8.561666	-0.9959879

1495201949172	-1.9249382	-8.868123	-1.7142484

1495201949177	-1.5035586	-9.097966	-2.135628

1495201949181	-0.8810662	-9.32781	-2.4037786

1495201949185	-1.091756	-9.404425	-2.183512

1495201949188	-1.340753	-9.184157	-2.4612393

1495201949192	-1.7621324	-8.647857	-2.6240451

1495201949196	-2.681506	-8.00621	-2.815581

1495201949200	-2.681506	-7.383718	-3.122039

1495201949203	-2.27928	-6.5122285	-3.466804

1495201949207	-1.8962077	-6.483498	-3.7541082

1495201949210	-1.1300632	-7.029376	-4.1180267

1495201949213	-0.22026655	-7.642292	-4.501099

1495201949217	0.4405331	-7.8146744	-5.056554

1495201949220	1.3694834	-8.034941	-4.855441

1495201949224	2.2505496	-8.303091	-4.5298295

1495201949227	2.7102363	-8.552089	-4.2904096

1495201949231	2.633622	-8.599973	-4.2521024

1495201949235	2.6527755	-8.552089	-4.3957543

1495201949239	2.3942018	-8.42759	-4.7500963

1495201949242	1.733402	-8.073248	-4.7788267

1495201949246	0.7757214	-7.536947	-4.31914

1495201949249	-0.10534488	-7.144298	-3.3039982

1495201949253	-1.2737153	-7.1059904	-2.585738

1495201949257	-2.566584	-7.6231384	-2.27928

1495201949261	-4.4819455	-9.682152	-3.217807

1495201949264	-7.5082164	-16.19438	-7.5561004

1495201949268	-7.833828	-19.6133	-12.890382

1495201949272	-2.9400797	-19.6133	-2.1547816

1495201949276	-0.23942018	-9.998186	3.4955344

1495201949280	-6.5122285	-2.2601264	4.865018

1495201949283	-12.459426	1.7238252	4.3957543

1495201949287	-13.168109	1.1109096	1.5801731

1495201949291	-6.3589997	-4.960786	0.25857377

1495201949295	1.0726024	-11.990162	2.825158

1495201949298	6.493075	-17.659632	4.280833

1495201949301	9.615114	-19.594147	3.0933087

1495201949305	10.093954	-19.40261	1.1587936

1495201949308	6.042965	-16.759413	0.41180268

1495201949312	1.5897499	-11.836933	0.7757214

1495201949319	-2.183512	-8.169016	0.63206923

1495201949325	-4.8745947	-6.4643445	-0.11492168

1495201949328	-5.5641246	-6.196194	0.24899697

1495201949332	-4.405331	-7.699753	0.41180268

1495201949336	-3.2273839	-10.0269165	0.12449849

1495201949341	-1.6950948	-12.152967	0.39264908

1495201949357	-0.4405331	-13.215993	0.4213795

1495201949362	0.23942018	-13.158532	0.641646

1495201949365	0.8331822	-12.200851	0.49799395

1495201949371	0.5650316	-11.243171	0.40222588

1495201949375	0.41180268	-9.835381	0.60333884

1495201949378	0.038307227	-8.7053175	0.8810662

1495201949383	-0.7182605	-8.082825	1.1779473

1495201949387	-1.2641385	-7.833828	1.4269443

1495201949390	-0.48841715	-8.379706	0.82360536

1495201950528	-0.49799395	-9.222465	0.7182605

1495201950532	-1.3694834	-9.32781	0.842759

1495201950535	-1.1013328	-9.260772	0.5554548

1495201950538	-1.1013328	-9.260772	0.5554548

1495201950542	-0.41180268	-9.605537	0.9672575

1495201950546	-1.0055647	-10.065224	1.3024458

1495201950550	-1.4556746	-10.01734	1.4173675

1495201950553	-1.6089035	-9.825804	1.5801731

1495201950557	-1.3599066	-9.902418	1.685518

1495201950560	-0.62249243	-10.151415	1.7046716

1495201950564	-0.009576807	-10.457873	1.4748282

1495201950567	0.34476504	-10.448297	1.292869

1495201950573	0.5650316	-10.28549	1.1492168

1495201950577	0.6512229	-10.304645	1.13964

1495201950580	0.9768343	-10.342952	1.1109096

1495201950583	1.0821792	-10.563218	1.1013328

1495201950587	0.91937345	-10.6398325	0.91937345

1495201950590	0.62249243	-10.668563	0.7469909

1495201950593	-0.019153614	-10.5919485	0.7565677

1495201950598	-0.4309563	-10.783484	0.40222588

1495201950601	-0.19153613	-10.821792	0.06703765

1495201950605	0.35434186	-10.91756	0.29688102

1495201950608	1.0821792	-11.042058	0.9576807

1495201950612	1.3599066	-11.434708	1.5227122

1495201950616	0.92895025	-11.674128	1.4077905

1495201950619	0.22026655	-11.693281	1.340753

1495201950623	-0.20111294	-11.540052	1.6950948

1495201950626	-0.641646	-11.57836	1.5801731

1495201950630	-1.1971009	-12.133814	1.292869

1495201950634	-1.3503298	-13.40753	1.0534488

1495201950638	-1.2737153	-15.035586	0.9576807

1495201950642	-0.45968673	-15.868769	1.091756

1495201950645	0.06703765	-15.811308	0.60333884

1495201950649	0.59376204	-15.8783455	-0.4309563

1495201950652	1.0055647	-16.357185	-1.3024458

1495201950656	0.91937345	-16.864758	-1.7142484

1495201950660	0.32561144	-15.284584	-2.0590134

1495201950664	0.02873042	-13.350069	-2.566584

1495201950666	0.24899697	-12.248735	-3.6391866

1495201950669	0.33518824	-11.990162	-3.7445314

1495201950674	0.16280572	-11.990162	-2.4037786

1495201950678	-0.19153613	-12.861651	-0.29688102

1495201950682	-2.96881	-14.470555	-0.4309563

1495201950686	-6.339846	-15.696386	0.62249243

1495201950690	-8.839393	-16.280571	1.484405

1495201950694	-9.624691	-15.907076	2.2697031

1495201950698	-8.485051	-14.451402	2.9879637

1495201950702	-7.144298	-13.177686	3.074155

1495201950706	-5.6407394	-12.191275	2.3942018

1495201950709	-4.3957543	-11.903971	1.1779473

1495201950713	-2.920926	-11.923124	0.6991069

1495201950718	-1.484405	-12.076353	1.043872

1495201950722	-0.30645782	-11.645397	0.79487497

1495201950725	1.0630256	-10.783484	0.038307227

1495201950729	1.7717092	-10.247183	-0.24899697

1495201950732	0.6512229	-9.433155	-0.5746084

1495201950736	-0.23942018	-8.762778	0.095768064

1495201950740	-1.043872	-8.0924015	0.35434186

1495201950743	-1.436521	-7.843405	0.7182605

1495201950747	-1.4556746	-8.101978	1.1300632

1495201950750	-1.6089035	-8.42759	1.7812861

1495201950754	-1.1013328	-8.532935	2.1739352

1495201950757	-0.9768343	-8.341399	2.27928

1495201950761	-1.2641385	-8.082825	2.3654714

1495201950764	-1.8866309	-7.728483	2.1643584

1495201950767	-2.2122424	-7.5082164	1.9153614

1495201950772	-2.4708161	-7.240066	1.9153614

1495201950780	-2.1452048	-6.1866174	0.89064306

1495201950784	-1.4269443	-5.7365074	0.7374141

1495201950788	-0.8714894	-5.650316	0.36391866

1495201950792	-0.89064306	-5.861006	-0.46926352

1495201950795	-0.7182605	-5.93762	-1.8291701

1495201950799	-0.545878	-5.66947	-3.083732

1495201950803	0.0	-5.45878	-4.510676

1495201950806	0.49799395	-5.5641246	-5.3342814

1495201950809	0.38307226	-5.841852	-5.6407394

1495201950813	0.0	-6.3589997	-6.196194

1495201950816	-0.5363012	-7.0485296	-6.9048777

1495201950820	-0.90979666	-7.441179	-7.5082164

1495201950824	-0.79487497	-7.6135616	-7.6231384

1495201950827	-0.7661445	-7.881712	-7.6710224

1495201950831	-0.89064306	-8.494628	-7.536947

1495201950835	-0.60333884	-9.500193	-7.326257

1495201950838	-0.2777274	-10.697293	-7.1059904

1495201950842	-0.35434186	-11.166556	-6.253655

1495201950845	-1.1683705	-10.6877165	-5.4300494

1495201950848	-1.8195933	-9.452309	-4.759673

1495201950851	-2.4708161	-8.303091	-4.2904096

1495201950855	-3.1507695	-7.575254	-4.2042184

1495201950858	-3.667917	-7.3166804	-4.223372

1495201950862	-4.673482	-8.0445175	-5.3342814

1495201950865	-6.397307	-10.553641	-6.981492

1495201950869	-8.101978	-14.489709	-9.155427

1495201950872	-8.322245	-18.157625	-10.25676

1495201950876	-7.374141	-17.640478	-6.655881

1495201950879	-8.121132	-13.2351465	-5.1906295

1495201950883	-8.983045	-8.293514	2.4037786

1495201950886	-7.9966335	-3.6391866	3.5051112

1495201950890	-4.0892963	-3.667917	1.0534488

1495201950893	0.91937345	-9.270349	-1.2737153

1495201950897	3.7732618	-13.828909	0.019153614

1495201950900	4.0414124	-15.638926	2.72939

1495201950904	3.1124623	-14.930242	2.4037786

1495201950907	2.0207062	-13.369223	0.1436521

1495201950911	1.4460979	-12.0571995	-0.62249243

1495201950915	1.2449849	-11.271901	0.22984336

1495201950918	0.36391866	-10.745177	1.4269443

1495201950922	-0.6607997	-10.5440645	1.7238252

1495201950925	-0.82360536	-10.563218	1.0726024

1495201950928	-0.4405331	-10.927136	0.6895301

1495201950932	0.19153613	-11.434708	0.46926352

1495201950936	0.36391866	-11.884817	0.41180268

1495201950939	-0.047884032	-12.124237	-0.019153614

1495201950943	-0.9864111	-11.789049	-0.24899697

1495201950947	-1.1204864	-10.5440645	-0.15322891

1495201950950	-0.79487497	-9.56723	-0.17238252

1495201950954	-1.2545617	-9.021352	-0.6895301

1495201950957	-1.2162545	-8.523358	-0.46926352

1495201950961	-1.3311762	-8.322245	-0.7374141

1495201950965	-0.39264908	-8.025364	-0.37349546

1495201950968	0.17238252	-8.312668	-0.2777274

1495201950971	0.6703765	-8.7053175	0.095768064

1495201950975	0.7086837	-9.11712	0.06703765

1495201950978	0.31603462	-9.241618	0.009576807

1495201950982	0.4309563	-9.232041	0.22984336

1495201950986	0.5746084	-9.337387	0.22984336

1495201950989	0.40222588	-9.490616	0.5267244

1495201950993	0.2681506	-9.615114	0.7182605

1495201950996	0.23942018	-9.854534	1.043872

1495201951001	0.641646	-9.787497	1.043872

1495201951005	0.4213795	-9.069236	1.3694834

1495201951009	-0.21068975	-9.136273	1.9249382

1495201951012	-1.0151415	-9.394848	2.1930888

1495201951016	-1.5514427	-9.749189	2.5378537

1495201951019	-1.6950948	-10.113108	3.2369606

1495201951023	-1.6472107	-10.611102	3.7541082

1495201951027	-1.4173675	-10.831368	3.3423057

1495201951030	-1.484405	-10.850522	2.9400797

1495201951034	-1.3599066	-10.764331	2.2601264

1495201951037	-1.5131354	-11.089942	1.9153614

1495201951041	-1.4173675	-11.271901	1.484405

1495201951045	-1.043872	-11.386824	0.9768343

1495201951048	-0.45010993	-11.473015	0.90979666

1495201951052	0.02873042	-11.674128	0.61291564

1495201951055	0.22026655	-12.047623	0.90021986

1495201951058	0.36391866	-12.277467	1.0151415

1495201951062	-0.22026655	-12.583924	1.9057846

1495201951065	-0.31603462	-12.449849	2.2888567

1495201951068	-0.21068975	-12.26789	2.3750482

1495201951072	-0.2681506	-12.421119	2.4708161

1495201951075	-0.16280572	-12.861651	2.4037786

1495201951079	-0.51714754	-13.01488	2.4516625

1495201951082	-1.5131354	-13.168109	2.135628

1495201951086	-1.4748282	-13.781025	2.0685902

1495201951094	-0.47884035	-14.930242	2.719813

1495201951097	0.51714754	-15.524004	2.1452048

1495201951101	0.81402856	-15.351622	0.80445176

1495201951105	1.2354081	-15.150508	0.36391866

1495201951109	1.7812861	-15.016433	1.0534488

1495201951112	1.7812861	-14.633361	1.484405

1495201951116	0.59376204	-14.144943	0.9768343

1495201951119	-3.5817258	-13.570335	-1.5610195

1495201951123	-4.4244847	-10.7356	-2.882619

1495201951127	-3.7349546	-9.576807	-2.384625

1495201951131	-2.6719291	-9.634268	-1.1971009

1495201951135	-2.5187001	-11.013328	0.05746084

1495201951138	-2.4516625	-12.756307	1.6376339

1495201951142	-2.767697	-14.767436	2.3750482

1495201951146	-2.7964275	-16.136919	2.5953147

1495201951149	-2.9879637	-15.945383	2.8443117

1495201951153	-3.4955344	-14.757859	3.1890767

1495201951157	-4.1276035	-13.934254	2.930503

1495201951160	-3.8881836	-13.541605	2.2122424

1495201951164	-3.7541082	-13.091495	1.7142484

1495201951168	-3.1507695	-13.024457	1.436521

1495201951172	-2.3750482	-13.01488	0.61291564

1495201951176	-1.2354081	-12.354081	0.39264908

1495201951179	-0.60333884	-11.405977	0.7661445

1495201951185	0.51714754	-10.496181	0.7565677

1495201951190	1.3024458	-10.362105	0.30645782

1495201951204	0.30645782	-9.653421	0.21068975

1495201951212	-0.019153614	-9.212888	0.5267244

1495201951220	-0.22984336	-8.925584	1.292869

