1495751329513	1.3733014	0.6926459	-0.010791367

1495751329526	1.1693312	1.4746869	-0.035971224

1495751329532	0.85731417	2.1324275	-0.13082866

1495751329542	0.61617374	2.605782	-0.2519318

1495751329552	0.5770051	2.858913	-0.36211032

1495751329578	0.736211	2.803224	-0.4351186

1495751329581	0.9826805	2.5087929	-0.37410071

1495751329582	1.216227	2.0985878	-0.2126299

1495751329593	1.4267253	1.6143086	0.015187849

1495751329601	1.512923	1.1735945	0.3206768

1495751329611	1.4103384	0.86277646	0.6282974

1495751329621	1.1300293	0.492939	0.8562483

1495751329631	-0.9260591	-2.4814816	1.0133227

1495751329642	-6.3745003	-8.724088	1.5794032

1495751329651	-7.5417	-9.02518	2.2436717

1495751329662	-0.6009859	2.4804156	1.1561418

1495751329672	0.8387956	3.3334665	0.38276047

1495751329682	1.5062617	2.7422063	-0.699174

1495751329693	1.80842	1.9993339	-1.6372236

1495751329702	1.8390621	1.2915001	-2.0756729

1495751329711	1.732081	0.6468159	-1.8292032

1495751329721	1.709166	0.2475353	-1.1048495

1495751329731	1.8477218	0.29882762	-0.34359178

1495751329741	2.1498802	0.7961631	0.049027443

1495751329751	2.5971222	1.7299494	-0.13962163

1495751329761	3.3236077	3.3497202	-0.78310686

1495751329771	4.62057	5.859712	-1.4942713

1495751329783	6.3124166	8.238742	-1.7310152

1495751329792	6.781375	6.7781773	-1.2314149

1495751329801	5.099387	1.5379696	-0.65880626

1495751329811	4.0097256	-0.987077	-0.29882762

1495751329822	3.663869	-1.0373034	0.026112443

1495751329832	3.4676259	0.05995204	0.2126299

1495751329842	3.3639755	1.6775912	0.14068745

1495751329852	2.9952037	2.6887822	-0.111244336

1495751329861	2.257927	2.7400746	-0.782041

1495751329871	1.0165201	1.405942	-0.7973621

1495751329883	0.6947775	0.77990943	-0.51265657

1495751329891	0.5551559	0.108979486	-0.17452705

1495751329901	0.51372236	-0.3610445	0.101385556

1495751329912	0.51265657	-0.58792967	0.3261391

1495751329921	0.5584865	-0.5267786	0.4994671

1495751329931	0.6184386	-0.25512922	0.58353317

1495751329941	0.61737275	0.049027443	0.5726086

1495751329951	0.4864109	0.26392218	0.50492936

1495751329961	0.1787903	0.2769784	0.40021315

1495751329971	-0.4308553	-0.18864909	0.26605383

1495751329986	-2.0527577	-1.2402078	0.05662137

1495751330001	-2.5174527	-0.9357847	0.07953637

1495751330011	-2.7836397	-0.49080735	0.22248867

1495751330024	-3.1196377	-0.108979486	0.5452971

1495751330041	-3.4086065	-0.3261391	0.6140421

1495751330051	-3.7075672	-0.63908875	0.70023984

1495751330062	-4.1438847	-1.877165	1.0274447

1495751330073	-4.423128	-3.0901945	1.3503864

1495751330081	-4.18745	-3.6235013	1.5543565

1495751330093	-3.442446	-3.6203039	1.3787637

1495751330101	-2.7956302	-3.787237	0.74380493

1495751330111	-2.5306423	-3.9475086	0.069810815

1495751330121	-2.6570745	-3.8820944	-0.17226219

1495751330131	-2.880762	-3.4369838	-0.058886223

1495751330141	-3.024647	-2.6101785	0.15374367

1495751330151	-2.9756196	-1.7015721	0.24860112

1495751330161	-2.722622	-0.82560617	0.22901678

1495751330171	-2.2928324	-0.09259259	0.1951772

1495751330181	-1.8128164	0.3097522	0.15920597

1495751330193	-1.3056222	0.24540368	0.077404745

1495751330201	-0.7624567	-0.11990408	-0.00532907

1495751330212	-0.20823342	-0.63362646	-0.13415934

1495751330223	0.31294963	-1.0732747	-0.2912337

1495751330232	0.71875834	-1.2063682	-0.379563

1495751330242	1.0055956	-1.0536904	-0.36211032

1495751330266	1.124567	-0.64894754	-0.3162803

1495751330270	0.7624567	-0.053423926	-0.24313882

1495751330273	0.55622166	1.3972821	-0.23554489

1495751330281	0.29669598	1.9852118	-0.28244072

1495751330292	0.21156408	2.340794	-0.3675726

1495751330301	0.3675726	2.4782841	-0.42312816

1495751330311	0.69038105	2.4421797	-0.38502532

1495751330321	1.092859	2.2611244	-0.25086597

1495751330333	1.4605649	1.9774847	-0.1100453

1495751330341	1.7200906	1.618705	0.09259259

1495751330351	1.7888356	1.2728484	0.37516654

1495751330361	1.5695443	1.1605382	0.66853184

1495751330373	1.1681322	0.9521716	0.8485212

1495751330381	-2.4181988	-3.247269	1.0951239

1495751330393	-8.331469	-9.952305	1.8804955

1495751330401	-7.4565682	-7.792566	2.334266

1495751330411	-2.7977617	-0.28350654	1.7114309

1495751330421	-0.09152678	2.3920863	0.9347189

1495751330431	1.2150279	2.4215295	-0.16679989

1495751330441	1.85425	2.0920596	-1.2488676

1495751330452	2.105116	1.8575807	-1.8968825

1495751330461	2.189182	1.5423661	-1.4713563

1495751330471	2.4072742	1.0122569	-0.9521716

1495751330482	2.5883293	1.1594725	-0.5486278

1495751330498	2.857847	1.7463362	-0.4373834

1495751330502	3.405409	3.039968	-0.722089

1495751330511	4.496136	5.0655475	-1.1965095

1495751330522	6.0788703	6.9962697	-1.4801493

1495751330531	6.8904877	6.01239	-1.2707168

1495751330541	5.547695	1.3100187	-0.88129497

1495751330551	4.380629	-1.1572076	-0.66746604

1495751330561	3.9792166	-0.8932854	-0.52464694

1495751330574	3.7227552	0.5442313	-0.3959499

1495751330590	3.312683	1.9448441	-0.3730349

1495751330594	2.6418865	2.5382361	-0.5169198

1495751330602	1.9589661	2.4171329	-0.7624567

1495751330612	1.5608846	2.0953903	-0.95989877

1495751330629	1.3874234	1.7517985	-0.9401812

1495751330633	1.2652545	1.2565948	-0.63908875

1495751330642	1.1670663	0.6783906	-0.26711965

1495751330652	1.1092459	0.08499867	0.0075939246

1495751330663	1.064615	-0.49520382	0.3217426

1495751330677	1.018785	-0.42312816	0.34239274

1495751330682	0.8834266	-0.2977618	0.30868638

1495751330697	0.5595524	-0.36970425	0.24207301

1495751330701	-0.13082866	-0.95656806	0.1329603

1495751330711	-1.1256329	-1.7419398	0.0

1495751330721	-1.9240607	-1.7452705	-0.06314948

1495751330731	-2.378897	-1.0623502	-0.032640554

1495751330741	-2.568745	-0.28244072	0.07300826

1495751330752	-2.54583	0.35877964	0.2715161

1495751330761	-2.4804156	0.78963494	0.5398348

1495751330771	-2.6942446	0.59339195	0.736211

1495751330782	-3.223288	-0.16679989	0.8714362

1495751330793	-3.6737278	-0.64575005	0.9980016

1495751330801	-3.9115374	-0.7166267	1.1256329

1495751330812	-4.08713	-0.93911535	1.3514521

1495751330823	-4.6281643	-2.1477485	1.8226752

1495751330832	-4.9433784	-4.0031977	2.1629362

1495751330843	-3.6999733	-4.5638156	1.952438

1495751330867	-2.2251532	-4.7482014	0.25739408

1495751330872	-1.9492406	-5.039435	-0.48534507

1495751330876	-2.3986144	-4.387157	-0.36970425

1495751330881	-2.6789236	-3.4817479	-0.020650147

1495751330893	-2.7171595	-2.5403676	0.22688515

1495751330901	-2.5786037	-1.4572343	0.31841195

1495751330911	-2.303757	-0.2933653	0.287903

1495751330921	-1.9044764	0.5856648	0.17985612

1495751330932	-1.4397815	0.8485212	0.08286704

1495751330941	-0.964162	0.44058087	-0.008659739

1495751330951	-0.43951505	-0.26392218	-0.108979486

1495751330961	0.12869704	-0.86384225	-0.26179057

1495751330972	0.6424194	-1.0667466	-0.39914736

1495751330981	1.0438316	-0.8932854	-0.42539302

1495751330993	1.2619238	-0.47988275	-0.40567547

1495751331001	1.2641886	0.093791634	-0.3730349

1495751331011	1.0219824	0.79949373	-0.30642152

1495751331022	0.6140421	1.5598189	-0.2136957

1495751331031	0.21596056	2.1683986	-0.12096989

1495751331041	0.034905408	2.4650946	-0.039168663

1495751331052	0.39368504	2.3811617	0.13415934

1495751331061	0.66853184	1.7768452	0.20277111

1495751331073	0.88236076	1.4004797	0.19730882

1495751331082	0.9805489	1.1638689	0.14614974

1495751331093	0.8987477	1.0754063	0.21702638

1495751331102	0.66746604	1.1550759	0.40674126

1495751331128	0.31521448	0.9315215	0.57593924

1495751331131	-3.740208	-4.4361844	1.1344258

1495751331134	-7.3987474	-10.241406	2.1553423

1495751331142	-4.4187317	-5.4942713	2.2251532

1495751331152	-0.71436185	0.56608045	1.490008

1495751331162	1.0612843	2.8709033	0.64894754

1495751331176	2.0943246	2.4433787	-1.3100187

1495751331193	2.1160405	1.877165	-1.9993339

1495751331202	2.035305	1.0863309	-2.2611244

1495751331211	2.0539567	0.7504663	-2.0003996

1495751331221	2.2110312	0.85078603	-1.4256594

1495751331232	2.3494537	1.0394351	-0.8333333

1495751331241	2.4728217	1.4997336	-0.5638156

1495751331251	2.7247536	2.470557	-1.3579803

1495751331261	5.0710096	7.8100185	-1.7440714

1495751331272	5.305622	6.9766855	-1.4572343

1495751331281	3.8667734	2.3887556	-0.8703704

1495751331293	3.3911538	0.18864909	-0.37516654

1495751331301	3.7883027	0.23887557	-0.118838266

1495751331311	4.080602	0.84425795	-0.080602184

1495751331322	3.8711698	1.3623768	-0.2464695

1495751331332	3.0923262	1.4158007	-0.42206234

1495751331342	2.0876632	1.184519	-0.6413536

1495751331352	1.3394618	1.3764988	-0.81694645

1495751331361	0.95004	1.8760991	-0.73727685

1495751331372	0.81148416	2.0178523	-0.44830802

1495751331381	0.7765787	1.5924593	-0.108979486

1495751331392	0.7918998	0.94897413	0.16027178

1495751331401	0.8419931	0.3511857	0.36211032

1495751331411	0.9008793	-0.049027443	0.45590195

1495751331421	0.9128697	-0.17985612	0.44710898

1495751331431	0.9008793	-0.052358113	0.42965627

1495751331441	0.83439916	0.27378097	0.39261925

1495751331451	0.6478817	0.6064482	0.2715161

1495751331461	-0.39701572	-0.23447908	0.12643218

1495751331473	-1.50413	-1.6994405	-0.05662137

1495751331481	-2.340794	-2.0462296	-0.1384226

1495751331493	-2.8610444	-1.7234212	-0.08499867

1495751331502	-3.185052	-1.4189981	0.09046096

1495751331513	-3.3639755	-1.1987743	0.30535573

1495751331521	-3.3868904	-0.7853717	0.48427925

1495751331532	-3.5362377	-0.53224087	0.6544098

1495751331541	-3.8264055	-0.79403144	0.8714362

1495751331551	-4.142819	-1.7310152	1.2358114

1495751331562	-4.257261	-2.7159605	1.8281375

1495751331575	-3.777378	-3.0847323	2.232747

1495751331582	-3.1337597	-3.8602452	2.0571542

1495751331593	-2.6406875	-4.988143	1.1779909

1495751331610	-2.2600586	-5.247802	-0.3347988

1495751331628	-2.5698109	-4.081668	-0.2126299

1495751331634	-2.8458567	-2.6778576	0.10578204

1495751331642	-2.902478	-1.64162	0.3261391

1495751331657	-2.3212097	-0.26831868	0.35011992

1495751331662	-1.7452705	0.015187849	0.27258193

1495751331671	-1.1277645	-0.1438849	0.18758327

1495751331681	-0.5572875	-0.6806555	0.054489743

1495751331692	-0.001065814	-1.2467359	-0.098054886

1495751331701	0.46682653	-1.5030643	-0.2071676

1495751331711	0.767919	-1.3840927	-0.24860112

1495751331721	0.89768183	-0.9674927	-0.23994137

1495751331731	0.85078603	-0.3391953	-0.21915801

1495751331741	0.6478817	0.40354383	-0.20397016

1495751331751	0.37077004	1.1769252	-0.19078071

1495751331761	0.12869704	1.8073541	-0.17226219

1495751331771	0.022781774	2.166267	-0.15267786

1495751331781	0.12096989	2.2753797	-0.12430056

1495751331794	0.40794033	2.2665868	-0.093791634

1495751331801	0.7853717	2.2916334	-0.053423926

1495751331811	1.147482	2.303757	-0.009725553

1495751331821	1.4376498	2.167333	0.055555556

1495751331832	1.5543565	1.8848921	0.13415934

1495751331841	1.4179323	1.7037038	0.32387424

1495751331851	0.83106846	1.7234212	0.71436185

1495751331862	-2.950573	-3.549427	1.064615

1495751331873	-8.184119	-9.939249	1.9852118

1495751331882	-6.241407	-6.8599787	2.317879

1495751331894	-2.0386357	-0.5867306	1.732081

1495751331908	0.2759126	2.227285	1.1670663

1495751331913	1.4168665	2.7552624	0.34785506

1495751331922	1.9949374	2.1761258	-0.767919

1495751331931	2.186917	1.5171863	-1.80842

1495751331941	2.1324275	0.8888889	-2.4192646

1495751331951	1.99174	0.35664803	-2.3145483

1495751331961	1.8946177	0.10245137	-1.6590728

1495751331971	1.9240607	0.23221423	-0.8659739

1495751331983	2.0714095	0.7635225	-0.33586463

1495751331993	2.4181988	1.9197975	-0.41220358

1495751332001	3.2723155	4.261657	-1.0798029

1495751332013	4.7034373	7.3060217	-1.6961098

1495751332022	5.9840126	8.863709	-1.5924593

1495751332032	5.1626697	5.1069813	-0.9315215

1495751332042	3.5439649	0.44937384	-0.23554489

1495751332051	3.6596057	-0.45696777	-0.12096989

1495751332061	3.7216892	1.147482	-0.055555556

1495751332071	3.3650413	1.7812417	-0.12536637

1495751332081	2.667999	1.710365	-0.25739408

1495751332093	2.0724754	1.2248868	-0.31521448

1495751332101	1.7440714	0.7961631	-0.3860911

1495751332111	1.6231015	0.7013056	-0.45590195

1495751332121	1.5205169	0.73727685	-0.43844923

1495751332132	1.3775647	0.7252864	-0.30535573

1495751332141	1.2532641	0.598721	-0.13962163

1495751332151	1.1277645	0.3730349	0.018518519

1495751332162	0.9740208	0.17985612	0.1438849

1495751332173	0.81801224	0.053423926	0.21476153

1495751332182	0.66320276	-0.029443111	0.23447908

1495751332193	0.42419398	-0.13082866	0.20823342

1495751332202	-0.010791367	-0.39808154	0.1384226

1495751332212	-0.676259	-0.87263525	0.052358113

1495751332223	-1.3743671	-1.092859	-0.009725553

1495751332232	-1.9503064	-0.8104183	-0.049027443

1495751332242	-2.3506527	-0.40900612	0.101385556

1495751332253	-2.7945642	-0.44830802	0.3228084

1495751332261	-3.010525	-0.8038902	0.48534507

1495751332271	-3.2188916	-1.1081802	0.59765524

1495751332281	-3.4010124	-1.1464162	0.7067679

1495751332293	-3.534106	-1.0612843	0.84532374

1495751332301	-3.6966426	-1.2597922	1.1518785

1495751332311	-4.248601	-2.3614442	1.7211564

1495751332321	-4.543032	-3.8787637	2.1324275

1495751332332	-3.5679457	-4.0925927	1.8782307

1495751332342	-2.5708766	-4.323874	0.92059684

1495751332351	-2.2055688	-4.803757	-0.2246203

1495751332361	-2.3669064	-4.709965	-0.80815345

1495751332376	-2.726885	-4.17546	-0.6947775

1495751332383	-2.971223	-3.3551824	-0.30642152

1495751332392	-2.9385824	-2.5174527	0.009725553

1495751332402	-2.6723955	-1.7190248	0.1897149

1495751332411	-2.2447376	-1.0373034	0.16906475

1495751332421	-1.7278178	-0.5496936	0.0119904075

1495751332431	-1.1910472	-0.43844923	-0.15161204

1495751332441	-0.68718356	-0.736211	-0.33586463

1495751332451	0.27804422	-1.1365575	-0.34678924

1495751332461	0.6783906	-1.1452172	-0.30642152

1495751332471	0.9925393	-0.67292833	-0.196243

1495751332481	1.193312	-0.16027178	-0.08286704

1495751332493	1.2685851	0.43631762	0.00532907

1495751332501	1.1965095	1.1060485	0.06314948

1495751332511	0.9784173	1.7452705	0.12096989

1495751332522	0.7078337	2.309086	0.17559285

1495751332532	0.51478815	2.7466028	0.2136957

1495751332542	0.5038636	3.0770051	0.19411138

1495751332552	0.65880626	3.299627	0.12216893

1495751332561	0.8943512	3.3410604	0.033706367

1495751332578	1.1397549	3.0748734	-0.051159073

1495751332581	1.3405275	2.516387	-0.09259259

1495751332592	1.338396	1.9425793	-0.043565147

1495751332601	1.1605382	1.5401013	0.13082866

1495751332613	0.83000267	1.0972556	0.3206768

1495751332621	-0.8148148	-1.8706368	0.5343725

1495751332632	-7.382494	-8.022781	2.0003996

1495751332641	-7.382494	-9.300027	1.7278178

1495751332656	-0.81694645	1.3132161	1.0863309

1495751332662	0.5584865	2.8633094	0.85731417

1495751332681	1.2805755	3.5526245	0.82680523

1495751332684	1.6077805	3.518785	0.73181456

1495751332693	1.6731948	2.2196908	0.087263525

1495751332701	1.8335998	0.23767653	-0.6369571

1495751332711	1.9208633	-1.2881695	-1.2488676

1495751332721	1.7331468	-1.8826272	-1.3012257

1495751332732	1.490008	-1.4343193	-0.9544364

1495751332741	1.4070077	-0.28896883	-0.7580602

1495751332751	1.5215827	1.3764988	-0.8987477

1495751332762	2.2152944	4.219158	-1.3197442

1495751332771	3.6442845	7.934319	-1.6590728

1495751332781	5.002265	10.092992	-1.3209432

1495751332793	4.894351	7.6213694	-0.40900612

1495751332801	3.4489741	2.280842	0.23767653

1495751332811	3.186118	-0.12430056	0.42859045

1495751332821	3.7958965	-0.41553423	0.4820144

1495751332831	4.303091	-0.061017852	0.43844923

1495751332841	4.2986946	0.41993073	0.037037037

1495751332851	2.6648016	0.17452705	-0.17559285

1495751332861	1.8390621	0.10245137	-0.31947774

1495751332871	1.3394618	0.29882762	-0.44830802

1495751332881	1.116973	0.6577405	-0.5572875

1495751332893	0.964162	0.9761524	-0.5223821

1495751332901	0.85837996	0.9008793	-0.3282707

1495751332912	0.8659739	0.54209965	-0.10031974

1495751332933	0.8617106	0.2136957	0.08832934

1495751332940	0.8104183	0.1100453	0.20610179

1495751332961	0.7864375	0.19957368	0.2628564

1495751332965	0.7765787	0.38822275	0.25086597

1495751332971	0.66200376	0.3959499	0.18758327

1495751332972	0.3097522	-0.31841195	0.08180123

1495751332981	-0.45909938	-1.9742873	-0.07953637

1495751332998	-1.2456701	-2.772715	-0.20943245

1495751333004	-1.809619	-2.2513988	-0.25512922

1495751333011	-2.2392752	-1.4092726	-0.2475353

1495751333021	-2.562217	-0.79509723	-0.17226219

1495751333031	-2.832667	-0.515854	-0.061017852

1495751333041	-3.023581	-0.38169464	-0.001065814

1495751333051	-3.4533706	-0.77990943	0.045696776

1495751333062	-3.8177457	-0.85837996	0.21476153

1495751333072	-4.0707436	-0.78963494	0.44497734

1495751333099	-4.4285903	-1.5520917	0.96522784

1495751333102	-4.9902744	-3.5002666	1.9143353

1495751333105	-4.284572	-4.9008794	2.5905943

1495751333112	-2.4968026	-5.1179056	2.172795

1495751333122	-1.3121502	-5.3350654	0.9008793

1495751333131	-1.0297096	-5.5051956	-0.25952572

1495751333141	-1.36664	-5.01652	-0.63908875

1495751333151	-1.9589661	-3.9508393	-0.49626964

1495751333161	-2.3681054	-2.667999	-0.26831868

1495751333171	-2.4072742	-1.6109779	-0.18531841

1495751333181	-2.2306156	-0.6947775	-0.16679989

1495751333191	-1.8727684	0.051159073	-0.13189448

1495751333203	-1.3558487	0.4373834	-0.07633893

1495751333212	-0.7122302	0.34785506	-0.013056221

1495751333223	-0.04796163	-0.1897149	0.020650147

1495751333234	0.52358115	-0.8136158	-0.001065814

1495751333242	1.2019718	-0.7252864	0.05662137

1495751333252	1.3100187	-0.08180123	0.11670663

1495751333262	1.2216893	0.72861713	0.1438849

1495751333272	1.0001333	1.5150546	0.173328

1495751333281	0.6794564	2.1597388	0.23767653

1495751333292	0.36317614	2.5491607	0.3162803

1495751333301	0.24433786	2.7148948	0.41220358

1495751333311	0.32387424	2.713829	0.47335464

1495751333321	0.50612843	2.5306423	0.4886757

1495751333331	0.74167335	2.188116	0.43951505

1495751333341	0.9063416	1.8794298	0.32933652

1495751333351	0.91406876	1.6677325	0.22355449

1495751333362	0.8202771	1.4387157	0.26059154

1495751333374	0.6598721	1.2379429	0.41446844

1495751333383	0.50173193	0.9860112	0.5257128

1495751333393	-0.2300826	-0.45803356	0.6053824

1495751333401	-4.604183	-6.263256	1.0568879

1495751333411	-7.050893	-8.700107	1.9164668

1495751333422	-3.7664535	-3.4260592	1.869571

1495751333432	-0.7057021	0.59765524	1.4179323

1495751333441	1.2030376	2.081135	0.62283504

1495751333451	1.467093	2.0167866	-0.3665068

1495751333461	1.6819878	1.2871037	-1.5827339

1495751333471	1.7997602	0.39368504	-2.6963763

1495751333482	1.7637889	-0.13735679	-3.221023

1495751333493	1.6699973	-0.2715161	-2.9909406

1495751333501	1.6372236	0.010791367	-2.227285

1495751333512	1.7463362	0.83106846	-1.2903011

1495751333527	2.0931256	2.0844657	-0.6041833

1495751333540	3.115241	4.6325607	-0.6239009

1495751333542	5.124434	8.796163	-1.094058

1495751333551	6.811884	11.16307	-0.93804955

1495751333561	5.247802	5.9621634	-0.4188649

1495751333571	2.917799	-0.23221423	-0.3042899

1495751333583	2.8054888	-1.6153743	-0.2410072

1495751333593	3.32907	-1.1561418	0.04023448

1495751333601	3.6508126	-0.06861178	0.24207301

1495751333611	3.5614176	0.99587	0.12323475

1495751333621	2.9331203	1.1855849	-0.15161204

1495751333632	1.3535838	0.52358115	-0.6380229

1495751333641	0.9521716	0.49187317	-0.6478817

1495751333652	0.82560617	0.5595524	-0.49626964

1495751333663	0.8485212	0.63042897	-0.2912337

1495751333672	0.84532374	0.59339195	-0.10351719

1495751333702	0.76125765	0.5289102	0.042499334

1495751333706	0.6108447	0.5355715	0.13189448

1495751333709	0.45257127	0.64028776	0.15707435

1495751333715	0.2529976	0.782041	0.12323475

1495751333722	-0.045696776	0.827871	0.06314948

1495751333731	-0.47775114	0.5812683	0.004263256

1495751333741	-1.1136425	-0.13962163	-0.07953637

1495751333751	-1.8510525	-0.8791633	-0.1613376

1495751333761	-2.4411137	-1.1235012	-0.20063949

1495751333771	-2.8206768	-1.1310952	-0.117772445

1495751333782	-3.0824673	-1.1855849	0.054489743

1495751333793	-3.3202772	-1.4507061	0.22142287

1495751333801	-3.549427	-1.8346657	0.3446576

1495751333812	-3.6354916	-1.8346657	0.46895817

1495751333831	-3.7958965	-1.9547029	0.8932854

1495751333860	-4.2136955	-3.9311218	2.364775

1495751333864	-3.3606448	-4.0326405	2.6179056

1495751333870	-2.4902744	-4.202771	1.8106848

1495751333872	-2.036504	-4.5365043	0.48534507

1495751333881	-2.0003996	-4.621636	-0.45257127

1495751333892	-2.2960298	-4.1482816	-0.6751932

1495751333902	-2.697442	-3.221023	-0.4188649

1495751333911	-2.873035	-2.2535305	-0.035971224

1495751333921	-2.7705836	-1.2860378	0.29669598

1495751333931	-2.425926	-0.47881696	0.46349588

1495751333941	-1.9339195	0.09046096	0.47122303

1495751333951	-1.338396	0.287903	0.31734613

1495751333961	-0.7275513	0.035971224	0.04023448

1495751333971	-0.14721556	-0.54316545	-0.24966693

1495751333981	0.39475086	-1.0045297	-0.45150545

1495751333993	0.84092724	-1.1037836	-0.52358115

1495751334001	1.161604	-0.8038902	-0.46895817

1495751334011	1.3285372	-0.22355449	-0.36863843

1495751334021	1.3165468	0.5257128	-0.2813749

1495751334031	1.1256329	1.306688	-0.06648015

1495751334041	0.5082601	2.325473	0.07633893

1495751334052	0.3391953	2.4978683	0.19304556

1495751334061	0.3730349	2.4476418	0.26179057

1495751334072	0.6009859	2.0779376	0.26605383

1495751334082	0.77871037	1.7179589	0.2410072

1495751334092	0.8190781	1.488809	0.20503597

1495751334101	0.7918998	1.2728484	0.24860112

1495751334111	0.69144684	1.092859	0.3860911

1495751334122	0.5507594	0.95656806	0.52025044

1495751334131	0.32933652	0.48321342	0.5856648

1495751334141	-3.2657874	-4.105649	0.90207833

1495751334151	-7.162137	-7.4620304	1.6612043

1495751334161	-4.5714097	-2.7869704	1.6765255

1495751334172	-1.5030643	0.53770316	1.1561418

1495751334181	0.3391953	1.54996	0.6969091

1495751334193	1.36664	1.6001865	0.101385556

1495751334202	1.8138822	1.1769252	-0.64575005

1495751334211	1.8794298	0.7122302	-1.2816414

1495751334222	1.5423661	0.25086597	-1.786704

1495751334232	1.4637623	0.29549694	-1.4299227

1495751334242	1.572875	0.56061816	-0.89661604

1495751334270	1.8902211	1.2968292	-0.51811886

1495751334274	2.5632827	2.8763657	-0.66853184

1495751334276	3.7533972	5.41247	-1.2871037

1495751334282	5.277245	8.105649	-1.6971756

1495751334293	6.377831	9.012124	-1.4376498

1495751334301	4.7645884	3.9748201	-0.8289369

1495751334311	3.1817212	-0.32387424	-0.37410071

1495751334321	3.4086065	-0.54636294	-0.08939515

1495751334331	3.8745005	0.64028776	0.035971224

1495751334341	3.740208	1.710365	-0.019584332

1495751334352	2.918865	1.938316	-0.2519318

1495751334361	1.8990141	1.5881962	-0.5802025

1495751334374	1.2696509	1.2860378	-0.8136158

1495751334382	1.0776712	1.116973	-0.7635225

1495751334393	1.0524913	1.0055956	-0.51918465

1495751334401	1.0656807	0.8387956	-0.2071676

1495751334412	1.0766054	0.561684	0.08286704

1495751334427	1.0873967	0.20397016	0.40794033

1495751334432	1.36664	0.20397016	0.44937384

1495751334442	1.0841993	0.5736744	0.44497734

1495751334452	0.90207833	0.82680523	0.40460965

1495751334462	0.46682653	0.68598455	0.34239274

1495751334472	-0.7624567	-1.3394618	0.18212096

1495751334481	-2.1400213	-3.3900878	0.00532907

1495751334493	-2.7803092	-3.3050892	-0.0075939246

1495751334502	-2.9690914	-2.2829735	0.070876636

