1496012323485	30.42	6.6	-27.3

1496012323569	30.48	6.6	-27.42

1496012323679	30.36	6.96	-27.9

1496012323779	30.24	7.14	-28.14

1496012323881	30.36	6.9	-28.14

1496012323978	30.18	7.14	-28.26

1496012324114	30.18	7.32	-28.62

1496012324178	30.0	7.5	-28.68

1496012324279	30.06	7.5	-28.86

1496012324379	30.0	7.74	-28.92

1496012324479	29.94	7.68	-28.8

1496012324579	29.88	7.68	-28.62

1496012324679	29.82	7.92	-28.68

1496012324778	29.94	7.74	-28.44

1496012324879	29.94	7.62	-28.02

1496012324979	29.88	7.8	-27.9

1496012325079	29.7	8.1	-27.66

1496012325178	29.64	7.8	-27.66

1496012325279	29.7	7.74	-27.66

1496012325378	29.76	7.62	-27.66

1496012325479	29.64	7.62	-27.66

1496012325579	29.82	7.74	-27.9

1496012325679	29.7	7.74	-28.08

1496012325779	29.46	7.5	-27.9

1496012325879	29.64	7.32	-27.84

1496012325979	29.7	7.14	-27.72

1496012326079	29.7	7.2	-27.72

1496012326179	29.64	7.14	-27.78

1496012326279	29.7	7.08	-27.72

1496012326379	29.52	7.08	-27.66

1496012326479	29.7	7.2	-27.54

1496012326578	29.88	7.14	-27.78

1496012326680	29.82	7.02	-27.9

1496012326781	29.64	7.44	-28.02

1496012326879	29.64	7.26	-27.96

1496012326979	29.82	7.2	-27.84

1496012327079	29.88	7.26	-27.78

1496012327178	29.82	7.14	-27.84

1496012327279	29.76	7.08	-27.9

1496012327379	29.7	7.26	-27.78

1496012327479	29.7	7.44	-28.02

1496012327580	29.82	7.26	-27.78

1496012327679	29.94	7.44	-27.54

1496012327778	29.76	7.5	-27.48

1496012327879	29.76	7.5	-27.66

1496012327979	29.58	7.56	-27.66

1496012328079	29.58	7.62	-27.66

1496012328178	29.58	7.5	-27.78

1496012328279	29.7	7.38	-27.6

1496012328378	29.7	7.5	-27.9

