1495753594068	-2.585	0.766	0.593

1495753594077	-1.656	-1.225	0.727

1495753594088	-0.383	-2.94	1.302

1495753594101	1.063	-4.587	2.126

1495753594109	3.208	-5.976	1.896

1495753594117	5.889	-6.809	1.053

1495753594127	8.82	-6.56	0.038

1495753594137	10.362	-6.167	-1.225

1495753594147	8.533	-5.937	-2.652

1495753594158	5.631	-6.024	-3.648

1495753594167	2.116	-6.732	-4.319

1495753594178	-3.409	-4.846	-3.677

1495753594190	-3.648	-1.905	-4.003

1495753594204	-3.811	2.911	-9.701

1495753594209	-3.495	7.154	-14.653

1495753594221	-0.411	6.656	-14.978

1495753594227	9.826	4.941	17.334

1495753594237	1.637	5.19	19.087

1495753594247	-5.104	5.047	4.692

1495753594257	-7.987	6.732	-2.911

1495753594267	-9.356	10.381	-2.624

1495753594277	-9.653	14.93	0.957

1495753594287	-8.763	18.934	9.05

1495753594300	-8.964	19.614	2.786

1495753594307	-11.004	19.614	-3.629

1495753594317	-14.097	19.614	-4.654

1495753594327	-16.721	19.614	-1.225

1495753594339	-15.601	19.614	13.293

1495753594347	-13.273	19.614	17.382

1495753594363	-12.316	19.614	6.416

1495753594367	-9.96	19.614	3.514

1495753594377	-7.221	18.79	7.862

1495753594387	-4.462	15.984	11.827

1495753594399	-3.265	12.392	1.972

1495753594407	-2.767	11.502	-0.498

1495753594418	-2.633	9.605	0.612

1495753594429	-2.7	7.776	4.29

1495753594442	-3.189	5.717	7.134

1495753594447	-2.758	4.175	7.182

1495753594474	-2.796	4.261	6.158

1495753594478	-2.691	4.52	5.736

1495753594480	-2.384	4.108	5.334

1495753594490	-2.413	2.796	2.94

1495753594496	-2.288	1.676	-0.363

1495753594507	-1.551	0.747	-2.327

1495753594517	-0.823	0.699	-2.48

1495753594527	-0.814	0.651	-2.241

1495753594546	-0.727	0.181	-2.212

1495753594548	0.114	-0.469	-1.886

1495753594557	0.89	-1.053	-1.494

1495753594567	1.628	-1.245	-1.838

1495753594578	2.097	-1.369	-2.537

1495753594592	2.432	-1.656	-3.38

1495753594608	1.158	-2.183	0.402

1495753594618	0.201	-1.436	17.612

1495753594628	-0.612	0.641	-1.043

1495753594641	-1.072	0.775	-7.489

1495753594647	-1.829	1.273	-7.623

1495753594657	-4.817	5.842	-8.629

1495753594667	-8.887	13.771	-10.391

1495753594677	-13.398	19.594	-7.786

1495753594689	-14.394	19.614	16.76

1495753594698	-10.917	19.614	18.119

1495753594707	-10.295	19.614	7.393

1495753594719	-17.669	19.614	9.328

1495753594730	-19.614	19.135	18.024

1495753594737	-19.077	13.513	18.905

1495753594747	-13.446	11.186	13.091

1495753594757	-6.857	11.952	7.441

1495753594767	-2.346	12.115	4.386

1495753594777	-0.325	11.981	2.442

1495753594789	-0.114	11.77	1.599

1495753594800	-0.632	10.755	0.948

1495753594809	-0.249	9.021	-0.249

1495753594817	-1.637	7.537	0.909

1495753594827	-2.298	3.17	0.756

1495753594837	-1.503	0.996	1.235

1495753594847	0.201	-1.063	3.035

1495753594857	1.714	-2.719	5.803

1495753594867	2.509	-4.089	6.435

1495753594879	3.715	-5.535	4.309

1495753594899	5.746	-6.311	-1.034

1495753594915	5.277	-4.999	-3.141

1495753594937	3.696	-3.84	-4.137

1495753594940	2.145	-3.629	-4.376

1495753594942	-1.398	-3.198	-4.817

1495753594957	-2.547	-2.317	-4.213

1495753594967	-2.834	-1.532	-3.17

1495753594987	-1.723	-0.392	-2.011

1495753594991	-2.585	4.932	-14.93

1495753594998	2.949	3.61	-10.209

1495753595007	13.111	6.244	19.604

1495753595017	2.068	4.75	14.509

1495753595027	-4.07	4.261	-0.45

1495753595037	-6.627	15.859	1.79

1495753595048	-5.028	19.403	7.565

1495753595057	-7.067	19.614	5.631

1495753595067	-10.927	19.614	-0.239

1495753595077	-15.61	19.614	-8.236

1495753595089	-18.234	19.614	-8.13

1495753595097	-16.894	19.614	0.651

1495753595107	-10.027	19.614	18.704

1495753595119	-6.991	19.614	16.807

1495753595128	-7.221	19.441	8.169

1495753595142	-7.249	17.899	4.625

1495753595148	-6.579	16.309	3.782

1495753595158	-5.162	14.748	3.591

1495753595168	-3.715	13.896	3.907

1495753595179	-3.064	13.293	2.815

1495753595202	-3.016	12.249	2.528

1495753595208	-2.298	9.605	5.066

1495753595217	-2.193	7.661	6.359

1495753595227	-1.838	5.526	6.962

1495753595237	-2.049	4.539	6.914

1495753595248	-2.576	4.031	4.07

1495753595257	-2.518	3.102	-0.498

1495753595267	-1.925	2.988	-3.399

1495753595277	-1.273	2.26	-3.275

1495753595287	-1.005	1.13	-2.518

1495753595298	-0.411	-0.143	-1.81

1495753595307	0.526	-1.072	-0.976

1495753595317	1.043	-1.494	-0.928

1495753595329	1.34	-1.695	-1.35

1495753595342	1.417	-1.848	-2.183

1495753595349	1.245	-2.164	-3.256

1495753595372	1.101	-3.102	-6.014

1495753595375	0.737	-3.486	-7.23

1495753595379	-0.421	-2.231	-4.664

1495753595389	-1.283	-1.168	-4.252

1495753595397	-1.762	-0.861	-4.031

1495753595407	-2.03	-0.306	-1.829

1495753595418	-5.2	5.535	5.344

1495753595428	-12.967	16.645	11.119

1495753595437	-16.52	19.614	11.195

1495753595448	-12.632	19.614	4.568

1495753595457	-12.632	19.614	6.627

1495753595467	-17.545	19.614	13.685

1495753595479	-19.307	19.614	16.874

1495753595498	-15.151	19.614	14.633

1495753595510	-4.731	16.424	7.814

1495753595518	-3.055	12.201	1.58

1495753595529	-0.747	9.941	3.419

1495753595542	-1.666	8.006	0.545

1495753595547	-1.168	7.403	5.487

1495753595557	-1.398	6.684	3.859

1495753595567	-1.417	5.382	1.12

1495753595577	-1.57	3.945	0.402

1495753595589	-2.231	1.925	1.877

1495753595597	-2.681	-0.354	3.208

1495753595609	-2.921	-2.537	4.951

1495753595617	-1.79	-4.357	5.104

1495753595628	1.072	-5.468	4.587

1495753595638	2.595	-6.617	3.715

1495753595647	3.869	-7.221	0.545

1495753595657	4.798	-6.033	-2.346

1495753595667	4.424	-4.06	-5.679

1495753595677	2.461	-2.403	-7.096

1495753595691	2.279	-2.221	-6.742

1495753595700	2.308	-1.168	-4.28

1495753595707	1.953	-0.565	-3.045

1495753595718	1.005	0.201	-1.79

1495753595727	-2.279	5.487	-12.517

1495753595737	-4.644	9.605	-19.614

1495753595748	7.68	9.098	10.879

1495753595757	9.826	8.389	19.604

1495753595767	2.011	5.43	9.778

1495753595779	-2.643	4.529	-4.98

1495753595800	-6.866	11.76	-10.975

1495753595809	-7.642	17.143	-3.677

1495753595830	-10.755	19.614	12.095

1495753595836	-12.134	19.614	6.598

1495753595840	-15.016	19.614	0.028

1495753595848	-17.669	19.355	-3.083

1495753595861	-19.575	19.412	0.296

1495753595867	-18.024	19.614	15.591

1495753595877	-12.967	19.614	18.847

1495753595891	-10.065	19.614	1.063

1495753595898	-9.059	18.56	3.687

1495753595907	-6.924	17.267	12.689

1495753595917	-4.338	16.127	15.639

1495753595927	-3.744	15.428	8.763

1495753595937	-3.677	14.767	2.346

1495753595950	-3.754	13.542	1.11

1495753595958	-3.763	11.578	5.181

1495753595967	-2.47	8.839	11.032

1495753595977	-1.695	6.684	13.427

1495753596000	-1.024	5.401	12.66

1495753596005	-0.976	4.683	9.854

1495753596011	-1.494	4.233	2.595

1495753596018	-1.57	4.625	-4.022

1495753596027	-1.436	4.74	-5.593

1495753596039	-1.321	4.099	-4.788

1495753596048	-1.091	2.336	-3.371

1495753596065	-0.986	0.67	-1.915

1495753596067	-0.363	-0.919	-0.919

1495753596077	0.622	-2.126	-0.44

1495753596089	1.177	-2.394	-2.174

1495753596102	1.177	-2.49	-2.844

1495753596107	1.877	-3.361	-5.114

1495753596117	1.896	-4.597	-10.439

1495753596127	1.676	-5.794	-7.939

1495753596137	-0.919	-4.932	-2.988

1495753596147	-3.045	-2.48	-3.227

1495753596157	-4.482	-0.909	-6.483

1495753596169	-5.813	0.718	2.039

1495753596178	-8.044	8.456	17.085

1495753596193	-14.566	18.876	8.245

1495753596200	-11.138	19.614	7.556

1495753596208	-5.047	19.614	6.991

1495753596219	-5.277	19.614	7.374

1495753596228	-12.421	19.614	13.034

1495753596237	-18.263	19.614	18.081

1495753596247	-16.022	19.614	16.003

1495753596257	-10.458	19.614	11.693

1495753596267	-6.905	19.02	8.6

1495753596277	-4.951	15.735	7.613

1495753596289	-4.223	11.961	7.661

1495753596300	-4.108	8.954	7.661

1495753596308	-4.108	6.771	6.589

1495753596317	-3.878	4.75	4.319

1495753596327	-4.3	3.256	3.62

1495753596339	-3.524	2.585	2.413

1495753596347	-1.857	1.934	1.312

1495753596357	-0.287	0.794	0.996

1495753596367	1.446	-0.316	1.235

1495753596380	2.633	-1.465	1.446

1495753596395	4.788	-2.451	0.737

1495753596398	9.663	-2.672	-2.039

1495753596407	11.703	-3.869	-1.637

1495753596418	10.266	-5.114	-1.053

1495753596427	7.01	-5.832	-1.359

1495753596439	3.064	-5.075	-1.187

1495753596448	0.66	-4.491	-1.407

1495753596458	-1.034	-4.319	-2.039

1495753596472	-1.953	-3.869	-2.164

1495753596479	-2.221	-2.825	-2.25

1495753596497	-1.024	-0.565	-1.513

1495753596507	-0.536	0.153	-1.024

1495753596517	-2.691	5.439	-16.127

1495753596527	1.608	4.108	19.604

1495753596537	4.233	4.233	14.183

1495753596547	-0.861	4.089	1.015

1495753596558	-4.941	5.822	-7.278

1495753596567	-8.016	11.415	-16.099

1495753596577	-8.514	16.022	0.469

1495753596589	-12.986	19.614	19.604

1495753596598	-9.912	19.614	19.489

1495753596607	-12.239	18.905	7.087

1495753596618	-15.773	17.181	-5.775

1495753596627	-16.654	17.123	-7.69

1495753596641	-12.105	18.244	-3.505

1495753596647	-4.549	19.614	8.399

1495753596663	1.158	19.614	18.359

1495753596668	0.871	19.614	9.787

1495753596678	-1.053	19.614	2.336

1495753596690	-3.256	18.799	1.312

1495753596699	-6.407	15.907	4.434

1495753596708	-6.531	13.599	9.194

1495753596718	-5.277	12.392	7.202

1495753596728	-4.884	11.444	2.758

1495753596740	-4.395	6.541	3.179

1495753596771	-4.099	4.07	5.372

1495753596775	-3.725	2.566	7.479

1495753596778	-3.189	2.767	7.182

1495753596781	-2.863	3.39	5.047

1495753596793	-2.461	3.208	3.083

1495753596797	-1.503	2.844	0.019

1495753596807	-0.679	2.518	-2.844

1495753596817	-0.737	1.972	-3.706

1495753596827	-0.804	0.727	-3.323

1495753596838	-0.181	-0.526	-2.767

1495753596847	0.488	-1.446	-2.25

1495753596858	1.216	-1.934	-2.126

1495753596867	1.934	-2.241	-2.978

1495753596877	2.882	-4.405	-7.575

1495753596891	1.896	-4.884	-3.524

1495753596900	-0.239	-4.587	1.043

1495753596912	-2.758	-5.257	11.789

1495753596918	-3.457	-3.869	6.799

1495753596927	-1.685	-0.957	-4.798

1495753596939	-0.718	0.239	-4.434

1495753596957	-4.405	1.474	-7.565

1495753596967	-8.945	17.803	-8.447

1495753596977	-13.273	19.614	1.35

1495753597001	-17.296	19.614	19.604

1495753597004	-14.7	19.614	18.043

1495753597007	-17.87	19.614	13.455

1495753597019	-19.614	19.614	18.311

1495753597027	-19.211	14.509	18.78

1495753597037	-13.197	10.094	12.239

1495753597047	-6.981	10.956	6.34

1495753597057	-2.652	12.239	2.825

1495753597073	-0.517	12.364	1.733

1495753597077	0.229	12.067	0.775

1495753597087	-0.181	10.534	-0.134

1495753597099	-0.469	9.002	-0.545

1495753597107	-1.245	7.269	-0.498

1495753597117	-1.838	4.893	0.402

1495753597129	-1.608	2.959	1.254

1495753597141	0.287	-0.258	4.769

1495753597162	1.637	-1.561	6.196

1495753597169	2.346	-2.537	3.256

1495753597187	3.782	-3.859	0.909

1495753597191	4.022	-3.85	-1.187

1495753597197	3.352	-3.524	-3.179

1495753597207	2.48	-2.777	-4.367

1495753597217	1.944	-2.384	-4.826

1495753597227	0.632	-2.825	-4.462

1495753597240	-0.507	-2.748	-4.233

1495753597247	-1.331	-1.685	-3.687

1495753597266	-1.953	-0.603	-2.739

1495753597267	-1.762	0.22	-1.723

1495753597278	-1.819	2.595	-8.561

1495753597288	1.628	5.458	-7.968

1495753597298	15.505	8.945	19.604

1495753597308	6.895	5.727	15.696

1495753597317	0.44	5.372	1.733

1495753597327	-4.051	7.68	-6.263

1495753597337	-6.311	13.436	-7.489

1495753597349	-7.556	19.154	-7.154

1495753597357	-7.652	19.614	-7.192

1495753597367	-9.538	19.614	-3.725

1495753597377	-12.258	19.614	6.885

1495753597387	-15.313	19.479	-1.915

1495753597399	-12.852	19.546	1.771

1495753597408	-8.092	19.614	12.862

1495753597418	-9.031	19.614	10.113

1495753597431	-11.128	19.614	7.431

1495753597457	-9.921	18.321	6.895

1495753597460	-8.351	16.185	4.204

1495753597463	-6.636	14.202	2.758

1495753597468	-4.367	12.22	3.38

1495753597479	-2.7	10.659	3.131

1495753597491	-2.403	9.308	2.585

1495753597499	-2.796	8.111	3.945

1495753597510	-3.217	6.771	5.458

1495753597519	-3.007	5.123	6.541

1495753597527	-3.035	4.213	8.351

1495753597539	-3.122	4.415	8.217

1495753597548	-2.921	5.219	4.836

1495753597557	-1.934	4.721	-1.168

1495753597567	-1.589	4.472	-4.223

1495753597577	-1.647	3.016	-3.936

1495753597587	-0.967	1.398	-2.518

1495753597599	0.775	-1.398	-0.383

1495753597608	1.379	-1.963	-0.622

1495753597617	2.011	-2.288	-1.81

1495753597627	3.964	-5.114	-6.914

1495753597637	3.62	-5.746	-4.529

1495753597647	1.292	-5.64	4.683

1495753597657	-1.743	-4.395	3.198

1495753597668	-3.581	-1.848	-5.468

1495753597681	-4.271	-0.545	-6.828

1495753597696	-4.501	0.114	-5.928

1495753597698	-5.937	3.476	-5.516

1495753597708	-10.151	12.325	-2.059

1495753597717	-13.637	19.508	18.895

1495753597727	-14.767	19.614	16.903

1495753597737	-13.877	19.614	3.562

1495753597747	-15.064	19.614	3.131

1495753597759	-19.144	19.614	11.789

1495753597768	-19.441	19.614	16.175

1495753597779	-14.087	19.604	13.226

1495753597802	-2.796	15.639	5.037

1495753597821	-0.517	13.34	2.547

1495753597822	0.229	8.485	2.317

1495753597827	-0.421	7.144	2.049

1495753597837	-1.12	5.775	1.723

1495753597847	-1.043	4.597	0.976

1495753597857	-0.928	3.677	0.488

1495753597868	-0.948	2.423	0.861

1495753597878	-0.9	1.024	1.79

1495753597887	-0.344	-0.316	2.049

1495753597898	0.181	-1.417	1.608

1495753597908	0.507	-2.212	0.861

1495753597917	0.766	-2.786	0.162

1495753597927	1.426	-3.428	-0.086

1495753597939	2.346	-3.907	-0.201

1495753597952	3.648	-4.012	-1.743

1495753597970	4.75	-4.031	-2.767

1495753597971	5.612	-4.089	-2.997

1495753597978	6.033	-3.61	-2.509

1495753597987	5.363	-2.547	-2.068

1495753597999	3.419	-1.264	-1.494

1495753598008	-2.221	5.851	-17.037

1495753598017	1.426	6.608	0.526

1495753598027	6.589	7.881	16.194

1495753598037	0.66	3.476	-0.603

1495753598051	-4.855	6.723	-12.804

1495753598057	-5.88	10.486	-8.619

1495753598067	-4.204	12.411	-4.127

1495753598077	-4.74	17.851	6.569

1495753598090	-6.071	19.614	9.653

1495753598099	-7.881	19.614	2.355

1495753598109	-11.875	19.614	-6.636

1495753598127	-17.066	19.614	-7.039

1495753598129	-19.585	19.614	-4.807

1495753598137	-19.575	19.614	1.13

1495753598147	-16.108	19.614	17.765

1495753598157	-10.774	18.886	18.34

1495753598167	-11.272	15.198	4.07

1495753598177	-11.157	12.45	-2.394

1495753598187	-10.707	11.253	1.838

1495753598201	-8.878	10.841	7.565

1495753598208	-6.11	10.18	10.075

1495753598217	-3.007	8.83	6.818

1495753598227	-1.953	7.479	2.47

1495753598237	-1.972	5.707	8.705

1495753598247	-2.375	4.568	10.515

1495753598258	-2.068	5.449	7.853

1495753598269	-1.034	6.091	2.174

1495753598279	-0.478	6.177	-1.925

1495753598292	-0.593	5.162	-3.668

1495753598300	-0.814	3.629	-3.62

1495753598327	-0.603	1.857	-2.557

1495753598328	-0.076	0.114	-1.206

1495753598329	0.593	-1.273	-0.172

1495753598337	1.225	-2.059	-0.574

1495753598347	2.164	-3.265	-2.394

1495753598357	3.352	-5.277	-4.903

1495753598367	2.499	-4.367	-3.706

1495753598377	1.781	-3.955	-2.71

1495753598391	0.574	-3.83	-2.48

1495753598420	-1.541	-2.633	-3.84

1495753598425	-2.959	-1.149	-4.778

1495753598428	-2.997	0.105	-3.208

1495753598439	-6.081	7.067	-4.3

1495753598448	-15.505	19.614	7.987

1495753598457	-18.857	19.614	19.604

1495753598467	-19.614	19.614	19.029

1495753598477	-19.614	19.614	13.178

1495753598487	-19.614	19.614	9.462

1495753598499	-15.486	19.614	7.632

1495753598508	-7.115	19.048	6.407

1495753598517	-2.049	17.765	4.98

1495753598527	-0.191	15.677	4.874

1495753598539	0.536	12.775	4.06

1495753598548	0.632	10.228	2.537

1495753598558	1.379	8.533	0.584

1495753598567	1.781	6.79	-0.747

1495753598577	1.771	4.434	-1.733

1495753598589	1.446	2.595	-1.848

1495753598599	0.9	0.89	-1.13

1495753598608	0.852	-0.44	-0.737

1495753598617	0.775	-1.35	-0.277

1495753598629	0.967	-2.212	0.268

1495753598639	1.589	-3.294	1.867

1495753598648	2.997	-4.3	3.294

1495753598658	5.468	-5.478	1.695

1495753598672	7.173	-5.803	0.335

1495753598679	4.376	-6.56	-1.11

1495753598696	0.268	-6.876	-2.375

1495753598708	-0.105	-4.424	-2.298

1495753598717	-0.814	0.162	-8.485

1495753598727	-2.231	5.64	-14.413

1495753598737	4.817	6.761	6.186

1495753598747	17.143	7.412	19.604

1495753598766	12.172	3.878	16.501

1495753598768	2.853	2.116	1.474

1495753598778	-1.043	1.072	-5.612

1495753598789	-5.631	1.072	-8.514

1495753598799	-8.59	2.739	-9.127

1495753598808	-9.395	12.105	-12.756

1495753598817	-10.525	19.048	-17.104

1495753598827	-9.481	19.614	-12.689

1495753598837	-16.338	19.614	15.668

1495753598850	-19.527	19.614	7.738

1495753598857	-19.614	19.614	0.842

1495753598867	-19.546	19.614	15.064

1495753598877	-15.582	19.614	10.975

1495753598887	-7.757	19.336	2.145

1495753598899	-7.202	16.951	0.555

1495753598908	-7.039	14.078	2.317

1495753598917	-7.728	12.23	3.284

1495753598929	-7.594	10.4	5.832

1495753598940	-6.943	7.91	8.312

1495753598949	-6.483	5.803	5.229

1495753598969	-6.723	4.597	1.024

1495753598972	-7.451	3.974	4.213

1495753598979	-6.751	3.993	10.142

1495753598995	-2.394	5.736	10.036

1495753599009	-0.593	7.288	5.717

1495753599017	0.919	7.537	2.097

1495753599034	0.957	7.364	-0.325

1495753599037	-0.258	6.416	-2.327

1495753599048	-0.727	4.357	-3.189

1495753599058	-0.335	2.49	-2.595

