1495730556512	0.10295067	-0.21787235	9.358934

1495730556568	0.114921674	-0.22505496	9.361329

1495730556644	0.12689269	-0.22505496	9.351752

1495730556710	0.112527475	-0.22984338	9.337387

1495730556781	0.110133275	-0.23463178	9.337387

1495730556866	0.09576807	-0.23223758	9.32781

1495730556918	0.09337387	-0.22744915	9.330204

1495730557002	0.10773908	-0.21547815	9.334993

1495730557058	0.10773908	-0.21547815	9.34457

1495730557128	0.11252749	-0.22266075	9.32781

1495730557207	0.10295068	-0.22266075	9.334992

1495730557270	0.10295068	-0.22505496	9.320627

1495730557342	0.10534488	-0.21547815	9.320627

1495730557408	0.107739076	-0.19632454	9.320627

1495730557480	0.11492168	-0.19871874	9.320627

1495730557551	0.11013328	-0.19393034	9.344569

1495730557618	0.10534488	-0.19632454	9.332599

1495730557691	0.10055647	-0.19871874	9.3421755

1495730557760	0.093373865	-0.19393034	9.320627

1495730557830	0.08619126	-0.21068975	9.306262

1495730557898	0.090979666	-0.20829554	9.313445

1495730557970	0.090979666	-0.21068974	9.330204

1495730558038	0.10534488	-0.21308394	9.3421755

1495730558115	0.11971009	-0.18914193	9.346964

1495730558178	0.11492168	-0.18435353	9.332598

1495730558248	0.1340753	-0.18674773	9.32781

1495730558320	0.12210429	-0.17956512	9.34457

1495730558388	0.107739076	-0.19153613	9.339781

1495730558465	0.11731589	-0.19153613	9.346964

1495730558530	0.08619127	-0.19153613	9.342175

1495730558599	0.088585466	-0.19632454	9.3182335

1495730558670	0.10055648	-0.20111294	9.337387

1495730558746	0.095768064	-0.19871874	9.337387

1495730558814	0.10534488	-0.18674773	9.334992

1495730558905	0.09816227	-0.19153613	9.3421755

1495730558955	0.088585466	-0.18914193	9.32781

1495730559018	0.090979666	-0.20590135	9.34457

1495730559090	0.09816227	-0.22266075	9.346964

1495730559160	0.10055647	-0.22026655	9.34457

1495730559228	0.10055647	-0.21308395	9.334993

1495730559299	0.10295068	-0.19393033	9.320627

1495730559380	0.09816227	-0.17717093	9.323022

1495730559441	0.09576807	-0.16280572	9.330204

1495730559518	0.093373865	-0.1604115	9.339781

1495730559583	0.08858546	-0.17717093	9.346964

1495730559651	0.093373865	-0.19153613	9.354147

1495730559724	0.11252748	-0.19393033	9.363724

1495730559790	0.12689269	-0.20829555	9.356541

1495730559873	0.12928689	-0.20350716	9.354147

1495730559929	0.12689269	-0.20350716	9.332599

1495730560002	0.12449849	-0.21787235	9.3182335

1495730560068	0.11971009	-0.20350716	9.337387

1495730560138	0.12210429	-0.20829555	9.332599

1495730560210	0.11971008	-0.21068975	9.3421755

1495730560280	0.107739076	-0.20829555	9.339781

1495730560348	0.10055647	-0.21547815	9.315839

1495730560421	0.10534487	-0.21787235	9.31105

1495730560491	0.09816226	-0.22026657	9.308657

1495730560560	0.10534488	-0.21308395	9.313444

1495730560629	0.11492168	-0.22026657	9.330204

1495730560704	0.10055647	-0.20829555	9.339781

1495730560773	0.11492168	-0.20350716	9.337387

1495730560839	0.112527475	-0.21308395	9.332599

1495730560912	0.10295067	-0.21787235	9.320627

1495730560978	0.10295067	-0.22505498	9.334992

1495730561050	0.093373865	-0.22026657	9.346964

1495730561118	0.08619126	-0.22266077	9.358934

1495730561192	0.10055647	-0.20590134	9.361329

1495730561258	0.11252748	-0.19393034	9.3421755

1495730561328	0.11492168	-0.19632454	9.337387

1495730561398	0.11731588	-0.18674773	9.3182335

