1495243767898	0.008659739	0.002131628	0.018518519

1495243767909	0.0119904075	0.001065814	0.014122035

1495243767917	0.0075939246	-0.004263256	0.016253663

1495243767931	0.0065281107	0.0	0.02504663

1495243767948	0.00532907	-0.009725553	0.015187849

1495243767958	0.0065281107	-0.008659739	0.017452704

1495243767969	0.0075939246	-0.0119904075	0.022781774

1495243767977	0.003197442	-0.002131628	0.019584332

1495243767987	0.0065281107	-0.001065814	0.018518519

1495243767997	0.0065281107	-0.0075939246	0.023980815

1495243768008	0.0065281107	-0.001065814	0.017452704

1495243768021	0.0075939246	-0.00532907	0.014122035

1495243768029	0.0065281107	-0.004263256	0.015187849

1495243768037	0.002131628	-0.00532907	0.016253663

1495243768047	0.0065281107	0.0	0.019584332

1495243768057	0.004263256	-0.0065281107	0.023980815

1495243768068	0.009725553	-0.00532907	0.015187849

1495243768078	0.010791367	-0.003197442	0.013056221

1495243768087	0.009725553	0.001065814	0.017452704

1495243768097	0.0075939246	0.0065281107	0.017452704

1495243768107	0.009725553	-0.004263256	0.017452704

1495243768118	0.010791367	-0.003197442	0.020650147

1495243768128	0.013056221	-0.003197442	0.014122035

1495243768137	0.0065281107	-0.002131628	0.019584332

1495243768147	0.0065281107	-0.009725553	0.0119904075

1495243768159	0.0075939246	-0.009725553	0.015187849

1495243768178	0.008659739	-0.0065281107	0.019584332

1495243768188	0.0065281107	0.0	0.021715961

1495243768198	0.0065281107	-0.0075939246	0.016253663

1495243768208	0.0065281107	-0.002131628	0.022781774

1495243768219	0.009725553	0.001065814	0.022781774

1495243768229	0.009725553	-0.004263256	0.02504663

1495243768237	0.0065281107	-0.003197442	0.020650147

1495243768247	0.009725553	0.002131628	0.018518519

1495243768258	0.010791367	-0.003197442	0.017452704

1495243768268	0.0065281107	-0.004263256	0.020650147

1495243768277	0.004263256	-0.00532907	0.022781774

1495243768287	0.0075939246	-0.00532907	0.016253663

1495243768297	0.009725553	-0.002131628	0.018518519

1495243768307	0.00532907	0.001065814	0.018518519

1495243768318	0.0075939246	-0.004263256	0.020650147

1495243768329	0.008659739	-0.00532907	0.027178258

1495243768338	0.009725553	-0.003197442	0.015187849

1495243768348	0.001065814	-0.004263256	0.016253663

1495243768358	0.0075939246	-0.001065814	0.020650147

1495243768369	0.008659739	-0.002131628	0.020650147

1495243768387	0.008659739	-0.003197442	0.021715961

1495243768397	0.010791367	0.0	0.016253663

1495243768407	0.009725553	-0.004263256	0.015187849

1495243768418	0.009725553	-0.001065814	0.014122035

1495243768429	0.010791367	0.0	0.022781774

1495243768438	0.010791367	0.0	0.020650147

1495243768448	0.0075939246	-0.001065814	0.020650147

1495243768458	0.0075939246	-0.002131628	0.018518519

1495243768471	0.0075939246	-0.002131628	0.017452704

1495243768477	0.0119904075	-0.001065814	0.022781774

1495243768487	0.0065281107	-0.004263256	0.022781774

1495243768497	0.004263256	0.0	0.015187849

1495243768507	0.00532907	-0.002131628	0.017452704

1495243768519	0.009725553	-0.003197442	0.020650147

1495243768529	0.0119904075	-0.001065814	0.019584332

1495243768538	0.0119904075	-0.004263256	0.016253663

1495243768548	0.0075939246	-0.00532907	0.018518519

1495243768557	0.003197442	-0.008659739	0.018518519

1495243768568	0.0075939246	-0.008659739	0.022781774

1495243768577	0.0075939246	-0.00532907	0.022781774

1495243768587	0.010791367	0.27378097	0.014122035

1495243768597	0.004263256	-0.00532907	0.0119904075

1495243768610	0.00532907	-0.004263256	0.014122035

1495243768622	0.0065281107	-0.003197442	0.0119904075

1495243768630	0.009725553	-0.004263256	0.013056221

1495243768643	0.008659739	-0.004263256	0.017452704

1495243768647	0.0075939246	-0.003197442	0.022781774

1495243768657	0.0065281107	0.0	0.018518519

1495243768668	0.0065281107	0.0	0.016253663

1495243768677	0.009725553	-0.0065281107	0.019584332

1495243768687	0.0075939246	-0.00532907	0.018518519

1495243768697	0.008659739	0.0	0.018518519

1495243768707	0.009725553	0.003197442	0.016253663

1495243768718	0.008659739	0.0	0.013056221

1495243768729	0.008659739	-0.004263256	0.014122035

1495243768738	0.0065281107	-0.00532907	0.020650147

1495243768749	0.0075939246	-0.004263256	0.018518519

1495243768758	0.008659739	-0.001065814	0.021715961

1495243768770	0.009725553	-0.003197442	0.016253663

1495243768787	0.008659739	-0.002131628	0.020650147

1495243768797	0.0119904075	-0.001065814	0.021715961

1495243768807	0.015187849	-0.002131628	0.02504663

1495243768819	0.010791367	-0.001065814	0.015187849

1495243768830	0.010791367	0.0	0.017452704

1495243768838	0.008659739	-0.003197442	0.014122035

1495243768848	0.0065281107	-0.003197442	0.0119904075

1495243768858	0.0075939246	-0.0065281107	0.022781774

1495243768869	0.0065281107	-0.00532907	0.017452704

1495243768878	0.0065281107	-0.00532907	0.020650147

1495243768888	0.004263256	-0.003197442	0.017452704

1495243768897	0.004263256	-0.003197442	0.018518519

1495243768908	0.0075939246	-0.004263256	0.014122035

1495243768918	0.0119904075	-0.002131628	0.017452704

1495243768929	0.009725553	-0.002131628	0.018518519

1495243768937	0.008659739	-0.002131628	0.017452704

1495243768947	0.00532907	-0.003197442	0.017452704

1495243768957	0.008659739	-0.003197442	0.0119904075

1495243768969	0.0119904075	-0.0075939246	0.014122035

1495243768978	0.0119904075	-0.001065814	0.014122035

1495243768988	0.009725553	-0.00532907	0.023980815

1495243768998	0.0075939246	-0.00532907	0.019584332

1495243769008	0.010791367	-0.004263256	0.008659739

1495243769020	0.010791367	-0.003197442	0.013056221

1495243769028	0.0119904075	-0.002131628	0.017452704

1495243769037	0.0065281107	-0.003197442	0.020650147

1495243769047	0.00532907	-0.0075939246	0.020650147

1495243769057	0.008659739	-0.003197442	0.023980815

1495243769068	0.00532907	-0.00532907	0.018518519

1495243769081	0.0065281107	-0.001065814	0.020650147

1495243769088	0.0075939246	-0.001065814	0.02504663

1495243769097	0.009725553	0.002131628	0.020650147

1495243769107	0.00532907	-0.001065814	0.026112443

1495243769118	0.009725553	-0.002131628	0.026112443

1495243769129	0.0065281107	-0.002131628	0.020650147

1495243769137	0.008659739	0.0	0.019584332

1495243769148	0.008659739	-0.00532907	0.018518519

1495243769157	0.009725553	-0.0075939246	0.016253663

1495243769170	0.00532907	-0.002131628	0.013056221

1495243769179	0.00532907	-0.002131628	0.016253663

1495243769188	0.009725553	-0.001065814	0.013056221

1495243769197	0.0075939246	-0.00532907	0.018518519

1495243769207	0.009725553	0.001065814	0.017452704

1495243769218	0.009725553	-0.004263256	0.017452704

1495243769229	0.0065281107	-0.003197442	0.019584332

1495243769237	0.004263256	-0.0065281107	0.016253663

1495243769248	0.0065281107	-0.00532907	0.019584332

1495243769257	0.0075939246	-0.0075939246	0.017452704

1495243769268	0.0075939246	-0.004263256	0.018518519

1495243769278	0.004263256	-0.00532907	0.019584332

1495243769288	0.0075939246	-0.004263256	0.018518519

1495243769297	0.0075939246	-0.003197442	0.016253663

1495243769307	0.008659739	0.0	0.026112443

1495243769320	0.0119904075	-0.002131628	0.021715961

1495243769328	0.008659739	-0.003197442	0.019584332

1495243769339	0.008659739	-0.004263256	0.017452704

1495243769347	0.00532907	-0.00532907	0.018518519

1495243769358	0.00532907	-0.004263256	0.023980815

1495243769368	0.0065281107	-0.0075939246	0.014122035

1495243769377	0.009725553	-0.008659739	0.014122035

1495243769387	0.0065281107	-0.004263256	0.020650147

1495243769397	0.010791367	-0.002131628	0.027178258

1495243769407	0.0075939246	-0.002131628	0.022781774

1495243769418	0.0065281107	-0.0075939246	0.020650147

1495243769427	0.0075939246	-0.00532907	0.010791367

1495243769440	0.0065281107	-0.00532907	0.017452704

1495243769448	0.0065281107	-0.003197442	0.021715961

1495243769457	0.008659739	-0.003197442	0.022781774

1495243769468	0.010791367	-0.0065281107	0.017452704

1495243769478	0.0065281107	-0.0075939246	0.018518519

1495243769487	0.009725553	-0.001065814	0.02504663

1495243769497	0.010791367	0.0	0.020650147

1495243769508	0.0075939246	-0.001065814	0.021715961

1495243769524	0.00532907	-0.008659739	0.020650147

1495243769538	0.0065281107	-0.001065814	0.020650147

1495243769548	0.013056221	0.002131628	0.022781774

1495243769559	0.0119904075	-0.003197442	0.019584332

1495243769568	0.009725553	-0.004263256	0.018518519

1495243769578	0.008659739	-0.003197442	0.018518519

1495243769587	0.009725553	-0.2748468	0.017452704

1495243769597	0.0119904075	-0.004263256	0.020650147

1495243769608	0.008659739	-0.0075939246	0.018518519

1495243769620	0.0075939246	-0.00532907	0.014122035

1495243769629	0.0065281107	-0.0065281107	0.020650147

1495243769639	0.0075939246	-0.001065814	0.019584332

1495243769648	0.008659739	0.004263256	0.016253663

1495243769658	0.0075939246	-0.004263256	0.020650147

1495243769668	0.0075939246	-0.003197442	0.021715961

1495243769677	0.0075939246	-0.002131628	0.021715961

1495243769687	0.009725553	-0.002131628	0.020650147

1495243769697	0.008659739	0.001065814	0.017452704

1495243769707	0.0075939246	-0.002131628	0.018518519

1495243769719	0.0119904075	-0.0065281107	0.019584332

1495243769728	0.013056221	-0.004263256	0.022781774

1495243769739	0.009725553	-0.0065281107	0.019584332

1495243769758	0.008659739	-0.00532907	0.013056221

1495243769759	0.013056221	-0.001065814	0.018518519

1495243769768	0.0075939246	-0.004263256	0.016253663

1495243769777	0.0075939246	-0.009725553	0.016253663

1495243769787	0.013056221	-0.001065814	0.022781774

1495243769797	0.014122035	-0.001065814	0.015187849

1495243769807	0.0075939246	-0.009725553	0.016253663

1495243769818	0.009725553	0.0	0.018518519

1495243769829	0.0075939246	-0.001065814	0.018518519

1495243769838	0.013056221	0.002131628	0.016253663

1495243769848	0.009725553	-0.002131628	0.0119904075

1495243769857	0.010791367	-0.001065814	0.013056221

1495243769869	0.010791367	-0.003197442	0.016253663

1495243769878	0.010791367	-0.003197442	0.021715961

1495243769888	0.0065281107	-0.002131628	0.019584332

1495243769898	0.00532907	-0.002131628	0.019584332

1495243769908	0.009725553	-0.003197442	0.020650147

1495243769922	0.009725553	-0.003197442	0.018518519

1495243769939	0.0065281107	-0.001065814	0.022781774

1495243769948	0.00532907	-0.003197442	0.0119904075

1495243769958	0.008659739	-0.001065814	0.016253663

1495243769968	0.0065281107	-0.003197442	0.016253663

1495243769979	0.004263256	-0.0065281107	0.016253663

1495243769988	0.0065281107	-0.010791367	0.017452704

1495243769998	0.010791367	-0.0065281107	0.013056221

1495243770007	0.0075939246	-0.0075939246	0.021715961

1495243770019	0.008659739	-0.004263256	0.020650147

1495243770039	0.009725553	-0.0075939246	0.016253663

1495243770048	0.0065281107	-0.0119904075	0.0119904075

1495243770058	0.00532907	-0.008659739	0.013056221

1495243770069	0.0065281107	-0.003197442	0.020650147

1495243770078	0.0065281107	-0.002131628	0.018518519

1495243770088	0.0065281107	-0.0065281107	0.016253663

1495243770098	0.0065281107	-0.004263256	0.020650147

1495243770107	0.0065281107	-0.003197442	0.017452704

1495243770119	0.0075939246	0.002131628	0.020650147

1495243770127	0.008659739	-0.004263256	0.014122035

1495243770138	0.0119904075	-0.00532907	0.020650147

1495243770147	0.010791367	-0.00532907	0.019584332

1495243770157	0.00532907	-0.0075939246	0.017452704

1495243770168	0.0075939246	0.002131628	0.015187849

1495243770188	0.0065281107	-0.001065814	0.018518519

1495243770197	0.0075939246	-0.004263256	0.021715961

1495243770207	0.009725553	-0.00532907	0.019584332

1495243770221	0.008659739	-0.001065814	0.013056221

1495243770228	0.00532907	-0.001065814	0.019584332

1495243770239	0.009725553	0.0	0.016253663

1495243770248	0.009725553	-0.001065814	0.018518519

1495243770258	0.010791367	-0.001065814	0.018518519

1495243770269	0.00532907	-0.003197442	0.017452704

1495243770279	0.0065281107	-0.00532907	0.020650147

1495243770288	0.008659739	-0.004263256	0.015187849

1495243770298	0.008659739	-0.003197442	0.017452704

1495243770308	0.0065281107	-0.003197442	0.017452704

1495243770320	0.0075939246	-0.00532907	0.0119904075

1495243770327	0.009725553	-0.004263256	0.015187849

1495243770339	0.0119904075	-0.001065814	0.017452704

1495243770347	0.0075939246	0.002131628	0.021715961

1495243770357	0.00532907	-0.001065814	0.022781774

1495243770368	0.0065281107	-0.003197442	0.013056221

1495243770378	0.015187849	-0.001065814	0.02504663

1495243770388	0.009725553	-0.004263256	0.020650147

1495243770398	0.00532907	-0.004263256	0.018518519

1495243770407	0.008659739	-0.002131628	0.017452704

1495243770420	0.0065281107	0.0	0.014122035

1495243770427	0.0065281107	-0.003197442	0.019584332

1495243770438	0.013056221	-0.0065281107	0.02504663

1495243770447	0.009725553	-0.003197442	0.022781774

1495243770457	0.009725553	-0.001065814	0.019584332

1495243770474	0.009725553	-0.00532907	0.022781774

1495243770478	0.010791367	-0.002131628	0.018518519

1495243770498	0.0065281107	-0.009725553	0.018518519

1495243770499	0.008659739	0.001065814	0.02504663

1495243770507	0.0065281107	0.0	0.023980815

1495243770518	0.004263256	-0.00532907	0.017452704

1495243770527	0.0075939246	-0.00532907	0.019584332

1495243770539	0.0065281107	-0.008659739	0.015187849

1495243770548	0.004263256	-0.00532907	0.018518519

1495243770557	0.008659739	-0.00532907	0.017452704

1495243770568	0.0119904075	-0.00532907	0.018518519

1495243770577	0.0065281107	-0.004263256	0.017452704

1495243770587	0.010791367	-0.004263256	0.017452704

1495243770597	0.008659739	-0.0075939246	0.010791367

1495243770608	0.00532907	0.0	0.019584332

1495243770619	0.0065281107	-0.002131628	0.017452704

1495243770628	0.010791367	-0.003197442	0.018518519

1495243770640	0.0075939246	-0.004263256	0.023980815

1495243770649	0.008659739	-0.004263256	0.017452704

1495243770657	0.009725553	-0.001065814	0.014122035

1495243770668	0.00532907	-0.008659739	0.019584332

1495243770677	0.00532907	-0.004263256	0.018518519

1495243770688	0.009725553	-0.001065814	0.016253663

1495243770697	0.009725553	-0.002131628	0.016253663

1495243770707	0.008659739	0.0	0.022781774

1495243770718	0.0065281107	-0.003197442	0.023980815

1495243770728	0.009725553	-0.0065281107	0.017452704

1495243770738	0.0119904075	-0.00532907	0.016253663

1495243770747	0.0119904075	-0.002131628	0.018518519

1495243770757	0.008659739	0.0	0.023980815

1495243770771	0.0075939246	0.001065814	0.018518519

1495243770787	0.009725553	-0.002131628	0.02504663

1495243770798	0.009725553	-0.001065814	0.020650147

1495243770807	0.008659739	-0.004263256	0.018518519

1495243770818	0.009725553	0.0	0.018518519

1495243770828	0.015187849	0.001065814	0.021715961

1495243770839	0.008659739	-0.0065281107	0.018518519

1495243770848	0.013056221	-0.0065281107	0.016253663

1495243770858	0.010791367	-0.0065281107	0.019584332

1495243770868	0.00532907	-0.002131628	0.016253663

1495243770879	0.003197442	-0.003197442	0.017452704

1495243770888	0.0119904075	-0.00532907	0.017452704

1495243770898	0.009725553	-0.003197442	0.014122035

1495243770907	0.009725553	-0.002131628	0.019584332

1495243770918	0.010791367	-0.002131628	0.017452704

1495243770928	0.008659739	-0.004263256	0.017452704

1495243770939	0.009725553	-0.00532907	0.019584332

1495243770947	0.0075939246	-0.010791367	0.013056221

1495243770957	0.008659739	-0.003197442	0.015187849

1495243770968	0.008659739	-0.008659739	0.015187849

1495243770977	0.008659739	-0.003197442	0.013056221

1495243770987	0.0065281107	-0.0075939246	0.016253663

1495243770997	0.010791367	-0.003197442	0.017452704

1495243771007	0.010791367	0.004263256	0.017452704

1495243771018	0.008659739	0.0	0.017452704

1495243771028	0.0075939246	-0.002131628	0.019584332

1495243771038	0.0065281107	-0.004263256	0.014122035

1495243771047	0.008659739	-0.004263256	0.016253663

1495243771057	0.009725553	-0.004263256	0.016253663

1495243771070	0.0119904075	-0.003197442	0.019584332

1495243771077	0.009725553	0.0	0.017452704

1495243771087	0.0065281107	-0.0065281107	0.017452704

1495243771098	0.008659739	0.0	0.016253663

1495243771108	0.0075939246	-0.001065814	0.016253663

1495243771119	0.013056221	0.002131628	0.013056221

1495243771127	0.010791367	-0.003197442	0.015187849

1495243771139	0.0075939246	0.0	0.016253663

1495243771147	0.0065281107	-0.002131628	0.018518519

1495243771157	0.009725553	-0.002131628	0.020650147

1495243771168	0.0075939246	-0.003197442	0.016253663

1495243771178	0.00532907	-0.003197442	0.020650147

1495243771188	0.0065281107	0.001065814	0.017452704

1495243771198	0.009725553	-0.002131628	0.014122035

1495243771207	0.0075939246	-0.00532907	0.016253663

1495243771219	0.0065281107	-0.00532907	0.015187849

1495243771228	0.0119904075	-0.00532907	0.019584332

1495243771239	0.008659739	-0.004263256	0.015187849

1495243771248	0.00532907	-0.004263256	0.019584332

1495243771257	0.0065281107	-0.001065814	0.020650147

1495243771268	0.0119904075	-0.001065814	0.023980815

1495243771278	0.017452704	0.003197442	0.022781774

1495243771288	0.0119904075	0.001065814	0.020650147

1495243771298	0.008659739	-0.003197442	0.020650147

1495243771309	0.009725553	-0.004263256	0.018518519

1495243771323	0.0075939246	-0.003197442	0.015187849

1495243771340	0.008659739	-0.004263256	0.019584332

1495243771347	0.0065281107	0.0	0.014122035

1495243771357	0.010791367	-0.003197442	0.013056221

1495243771370	0.0075939246	-0.002131628	0.018518519

1495243771377	0.0075939246	-0.002131628	0.023980815

1495243771388	0.008659739	-0.0075939246	0.018518519

1495243771399	0.00532907	-0.0075939246	0.015187849

1495243771407	0.009725553	0.0	0.019584332

1495243771419	0.015187849	-0.001065814	0.017452704

1495243771427	0.0119904075	-0.00532907	0.014122035

1495243771439	0.009725553	-0.0075939246	0.015187849

1495243771447	0.0065281107	-0.0065281107	0.016253663

1495243771458	0.003197442	-0.0065281107	0.020650147

1495243771468	0.008659739	-0.003197442	0.019584332

1495243771478	0.008659739	0.0	0.015187849

1495243771488	0.0075939246	0.001065814	0.019584332

1495243771497	0.0065281107	0.0	0.015187849

1495243771507	0.010791367	-0.003197442	0.020650147

1495243771518	0.009725553	-0.003197442	0.017452704

1495243771528	0.008659739	-0.0065281107	0.015187849

1495243771539	0.0065281107	-0.008659739	0.013056221

1495243771548	0.010791367	-0.00532907	0.016253663

1495243771557	0.0065281107	-0.003197442	0.018518519

1495243771568	0.008659739	-0.00532907	0.016253663

1495243771578	0.009725553	-0.002131628	0.015187849

1495243771588	0.008659739	0.0	0.010791367

1495243771597	0.0075939246	-0.003197442	0.015187849

1495243771608	0.008659739	-0.003197442	0.016253663

1495243771618	0.009725553	0.0	0.017452704

1495243771627	0.014122035	0.001065814	0.015187849

1495243771638	0.014122035	0.0	0.021715961

1495243771647	0.010791367	-0.001065814	0.020650147

1495243771657	0.0119904075	-0.001065814	0.021715961

1495243771671	0.0119904075	0.0	0.022781774

1495243771678	0.0119904075	-0.001065814	0.018518519

1495243771688	0.0119904075	-0.00532907	0.022781774

1495243771698	0.009725553	-0.003197442	0.020650147

1495243771707	0.0065281107	-0.00532907	0.014122035

1495243771718	0.008659739	-0.00532907	0.022781774

1495243771727	0.004263256	-0.004263256	0.018518519

1495243771740	0.0065281107	0.0	0.020650147

1495243771757	0.0075939246	0.002131628	0.019584332

1495243771768	0.0075939246	-0.001065814	0.023980815

1495243771777	0.0075939246	-0.001065814	0.0119904075

1495243771788	0.00532907	-0.003197442	0.017452704

1495243771798	0.00532907	0.0	0.017452704

1495243771808	0.008659739	0.001065814	0.020650147

1495243771821	0.009725553	0.002131628	0.015187849

1495243771839	0.013056221	-0.003197442	0.019584332

1495243771847	0.008659739	-0.002131628	0.015187849

1495243771849	0.0075939246	-0.001065814	0.0119904075

1495243771857	0.009725553	-0.00532907	0.016253663

1495243771868	0.008659739	-0.0065281107	0.017452704

1495243771878	0.009725553	-0.004263256	0.021715961

1495243771892	0.008659739	-0.003197442	0.022781774

1495243771898	0.010791367	0.001065814	0.018518519

1495243771908	0.008659739	0.003197442	0.009725553

1495243771918	0.010791367	0.001065814	0.009725553

1495243771927	0.015187849	-0.0065281107	0.017452704

1495243771938	0.010791367	-0.009725553	0.014122035

1495243771947	0.0065281107	-0.00532907	0.016253663

1495243771958	0.0075939246	0.002131628	0.016253663

1495243771970	0.0075939246	0.0	0.019584332

1495243771977	0.0075939246	0.0	0.016253663

1495243771987	0.010791367	-0.003197442	0.021715961

1495243771997	0.016253663	-0.002131628	0.017452704

1495243772007	0.0065281107	-0.004263256	0.019584332

1495243772018	0.009725553	-0.003197442	0.021715961

1495243772028	0.009725553	0.0	0.020650147

1495243772039	0.00532907	-0.0065281107	0.017452704

1495243772047	0.004263256	-0.00532907	0.019584332

1495243772057	0.010791367	-0.004263256	0.015187849

1495243772068	0.009725553	-0.00532907	0.016253663

1495243772077	0.0065281107	-0.0075939246	0.020650147

1495243772087	0.0075939246	-0.009725553	0.014122035

1495243772097	0.009725553	-0.0075939246	0.017452704

1495243772107	0.008659739	-0.008659739	0.015187849

1495243772118	0.008659739	-0.0075939246	0.023980815

1495243772128	0.008659739	-0.00532907	0.019584332

1495243772139	0.008659739	-0.0075939246	0.020650147

1495243772147	0.0075939246	-0.0065281107	0.019584332

1495243772157	0.0119904075	-0.004263256	0.018518519

1495243772168	0.009725553	-0.00532907	0.021715961

1495243772178	0.009725553	0.002131628	0.022781774

1495243772187	0.0075939246	0.0	0.017452704

1495243772197	0.009725553	0.003197442	0.019584332

1495243772208	0.009725553	0.0	0.027178258

1495243772230	0.008659739	-0.009725553	0.02824407

1495243772239	0.009725553	-0.003197442	0.017452704

1495243772249	0.008659739	0.001065814	0.019584332

1495243772257	0.010791367	-0.001065814	0.021715961

1495243772268	0.0065281107	-0.0075939246	0.018518519

1495243772277	0.00532907	-0.0065281107	0.016253663

1495243772287	0.010791367	-0.003197442	0.013056221

1495243772298	0.013056221	-0.00532907	0.015187849

1495243772308	0.008659739	-0.001065814	0.022781774

1495243772318	0.009725553	-0.002131628	0.016253663

1495243772328	0.008659739	0.0	0.018518519

1495243772337	0.0065281107	-0.001065814	0.019584332

1495243772349	0.010791367	0.2748468	0.019584332

1495243772359	0.010791367	0.0	0.019584332

1495243772373	0.013056221	-0.004263256	0.018518519

1495243772378	0.013056221	-0.003197442	0.019584332

1495243772388	0.009725553	0.0	0.018518519

1495243772397	0.0119904075	0.001065814	0.017452704

1495243772407	0.009725553	0.004263256	0.017452704

1495243772419	0.0119904075	0.002131628	0.023980815

1495243772428	0.009725553	-0.002131628	0.018518519

1495243772438	0.0065281107	-0.003197442	0.015187849

1495243772448	0.008659739	-0.004263256	0.016253663

1495243772457	0.0119904075	-0.004263256	0.013056221

1495243772468	0.014122035	-0.008659739	0.015187849

1495243772478	0.008659739	0.0	0.018518519

1495243772487	0.0065281107	-0.004263256	0.022781774

1495243772497	0.0065281107	-0.0065281107	0.020650147

1495243772508	0.009725553	-0.002131628	0.017452704

1495243772520	0.0065281107	0.0	0.020650147

1495243772528	0.00532907	0.001065814	0.020650147

1495243772537	0.008659739	-0.002131628	0.017452704

1495243772549	0.00532907	-0.003197442	0.016253663

1495243772568	0.008659739	-0.004263256	0.015187849

1495243772578	0.0075939246	-0.0065281107	0.017452704

1495243772588	0.0119904075	-0.0065281107	0.0119904075

1495243772597	0.009725553	-0.0075939246	0.015187849

1495243772608	0.00532907	-0.003197442	0.019584332

1495243772618	0.00532907	-0.002131628	0.023980815

1495243772628	0.00532907	0.0	0.022781774

1495243772637	0.008659739	-0.003197442	0.016253663

1495243772649	0.010791367	-0.008659739	0.019584332

1495243772658	0.0075939246	-0.00532907	0.02504663

1495243772670	0.0065281107	-0.00532907	0.016253663

1495243772678	0.0065281107	-0.0065281107	0.018518519

1495243772689	0.009725553	-0.002131628	0.021715961

1495243772707	0.0119904075	-0.003197442	0.021715961

1495243772710	0.008659739	-0.0065281107	0.021715961

1495243772721	0.0065281107	-0.002131628	0.014122035

1495243772738	0.014122035	-0.00532907	0.015187849

1495243772748	0.009725553	-0.002131628	0.019584332

1495243772758	0.0065281107	0.001065814	0.020650147

1495243772769	0.008659739	0.0	0.020650147

1495243772778	0.0119904075	0.2704503	0.020650147

1495243772788	0.010791367	0.0065281107	0.022781774

1495243772797	0.00532907	-0.001065814	0.021715961

1495243772807	0.009725553	-0.001065814	0.018518519

1495243772820	0.0075939246	0.0	0.016253663

1495243772829	0.009725553	-0.002131628	0.018518519

1495243772837	0.010791367	-0.002131628	0.013056221

1495243772849	0.0075939246	0.001065814	0.019584332

1495243772858	0.0065281107	-0.003197442	0.017452704

1495243772868	0.002131628	-0.0075939246	0.014122035

1495243772878	0.008659739	-0.0075939246	0.017452704

