1496007286571	0.0119904075	0.004263256	0.022781774

1496007286578	0.008659739	0.001065814	0.021715961

1496007286588	0.013056221	-0.003197442	0.019584332

1496007286600	0.010791367	-0.0065281107	0.015187849

1496007286610	0.004263256	-0.003197442	0.018518519

1496007286619	0.009725553	0.003197442	0.018518519

1496007286628	0.0119904075	0.004263256	0.023980815

1496007286638	0.008659739	-0.003197442	0.017452704

1496007286648	0.008659739	-0.001065814	0.022781774

1496007286658	0.004263256	-0.0065281107	0.026112443

1496007286668	0.008659739	-0.0065281107	0.022781774

1496007286679	0.009725553	-0.00532907	0.023980815

1496007286691	0.0065281107	-0.0065281107	0.026112443

1496007286700	0.009725553	-0.0075939246	0.022781774

1496007286708	0.013056221	-0.00532907	0.018518519

1496007286718	0.0119904075	0.0	0.013056221

1496007286730	0.0119904075	0.0	0.020650147

1496007286741	0.008659739	-0.0075939246	0.018518519

1496007286748	0.0075939246	-0.00532907	0.021715961

1496007286758	0.008659739	0.00532907	0.020650147

1496007286768	0.010791367	-0.0065281107	0.026112443

1496007286778	0.0065281107	-0.008659739	0.023980815

1496007286790	0.0065281107	0.002131628	0.021715961

1496007286799	0.0065281107	-0.002131628	0.022781774

1496007286808	0.014122035	-0.003197442	0.027178258

1496007286819	0.017452704	0.002131628	0.018518519

1496007286828	0.013056221	-0.004263256	0.018518519

1496007286840	0.008659739	-0.004263256	0.021715961

1496007286848	0.008659739	-0.001065814	0.022781774

1496007286858	0.008659739	-0.0065281107	0.019584332

1496007286868	0.0075939246	-0.004263256	0.020650147

1496007286878	0.010791367	-0.004263256	0.022781774

1496007286892	0.003197442	-0.0065281107	0.026112443

1496007286900	0.014122035	0.0	0.020650147

1496007286908	0.008659739	-0.002131628	0.018518519

1496007286918	0.0119904075	-0.003197442	0.022781774

1496007286928	0.009725553	-0.004263256	0.023980815

1496007286940	0.008659739	0.0	0.023980815

1496007286948	0.00532907	0.001065814	0.026112443

1496007286958	0.009725553	0.001065814	0.023980815

1496007286968	0.0119904075	-0.002131628	0.019584332

1496007286978	0.0075939246	-0.002131628	0.018518519

1496007286991	0.0075939246	0.0	0.02504663

1496007287000	0.010791367	-0.003197442	0.026112443

1496007287008	0.009725553	-0.00532907	0.023980815

1496007287018	0.0075939246	0.001065814	0.022781774

1496007287028	0.009725553	0.0	0.017452704

1496007287041	0.0065281107	-0.00532907	0.018518519

1496007287048	0.009725553	0.001065814	0.016253663

1496007287061	0.00532907	-0.00532907	0.022781774

1496007287079	0.004263256	-0.004263256	0.020650147

1496007287091	0.004263256	-0.001065814	0.021715961

1496007287099	0.009725553	-0.00532907	0.020650147

1496007287109	0.00532907	-0.010791367	0.022781774

1496007287118	0.0075939246	-0.00532907	0.019584332

1496007287128	0.0075939246	-0.0065281107	0.022781774

1496007287142	0.0065281107	-0.00532907	0.023980815

1496007287148	0.0065281107	-0.00532907	0.019584332

1496007287158	0.0075939246	-0.00532907	0.021715961

1496007287168	0.0065281107	-0.001065814	0.026112443

1496007287179	0.010791367	-0.001065814	0.023980815

1496007287191	0.0119904075	-0.003197442	0.019584332

1496007287200	0.008659739	-0.004263256	0.019584332

1496007287208	0.0075939246	-0.0075939246	0.021715961

1496007287218	0.010791367	-0.0075939246	0.018518519

1496007287228	0.010791367	0.0	0.018518519

1496007287240	0.010791367	0.002131628	0.020650147

1496007287248	0.010791367	-0.001065814	0.018518519

1496007287258	0.0119904075	0.001065814	0.018518519

1496007287268	0.013056221	-0.0065281107	0.014122035

1496007287279	0.0075939246	-0.0065281107	0.014122035

1496007287290	0.00532907	-0.0075939246	0.014122035

1496007287300	0.010791367	-0.001065814	0.017452704

1496007287308	0.009725553	-0.00532907	0.019584332

1496007287318	0.0065281107	-0.00532907	0.022781774

1496007287328	0.010791367	-0.002131628	0.027178258

1496007287341	0.008659739	0.001065814	0.023980815

1496007287349	0.009725553	0.002131628	0.026112443

1496007287358	0.009725553	0.002131628	0.027178258

1496007287368	0.013056221	0.0	0.022781774

1496007287379	0.0119904075	-0.003197442	0.015187849

1496007287390	0.009725553	-0.003197442	0.021715961

1496007287399	0.008659739	-0.001065814	0.019584332

1496007287408	0.0075939246	0.0	0.018518519

1496007287418	0.010791367	0.001065814	0.03157474

1496007287429	0.010791367	-0.004263256	0.017452704

1496007287444	0.004263256	-0.003197442	0.016253663

1496007287448	0.010791367	-0.002131628	0.017452704

1496007287459	0.008659739	-0.0065281107	0.014122035

1496007287469	0.0075939246	-0.004263256	0.019584332

1496007287479	0.008659739	0.0	0.026112443

1496007287500	0.0119904075	-0.0065281107	0.020650147

1496007287518	0.008659739	-0.0065281107	0.023980815

1496007287528	0.008659739	-0.004263256	0.022781774

1496007287540	0.014122035	-0.002131628	0.020650147

1496007287549	0.00532907	-0.001065814	0.019584332

1496007287558	0.008659739	0.0	0.022781774

1496007287568	0.0065281107	-0.003197442	0.022781774

1496007287579	0.0075939246	-0.003197442	0.026112443

1496007287590	0.009725553	-0.002131628	0.019584332

1496007287600	0.0075939246	0.002131628	0.018518519

1496007287608	0.009725553	0.0	0.016253663

1496007287618	0.013056221	-0.004263256	0.020650147

1496007287628	0.010791367	-0.00532907	0.017452704

1496007287642	0.014122035	-0.001065814	0.019584332

1496007287660	0.010791367	-0.00532907	0.018518519

1496007287668	0.010791367	0.0	0.020650147

1496007287679	0.010791367	-0.003197442	0.018518519

1496007287699	0.0065281107	-0.0065281107	0.023980815

1496007287708	0.004263256	-0.004263256	0.021715961

1496007287718	0.0075939246	-0.0075939246	0.015187849

1496007287729	0.010791367	-0.0075939246	0.017452704

1496007287744	0.009725553	-0.0065281107	0.023980815

1496007287748	0.0119904075	-0.001065814	0.026112443

1496007287759	0.010791367	0.0	0.026112443

1496007287768	0.0065281107	-0.001065814	0.021715961

1496007287779	0.003197442	-0.004263256	0.021715961

1496007287790	0.0075939246	-0.002131628	0.020650147

1496007287800	0.010791367	-0.004263256	0.014122035

1496007287808	0.008659739	-0.004263256	0.017452704

1496007287820	0.010791367	-0.004263256	0.015187849

1496007287828	0.008659739	-0.004263256	0.020650147

1496007287840	0.008659739	-0.00532907	0.021715961

1496007287848	0.0075939246	-0.0065281107	0.020650147

1496007287858	0.0075939246	-0.0065281107	0.018518519

1496007287868	0.010791367	-0.004263256	0.017452704

1496007287879	0.0075939246	-0.0065281107	0.021715961

1496007287893	0.0075939246	-0.0065281107	0.022781774

1496007287900	0.008659739	-0.004263256	0.019584332

1496007287908	0.0119904075	-0.002131628	0.02504663

1496007287919	0.0119904075	0.002131628	0.026112443

1496007287929	0.009725553	0.0	0.021715961

1496007287941	0.0065281107	-0.003197442	0.023980815

1496007287948	0.0075939246	-0.00532907	0.021715961

1496007287958	0.010791367	-0.0075939246	0.017452704

1496007287968	0.0075939246	0.002131628	0.017452704

1496007287978	0.010791367	0.0	0.018518519

1496007287993	0.010791367	-0.0065281107	0.020650147

1496007288000	0.009725553	-0.003197442	0.019584332

1496007288008	0.008659739	0.0	0.018518519

1496007288018	0.009725553	0.0065281107	0.02504663

1496007288029	0.013056221	0.0	0.019584332

1496007288042	0.0119904075	-0.001065814	0.021715961

1496007288049	0.010791367	-0.0065281107	0.015187849

1496007288058	0.008659739	-0.00532907	0.018518519

1496007288070	0.0119904075	0.0	0.023980815

1496007288090	0.009725553	-0.003197442	0.022781774

1496007288100	0.009725553	-0.001065814	0.014122035

1496007288108	0.0075939246	0.0	0.020650147

1496007288118	0.010791367	-0.002131628	0.023980815

1496007288128	0.0065281107	-0.003197442	0.021715961

1496007288140	0.0065281107	-0.001065814	0.021715961

1496007288148	0.0075939246	0.0	0.018518519

1496007288158	0.008659739	0.0	0.017452704

1496007288168	0.0075939246	0.001065814	0.020650147

1496007288178	0.009725553	0.004263256	0.020650147

1496007288190	0.009725553	-0.0075939246	0.017452704

1496007288200	0.0119904075	-0.003197442	0.020650147

1496007288208	0.0075939246	-0.002131628	0.019584332

1496007288218	0.002131628	-0.004263256	0.023980815

1496007288228	0.0065281107	-0.004263256	0.021715961

1496007288240	0.009725553	-0.008659739	0.023980815

1496007288248	0.008659739	-0.004263256	0.021715961

1496007288258	0.0119904075	-0.0075939246	0.020650147

1496007288268	0.0075939246	-0.002131628	0.018518519

1496007288278	0.0119904075	-0.002131628	0.017452704

1496007288291	0.009725553	-0.002131628	0.019584332

1496007288299	0.009725553	-0.004263256	0.019584332

1496007288308	0.010791367	-0.001065814	0.026112443

1496007288318	0.010791367	-0.001065814	0.023980815

1496007288328	0.0119904075	-0.004263256	0.019584332

1496007288342	0.010791367	-0.002131628	0.017452704

1496007288348	0.013056221	-0.003197442	0.018518519

1496007288358	0.008659739	-0.002131628	0.020650147

1496007288368	0.0065281107	-0.001065814	0.020650147

1496007288380	0.009725553	-0.003197442	0.019584332

1496007288390	0.0119904075	0.002131628	0.022781774

1496007288400	0.013056221	0.003197442	0.021715961

1496007288408	0.009725553	-0.00532907	0.014122035

1496007288418	0.008659739	-0.004263256	0.021715961

1496007288428	0.0065281107	-0.004263256	0.022781774

1496007288440	0.003197442	-0.00532907	0.021715961

1496007288448	0.0065281107	-0.003197442	0.023980815

1496007288458	0.0075939246	-0.002131628	0.017452704

1496007288468	0.0065281107	-0.00532907	0.020650147

1496007288480	0.00532907	-0.004263256	0.021715961

1496007288495	0.00532907	-0.004263256	0.019584332

1496007288503	0.0065281107	-0.00532907	0.021715961

1496007288509	0.008659739	-0.0075939246	0.017452704

1496007288546	0.013056221	0.0	0.018518519

1496007288547	0.013056221	-0.001065814	0.020650147

1496007288548	0.0119904075	0.002131628	0.02504663

1496007288549	0.0119904075	-0.001065814	0.026112443

1496007288558	0.013056221	0.001065814	0.026112443

1496007288568	0.013056221	0.0	0.023980815

1496007288578	0.009725553	-0.0065281107	0.026112443

1496007288593	0.003197442	-0.0065281107	0.017452704

1496007288599	0.008659739	0.002131628	0.015187849

1496007288608	0.0075939246	0.002131628	0.017452704

1496007288618	0.0065281107	-0.004263256	0.022781774

1496007288628	0.009725553	-0.002131628	0.018518519

1496007288640	0.010791367	-0.003197442	0.014122035

1496007288649	0.013056221	-0.002131628	0.021715961

1496007288659	0.0075939246	-0.004263256	0.022781774

1496007288668	0.0065281107	-0.002131628	0.021715961

1496007288678	0.00532907	-0.0075939246	0.018518519

1496007288690	0.009725553	-0.0065281107	0.020650147

1496007288700	0.009725553	0.0	0.010791367

1496007288708	0.0119904075	-0.004263256	0.017452704

1496007288718	0.0065281107	-0.004263256	0.02504663

1496007288728	0.00532907	-0.0065281107	0.020650147

1496007288740	0.0075939246	-0.00532907	0.016253663

1496007288748	0.010791367	-0.001065814	0.015187849

1496007288760	0.0119904075	-0.002131628	0.016253663

1496007288768	0.010791367	-0.0065281107	0.020650147

1496007288778	0.008659739	-0.0065281107	0.022781774

1496007288790	0.0075939246	-0.00532907	0.021715961

1496007288800	0.00532907	-0.002131628	0.020650147

1496007288808	0.010791367	-0.00532907	0.019584332

1496007288819	0.009725553	-0.004263256	0.015187849

1496007288828	0.0119904075	-0.004263256	0.018518519

1496007288840	0.010791367	0.0	0.023980815

1496007288848	0.009725553	-0.001065814	0.023980815

1496007288858	0.009725553	-0.004263256	0.021715961

1496007288868	0.0075939246	-0.004263256	0.018518519

1496007288878	0.008659739	-0.00532907	0.018518519

1496007288893	0.008659739	-0.003197442	0.018518519

1496007288899	0.009725553	-0.008659739	0.015187849

1496007288908	0.009725553	-0.004263256	0.014122035

1496007288919	0.0075939246	-0.004263256	0.020650147

1496007288929	0.0075939246	-0.002131628	0.022781774

1496007288940	0.010791367	0.0	0.029443111

1496007288948	0.0075939246	-0.004263256	0.02504663

1496007288958	0.0065281107	-0.001065814	0.021715961

1496007288968	0.0075939246	-0.002131628	0.021715961

1496007288978	0.009725553	-0.001065814	0.020650147

1496007288994	0.009725553	-0.002131628	0.021715961

1496007289002	0.008659739	-0.001065814	0.019584332

1496007289008	0.0065281107	-0.002131628	0.014122035

1496007289019	0.0075939246	-0.0065281107	0.015187849

1496007289028	0.014122035	-0.00532907	0.015187849

1496007289040	0.0075939246	-0.0075939246	0.015187849

1496007289051	0.009725553	-0.008659739	0.016253663

1496007289058	0.014122035	-0.00532907	0.021715961

1496007289068	0.010791367	0.003197442	0.023980815

1496007289080	0.00532907	-0.004263256	0.021715961

1496007289091	0.00532907	-0.004263256	0.016253663

1496007289100	0.0065281107	-0.001065814	0.022781774

1496007289108	0.004263256	0.001065814	0.026112443

1496007289118	0.010791367	-0.004263256	0.020650147

1496007289128	0.008659739	-0.002131628	0.021715961

1496007289142	0.003197442	-0.008659739	0.022781774

1496007289148	0.00532907	-0.00532907	0.02504663

1496007289158	0.0075939246	-0.002131628	0.021715961

1496007289168	0.00532907	-0.0065281107	0.019584332

1496007289178	0.0075939246	-0.004263256	0.023980815

1496007289193	0.0065281107	-0.003197442	0.023980815

1496007289200	0.0065281107	-0.003197442	0.016253663

1496007289208	0.0075939246	-0.00532907	0.017452704

1496007289219	0.009725553	-0.0065281107	0.020650147

1496007289229	0.0119904075	0.002131628	0.019584332

1496007289241	0.008659739	0.001065814	0.020650147

1496007289248	0.0075939246	-0.002131628	0.018518519

1496007289258	0.010791367	-0.001065814	0.020650147

1496007289268	0.009725553	0.0	0.02504663

1496007289278	0.0119904075	-0.004263256	0.018518519

1496007289290	0.0075939246	-0.0065281107	0.018518519

1496007289300	0.003197442	0.0	0.021715961

1496007289308	0.00532907	-0.004263256	0.019584332

1496007289318	0.009725553	-0.004263256	0.017452704

1496007289328	0.013056221	-0.001065814	0.021715961

1496007289340	0.0065281107	-0.002131628	0.019584332

1496007289348	0.0065281107	-0.004263256	0.020650147

1496007289358	0.010791367	-0.002131628	0.026112443

1496007289368	0.0119904075	-0.002131628	0.021715961

1496007289379	0.013056221	-0.002131628	0.020650147

1496007289393	0.010791367	0.001065814	0.018518519

1496007289400	0.008659739	-0.002131628	0.019584332

1496007289411	0.009725553	-0.002131628	0.019584332

1496007289418	0.0075939246	-0.003197442	0.022781774

1496007289428	0.009725553	-0.002131628	0.019584332

1496007289440	0.010791367	-0.004263256	0.018518519

1496007289448	0.009725553	0.002131628	0.017452704

1496007289458	0.010791367	0.001065814	0.017452704

1496007289468	0.010791367	0.001065814	0.021715961

1496007289479	0.0119904075	-0.002131628	0.018518519

1496007289492	0.0065281107	-0.008659739	0.021715961

1496007289499	0.0119904075	-0.0065281107	0.018518519

1496007289508	0.0065281107	-0.001065814	0.02824407

1496007289518	0.0065281107	-0.003197442	0.02504663

1496007289528	0.003197442	-0.002131628	0.02504663

1496007289541	0.0065281107	0.002131628	0.018518519

1496007289549	0.009725553	-0.001065814	0.020650147

1496007289558	0.010791367	-0.003197442	0.026112443

1496007289568	0.010791367	0.0	0.018518519

1496007289578	0.0075939246	-0.00532907	0.019584332

1496007289590	0.008659739	-0.0075939246	0.019584332

1496007289600	0.010791367	0.0	0.021715961

1496007289608	0.008659739	-0.003197442	0.021715961

1496007289618	0.00532907	-0.0065281107	0.017452704

1496007289628	0.010791367	-0.001065814	0.026112443

1496007289640	0.008659739	-0.004263256	0.030508926

1496007289648	0.003197442	-0.004263256	0.023980815

1496007289658	0.0065281107	-0.00532907	0.02504663

1496007289668	0.0119904075	-0.00532907	0.013056221

1496007289679	0.004263256	-0.004263256	0.020650147

1496007289690	0.004263256	-0.004263256	0.017452704

1496007289700	0.009725553	-0.0075939246	0.019584332

1496007289708	0.0119904075	-0.0065281107	0.023980815

1496007289718	0.009725553	-0.004263256	0.019584332

1496007289728	0.0075939246	-0.008659739	0.015187849

1496007289740	0.0065281107	-0.009725553	0.021715961

1496007289748	0.013056221	-0.003197442	0.016253663

1496007289760	0.010791367	-0.002131628	0.021715961

1496007289768	0.016253663	0.001065814	0.019584332

1496007289778	0.013056221	-0.002131628	0.020650147

1496007289792	0.010791367	0.0	0.022781774

1496007289799	0.009725553	-0.003197442	0.021715961

1496007289808	0.009725553	-0.004263256	0.022781774

1496007289819	0.009725553	-0.0075939246	0.013056221

1496007289829	0.009725553	0.001065814	0.018518519

1496007289841	0.009725553	-0.001065814	0.023980815

1496007289848	0.0119904075	-0.003197442	0.019584332

1496007289858	0.0119904075	-0.0075939246	0.0119904075

1496007289868	0.00532907	-0.0075939246	0.015187849

1496007289878	0.009725553	-0.001065814	0.016253663

1496007289900	0.013056221	-0.001065814	0.018518519

1496007289908	0.0075939246	-0.008659739	0.016253663

1496007289918	0.0075939246	-0.002131628	0.019584332

1496007289928	0.008659739	-0.0065281107	0.016253663

1496007289941	0.008659739	-0.001065814	0.017452704

1496007289948	0.0075939246	-0.004263256	0.020650147

1496007289958	0.009725553	-0.00532907	0.014122035

1496007289968	0.010791367	-0.00532907	0.02504663

1496007289978	0.0119904075	-0.008659739	0.019584332

1496007289992	0.010791367	-0.004263256	0.020650147

1496007290000	0.0065281107	-0.002131628	0.018518519

1496007290012	0.0065281107	-0.004263256	0.019584332

1496007290018	0.010791367	-0.0065281107	0.017452704

1496007290029	0.004263256	-0.003197442	0.016253663

1496007290041	0.002131628	-0.003197442	0.018518519

1496007290048	0.008659739	0.002131628	0.023980815

1496007290058	0.0065281107	-0.002131628	0.019584332

1496007290069	0.010791367	-0.004263256	0.026112443

1496007290078	0.009725553	-0.003197442	0.026112443

1496007290092	0.009725553	0.002131628	0.020650147

1496007290099	0.0119904075	-0.001065814	0.019584332

1496007290108	0.009725553	-0.004263256	0.023980815

1496007290119	0.0075939246	-0.0065281107	0.021715961

1496007290129	0.004263256	-0.0075939246	0.014122035

1496007290140	0.0075939246	-0.004263256	0.016253663

1496007290148	0.013056221	-0.0075939246	0.015187849

1496007290158	0.013056221	-0.002131628	0.016253663

1496007290168	0.0119904075	-0.003197442	0.02504663

1496007290178	0.010791367	-0.00532907	0.026112443

1496007290191	0.010791367	-0.004263256	0.021715961

1496007290200	0.008659739	-0.002131628	0.020650147

1496007290208	0.010791367	-0.003197442	0.022781774

1496007290218	0.0065281107	-0.0075939246	0.022781774

1496007290228	0.0075939246	-0.00532907	0.021715961

1496007290240	0.009725553	0.0	0.020650147

1496007290249	0.0119904075	-0.003197442	0.021715961

1496007290258	0.0075939246	-0.010791367	0.016253663

1496007290268	0.010791367	-0.00532907	0.022781774

1496007290279	0.0075939246	-0.0075939246	0.021715961

1496007290291	0.0065281107	-0.00532907	0.023980815

1496007290300	0.010791367	-0.003197442	0.02504663

1496007290309	0.00532907	0.0	0.022781774

1496007290318	0.008659739	0.0	0.020650147

1496007290328	0.0065281107	-0.0075939246	0.021715961

1496007290342	0.008659739	-0.00532907	0.018518519

1496007290348	0.009725553	-0.004263256	0.022781774

1496007290358	0.0119904075	-0.0075939246	0.019584332

1496007290368	0.010791367	-0.003197442	0.018518519

1496007290378	0.008659739	-0.003197442	0.018518519

1496007290391	0.0075939246	-0.0065281107	0.018518519

1496007290399	0.010791367	-0.010791367	0.018518519

1496007290408	0.008659739	-0.00532907	0.021715961

1496007290418	0.009725553	-0.003197442	0.023980815

1496007290428	0.010791367	-0.0075939246	0.020650147

1496007290440	0.010791367	-0.003197442	0.018518519

1496007290448	0.00532907	-0.0075939246	0.026112443

1496007290459	0.0119904075	0.0	0.03157474

1496007290468	0.016253663	0.001065814	0.015187849

1496007290478	0.013056221	0.002131628	0.020650147

1496007290490	0.009725553	-0.004263256	0.019584332

1496007290500	0.0065281107	-0.004263256	0.023980815

1496007290508	0.010791367	-0.004263256	0.018518519

1496007290518	0.013056221	0.003197442	0.020650147

1496007290528	0.0119904075	-0.002131628	0.019584332

1496007290541	0.0119904075	-0.004263256	0.017452704

1496007290548	0.0119904075	-0.003197442	0.016253663

1496007290558	0.009725553	-0.004263256	0.017452704

1496007290568	0.013056221	-0.002131628	0.019584332

1496007290579	0.009725553	-0.002131628	0.020650147

1496007290595	0.009725553	-0.0075939246	0.018518519

1496007290603	0.008659739	-0.001065814	0.019584332

1496007290609	0.013056221	-0.002131628	0.016253663

1496007290643	0.009725553	-0.002131628	0.017452704

1496007290644	0.009725553	-0.002131628	0.020650147

1496007290645	0.00532907	-0.002131628	0.021715961

1496007290658	0.010791367	-0.002131628	0.021715961

1496007290668	0.0075939246	0.002131628	0.020650147

1496007290679	0.010791367	-0.001065814	0.020650147

1496007290691	0.009725553	-0.001065814	0.019584332

1496007290699	0.0075939246	0.001065814	0.022781774

1496007290708	0.0075939246	-0.001065814	0.015187849

1496007290718	0.009725553	-0.002131628	0.021715961

1496007290728	0.009725553	-0.003197442	0.019584332

1496007290740	0.008659739	0.001065814	0.0119904075

1496007290748	0.009725553	-0.001065814	0.020650147

1496007290758	0.0075939246	-0.003197442	0.018518519

1496007290768	0.009725553	0.001065814	0.021715961

1496007290778	0.008659739	-0.004263256	0.023980815

1496007290790	0.009725553	-0.009725553	0.023980815

1496007290800	0.010791367	-0.00532907	0.02504663

1496007290808	0.0119904075	-0.004263256	0.023980815

1496007290819	0.010791367	0.001065814	0.022781774

1496007290828	0.0065281107	-0.003197442	0.019584332

1496007290841	0.0119904075	-0.003197442	0.018518519

1496007290849	0.008659739	-0.0065281107	0.019584332

1496007290860	0.010791367	-0.0065281107	0.02504663

1496007290868	0.008659739	-0.002131628	0.021715961

1496007290878	0.008659739	-0.0065281107	0.015187849

1496007290890	0.0065281107	-0.0065281107	0.019584332

1496007290900	0.010791367	-0.002131628	0.021715961

1496007290908	0.009725553	-0.001065814	0.014122035

1496007290918	0.010791367	0.0	0.017452704

1496007290928	0.010791367	-0.00532907	0.017452704

1496007290942	0.008659739	-0.009725553	0.018518519

1496007290950	0.0075939246	-0.004263256	0.016253663

1496007290958	0.0075939246	-0.0075939246	0.020650147

1496007290968	0.002131628	-0.002131628	0.02504663

1496007290978	0.009725553	-0.001065814	0.020650147

1496007290992	0.0065281107	-0.00532907	0.023980815

1496007290999	0.0075939246	-0.0065281107	0.016253663

1496007291008	0.008659739	0.0	0.018518519

1496007291018	0.010791367	-0.004263256	0.018518519

1496007291028	0.004263256	-0.004263256	0.017452704

1496007291040	0.008659739	0.002131628	0.022781774

1496007291048	0.008659739	0.0	0.023980815

1496007291058	0.013056221	0.00532907	0.019584332

1496007291068	0.0075939246	-0.002131628	0.021715961

1496007291082	0.010791367	-0.001065814	0.023980815

1496007291091	0.010791367	-0.001065814	0.020650147

1496007291100	0.010791367	-0.003197442	0.019584332

1496007291108	0.0075939246	-0.0065281107	0.019584332

1496007291118	0.0075939246	-0.00532907	0.021715961

1496007291128	0.009725553	-0.002131628	0.020650147

1496007291140	0.009725553	-0.002131628	0.023980815

1496007291148	0.010791367	-0.00532907	0.020650147

1496007291158	0.0119904075	-0.0065281107	0.018518519

1496007291168	0.009725553	-0.002131628	0.021715961

1496007291178	0.008659739	-0.001065814	0.020650147

1496007291191	0.009725553	-0.001065814	0.021715961

1496007291200	0.013056221	0.001065814	0.017452704

1496007291208	0.013056221	0.001065814	0.020650147

1496007291218	0.010791367	-0.00532907	0.020650147

1496007291228	0.010791367	-0.0075939246	0.021715961

1496007291243	0.004263256	-0.00532907	0.023980815

1496007291248	0.0075939246	-0.009725553	0.021715961

1496007291258	0.009725553	-0.004263256	0.018518519

1496007291268	0.009725553	0.0	0.015187849

1496007291278	0.009725553	0.0	0.014122035

1496007291290	0.008659739	0.0	0.019584332

1496007291299	0.0075939246	-0.00532907	0.017452704

1496007291310	0.0075939246	-0.004263256	0.023980815

1496007291318	0.008659739	-0.002131628	0.023980815

1496007291328	0.010791367	-0.001065814	0.021715961

1496007291340	0.0065281107	-0.002131628	0.019584332

1496007291348	0.014122035	0.0	0.017452704

1496007291358	0.009725553	-0.002131628	0.016253663

1496007291368	0.00532907	-0.002131628	0.020650147

1496007291378	0.0075939246	0.001065814	0.022781774

1496007291390	0.0075939246	-0.003197442	0.013056221

1496007291400	0.0075939246	-0.003197442	0.0119904075

1496007291408	0.004263256	0.001065814	0.013056221

1496007291418	0.0065281107	-0.00532907	0.019584332

1496007291428	0.009725553	-0.004263256	0.021715961

1496007291440	0.0065281107	-0.004263256	0.026112443

1496007291449	0.0075939246	0.001065814	0.02504663

1496007291458	0.0075939246	0.0	0.023980815

1496007291468	0.00532907	0.002131628	0.018518519

1496007291479	0.010791367	-0.0065281107	0.021715961

1496007291494	0.010791367	-0.00532907	0.021715961

1496007291500	0.015187849	0.002131628	0.02824407

1496007291509	0.013056221	-0.0065281107	0.019584332

1496007291533	0.013056221	-0.00532907	0.016253663

1496007291535	0.014122035	-0.003197442	0.019584332

1496007291543	0.010791367	-0.002131628	0.020650147

1496007291549	0.0065281107	-0.001065814	0.02824407

1496007291558	0.0075939246	-0.002131628	0.018518519

