1496008710703	29.58	8.34	-28.68

1496008710799	29.52	8.4	-28.74

1496008710899	29.46	8.52	-28.86

1496008710994	29.46	8.7	-28.98

1496008711099	29.4	8.76	-28.86

1496008711199	29.58	8.7	-29.16

1496008711299	29.46	8.82	-29.1

1496008711399	29.16	8.88	-29.16

1496008711499	28.98	8.76	-29.22

1496008711598	29.04	8.7	-29.22

1496008711699	28.86	8.52	-29.22

1496008711799	28.92	8.52	-29.16

1496008711904	28.98	8.28	-29.1

1496008711994	29.04	8.1	-29.1

1496008712099	28.92	8.04	-28.86

1496008712204	29.16	7.86	-29.04

1496008712299	29.4	7.92	-29.04

1496008712399	29.4	8.1	-29.28

1496008712499	29.64	8.22	-29.58

1496008712599	29.64	8.28	-29.52

1496008712699	29.76	8.34	-29.64

1496008712799	29.82	8.46	-29.52

1496008712899	30.0	8.46	-29.82

1496008712992	29.94	8.58	-29.58

1496008713099	30.18	8.64	-29.46

1496008713199	30.24	8.64	-29.22

1496008713299	30.3	8.52	-28.92

1496008713399	30.3	8.46	-28.98

1496008713499	30.18	8.46	-28.86

1496008713599	30.06	8.58	-28.68

1496008713699	30.0	8.7	-28.68

1496008713798	30.0	8.46	-28.86

1496008713902	29.58	8.52	-28.86

1496008713992	29.34	8.4	-28.74

1496008714099	29.22	8.52	-28.74

1496008714199	29.46	8.34	-28.56

1496008714299	29.64	8.58	-28.62

1496008714399	29.7	8.7	-28.86

1496008714499	29.7	8.58	-28.5

1496008714599	29.7	8.64	-28.44

1496008714699	29.82	8.46	-28.32

1496008714799	30.06	8.7	-28.32

1496008714901	30.06	8.52	-28.32

1496008714995	30.0	8.64	-28.44

1496008715106	29.76	8.52	-28.5

1496008715209	29.94	8.4	-28.56

1496008715299	29.82	8.7	-28.98

1496008715400	29.7	8.82	-29.1

1496008715499	29.58	9.06	-29.4

1496008715599	29.4	9.0	-29.52

