1496213253668	-3.06	-15.18	-10.02

1496213253767	-3.18	-14.82	-10.44

1496213253868	-3.3	-14.58	-10.56

1496213253972	-2.94	-14.52	-10.74

1496213254091	-3.0	-14.76	-10.74

1496213254168	-3.36	-14.7	-10.62

1496213254267	-3.3	-14.64	-10.62

1496213254367	-3.12	-14.64	-10.74

1496213254467	-3.3	-14.7	-10.56

1496213254568	-3.18	-15.12	-10.14

1496213254705	-3.06	-15.6	-9.96

1496213254778	-3.54	-15.48	-9.9

1496213254877	-3.72	-15.3	-9.9

1496213254977	-3.6	-15.48	-10.08

1496213255077	-3.84	-15.78	-9.96

1496213255179	-4.02	-15.9	-9.66

1496213255277	-4.08	-16.2	-9.72

1496213255377	-4.02	-16.32	-9.84

1496213255479	-4.14	-16.2	-9.66

1496213255578	-4.08	-16.62	-9.36

1496213255678	-3.78	-16.86	-9.18

1496213255777	-3.9	-16.8	-9.06

1496213255878	-3.9	-17.04	-9.0

1496213255977	-3.78	-16.86	-9.18

1496213256088	-3.54	-16.8	-9.0

1496213256178	-3.72	-16.8	-8.94

1496213256277	-3.66	-16.86	-9.12

1496213256379	-3.66	-16.92	-9.3

1496213256478	-3.78	-17.1	-9.3

1496213256579	-3.6	-17.1	-9.24

1496213256677	-3.6	-16.68	-9.6

1496213256778	-3.6	-16.8	-9.48

1496213256877	-3.78	-16.86	-9.66

1496213256977	-3.66	-16.8	-9.78

1496213257077	-3.78	-16.62	-9.66

1496213257177	-3.78	-16.44	-9.72

1496213257279	-3.78	-16.32	-9.84

1496213257378	-3.9	-16.14	-9.9

1496213257477	-3.78	-16.14	-9.78

1496213257577	-3.84	-16.26	-9.84

1496213257678	-3.54	-16.32	-9.72

1496213257787	-3.6	-16.38	-9.6

1496213257879	-3.48	-16.44	-9.54

1496213257978	-3.6	-16.62	-9.54

1496213258078	-3.66	-16.74	-9.48

1496213258179	-3.42	-16.92	-9.48

1496213258277	-3.48	-17.04	-9.42

1496213258378	-3.42	-16.98	-9.3

1496213258477	-3.54	-16.86	-9.12

1496213258578	-3.6	-16.68	-9.0

