1496851790429	-1.953	-7.767	1.666

1496851790430	-1.838	-7.46	1.58

1496851790434	-1.771	-7.364	1.197

1496851790451	-2.145	-7.202	1.848

1496851790454	-2.518	-7.02	2.231

1496851790466	-2.911	-6.857	2.595

1496851790481	-2.834	-6.723	2.767

1496851790484	-3.265	-6.838	2.844

1496851790494	-3.696	-6.838	3.007

1496851790505	-3.888	-6.799	2.796

1496851790514	-3.62	-6.665	2.844

1496851790530	-2.911	-6.292	2.7

1496851790534	-2.317	-6.052	2.624

1496851790545	-1.915	-5.985	2.672

1496851790554	-1.149	-5.861	3.208

1496851790567	-0.9	-5.669	3.093

1496851790582	-0.536	-5.832	3.581

1496851790584	-0.162	-5.209	3.332

1496851790596	0.038	-4.951	4.549

1496851790606	-0.201	-4.98	4.989

1496851790614	-1.12	-5.439	4.97

1496851790633	-2.03	-5.372	4.549

1496851790634	-1.857	-5.573	5.257

1496851790647	-1.743	-5.688	5.688

1496851790658	-2.106	-5.612	5.449

1496851790669	-2.537	-5.813	5.822

1496851790683	-2.652	-5.851	6.234

1496851790685	-3.677	-6.368	6.359

1496851790696	-3.926	-7.125	7.182

1496851790705	-4.137	-7.594	7.757

1496851790714	-4.817	-9.241	8.59

1496851790725	-5.889	-11.904	8.619

1496851790734	-7.01	-13.465	7.996

1496851790745	-6.196	-12.115	6.771

1496851790755	-4.233	-8.772	5.65

1496851790765	-2.423	-5.401	5.267

1496851790783	-0.919	-4.079	3.122

1496851790784	0.057	-4.932	2.729

1496851790795	0.938	-6.847	4.606

1496851790811	0.306	-8.945	5.056

1496851790814	-1.484	-11.157	3.696

1496851790826	-3.313	-12.057	2.365

1496851790836	-4.309	-12.048	2.461

1496851790845	-4.558	-11.205	3.476

1496851790855	-4.635	-9.5	3.84

1496851790868	-4.185	-7.987	3.361

1496851790875	-3.361	-7.259	2.451

1496851790891	-2.509	-7.02	2.202

1496851790895	-1.972	-7.383	1.982

1496851790907	-1.819	-8.063	1.79

1496851790921	-2.298	-9.088	1.857

1496851790924	-3.083	-10.161	1.905

1496851790943	-4.07	-10.496	2.02

1496851790945	-4.328	-8.83	1.637

1496851790957	-4.472	-8.801	1.695

1496851790969	-4.166	-8.734	1.8

1496851790975	-3.811	-8.763	1.455

1496851790986	-2.633	-8.035	1.283

1496851790998	-1.819	-7.747	3.093

1496851791005	-2.269	-8.044	2.394

1496851791018	-3.045	-8.341	1.695

1496851791032	-3.936	-8.533	1.388

1496851791034	-4.453	-8.571	1.216

1496851791048	-4.683	-8.59	1.379

1496851791058	-4.28	-8.36	1.867

1496851791069	-3.811	-7.891	1.925

1496851791083	-3.284	-7.623	1.8

1496851791093	-3.179	-7.537	1.656

1496851791094	-3.035	-7.585	1.532

1496851791105	-2.011	-7.383	2.126

1496851791119	-2.528	-7.632	1.589

1496851791125	-3.332	-8.408	1.599

1496851791136	-3.553	-8.753	1.771

1496851791148	-3.533	-8.945	1.494

1496851791154	-3.763	-9.088	0.919

1496851791169	-3.878	-9.098	0.689

1496851791178	-3.811	-9.146	0.469

1496851791185	-2.901	-8.897	0.833

1496851791203	-2.815	-8.878	0.967

1496851791205	-3.553	-9.194	1.379

1496851791220	-3.773	-9.625	1.589

1496851791225	-4.003	-9.912	1.398

1496851791234	-4.041	-9.672	1.082

1496851791247	-4.022	-9.146	1.082

1496851791257	-4.3	-9.107	0.756

1496851791267	-4.386	-8.925	0.871

1496851791276	-4.328	-8.906	0.699

1496851791285	-5.037	-9.874	-0.287

1496851791294	-5.2	-10.065	-0.747

1496851791310	-5.822	-10.611	-0.996

1496851791314	-6.675	-11.09	-1.216

1496851791327	-7.182	-11.377	-1.331

1496851791337	-5.257	-10.18	-0.047

1496851791345	-3.677	-9.969	0.881

1496851791355	-2.93	-12.009	1.091

1496851791368	-2.154	-12.814	1.944

1496851791375	-2.499	-13.149	1.723

1496851791390	-2.212	-12.651	1.446

1496851791394	-2.221	-11.128	1.58

1496851791405	-2.288	-10.649	1.886

1496851791420	-2.451	-10.324	2.126

1496851791424	-2.777	-10.305	2.145

1496851791435	-3.083	-10.515	2.087

1496851791445	-3.304	-10.822	2.126

1496851791455	-3.294	-11.023	2.25

1496851791473	-2.997	-11.147	2.509

1496851791475	-2.892	-11.214	3.093

1496851791486	-2.978	-11.109	3.486

1496851791495	-3.15	-10.898	3.304

1496851791504	-3.246	-10.707	2.672

1496851791523	-3.016	-10.352	2.202

1496851791524	-3.045	-10.075	2.03

1496851791537	-2.585	-9.826	2.068

1496851791547	-2.423	-9.433	2.221

1496851791554	-2.221	-8.916	2.25

1496851791571	-2.346	-8.753	2.48

1496851791575	-2.442	-8.734	2.959

1496851791585	-2.288	-8.705	3.093

1496851791594	-1.666	-8.667	2.336

1496851791604	-0.229	-8.293	2.145

1496851791615	-0.038	-7.968	2.087

1496851791624	-0.354	-7.987	2.317

1496851791636	-0.794	-7.91	2.892

1496851791645	-1.685	-8.418	2.719

1496851791654	-2.413	-8.734	3.055

1496851791672	-2.988	-8.533	2.863

1496851791675	-2.94	-7.757	2.672

1496851791687	-2.739	-7.163	2.834

1496851791697	-3.361	-6.636	3.275

1496851791704	-3.38	-6.205	3.045

1496851791715	-3.62	-6.129	2.997

1496851791725	-3.495	-6.1	2.767

1496851791734	-3.045	-6.148	2.853

1496851791748	-2.672	-6.158	2.94

1496851791754	-2.308	-6.033	3.007

1496851791771	-1.963	-5.909	2.873

1496851791777	-1.321	-6.167	3.562

1496851791784	-0.545	-5.803	3.055

1496851791799	-1.043	-5.928	3.198

1496851791804	-0.986	-6.004	3.409

1496851791821	-0.258	-5.028	4.118

1496851791828	0.392	-5.018	5.727

1496851791834	0.344	-5.2	5.305

1496851791851	-1.187	-4.951	4.405

1496851791854	-0.517	-4.711	5.344

1496851791871	-0.469	-4.568	5.114

1496851791882	-0.095	-4.328	5.487

1496851791884	-0.44	-5.19	6.014

1496851791896	-1.81	-4.846	4.903

1496851791905	-2.087	-5.87	5.995

1496851791914	-2.509	-6.905	7.163

1496851791925	-3.744	-8.207	8.054

1496851791935	-4.74	-9.854	9.107

1496851791947	-5.736	-10.898	10.151

1496851791957	-6.148	-10.735	8.868

1496851791967	-4.711	-9.874	9.117

1496851791985	-2.164	-7.393	3.821

1496851791986	-0.948	-5.995	5.209

1496851791994	-0.086	-5.583	7.01

1496851792009	0.095	-5.602	7.23

1496851792014	-0.191	-6.378	6.234

1496851792025	-1.513	-8.906	6.541

1496851792035	-2.087	-9.998	6.024

1496851792044	-2.126	-10.515	5.516

1496851792057	-2.154	-10.783	5.573

1496851792070	-2.432	-10.956	5.286

1496851792085	-3.102	-10.946	4.539

1496851792086	-3.562	-10.381	3.974

1496851792094	-3.773	-9.002	3.524

1496851792109	-3.227	-7.719	3.045

1496851792114	-2.537	-6.885	2.576

1496851792125	-2.126	-6.244	2.327

1496851792135	-1.714	-6.196	1.857

1496851792144	-1.503	-6.809	1.494

1496851792161	-1.925	-7.709	1.551

1496851792166	-2.566	-8.992	1.934

1496851792184	-3.313	-10.486	1.953

1496851792186	-4.127	-10.994	1.877

1496851792194	-4.185	-10.592	1.561

1496851792212	-4.491	-10.697	1.714

1496851792214	-4.74	-11.032	1.187

1496851792225	-4.75	-10.515	1.972

1496851792235	-4.06	-9.5	1.628

1496851792244	-3.533	-8.782	1.379

1496851792263	-2.537	-7.891	1.647

1496851792269	-2.059	-7.441	1.647

1496851792278	-1.838	-7.441	1.618

1496851792286	-2.221	-7.518	1.043

1496851792295	-2.528	-7.508	0.708

1496851792305	-2.978	-7.479	0.718

1496851792314	-3.15	-7.422	1.359

1496851792324	-3.045	-7.393	2.135

1496851792338	-3.208	-7.307	2.116

1496851792344	-3.352	-7.326	1.982

1496851792355	-3.17	-7.46	1.896

1496851792370	-2.94	-7.585	1.321

1496851792375	-2.202	-7.259	1.024

1496851792392	-3.227	-7.604	0.057

1496851792394	-3.84	-7.7	0.478

1496851792407	-4.118	-7.738	1.388

1496851792418	-4.012	-7.977	2.231

1496851792424	-4.108	-8.609	2.135

1496851792440	-4.424	-9.356	1.005

1496851792444	-4.204	-10.937	0.881

1496851792454	-3.342	-10.889	1.283

1496851792468	-2.633	-10.381	1.886

1496851792475	-2.451	-9.376	1.829

1496851792485	-2.164	-8.763	1.388

1496851792494	-1.656	-8.609	1.225

1496851792504	-1.321	-8.676	1.082

1496851792520	-1.704	-8.791	1.101

1496851792524	-2.604	-8.964	0.957

1496851792535	-2.786	-8.839	0.555

1496851792545	-2.748	-8.782	0.718

1496851792554	-2.997	-8.897	1.015

1496851792571	-3.466	-9.079	0.766

1496851792575	-3.639	-8.935	0.316

1496851792585	-4.089	-8.801	0.421

1496851792595	-4.491	-8.858	0.172

1496851792604	-4.75	-9.471	0.181

1496851792622	-4.443	-10.218	0.814

1496851792624	-5.296	-11.626	-0.871

1496851792636	-5.286	-12.354	-0.785

1496851792646	-5.411	-12.498	-2.039

1496851792654	-6.943	-12.134	-1.857

1496851792674	-4.587	-11.253	-0.277

1496851792675	-2.921	-11.837	0.277

1496851792697	-1.503	-13.791	0.421

1496851792699	-0.067	-14.241	1.666

1496851792704	0.047	-13.254	1.972

1496851792722	-0.517	-12.067	1.762

1496851792724	-1.139	-11.454	1.168

1496851792735	-1.781	-10.956	0.478

1496851792745	-2.164	-10.582	0.593

1496851792754	-2.413	-10.18	0.919

1496851792772	-2.528	-9.95	1.139

1496851792775	-2.49	-10.209	1.474

1496851792787	-2.518	-10.707	2.039

1496851792797	-2.624	-11.032	2.423

1496851792804	-2.719	-11.435	2.806

1496851792814	-2.633	-11.578	3.122

1496851792825	-2.547	-11.492	3.141

1496851792835	-2.499	-11.166	2.739

1496851792844	-2.48	-10.841	2.739

1496851792854	-2.681	-10.496	1.149

1496851792871	-2.461	-9.778	1.11

1496851792875	-2.183	-9.567	1.091

1496851792884	-2.049	-9.692	1.235

1496851792894	-2.183	-9.663	1.666

1496851792905	-2.528	-9.874	2.317

1496851792914	-2.106	-9.749	2.748

1496851792924	-2.231	-9.615	3.505

1496851792935	-2.394	-9.376	4.089

1496851792945	-2.432	-9.28	3.84

1496851792954	-2.039	-8.906	3.131

1496851792973	-0.928	-8.839	2.317

1496851792984	-0.536	-8.169	1.561

1496851792985	0.44	-7.632	1.522

1496851792994	0.162	-7.431	1.494

1496851793008	-0.402	-7.47	1.503

1496851793014	-0.823	-7.412	1.963

1496851793024	-2.298	-7.881	2.509

1496851793035	-3.782	-7.814	2.413

1496851793044	-3.246	-8.226	3.782

1496851793054	-2.375	-8.111	3.754

1496851793065	-2.346	-7.642	3.045

1496851793080	-2.432	-7.249	2.873

1496851793084	-2.595	-6.962	2.451

1496851793094	-2.537	-7.039	2.672

1496851793105	-2.308	-6.684	2.47

1496851793114	-2.183	-6.253	1.838

1496851793124	-1.513	-5.928	3.179

1496851793136	-1.398	-6.196	4.223

1496851793146	-1.417	-4.788	1.79

1496851793154	-1.072	-4.443	3.639

1496851793168	-0.488	-4.654	5.736

1496851793183	-0.498	-4.357	3.897

1496851793184	-1.292	-4.338	3.246

1496851793194	-0.976	-4.635	4.587

1496851793206	-1.082	-5.142	4.759

1496851793217	-1.053	-5.535	5.602

1496851793224	-1.743	-5.918	5.056

1496851793234	-2.106	-5.65	4.807

1496851793249	-2.02	-5.334	4.778

1496851793254	-1.838	-5.219	5.526

1496851793271	-1.829	-5.497	6.454

1496851793285	-2.288	-5.746	6.454

1496851793286	-2.863	-8.092	9.337

1496851793294	-6.943	-12.182	13.226

1496851793305	-9.883	-16.712	12.249

1496851793315	-6.014	-15.409	2.346

1496851793324	-2.461	-10.831	1.503

1496851793336	-0.076	-7.278	6.043

1496851793347	2.346	-5.909	6.359

1496851793354	1.005	-6.071	6.215

1496851793365	-0.373	-5.602	5.707

1496851793378	-0.172	-6.052	5.401

1496851793387	-0.402	-7.269	3.648

1496851793395	-1.072	-8.571	2.968

1496851793404	-1.838	-10.573	3.457

1496851793415	-2.652	-11.76	4.118

1496851793433	-3.055	-11.348	4.223

1496851793435	-3.371	-9.672	4.051

1496851793445	-2.863	-7.805	3.802

1496851793454	-2.26	-6.55	3.428

1496851793468	-1.618	-6.014	2.758

1496851793475	-1.407	-6.34	2.26

1496851793484	-1.513	-7.364	2.241

1496851793497	-2.863	-9.988	2.221

1496851793504	-3.811	-10.793	2.346

1496851793514	-4.606	-10.86	2.308

1496851793525	-4.874	-10.4	2.279

1496851793535	-4.788	-9.701	2.298

1496851793544	-4.185	-9.002	2.413

1496851793557	-3.486	-8.533	2.346

1496851793568	-2.853	-7.996	1.819

1496851793575	-2.528	-7.604	1.235

1496851793584	-2.355	-7.489	1.436

1496851793598	-2.298	-7.632	1.743

1496851793604	-1.848	-7.479	2.231

1496851793614	-1.656	-7.479	2.442

1496851793625	-2.231	-7.738	1.446

1496851793634	-2.509	-8.226	0.785

1496851793644	-2.758	-8.638	1.101

1496851793654	-3.064	-8.878	1.57

1496851793671	-3.294	-9.05	1.886

1496851793675	-2.94	-8.83	1.944

1496851793684	-2.825	-8.504	1.628

1496851793695	-2.403	-7.757	1.35

1496851793705	-2.317	-7.661	1.149

1496851793714	-2.413	-7.786	1.206

1496851793724	-2.221	-7.939	1.647

1496851793737	-2.068	-8.044	1.503

1496851793744	-2.815	-8.763	1.388

1496851793754	-3.179	-8.954	1.283

1496851793776	-3.639	-9.136	0.928

1496851793778	-3.869	-9.289	0.469

1496851793784	-3.284	-8.973	0.469

1496851793794	-2.863	-8.648	0.498

1496851793806	-2.806	-8.504	0.842

1496851793814	-3.313	-8.561	1.139

1496851793824	-3.821	-8.743	1.455

1496851793840	-3.533	-8.561	1.312

1496851793844	-3.754	-8.772	0.708

1496851793855	-3.648	-8.983	0.766

1496851793875	-3.227	-8.925	0.89

1496851793877	-3.179	-8.925	1.091

1496851793884	-2.949	-8.696	0.909

1496851793894	-3.61	-8.945	0.9

1496851793905	-3.696	-9.146	0.162

1496851793914	-3.419	-10.621	-0.047

1496851793924	-3.198	-10.621	-0.086

1496851793937	-3.352	-10.735	0.162

1496851793947	-3.639	-10.764	0.105

1496851793954	-3.897	-10.544	0.584

1496851793968	-5.075	-11.224	-1.158

1496851793977	-5.334	-11.511	-0.823

1496851793987	-5.449	-11.559	-0.517

1496851793994	-4.951	-11.693	-0.009

1496851794004	-4.395	-12.459	0.383

1496851794017	-3.495	-13.867	1.312

1496851794026	-2.901	-14.662	1.57

1496851794034	-3.332	-14.413	1.589

1496851794044	-3.725	-13.647	1.35

1496851794054	-3.648	-12.479	0.976

1496851794069	-3.648	-11.597	0.823

1496851794075	-3.447	-10.745	0.861

1496851794084	-3.486	-10.199	0.89

1496851794097	-3.591	-9.807	1.063

1496851794106	-3.562	-9.548	1.446

1496851794114	-2.844	-9.586	2.317

1496851794124	-2.509	-10.592	2.748

1496851794134	-2.643	-11.061	3.332

1496851794147	-2.719	-11.473	3.61

1496851794154	-2.633	-11.559	3.361

1496851794166	-2.614	-11.588	2.681

1496851794175	-2.547	-11.214	1.953

1496851794188	-2.595	-10.87	1.359

1496851794195	-2.633	-10.419	1.005

1496851794204	-2.576	-9.845	0.833

1496851794214	-2.327	-9.423	0.938

1496851794225	-2.174	-9.117	1.436

1496851794234	-2.202	-9.002	1.934

1496851794244	-2.202	-9.031	2.403

1496851794254	-2.231	-8.964	2.911

1496851794268	-2.308	-8.935	3.543

1496851794275	-2.288	-8.983	3.878

1496851794284	-2.327	-8.945	3.907

1496851794294	-1.992	-8.581	3.237

1496851794305	-1.359	-7.824	2.423

1496851794314	-0.976	-7.422	1.695

1496851794324	-1.982	-7.451	1.474

1496851794334	-1.273	-7.374	2.011

1496851794345	-2.202	-7.364	2.221

1496851794354	-2.815	-7.489	2.815

1496851794365	-2.739	-7.383	2.71

1496851794375	-2.633	-7.029	2.624

1496851794388	-2.633	-6.79	2.921

1496851794394	-2.911	-6.799	2.853

1496851794404	-2.882	-6.885	2.748

1496851794414	-2.595	-6.953	2.978

1496851794425	-2.375	-6.579	2.221

1496851794435	-1.867	-6.426	3.275

1496851794444	-1.359	-6.569	3.974

1496851794454	-1.273	-5.554	1.867

1496851794466	-0.708	-5.018	3.524

1496851794476	-0.584	-5.487	5.018

1496851794484	-0.67	-3.811	2.202

1496851794494	-0.354	-3.591	3.897

1496851794505	-0.162	-3.706	4.932

1496851794514	-0.641	-4.146	4.616

1496851794524	-1.455	-5.679	5.296

1496851794534	-1.561	-4.319	4.673

1496851794550	-1.695	-4.644	5.229

1496851794554	-2.097	-5.286	6.091

1496851794566	-2.576	-6.091	6.407

1496851794575	-3.878	-7.269	7.23

1496851794588	-4.721	-8.619	8.504

1496851794594	-5.324	-10.467	9.759

1496851794604	-5.765	-11.799	10.467

1496851794614	-4.846	-11.262	7.862

1496851794629	-2.652	-9.443	3.754

1496851794634	-0.679	-6.943	4.97

1496851794644	0.565	-5.526	7.757

1496851794656	-0.689	-5.813	4.166

1496851794667	-1.034	-6.972	4.089

1496851794675	-0.766	-7.814	4.673

1496851794684	-0.45	-9.021	5.085

1496851794697	-1.072	-10.87	5.181

1496851794707	-2.911	-12.095	4.319

1496851794714	-3.802	-12.258	3.399

1496851794724	-3.744	-12.019	3.677

1496851794734	-3.553	-10.85	3.878

1496851794748	-2.748	-8.897	3.208

1496851794754	-2.059	-6.119	2.767

1496851794766	-1.11	-5.832	2.461

1496851794776	-0.488	-6.215	2.049

1496851794786	-0.421	-7.403	1.915

1496851794794	-1.264	-8.887	1.905

1496851794804	-2.394	-10.573	1.953

1496851794816	-3.869	-11.693	2.126

1496851794826	-4.884	-11.99	1.992

1496851794834	-5.602	-11.693	1.8

1496851794844	-5.2	-10.889	2.078

1496851794855	-4.778	-10.008	2.202

1496851794873	-4.319	-8.878	2.03

1496851794876	-3.668	-8.226	1.915

1496851794884	-3.15	-7.843	1.838

1496851794895	-2.566	-7.46	2.116

1496851794904	-2.174	-6.962	2.241

1496851794920	-2.442	-7.058	1.436

1496851794925	-2.758	-7.249	0.804

1496851794934	-3.112	-7.431	0.469

1496851794944	-3.131	-7.546	1.513

1496851794954	-3.744	-7.709	1.695

1496851794967	-3.955	-7.929	1.819

1496851794975	-3.945	-7.929	1.752

1496851794984	-3.639	-7.901	1.618

1496851794994	-2.806	-7.757	1.58

1496851795010	-2.537	-7.767	1.618

1496851795014	-2.576	-7.977	1.8

1496851795024	-2.585	-8.169	1.925

1496851795034	-2.729	-8.293	1.522

1496851795045	-2.47	-8.447	1.264

1496851795054	-2.346	-8.552	1.264

1496851795066	-2.978	-9.04	1.034

1496851795075	-3.533	-9.5	1.082

1496851795089	-2.988	-9.481	1.283

1496851795094	-2.624	-9.203	1.494

1496851795104	-2.537	-9.002	1.733

1496851795114	-2.691	-8.734	1.79

